3.520832096355715288e-03
3.609051193455786819e-03
3.697635052504972923e-03
3.786803520026219613e-03
3.876336552045372714e-03
3.965693024561612462e-03
4.055148603271115093e-03
4.145664091928741822e-03
4.236944247258258439e-03
4.329399423158876263e-03
4.423568305291896048e-03
4.520591230007720354e-03
4.620740011293541540e-03
4.723319279993192822e-03
4.826910831506925174e-03
4.931354223265285372e-03
5.031520089046275825e-03
5.127733343588502905e-03
5.217696749346337551e-03
5.301015134599042916e-03
5.378544668706766035e-03
5.449514845578358122e-03
5.514307909093091147e-03
5.574863092299209288e-03
5.629170008389604296e-03
5.678381836636132475e-03
5.724596751563348213e-03
5.766322721105432252e-03
5.805533093835611030e-03
5.841454265842768202e-03
5.874964076072583877e-03
5.904099761186969685e-03
5.930317299041272701e-03
5.951549353710432026e-03
5.968686396762211584e-03
5.982989791115406880e-03
5.994960540924743932e-03
6.004911153629941163e-03
6.011191163451927270e-03
6.012560280359326159e-03
6.011468934935148244e-03
6.008973716976764336e-03
6.005056498419318774e-03
5.997958025506662169e-03
5.988575798353057596e-03
5.976323359662562285e-03
5.961501626024300234e-03
5.945265797563435359e-03
5.927561827651542381e-03
5.908880199545087954e-03
5.888468106314412136e-03
5.867294108999209293e-03
5.846258304716345049e-03
5.825297033065771589e-03
5.804465130178762707e-03
5.784553351035925592e-03
5.765740026700090157e-03
5.748209025200014602e-03
5.732265153014524939e-03
5.718121405139137137e-03
5.705915836310045293e-03
5.695961636319470459e-03
5.688002943856976246e-03
5.681914412318841111e-03
5.677911494432448872e-03
5.676551814607044312e-03
5.677301677043580970e-03
5.679682216624797227e-03
5.683661987099207502e-03
5.688820964372521757e-03
5.694937402769097330e-03
5.701725004240842422e-03
5.708554755083807344e-03
5.715349709792575186e-03
5.722261365694731629e-03
5.729204764673771245e-03
5.736136141537863213e-03
5.743038484721607259e-03
5.749853354679523680e-03
5.756812813499391154e-03
5.763963896792088926e-03
5.771003055633454684e-03
5.778030320100213668e-03
5.785176928362946794e-03
5.792584257010706915e-03
5.800213541077546726e-03
5.807927034677231627e-03
5.815725568272977174e-03
5.823686822515454845e-03
5.831977668212387673e-03
5.840353092428638912e-03
5.848938139094973961e-03
5.857748026250780490e-03
5.866666964112027607e-03
5.875908553102506503e-03
5.885288788352340678e-03
5.894890205002084604e-03
5.904474746364757158e-03
5.914194243339620377e-03
5.924194957574895060e-03
5.934505653406314807e-03
5.945023372646802973e-03
5.955710744108495651e-03
5.966541779248074606e-03
5.977499102098372125e-03
5.988607229875831002e-03
5.999925614488047822e-03
6.011452857338879172e-03
6.023216026786589947e-03
6.035149158286917496e-03
6.047358168864424253e-03
6.059808226626953176e-03
6.072491955269820017e-03
6.085546517707809619e-03
6.099016673574704332e-03
6.112730281057846514e-03
6.126640942431329194e-03
6.140802186375336931e-03
6.155271028273297251e-03
6.169952071992044519e-03
6.184853199355008768e-03
6.199987344991489922e-03
6.215237360740443785e-03
6.230669411075001607e-03
6.246270670719338523e-03
6.262098202489369686e-03
6.278128649668928904e-03
6.294340777498907101e-03
6.310622812933082935e-03
6.327071669367778303e-03
6.343670643627707592e-03
6.360542522705420893e-03
6.377543366900395756e-03
6.394575428331181720e-03
6.411618174467381519e-03
6.428688066592995985e-03
6.445782495776948735e-03
6.462924659917895602e-03
6.480108945661019158e-03
6.497469338280582006e-03
6.514980100980295383e-03
6.532455563983117532e-03
6.549860836687944853e-03
6.567221483950865316e-03
6.584582731467105918e-03
6.601982242761312084e-03
6.619261586755747703e-03
6.636470461704809150e-03
6.653843922507256779e-03
6.671392931552070672e-03
6.688991448901692762e-03
6.706771192281460979e-03
6.724610621574140905e-03
6.742430223701680221e-03
6.760205612530419648e-03
6.778003783504593129e-03
6.795738477453233152e-03
6.813442497398819464e-03
6.830984736768306968e-03
6.848516146979823950e-03
6.866067561265736148e-03
6.883777381866479188e-03
6.901509087355490145e-03
6.919282334906892706e-03
6.937047428366473374e-03
6.954735880558434412e-03
6.972402214920628109e-03
6.990095244337573600e-03
7.007870063070473568e-03
7.025808628010407272e-03
7.043798572172096581e-03
7.061681012609733778e-03
7.079726809334765600e-03
7.097812277699401887e-03
7.115863481961639050e-03
7.133951244079402877e-03
7.152118283876645125e-03
7.170206016935060274e-03
7.187985244260868510e-03
7.205598309747460010e-03
7.223222826127573097e-03
7.240554532172959086e-03
7.257839205188078638e-03
7.275132160666789895e-03
7.292503936836856882e-03
7.309863181783709390e-03
7.327205930944588608e-03
7.344658959333673701e-03
7.362131537609272261e-03
7.379467892354385494e-03
7.396813037010431524e-03
7.414039192979320764e-03
7.431410320386033948e-03
7.448791899151723309e-03
7.466192091590486031e-03
7.483435258163907873e-03
7.500624787492953666e-03
7.517721315662389235e-03
7.534950956158844269e-03
7.552192500597390036e-03
7.569564100105282550e-03
7.586771351780153584e-03
7.603960820382435482e-03
7.621293557986675432e-03
7.638694055541740170e-03
7.656063025144212511e-03
7.673223101374671527e-03
7.690219064621615225e-03
7.707174574275773432e-03
7.724117192642572863e-03
7.740938951309181762e-03
7.757707371684444478e-03
7.774479871940175382e-03
7.791201734612117867e-03
7.808017280192201467e-03
7.824980841070557427e-03
7.841930216291977812e-03
7.858810745920661103e-03
7.875665855948824415e-03
7.892360767549989886e-03
7.909101573211419281e-03
7.925940081181770749e-03
7.942875137954504006e-03
7.959694566780582334e-03
7.976448044034099849e-03
7.993239247090135752e-03
8.009890750406482157e-03
8.026617284468328881e-03
8.043344939092722870e-03
8.060234336819420767e-03
8.077184201959231730e-03
8.094064587622655169e-03
8.111019964210524485e-03
8.127957241147737086e-03
8.144840937010082785e-03
8.161784582543204700e-03
8.178739107666060937e-03
8.195761873639715450e-03
8.212642755837782152e-03
8.229385539827310109e-03
8.245996358503647136e-03
8.262538784731904284e-03
8.279198280398782084e-03
8.295935228386990684e-03
8.312682528229583395e-03
8.329220549420137884e-03
8.345820513818710124e-03
8.362499803418473043e-03
8.379272671782171666e-03
8.396075580279001305e-03
8.412952823442164732e-03
8.429835779464735918e-03
8.446766849396334167e-03
8.463763588570455410e-03
8.480729033817890547e-03
8.497548937312035880e-03
8.514123506859263071e-03
8.530650561282033736e-03
8.547191052105470102e-03
8.563701655601009197e-03
8.580296338747689031e-03
8.596821306580156377e-03
8.613356366531058073e-03
8.629803393702369443e-03
8.646129731219412071e-03
8.662549588681631510e-03
8.678947648310092466e-03
8.695167411178657269e-03
8.711308262004911762e-03
8.727434421072103460e-03
8.743409742933881679e-03
8.759418024212893561e-03
8.775493143614834096e-03
8.791600428469995704e-03
8.807774849776553797e-03
8.824014121845797157e-03
8.840268385745855481e-03
8.856582166528677996e-03
8.872968075780234692e-03
8.889350668340154776e-03
8.905663949472380353e-03
8.921978545221012982e-03
8.938281264549517019e-03
8.954376911011779905e-03
8.970375797644781005e-03
8.986427091901259129e-03
9.002427331551010950e-03
9.018215829827216923e-03
9.034162998402607211e-03
9.050019698003678587e-03
9.065795626745549313e-03
9.081607196504691212e-03
9.097516001461219970e-03
9.113349837950127444e-03
9.129204539854775605e-03
9.145061844630179501e-03
9.160709493812467866e-03
9.176260274896425387e-03
9.191912520390624688e-03
9.207559036416150186e-03
9.223170416009732892e-03
9.238633136112671049e-03
9.254135416044664136e-03
9.269627780987105617e-03
9.285088707900332472e-03
9.300456022069266901e-03
9.315922411426359045e-03
9.331284862004629588e-03
9.346660186176587726e-03
9.362094000353246570e-03
9.377582451116651605e-03
9.393185436388054241e-03
9.408807393008230061e-03
9.424446664656046732e-03
9.440105673209318871e-03
9.455818160271816167e-03
9.471552953054669308e-03
9.487474883399960035e-03
9.503387593421019214e-03
9.519255174135486317e-03
9.535067383454255696e-03
9.550871135246413735e-03
9.566572156261152204e-03
9.582207953944071877e-03
9.597807034377433058e-03
9.613334755996150519e-03
9.628697385590719374e-03
9.643867297397338070e-03
9.658897900241821682e-03
9.673803930838055856e-03
9.688584382225372965e-03
9.703395721230100024e-03
9.718095143388066556e-03
9.732808081966292171e-03
9.747434356409486259e-03
9.762000688539400686e-03
9.776468088121792813e-03
9.790780926461493255e-03
9.804944266460341104e-03
9.819006212885401930e-03
9.833007224229880702e-03
9.846984119101028984e-03
9.860993991488018612e-03
9.874958238926007104e-03
9.888830008437390906e-03
9.902722886099994681e-03
9.916607787417354436e-03
9.930424988206622630e-03
9.944182474339341438e-03
9.958024069113920532e-03
9.971894439809536256e-03
9.985808613060963637e-03
9.999709865951958432e-03
1.001365000645664839e-02
1.002752345852768803e-02
1.004143569188567682e-02
1.005548255973426341e-02
1.006940899564671109e-02
1.008331606150568091e-02
1.009711485776133844e-02
1.011087352921901002e-02
1.012459866395024749e-02
1.013819477765551778e-02
1.015169336086852586e-02
1.016500790102407327e-02
1.017818916477777891e-02
1.019120404587141315e-02
1.020399824391169871e-02
1.021668316411142308e-02
1.022932761732113505e-02
1.024196260747800395e-02
1.025455652226535397e-02
1.026703679895082238e-02
1.027944556324085663e-02
1.029180194303684279e-02
1.030396919303031879e-02
1.031598891230424073e-02
1.032788543853714255e-02
1.033974390103076582e-02
1.035164031786214855e-02
1.036336021807615117e-02
1.037497136895363867e-02
1.038642931128260991e-02
1.039768770959444665e-02
1.040874837077120779e-02
1.041968895270475350e-02
1.043044963983382444e-02
1.044101519391338155e-02
1.045141537152484423e-02
1.046164953986896892e-02
1.047160662639868775e-02
1.048153644383826265e-02
1.049127438002028963e-02
1.050093118864886717e-02
1.051045802557013312e-02
1.051984308626422934e-02
1.052909803580182740e-02
1.053816637991173387e-02
1.054720301388875452e-02
1.055605944390935677e-02
1.056501000744332341e-02
1.057390129807226666e-02
1.058267905836737105e-02
1.059136952887979391e-02
1.059999077999494548e-02
1.060844629250513350e-02
1.061684604245772059e-02
1.062517974431183808e-02
1.063322760514716706e-02
1.064138229343495994e-02
1.064950350838605314e-02
1.065752934421132156e-02
1.066569260238533698e-02
1.067386424587684138e-02
1.068185280491251894e-02
1.068976644132763228e-02
1.069774929659095090e-02
1.070576123342695078e-02
1.071374225744338438e-02
1.072158224660980756e-02
1.072937107857641244e-02
1.073720084347093776e-02
1.074505445002410173e-02
1.075295151746952921e-02
1.076087251210444684e-02
1.076874925557555832e-02
1.077653643244956549e-02
1.078438720935374906e-02
1.079234587670330897e-02
1.080039296564710115e-02
1.080845846996170319e-02
1.081668707414960330e-02
1.082495508306897600e-02
1.083330813884087786e-02
1.084173669636819166e-02
1.085018307125043893e-02
1.085867265207274279e-02
1.086724696150171907e-02
1.087595497905673170e-02
1.088477020987270970e-02
1.089367545509077606e-02
1.090261450287272928e-02
1.091170547976823280e-02
1.092091997312556739e-02
1.093018068057348760e-02
1.093943416953218825e-02
1.094879721753590392e-02
1.095813545774340994e-02
1.096748828198311314e-02
1.097695587949928074e-02
1.098663840751873746e-02
1.099640886374461841e-02
1.100612860271028490e-02
1.101595358856817357e-02
1.102577631827370182e-02
1.103573579225819272e-02
1.104573841901593766e-02
1.105588553959906996e-02
1.106617255411988104e-02
1.107637043897705467e-02
1.108661525087748304e-02
1.109694673871787322e-02
1.110748982731928937e-02
1.111809889081143837e-02
1.112880353066442694e-02
1.113961914577674822e-02
1.115052185555750509e-02
1.116160510782511842e-02
1.117278420672473613e-02
1.118406076023218017e-02
1.119558229508970520e-02
1.120712670320340304e-02
1.121882877197891148e-02
1.123093025213400299e-02
1.124334892949872128e-02
1.125610152096128899e-02
1.126921323865742036e-02
1.128246453585452121e-02
1.129580111166516090e-02
1.130928496600392200e-02
1.132306619829544399e-02
1.133691244374810531e-02
1.135100317459958666e-02
1.136556855849150255e-02
1.138021078562346557e-02
1.139485181490832583e-02
1.140946060616194330e-02
1.142431265946656886e-02
1.143928228664758615e-02
1.145448306389275882e-02
1.146968576352815419e-02
1.148488530331964914e-02
1.150010662115277110e-02
1.151560400005119215e-02
1.153100657761856745e-02
1.154645962597016656e-02
1.156200762015683996e-02
1.157786512728901929e-02
1.159389346680269640e-02
1.161001108800454283e-02
