5.681830174561723276e-03
5.475694066547039281e-03
5.272410308358855754e-03
5.072892226796525857e-03
4.877279280703413628e-03
4.685637810329349937e-03
4.498614178563686145e-03
4.316662862076348431e-03
4.140392215816363596e-03
3.972176240733013390e-03
3.813803511507524863e-03
3.674900734070838879e-03
3.577369863275370408e-03
3.536037916389522112e-03
3.537830843724061158e-03
3.560394055566199790e-03
3.592398405613424044e-03
3.629192887009539872e-03
3.669510951023973507e-03
3.713031170685696363e-03
3.759962750529284928e-03
3.809393408148668836e-03
3.861467700154767868e-03
3.914798705046420267e-03
3.968672161680546900e-03
4.023047846379195977e-03
4.077518178702692862e-03
4.131904287073619696e-03
4.186262093628828271e-03
4.240537836890849108e-03
4.294716942182231177e-03
4.349019582857452382e-03
4.403100536964406168e-03
4.457025566187731123e-03
4.510754639338496706e-03
4.564185044342028430e-03
4.617397081212209348e-03
4.670481112280753036e-03
4.723125512856523635e-03
4.775261512116037339e-03
4.827229027177109243e-03
4.879224470894519272e-03
4.931105526004838507e-03
4.983001939276312901e-03
5.035097982713147499e-03
5.087220434797832223e-03
5.138776720178555094e-03
5.189508596586669617e-03
5.239146556993595424e-03
5.287504201611108179e-03
5.334246877469851073e-03
5.378540950290218274e-03
5.420015656283676091e-03
5.458483486574943616e-03
5.493629414593575490e-03
5.525000042976701588e-03
5.553141511952002646e-03
5.578714113898726630e-03
5.602278711908215136e-03
5.624530979441944196e-03
5.646400046293583753e-03
5.668303257015710334e-03
5.690186989216285129e-03
5.712182606005778221e-03
5.734394016835823830e-03
5.756789816470262930e-03
5.779372889650041638e-03
5.802094801948589828e-03
5.824991170931117200e-03
5.848140939579707376e-03
5.871475018131822564e-03
5.894937210720326004e-03
5.918529669850963390e-03
5.942245401019377073e-03
5.966106335482473932e-03
5.990135227493069252e-03
6.014396574914919469e-03
6.038823356209510260e-03
6.063382176213553271e-03
6.088138108102776613e-03
6.113047307976726512e-03
6.137996598771189478e-03
6.163146339116807974e-03
6.188501186855259462e-03
6.213962990404043457e-03
6.239632232462766215e-03
6.265481345990342975e-03
6.291291114010206728e-03
6.317321741319710353e-03
6.343482647525345089e-03
6.369739067542685984e-03
6.396153914135160705e-03
6.422693524030263779e-03
6.449392053562295196e-03
6.476258014636034066e-03
6.503216289341778866e-03
6.530234875772708038e-03
6.557336540370915963e-03
6.584418444996039885e-03
6.611614190726506669e-03
6.638709663994963629e-03
6.665789780914183234e-03
6.692960335414692083e-03
6.720138461159100990e-03
6.747377960962729244e-03
6.774612434775532585e-03
6.801716956771170289e-03
6.828875650445061403e-03
6.855907374447145659e-03
6.882916125173753515e-03
6.909866909732733341e-03
6.936644155647068641e-03
6.963210182673101531e-03
6.989590558755375688e-03
7.015789033030365475e-03
7.041833794027627449e-03
7.067703319105608957e-03
7.093408982398304898e-03
7.118874029887396239e-03
7.144162174381233320e-03
7.169081571574759636e-03
7.193749001891483648e-03
7.218239795510248379e-03
7.242359005021269287e-03
7.266082736803655510e-03
7.289207190517585019e-03
7.311687803040279980e-03
7.333468209282282581e-03
7.354632733352771574e-03
7.375127353249045885e-03
7.394896613575170467e-03
7.413691126420105318e-03
7.431459718777862385e-03
7.448281596798139725e-03
7.464206701930572833e-03
7.479290958473961207e-03
7.493445152551721743e-03
7.506764227220843674e-03
7.519327814377258466e-03
7.531183753314261986e-03
7.542497253006919672e-03
7.553407695106696858e-03
7.564089614374839600e-03
7.574630480193571269e-03
7.585057455436059609e-03
7.595304441599629898e-03
7.605443751961852086e-03
7.615474850194483072e-03
7.625375277607251631e-03
7.635190514483764651e-03
7.644942566095105745e-03
7.654521265415002544e-03
7.663994535494402655e-03
7.673412979847429871e-03
7.682825390507722410e-03
7.692248959958094406e-03
7.701710351970185268e-03
7.711105712795165122e-03
7.720591386288784552e-03
7.730219827527516976e-03
7.739903898435919645e-03
7.749730495719763662e-03
7.759675791426520405e-03
7.769654943018338734e-03
7.779738611851051179e-03
7.789834169732405035e-03
7.800028894310568825e-03
7.810313799451950971e-03
7.820666287772061812e-03
7.830976151174449604e-03
7.841394191236725902e-03
7.851773452373101911e-03
7.862254237239334892e-03
7.872785436521159697e-03
7.883452796959285885e-03
7.894185269556867890e-03
7.905012581437855651e-03
7.916021622938841651e-03
7.927175039193032346e-03
7.938266159669920760e-03
7.949424503686923840e-03
7.960683615478907071e-03
7.972017609411395991e-03
7.983540767435300112e-03
7.995082237488791363e-03
8.006629576515038316e-03
8.018298127700853456e-03
8.029990876580635206e-03
8.041731335942688477e-03
8.053556116668591364e-03
8.065523259269583023e-03
8.077553836851231878e-03
8.089666693818086882e-03
8.101769961446798896e-03
8.113957278541581927e-03
8.126263157122072187e-03
8.138652982383368789e-03
8.151186884584150222e-03
8.163774988991286813e-03
8.176302990812702592e-03
8.188923849896952156e-03
8.201614190722378295e-03
8.214316031198419868e-03
8.227060091820295740e-03
8.239852290427691212e-03
8.252784156640432384e-03
8.265802177330727404e-03
8.278835579572417849e-03
8.292001085917389755e-03
8.305224820993632392e-03
8.318379358305937749e-03
8.331652427893607854e-03
8.344917934198843590e-03
8.358270591866933177e-03
8.371692067564506096e-03
8.385135280588667042e-03
8.398599904793862744e-03
8.412114548965211880e-03
8.425649830792587835e-03
8.439155053859797098e-03
8.452739184604108821e-03
8.466245206233763421e-03
8.479737081272593902e-03
8.493256140158937650e-03
8.506824818192827362e-03
8.520362681511673558e-03
8.533902043123422695e-03
8.547405623603027830e-03
8.560978769062302027e-03
8.574566337183082282e-03
8.588195694761864216e-03
8.601859426544566922e-03
8.615564192708901822e-03
8.629322843828916498e-03
8.643055537057296386e-03
8.656816173821718641e-03
8.670601868447827543e-03
8.684432176930465680e-03
8.698291307894942537e-03
8.712120516267764930e-03
8.725967790468715929e-03
8.739844654746593833e-03
8.753665624485078983e-03
8.767547924961430900e-03
8.781492680005139120e-03
8.795485029458444820e-03
8.809436385819926704e-03
8.823403777122040825e-03
8.837448033134296874e-03
8.851535084933800229e-03
8.865627958376519693e-03
8.879702782463111399e-03
8.893749934691805997e-03
8.907830222869452322e-03
8.921896864985377068e-03
8.935928347732160007e-03
8.949930673725367200e-03
8.963891981589313177e-03
8.977920117445803427e-03
8.991869913140417003e-03
9.005728479444813014e-03
9.019479158996479562e-03
9.033207247972080065e-03
9.046945579235811039e-03
9.060580433190764879e-03
9.074250182743269152e-03
9.087911498632986196e-03
9.101697345460351904e-03
9.115429519491366137e-03
9.129204341500900613e-03
9.142934637724184355e-03
9.156697731891028785e-03
9.170359845464683829e-03
9.183986786271972763e-03
9.197622164475704673e-03
9.211146958472370833e-03
9.224668013545201523e-03
9.238216548961501740e-03
9.251735527244869806e-03
9.265238389765005286e-03
9.278704718272887814e-03
9.292157520195940684e-03
9.305658370936095714e-03
9.319148818182172375e-03
9.332656874432975619e-03
9.346104806355018391e-03
9.359520440203723812e-03
9.372929673253774241e-03
9.386302591698581638e-03
9.399642913158201551e-03
9.413007633599599147e-03
9.426281776722261058e-03
9.439634516091458330e-03
9.452921254362393541e-03
9.466138406569500965e-03
9.479358134118532481e-03
9.492505365770446957e-03
9.505584607165665917e-03
9.518629619749795559e-03
9.531641809352928846e-03
9.544636818442900697e-03
9.557581600239173358e-03
9.570546532998847403e-03
9.583464788290127490e-03
9.596301875946228535e-03
9.609090102386301513e-03
9.621852518304210497e-03
9.634612107846952586e-03
9.647313095293142543e-03
9.660012804731945082e-03
9.672712112473629345e-03
9.685340663102269890e-03
9.697922795641569435e-03
9.710385445581056624e-03
9.722792503846279868e-03
9.735135309460882930e-03
9.747391123381198702e-03
9.759637301182894423e-03
9.771753834699622998e-03
9.783902227256044415e-03
9.795997736573870338e-03
9.807898289257590760e-03
9.819687478718574017e-03
9.831349996321465945e-03
9.842932730815488404e-03
9.854408301787288132e-03
9.865845586785168889e-03
9.877184618733042890e-03
9.888408704688878004e-03
9.899578446230112780e-03
9.910609425027737743e-03
9.921507392883706020e-03
9.932318486106378116e-03
9.943063718132956127e-03
9.953743009458598107e-03
9.964324023355675131e-03
9.974803760163604774e-03
9.985166658017527799e-03
9.995395860353570305e-03
1.000552398743734424e-02
1.001552320774238940e-02
1.002534667644481431e-02
1.003506155229487613e-02
1.004455263585140104e-02
1.005392417355563915e-02
1.006310524708859538e-02
1.007219538618990898e-02
1.008109133888772727e-02
1.008992838245095953e-02
1.009860993145463882e-02
1.010708963633293565e-02
1.011542615628532871e-02
1.012360062736049338e-02
1.013161969699779945e-02
1.013955627640832947e-02
1.014730773823838486e-02
1.015486996514743459e-02
1.016230690867798298e-02
1.016968181427290070e-02
1.017694701636356197e-02
1.018411000948926323e-02
1.019107768315765869e-02
1.019793360859782422e-02
1.020460378568981835e-02
1.021112796399945705e-02
1.021749722888161752e-02
1.022371323324636032e-02
1.022976236507408716e-02
1.023572854348246686e-02
1.024149182685201408e-02
1.024715773370145529e-02
1.025265203505989695e-02
1.025803864205853712e-02
1.026326770538111936e-02
1.026840496323282344e-02
1.027338346550869461e-02
1.027828974049082439e-02
1.028304492047415683e-02
1.028768398802839060e-02
1.029217901301470763e-02
1.029652701971182915e-02
1.030074846765858046e-02
1.030480160583161636e-02
1.030870958507454881e-02
1.031245416319906405e-02
1.031603011473844304e-02
1.031950356729589152e-02
1.032281086088326395e-02
1.032609107461633473e-02
1.032932571472447957e-02
1.033249919046193462e-02
1.033566987562336420e-02
1.033888315824918643e-02
1.034225178707677030e-02
1.034574047249837980e-02
1.034931500085716286e-02
1.035298838503125388e-02
1.035677499914467066e-02
1.036062884931691734e-02
1.036454357922373531e-02
1.036859226809058385e-02
1.037261664242209412e-02
1.037656913372461166e-02
1.038045709806284349e-02
1.038426014848456772e-02
1.038797309455351432e-02
1.039152360739862418e-02
1.039489477423160418e-02
1.039805860374761783e-02
1.040094295968816210e-02
1.040357208015850639e-02
1.040595144034085068e-02
1.040813244340990130e-02
1.041008902967707588e-02
1.041176364202935252e-02
1.041322319850619856e-02
1.041439700447834189e-02
1.041538018902653413e-02
1.041602332093355052e-02
1.041636672716363121e-02
1.041655379623657174e-02
1.041648503256467975e-02
1.041620181391582876e-02
1.041560340447071457e-02
1.041480448370445469e-02
1.041365675564990233e-02
1.041232160097024448e-02
1.041066072802100846e-02
1.040860133793013349e-02
1.040612562973921434e-02
1.040322535207556867e-02
1.039985018068033742e-02
1.039583583461080145e-02
1.039120223696772885e-02
1.038581095356895870e-02
1.037962757364273465e-02
1.037262482658902508e-02
1.036470222729232900e-02
1.035602219535963243e-02
1.034639581883089673e-02
1.033581196505161358e-02
1.032427993795511506e-02
1.031184473453659704e-02
1.029858863055742660e-02
1.028451158483760855e-02
1.026947080876750018e-02
1.025356344891811995e-02
1.023665797419207914e-02
1.021897751437916835e-02
1.020062446809194903e-02
1.018132351643200734e-02
1.016130511615331508e-02
1.014061251898801079e-02
1.011930285575381692e-02
1.009733112067046946e-02
1.007466545338051717e-02
1.005136305772753522e-02
1.002734897547038866e-02
1.000262020596017452e-02
9.977262896207142115e-03
9.951366343216559024e-03
9.924847238872059815e-03
9.897782161161215383e-03
9.870045041320675214e-03
9.841766735150837830e-03
9.812989343650085211e-03
9.783639989155303029e-03
9.753845598016945562e-03
9.723502264928827327e-03
9.692621799709283392e-03
9.661193947002395116e-03
9.629275151786811926e-03
9.596816246247722934e-03
9.563867322718256833e-03
9.530349493397524685e-03
9.496352861046006635e-03
9.461927085112738223e-03
9.427070296190708312e-03
9.391831588135456793e-03
9.356198121134640111e-03
9.320097693535927749e-03
9.283574356457501703e-03
9.246683858606672204e-03
9.209429682932429237e-03
9.171801288948580599e-03
9.133843610672386787e-03
9.095558196416714605e-03
9.056882352001549910e-03
9.017920804356318112e-03
8.978631317412253537e-03
8.939040869885589435e-03
8.899137633674076425e-03
8.858885664792421136e-03
8.818281720288636757e-03
8.777390918636440720e-03
8.736182297312067649e-03
8.694688019373378665e-03
8.652887076050243959e-03
8.610866037353812757e-03
8.568565024497905649e-03
