3.409426905125566634e-03
3.418658222651289966e-03
3.424111205929789795e-03
3.426053109883436202e-03
3.424546478906931573e-03
3.420224930901595312e-03
3.413862529181931928e-03
3.406140444741635222e-03
3.397125442046297975e-03
3.388414944707696368e-03
3.381653539812328607e-03
3.379313595333973633e-03
3.384419811463168417e-03
3.398116794619663542e-03
3.421803860687823266e-03
3.454077341442250183e-03
3.492727959985065123e-03
3.536372510731936643e-03
3.584960990929907890e-03
3.636332283107705180e-03
3.689506348263922424e-03
3.743927713932716089e-03
3.799663084786327697e-03
3.856083547188700333e-03
3.912871747624931638e-03
3.969749010615067700e-03
4.027080673701295861e-03
4.084804350125932626e-03
4.142981401484435548e-03
4.201409848141625207e-03
4.260084546716236438e-03
4.318534467312788033e-03
4.377198600418666721e-03
4.436286922110121989e-03
4.495591148204689143e-03
4.555203330923845474e-03
4.615159226417235409e-03
4.675485132558547530e-03
4.735766568204577767e-03
4.796021330470281487e-03
4.856323820129547671e-03
4.916629522706862654e-03
4.976947436580008051e-03
5.036836415955613100e-03
5.096202778708034016e-03
5.154923226389289750e-03
5.212658695995550477e-03
5.268907625960093412e-03
5.323349963611574004e-03
5.375620060800836812e-03
5.425847057165852916e-03
5.473150241498241954e-03
5.517808224350835566e-03
5.559552171301407678e-03
5.598464460567216354e-03
5.634636276020931096e-03
5.668556758299818712e-03
5.700855505314174516e-03
5.731717041982145946e-03
5.761699946592186913e-03
5.790906566638840194e-03
5.819844439235415633e-03
5.848544589444392393e-03
5.877220235086066773e-03
5.906007880208932227e-03
5.934931671608503247e-03
5.963757763307295928e-03
5.992576785005070822e-03
6.021524353129276141e-03
6.050445414350143387e-03
6.079320491958026436e-03
6.108193112053673240e-03
6.137082598376778983e-03
6.166039938623403723e-03
6.195013508235151962e-03
6.224079770334926473e-03
6.253127098971536513e-03
6.282191460916569138e-03
6.311317280269178841e-03
6.340497887682237238e-03
6.369708080450274014e-03
6.398883370592677380e-03
6.428055932642830379e-03
6.457225127267597967e-03
6.486399308679839833e-03
6.515604852006913299e-03
6.544776669632585905e-03
6.573998921440287954e-03
6.603130781788222291e-03
6.632166497556676518e-03
6.661031329966367147e-03
6.689797122348830651e-03
6.718395282176175057e-03
6.746873391229503240e-03
6.775069240688361485e-03
6.802988512183993398e-03
6.830632732670579264e-03
6.858006760893267488e-03
6.884898756859459193e-03
6.911297658359879907e-03
6.937215376845096843e-03
6.962650968469643806e-03
6.987645319531926753e-03
7.012178921915689610e-03
7.036316702195934136e-03
7.060023504517517513e-03
7.083399687436171994e-03
7.106521706662400663e-03
7.129311008117920553e-03
7.151701868916455172e-03
7.173817146276074454e-03
7.195666978930958732e-03
7.217232694993263968e-03
7.238634856033654419e-03
7.259788371116486158e-03
7.280669296985228106e-03
7.301124376965802305e-03
7.321367098415292908e-03
7.341328564348384260e-03
7.360977366069770302e-03
7.380275720440684049e-03
7.399196971156768964e-03
7.417859113780893299e-03
7.436264913686929656e-03
7.454482840192228413e-03
7.472517630753126514e-03
7.490331948676898569e-03
7.507928735093630582e-03
7.525419064746566820e-03
7.542772499690130958e-03
7.559929168275959094e-03
7.576974924532440397e-03
7.593963510054013363e-03
7.610817153347002387e-03
7.627499027252474841e-03
7.644030010960864603e-03
7.660436772855994982e-03
7.676772408884900006e-03
7.693046752775272064e-03
7.709232170444973130e-03
7.725338462458070966e-03
7.741493723359195792e-03
7.757583465297375469e-03
7.773631668755855845e-03
7.789602190877395124e-03
7.805521891999492659e-03
7.821328905659962610e-03
7.837048761258897170e-03
7.852703394885005711e-03
7.868196491254003666e-03
7.883643306031579492e-03
7.899077154382046217e-03
7.914505265645544255e-03
7.929922179684294192e-03
7.945240164991613369e-03
7.960496877432636162e-03
7.975828974300340837e-03
7.991200439352242474e-03
8.006668015325842797e-03
8.022114630352994089e-03
8.037564598419985953e-03
8.053069739443105210e-03
8.068545878329776849e-03
8.083968760502715026e-03
8.099375782447995956e-03
8.114898384667130343e-03
8.130379635034299529e-03
8.145787070975787567e-03
8.161107919555552273e-03
8.176372989558741700e-03
8.191665191577580940e-03
8.206987046816027406e-03
8.222301044142902443e-03
8.237647127823065352e-03
8.252964592285819134e-03
8.268184201771762096e-03
8.283463306246390684e-03
8.298746138224273247e-03
8.313984383030223815e-03
8.329315446774235993e-03
8.344643978772211396e-03
8.359932663909738423e-03
8.375149376081109098e-03
8.390334336829809864e-03
8.405459217394656637e-03
8.420566989813306827e-03
8.435726762900962183e-03
8.450976888080311347e-03
8.466224875413992657e-03
8.481426720289723942e-03
8.496642163568208020e-03
8.511685926902124236e-03
8.526610886282433299e-03
8.541467260437436010e-03
8.556195700430160866e-03
8.570858511921155415e-03
8.585486482940857256e-03
8.600072133884570369e-03
8.614691069025241094e-03
8.629256815097180802e-03
8.643759695570464932e-03
8.658093839864785743e-03
8.672338665849986181e-03
8.686434780553954627e-03
8.700365891853254277e-03
8.714164412576165877e-03
8.727907474938139190e-03
8.741553894772142660e-03
8.755026970001494879e-03
8.768455623437773280e-03
8.781743352345359327e-03
8.794896211061898825e-03
8.807833629556218943e-03
8.820597058622087552e-03
8.833229234308338090e-03
8.845767079036956707e-03
8.858173871454141923e-03
8.870468990096436537e-03
8.882698860191081194e-03
8.894789431872643717e-03
8.906771619896124842e-03
8.918724819949075053e-03
8.930561034996212580e-03
8.942218610460147751e-03
8.953644558779587023e-03
8.964918032185959298e-03
8.976131591665839626e-03
8.987226918880243665e-03
8.998229265401570462e-03
9.009171679108515796e-03
9.019978871770861772e-03
9.030679345874464276e-03
9.041221115135859507e-03
9.051749224279417513e-03
9.062196110661445078e-03
9.072584544732240075e-03
9.082872851239615769e-03
9.093017194244549378e-03
9.103077467687504393e-03
9.113042153249591854e-03
9.122929978933262685e-03
9.132793479649310014e-03
9.142600862026378089e-03
9.152278279463485142e-03
9.161812660002922187e-03
9.171233934911619465e-03
9.180570823007666234e-03
9.189747298554601027e-03
9.198831469089801052e-03
9.207856547980633466e-03
9.216837545829116574e-03
9.225763249377755965e-03
9.234610140127936032e-03
9.243388412489186856e-03
9.252121600553617556e-03
9.260804082428429618e-03
9.269371086595026496e-03
9.277829410387959316e-03
9.286247902913935537e-03
9.294620538057334763e-03
9.302942284281755930e-03
9.311245601854834311e-03
9.319483441809682522e-03
9.327715939236811901e-03
9.335916966033926123e-03
9.343948493339707118e-03
9.351849429330361813e-03
9.359700964043054031e-03
9.367515611583835528e-03
9.375239019960943110e-03
9.382878448164114205e-03
9.390496632102477911e-03
9.398123291871951501e-03
9.405749899809539086e-03
9.413336020235783114e-03
9.420912750085981210e-03
9.428484102048573581e-03
9.436069196159552197e-03
9.443650115827071506e-03
9.451257445926930165e-03
9.458829807183724570e-03
9.466302658906453060e-03
9.473773038951026002e-03
9.481279334649088397e-03
9.488784895696055627e-03
9.496214243555230888e-03
9.503550424148500542e-03
9.510815490735385208e-03
9.517948387221076417e-03
9.524939072056180095e-03
9.531840653816264775e-03
9.538686545509310680e-03
9.545454135255449293e-03
9.552146196390018038e-03
9.558803766479268341e-03
9.565335320844902192e-03
9.571824969460194024e-03
9.578304260263738670e-03
9.584718793165535738e-03
9.591088608107742330e-03
9.597371004621034832e-03
9.603646692089684578e-03
9.609854611014672157e-03
9.615987671079516061e-03
9.622060236085789794e-03
9.628018968716789416e-03
9.633879316521719999e-03
9.639645639089294143e-03
9.645351250266064741e-03
9.650914159475785029e-03
9.656388466688654859e-03
9.661859558457771419e-03
9.667295702467978979e-03
9.672644147695875702e-03
9.677802206719793299e-03
9.682830730942514758e-03
9.687774616331020633e-03
9.692570016763539520e-03
9.697228883113622605e-03
9.701738418725546972e-03
9.706215309912905043e-03
9.710687020107933512e-03
9.715143776694057029e-03
9.719490072283568788e-03
9.723708278215144676e-03
9.727785302325426056e-03
9.731670961795068492e-03
9.735393883198972462e-03
9.738929855885180772e-03
9.742334484815410103e-03
9.745562649015193299e-03
9.748722277625290408e-03
9.751788277973173075e-03
9.754691041702857543e-03
9.757425824549576313e-03
9.759989449284613150e-03
9.762500582485114306e-03
9.764899232476758825e-03
9.767158780401533069e-03
9.769284921727156012e-03
9.771264812138929015e-03
9.773052294573730814e-03
9.774606458519319654e-03
9.776001688442306076e-03
9.777212989404019186e-03
9.778264626853263794e-03
9.779127167746129792e-03
9.779834642241443457e-03
9.780419387506109064e-03
9.780834610438273249e-03
9.781100138381503342e-03
9.781206777545219805e-03
9.781134722768140832e-03
9.781005746806918991e-03
9.780780901513297376e-03
9.780419190391204803e-03
9.779958501451128938e-03
9.779352457454247929e-03
9.778569435898727680e-03
9.777628262850309240e-03
9.776525254181996083e-03
9.775305042967688193e-03
9.773932816683577468e-03
9.772440703137480825e-03
9.770774743853658656e-03
9.768972395111538004e-03
9.767033539136337622e-03
9.765002857264904954e-03
9.762868536329596253e-03
9.760639802296291676e-03
9.758224618537005707e-03
9.755665820811066855e-03
9.753002307521298556e-03
9.750310858492207758e-03
9.747577669860327254e-03
9.744727076021971607e-03
9.741826751795140335e-03
9.738830860826505967e-03
9.735768555916388123e-03
9.732672375903850953e-03
9.729582238643652223e-03
9.726477726216197287e-03
9.723453161398028580e-03
9.720418911923746352e-03
9.717472756120469624e-03
9.714540821086921352e-03
9.711702329170334227e-03
9.708920017527435456e-03
9.706227054584494474e-03
9.703618190221700163e-03
9.701046651213405744e-03
9.698611109492600094e-03
9.696279515520905834e-03
9.694020698129229147e-03
9.691900952468492786e-03
9.689876843939895443e-03
9.687952798569206964e-03
9.686180795776556593e-03
9.684602884151956997e-03
9.683216078228194454e-03
9.681934395110950581e-03
9.680784982107379366e-03
9.679780261052895254e-03
9.679004215306019274e-03
9.678377711852658577e-03
9.677837727182605695e-03
9.677439926462728936e-03
9.677164264534745056e-03
9.676982675050117139e-03
9.676860442244299143e-03
9.676790574907327691e-03
9.676848651327575254e-03
9.677048440887126013e-03
9.677327881120750472e-03
9.677668584159027088e-03
9.678040537047644803e-03
9.678486279159785599e-03
9.678946794279106799e-03
9.679419728763041103e-03
9.679974225729730958e-03
9.680589874768066871e-03
9.681199350746837531e-03
9.681929064786237715e-03
9.682667442753235820e-03
9.683373955325065910e-03
9.684038206076873295e-03
9.684720927167905780e-03
9.685483444984726090e-03
9.686240974421776381e-03
9.686935334365541148e-03
9.687620873787917974e-03
9.688271331904666980e-03
9.688912292789186170e-03
9.689614103360654276e-03
9.690293723941296664e-03
9.690975320605725238e-03
9.691667538750541738e-03
9.692365804438303825e-03
9.693035245729333602e-03
9.693663156028561531e-03
9.694295990295183005e-03
9.694923850389133499e-03
9.695513633573101323e-03
9.696021526584509484e-03
9.696535383605245709e-03
9.697015461356270696e-03
9.697478632194000969e-03
9.697925434196832603e-03
9.698318241904190298e-03
9.698740367076939123e-03
9.699113438242612864e-03
9.699519996952055828e-03
9.699830471966638945e-03
9.700057424797453934e-03
9.700242078341315619e-03
9.700338278596147210e-03
9.700452363658731633e-03
9.700499086335934509e-03
9.700486954345909074e-03
9.700406334301636679e-03
9.700174756284873911e-03
9.699836624930367746e-03
9.699378179737178085e-03
9.698837765250937354e-03
9.698157220316694360e-03
9.697402471936228743e-03
9.696542836957691355e-03
9.695599309456834347e-03
9.694475631108171940e-03
9.693195381624379603e-03
9.691714860624112485e-03
9.690094540022781491e-03
9.688335909242434124e-03
9.686362020028954634e-03
9.684160361303014233e-03
9.681804305368153091e-03
9.679282996440111836e-03
9.676578046985769357e-03
9.673515764724648774e-03
9.670347527755926778e-03
9.667002840600158117e-03
9.663530827524352898e-03
9.659867551845068706e-03
9.656038830330122835e-03
9.651970043172669600e-03
9.647726872398131731e-03
9.643335357849787404e-03
9.638817250392164512e-03
9.634167379605897835e-03
9.629378917995524284e-03
9.624398496154823110e-03
9.619200611426681480e-03
9.613791612743553816e-03
9.608258658290517312e-03
9.602534709775607455e-03
9.596716407434442014e-03
9.590823135026557700e-03
9.584823515527498422e-03
9.578654721649725035e-03
9.572313700383975471e-03
