1.266459629376365942e-02
1.288843670771871834e-02
1.309835527509579933e-02
1.329454515511805344e-02
1.347630819743079154e-02
1.364087215399200324e-02
1.379108275552317318e-02
1.393481754257121404e-02
1.409375921574180374e-02
1.428120432614869185e-02
1.447916546555075464e-02
1.468637462451348984e-02
1.490918382853624428e-02
1.516508424313007912e-02
1.544620615180967473e-02
1.575149957723107411e-02
1.607450226180442976e-02
1.639844615077571191e-02
1.671263930722813318e-02
1.700933283557091308e-02
1.728922218771609606e-02
1.755333959089282539e-02
1.780480926736458663e-02
1.804627725340583397e-02
1.827539420504531789e-02
1.849246400895083672e-02
1.869417791525076686e-02
1.888228897347664359e-02
1.905775474202960063e-02
1.921944519075541313e-02
1.936722888892626268e-02
1.950126149532728503e-02
1.962304362327148277e-02
1.973432156668492379e-02
1.983320533009910042e-02
1.991935148224702537e-02
1.999204690280294294e-02
2.005325369461284993e-02
2.010533235324528725e-02
2.014911944929059784e-02
2.018590279383049649e-02
2.021585571324021821e-02
2.023814518346030850e-02
2.025289669552605976e-02
2.026020811934866467e-02
2.026083855441931231e-02
2.025577496385112808e-02
2.024502153844974506e-02
2.022837083569735406e-02
2.020594972676302212e-02
2.017826335960543754e-02
2.014644119658905511e-02
2.011020307418176153e-02
2.006978216207518095e-02
2.002420681161162092e-02
1.997394079418989693e-02
1.991992193915053180e-02
1.986226613413457839e-02
1.980150609540462514e-02
1.973838430319458173e-02
1.967233254079262320e-02
1.960494866081996870e-02
1.953568278912244660e-02
1.946306084498664740e-02
1.938852898524656351e-02
1.931233577344427729e-02
1.923486749241913249e-02
1.915601261884073564e-02
1.907589727615928085e-02
1.899443792532112124e-02
1.891179390940309762e-02
1.882728334085375169e-02
1.874110471745693909e-02
1.865309497478212161e-02
1.856387382539819234e-02
1.847370055172515430e-02
1.838180255206555910e-02
1.828782834803251850e-02
1.819207204604524411e-02
1.809496388743365644e-02
1.799580252418907234e-02
1.789537588882655211e-02
1.779379785555998059e-02
1.769072746194536722e-02
1.758550924041729288e-02
1.747890407273709062e-02
1.737070686188959406e-02
1.726125529458753805e-02
1.715119921331897251e-02
1.704034121195422552e-02
1.692802563690412598e-02
1.681485122551543837e-02
1.670066728360820527e-02
1.658556256340368296e-02
1.646984386530132849e-02
1.635336955406098761e-02
1.623705915369223415e-02
1.612038832471196850e-02
1.600264089607066759e-02
1.588425074216204963e-02
1.576558240564375143e-02
1.564654459563023445e-02
1.552773746913483667e-02
1.540845646435232662e-02
1.528895225851151923e-02
1.516943227754841313e-02
1.505004274448393589e-02
1.493079037198655201e-02
1.481218207809581119e-02
1.469422352676299712e-02
1.457683056474858192e-02
1.446077398204989768e-02
1.434584229666625507e-02
1.423158850053117715e-02
1.411811065364271083e-02
1.400535760232208583e-02
1.389395594706871982e-02
1.378333515960045164e-02
1.367396556706133512e-02
1.356573341888728072e-02
1.345887715053810732e-02
1.335344865737173037e-02
1.324904629739935905e-02
1.314599453866545538e-02
1.304416107061790245e-02
1.294382274690561441e-02
1.284475735698641791e-02
1.274673028360954162e-02
1.264987357333588643e-02
1.255431246605768873e-02
1.245996013392226126e-02
1.236680287683974977e-02
1.227492012937143710e-02
1.218425288860225213e-02
1.209460057457803148e-02
1.200612634946316391e-02
1.191895976376184871e-02
1.183317532339405419e-02
1.174816921522185698e-02
1.166427488826207205e-02
1.158135846558541911e-02
1.149969006796669815e-02
1.141911040152543758e-02
1.133959239354524404e-02
1.126105293511123900e-02
1.118340774296492160e-02
1.110665256096174044e-02
1.103083563843784351e-02
1.095592399625774579e-02
1.088191826035735631e-02
1.080881227943388846e-02
1.073686880589835510e-02
1.066582641794771094e-02
1.059578581022110888e-02
1.052669943267360922e-02
1.045850301826914408e-02
1.039124778833148445e-02
1.032492314631475519e-02
1.025932092240754503e-02
1.019451841925539219e-02
1.013037429811409866e-02
1.006704653466507574e-02
1.000425093720410004e-02
9.942191136518917227e-03
9.880880621308743908e-03
9.820005061274957037e-03
9.759720774466936269e-03
9.700134500637148938e-03
9.641102567069152404e-03
9.582679142585971005e-03
9.524891864564073718e-03
9.467618921702622772e-03
9.410642346755843102e-03
9.354139895528940096e-03
9.298206708523102867e-03
9.242869120838673180e-03
9.188100836029595639e-03
9.133863513105541440e-03
9.080007758076226107e-03
9.026722133365611134e-03
8.974101677568126559e-03
8.921928659975883816e-03
8.870158961880666645e-03
8.818627117344499458e-03
8.767569196997412537e-03
8.716962250624760503e-03
8.666867754796400702e-03
8.617035182837575261e-03
8.567680898499994285e-03
8.518750222548339412e-03
8.470308674768998666e-03
8.422312701992340500e-03
8.374676388145657277e-03
8.327506691949164777e-03
8.280874785829769880e-03
8.234668775617513467e-03
8.188974080809287986e-03
8.143761779322619687e-03
8.098918158808456058e-03
8.054501759099103389e-03
8.010494110418178021e-03
7.966738744876022960e-03
7.923413069071497464e-03
7.880494368668959984e-03
7.838053805827771905e-03
7.796055239118347170e-03
7.754509270522321265e-03
7.713299926030462231e-03
7.672319226097948884e-03
7.631682387516285429e-03
7.591369664697961324e-03
7.551423302441837015e-03
7.511759136472145881e-03
7.472353411203373590e-03
7.433210545797944158e-03
7.394337224317956529e-03
7.355623076912109863e-03
7.317166833329872937e-03
7.278972813846778904e-03
7.241066512283343345e-03
7.203518583845745955e-03
7.166313226287798939e-03
7.129326837088735200e-03
7.092514609559905439e-03
7.055852812219817922e-03
7.019406212798361133e-03
6.983233317195528672e-03
6.947299312558156102e-03
6.911687300992698339e-03
6.876357221338111510e-03
6.841423359608220928e-03
6.806782227513076024e-03
6.772302005091553924e-03
6.738135824708699033e-03
6.704207980294798683e-03
6.670345237772709775e-03
6.636519892944556416e-03
6.602713800477398413e-03
6.569141825720232336e-03
6.535769600014763002e-03
6.502663262714119229e-03
6.469666045863755287e-03
6.436784303756377772e-03
6.404029308674111763e-03
6.371336472431843659e-03
6.338619052995994076e-03
6.305983265760439077e-03
6.273444759177814779e-03
6.241123610157427518e-03
6.208864890666866351e-03
6.176733427076328518e-03
6.144699417753576517e-03
6.112945239146227831e-03
6.081380452547544523e-03
6.050022346911313430e-03
6.018727394859015901e-03
5.987653653086836246e-03
5.956777626760981562e-03
5.926203255476683758e-03
5.895800168451718372e-03
5.865484412389154745e-03
5.835364834166844976e-03
5.805544051337494307e-03
5.775998940895202965e-03
5.746629708230763592e-03
5.717461242395300083e-03
5.688528927408494605e-03
5.659803876108509234e-03
5.631306998213831891e-03
5.603060745908258755e-03
5.575034617774188121e-03
5.547372222616711590e-03
5.520052702768854513e-03
5.492848038179606006e-03
5.465854055024509280e-03
5.439002126651343999e-03
5.412406626485334778e-03
5.386030445449397838e-03
5.359807634689057673e-03
5.333867844611176953e-03
5.308180588375871478e-03
5.282630863849219552e-03
5.257307572433874733e-03
5.232285172967344154e-03
5.207526858057180512e-03
5.182861131751427888e-03
5.158353687012080108e-03
5.134007373769256324e-03
5.109862707344428427e-03
5.085906691907999058e-03
5.062100526324384182e-03
5.038472872171413652e-03
5.015076626057374601e-03
4.991926569046963892e-03
4.968975068597982804e-03
4.946215771735486613e-03
4.923653278484434355e-03
4.901260604116352594e-03
4.878977292501637114e-03
4.856788063089717382e-03
4.834654532612132211e-03
4.812644530037165670e-03
4.790763694992451575e-03
4.769043956194187785e-03
4.747473103417249908e-03
4.726092508581893059e-03
4.704909703234490780e-03
4.683851453422730078e-03
4.662922522491427628e-03
4.642059835098638274e-03
4.621379698152666866e-03
4.600840825003301056e-03
4.580411059758044377e-03
4.560134378669785174e-03
4.539957115338881521e-03
4.519901447086396330e-03
4.499986547894067879e-03
4.480233735903565648e-03
4.460690715296550951e-03
4.441260263676056509e-03
4.421958343601987279e-03
4.402767573012592375e-03
4.383782675667518593e-03
4.364990995389762818e-03
4.346331520888493082e-03
4.327778602298468918e-03
4.309348224238346813e-03
4.291089748782619777e-03
4.272958677337629005e-03
4.254910792267085906e-03
4.237028327287459609e-03
4.219279580831399729e-03
4.201587963957574036e-03
4.184054842044882157e-03
4.166646626191940726e-03
4.149371662581494667e-03
4.132235117655593329e-03
4.115196796157406280e-03
4.098164924750317614e-03
4.081218553401915611e-03
4.064349367404698765e-03
4.047477001309896481e-03
4.030706604320159238e-03
4.014027824608587883e-03
3.997455745322587954e-03
3.980934534585077803e-03
3.964488612585494870e-03
3.948172528746094444e-03
3.931874491805723883e-03
3.915671138666681345e-03
3.899550131020335965e-03
3.883508299887700535e-03
3.867546143532977088e-03
3.851590190765906765e-03
3.835715248532214298e-03
3.819927424538800253e-03
3.804293062624916361e-03
3.788701874997264102e-03
3.773226243127372585e-03
3.757848370655296217e-03
3.742531098909511120e-03
3.727209264461567653e-03
3.711916038386901730e-03
3.696625978065457008e-03
3.681354573955959546e-03
3.666154279542508960e-03
3.651052451875631214e-03
3.635975676744453069e-03
3.620934360758992689e-03
3.605915617697071779e-03
3.590942482453129275e-03
3.576052698509512087e-03
3.561216874606348576e-03
3.546479165758882699e-03
3.531809762387136398e-03
3.517179254233536185e-03
3.502568386987900666e-03
3.488018353794402476e-03
3.473541553098189773e-03
3.459071491590359759e-03
3.444611813165043748e-03
3.430128770322976584e-03
3.415690005500794137e-03
3.401296484396810257e-03
3.386912869071756135e-03
3.372583481910097509e-03
3.358253051556240026e-03
3.343939982173114306e-03
3.329616054222673746e-03
3.315263141204960635e-03
3.300933981350005417e-03
3.286642416873547610e-03
3.272354497018735084e-03
3.258068597818185828e-03
3.243725513236510403e-03
3.229305536738559870e-03
3.214810572562754824e-03
3.200265566767057212e-03
3.185607163498265729e-03
3.170869700701263710e-03
3.156003686845382326e-03
3.141002009541679890e-03
3.125874249535393057e-03
3.110621441693498662e-03
3.095238417679666183e-03
3.079694611897272009e-03
3.064014995798607956e-03
3.048216545170468524e-03
3.032281692956841166e-03
3.016205582032337792e-03
3.000001898485612703e-03
2.983605257827146202e-03
2.966987912290627947e-03
2.950130633516138013e-03
2.933019839209195442e-03
2.915705573096735639e-03
2.898115275246862348e-03
2.880207615811549403e-03
2.862131998643685938e-03
2.843783335418378737e-03
2.825242253022455362e-03
2.806501405267557234e-03
2.787529490327400605e-03
2.768318857370895714e-03
2.748909136987931316e-03
2.729299475482914461e-03
2.709474694967000091e-03
2.689426934563674248e-03
2.669159148841422202e-03
2.648667357410654840e-03
2.627957250461176314e-03
2.607119365785652825e-03
2.586120960861983207e-03
2.565002353581019752e-03
2.543721592867073666e-03
2.522282154750893780e-03
2.500757739294281762e-03
2.479200423472651457e-03
2.457642024726991187e-03
2.436042286003026625e-03
2.414464910328762304e-03
2.392853663567206732e-03
2.371203619053688198e-03
2.349555030252958258e-03
2.327946010395666541e-03
2.306361872211416201e-03
2.284807119055130582e-03
2.263310835025105633e-03
2.241783429646983586e-03
2.220255956761125159e-03
2.198745796380577149e-03
2.177298303673760871e-03
2.155929657265145526e-03
2.134659653328432709e-03
2.113529127445337979e-03
2.092509816118170649e-03
2.071564984170464439e-03
2.050696410756408343e-03
2.029913908756297587e-03
2.009248215827066225e-03
1.988722451663055973e-03
1.968300945189141449e-03
1.948003570261650852e-03
1.927824817968544534e-03
1.907735978760731563e-03
1.887776214476228741e-03
1.867978876644637480e-03
1.848311232424586573e-03
1.828750651882266346e-03
1.809321121159683434e-03
1.790007221856237084e-03
1.770866445337567451e-03
1.751856087170879876e-03
1.732974464772503225e-03
1.714214315683302778e-03
1.695603659972297686e-03
1.677133563746165557e-03
1.658789485549436952e-03
1.640600530441024092e-03
1.622591844078320094e-03
1.604732631982862517e-03
1.587046626363656631e-03
1.569486942721674090e-03
1.552072803996520011e-03
1.534833650302980072e-03
1.517743164807472791e-03
1.500833536245255694e-03
1.484088934455252270e-03
1.467512082699636445e-03
1.451106413619170782e-03
1.434884291956609915e-03
1.418817781198858157e-03
1.402923542637664334e-03
1.387192545412830333e-03
1.371596686604620481e-03
1.356145079340565591e-03
1.340853788447654094e-03
1.325711317252257484e-03
1.310753431989603599e-03
1.295971861276976967e-03
