2.820493117975933842e-02
2.935480414534320792e-02
3.053476923701910553e-02
3.174721034194211838e-02
3.298470297084982183e-02
3.425265426201769270e-02
3.554728725205439505e-02
3.686062796217710186e-02
3.815252432877329347e-02
3.941598257753615997e-02
4.058766778705299311e-02
4.163059789184084952e-02
4.244658432960176503e-02
4.298814199756210291e-02
4.319882299718187657e-02
4.305086232846844219e-02
4.257372447275028365e-02
4.179181064217376423e-02
4.078122161903578735e-02
3.959844189701344080e-02
3.833838295060913726e-02
3.705275841727216635e-02
3.575618862765258393e-02
3.447296303229870768e-02
3.321068420096905116e-02
3.197091179502805497e-02
3.076150215393010437e-02
2.959070335797298751e-02
2.846213787078040458e-02
2.737876616912898048e-02
2.634139801452174343e-02
2.534686487053358986e-02
2.439619424709699516e-02
2.348552976754922014e-02
2.261051449377205619e-02
2.177301548503113304e-02
2.096958490157757246e-02
2.020102240121410264e-02
1.946842807262792741e-02
1.876733900908472003e-02
1.809741654756548759e-02
1.745842646894373365e-02
1.684720611013907146e-02
1.626197272389502332e-02
1.570115336440754475e-02
1.516679839152078151e-02
1.465696471266928098e-02
1.417065244904117290e-02
1.370877122501502031e-02
1.326969181517322766e-02
1.285367070393415162e-02
1.246080441449983270e-02
1.209436948412359776e-02
1.175419582501677565e-02
1.144122715188414935e-02
1.115756362294649875e-02
1.090009855789784467e-02
1.066670532876529479e-02
1.045715423239896441e-02
1.027048162795627176e-02
1.010486144060876793e-02
9.956274584152047247e-03
9.820380100151850436e-03
9.696686279211086043e-03
9.588190746455527505e-03
9.494099808294239468e-03
9.409442884975487489e-03
9.333584660304336186e-03
9.265839950804787006e-03
9.203980145236196828e-03
9.145758408604508227e-03
9.088803629271282117e-03
9.033022339126766526e-03
8.977983498250288394e-03
8.923584766226868442e-03
8.870173356329153977e-03
8.817835350619723789e-03
8.766601708997134174e-03
8.716751316290041046e-03
8.668015152677115143e-03
8.620017344762845660e-03
8.572844006136526654e-03
8.526835977785864398e-03
8.481916072578483956e-03
8.438367192763746374e-03
8.395822433681187150e-03
8.354406914133518866e-03
8.313832952572741339e-03
8.274381884716627139e-03
8.236084595049437962e-03
8.198762707800804142e-03
8.162194107646554217e-03
8.126398167069760758e-03
8.091229596640856642e-03
8.056818755481523139e-03
8.023357916954694524e-03
7.990927870196532987e-03
7.959349942381352752e-03
7.928711174166491737e-03
7.898796304579461941e-03
7.869553839060263595e-03
7.840981298120273599e-03
7.813230721303882076e-03
7.786336947538122222e-03
7.760141178790516160e-03
7.734755976100069104e-03
7.710136460781688225e-03
7.686095811466873290e-03
7.662613271057017519e-03
7.639742250313329673e-03
7.617380415811134640e-03
7.595662959679765763e-03
7.574425185991899914e-03
7.553938449996145006e-03
7.533995870732134760e-03
7.514220748356194128e-03
7.494833018552565958e-03
7.476042230347161067e-03
7.457804415441605765e-03
7.439892964185510112e-03
7.422354476093559472e-03
7.405131767781745859e-03
7.388286247591659833e-03
7.371740386737676495e-03
7.355432339587844245e-03
7.339571234555616712e-03
7.323903173106638062e-03
7.308553255519487264e-03
7.293625383469691525e-03
7.278935170932422996e-03
7.264407575700503397e-03
7.250006969165605220e-03
7.235898751782978040e-03
7.222049842043608801e-03
7.208475624594259772e-03
7.195233843477697074e-03
7.182210303207222854e-03
7.169248153015014315e-03
7.156358888433692750e-03
7.143649079897527142e-03
7.131095461272639498e-03
7.118754770080381114e-03
7.106558360176529893e-03
7.094457455656256843e-03
7.082339102403787702e-03
7.070247495530038000e-03
7.058268764941875821e-03
7.046334135066358723e-03
7.034435859850507108e-03
7.022707907437552612e-03
7.011193978352955707e-03
6.999767568052887336e-03
6.988371948803106561e-03
6.977110540027094999e-03
6.965964137297332194e-03
6.954870769115216976e-03
6.943802383229507810e-03
6.932794972231636280e-03
6.921862758703247777e-03
6.910966020271032406e-03
6.900169090051345988e-03
6.889467993776684888e-03
6.878856683066779387e-03
6.868148029563139398e-03
6.857491774829216694e-03
6.846902699270857560e-03
6.836257848746057041e-03
6.825539875386150111e-03
6.814784138777424394e-03
6.804040181980546866e-03
6.793190493462340600e-03
6.782340265994098692e-03
6.771465170105859903e-03
6.760609928698801778e-03
6.749793630690559265e-03
6.738944884459841488e-03
6.728007676024658386e-03
6.716984114857660337e-03
6.705985712601199647e-03
6.694925869635672509e-03
6.683815270131138013e-03
6.672727257997502527e-03
6.661625650803562095e-03
6.650396153537435628e-03
6.639192396684544077e-03
6.628041098408448371e-03
6.616972733915746363e-03
6.605807232186112349e-03
6.594628496009381086e-03
6.583523935523530150e-03
6.572379239629026412e-03
6.561188421097894317e-03
6.549977222841620386e-03
6.538754550473184317e-03
6.527412096675388846e-03
6.516051832626227648e-03
6.504642686517076410e-03
6.493218152851108760e-03
6.481710414691329789e-03
6.470154080480346008e-03
6.458616074441513207e-03
6.447116611044657712e-03
6.435573447595909977e-03
6.423945992556412410e-03
6.412357544525095626e-03
6.400762055212377150e-03
6.389190473604119784e-03
6.377698914665953442e-03
6.366196078092240321e-03
6.354639230805982433e-03
6.343082387675473208e-03
6.331558690974238915e-03
6.320024032316429521e-03
6.308360473173508023e-03
6.296602906298192845e-03
6.284778751502805710e-03
6.272870868977170437e-03
6.260860086867142855e-03
6.248893462136864523e-03
6.236961759218651556e-03
6.225064520369417466e-03
6.213172120282735474e-03
6.201282362554988437e-03
6.189470327776539285e-03
6.177701352704505211e-03
6.165999434815734766e-03
6.154277803082327733e-03
6.142567704547510429e-03
6.130942819132782773e-03
6.119477563390808735e-03
6.107970420597658157e-03
6.096476643547152179e-03
6.085064772863208599e-03
6.073687775299419639e-03
6.062248163733033324e-03
6.050837537865404875e-03
6.039387506713851661e-03
6.027840958811790835e-03
6.016314917235900984e-03
6.004826145431800717e-03
5.993303949140809522e-03
5.981729388799984261e-03
5.970184421259125580e-03
5.958601606041881611e-03
5.947013234397738324e-03
5.935516811625266183e-03
5.924089182522626791e-03
5.912678218073086703e-03
5.901224996417413909e-03
5.889685929638555778e-03
5.878175687541246398e-03
5.866726668159842617e-03
5.855303266356897546e-03
5.843844116233667604e-03
5.832439220109239889e-03
5.821043485682447956e-03
5.809649794891792209e-03
5.798137341735932170e-03
5.786659164482216462e-03
5.775260760833407503e-03
5.763790879691009679e-03
5.752359380513114365e-03
5.740835815993655146e-03
5.729365512804360759e-03
5.717937878048051994e-03
5.706513296622728847e-03
5.695005932964969549e-03
5.683473825711497091e-03
5.671931540759853410e-03
5.660308885011026449e-03
5.648635034989293521e-03
5.637003505508523735e-03
5.625300200835408812e-03
5.613615911492137595e-03
5.602060501007617190e-03
5.590533387198193607e-03
5.579157900290745119e-03
5.567867843606888988e-03
5.556571683314387444e-03
5.545225011682290532e-03
5.533836137350931286e-03
5.522463723330676630e-03
5.511134050572800286e-03
5.499909470604622853e-03
5.488805933717016278e-03
5.477738009437593293e-03
5.466701428592610212e-03
5.455646961686037855e-03
5.444586754159598009e-03
5.433532995653161078e-03
5.422482425019184080e-03
5.411409273835602468e-03
5.400358002323272719e-03
5.389311986667211403e-03
5.378309927003140437e-03
5.367355295414540789e-03
5.356348818795454540e-03
5.345373858213750551e-03
5.334448922703687208e-03
5.323656214638340482e-03
5.312843600201161594e-03
5.302099425059805284e-03
5.291359007156660500e-03
5.280624277600527890e-03
5.269963238463360074e-03
5.259366845996462682e-03
5.248808649305588235e-03
5.238327746647349070e-03
5.227961252369943239e-03
5.217616429120631831e-03
5.207259917917882869e-03
5.196844476901300511e-03
5.186413105878424044e-03
5.175973031269475236e-03
5.165494989883447421e-03
5.154992264539346759e-03
5.144476068373695851e-03
5.134005986005131354e-03
5.123668352980969599e-03
5.113553941195889303e-03
5.103633401212104119e-03
5.093718526596465769e-03
5.083788660110563976e-03
5.073700999157219199e-03
5.063685858839477028e-03
5.053684988482251041e-03
5.043715998102186668e-03
5.033759245258184918e-03
5.023853777196856350e-03
5.013915335041524771e-03
5.004049997416363908e-03
4.994302044824585826e-03
4.984571931047217762e-03
4.974872304923529109e-03
4.965267078987874172e-03
4.955773596845929573e-03
4.946258379872209461e-03
4.936804899922065185e-03
4.927508700628427385e-03
4.918313827743458523e-03
4.909100436654392774e-03
4.899971838915859017e-03
4.890925748381020309e-03
4.881947991048184686e-03
4.873036866736521824e-03
4.864173470466132479e-03
4.855342003191254023e-03
4.846470494331621935e-03
4.837199497866127157e-03
4.827796687938395136e-03
4.818414234535167359e-03
4.809028008410479692e-03
4.799667888777591970e-03
4.790384807832206472e-03
4.781106807833210293e-03
4.771789409587134413e-03
4.762437372115333779e-03
4.753064087992224171e-03
4.743672879051143501e-03
4.734444242966540962e-03
4.725319054249690204e-03
4.716249207561563038e-03
4.707272572231501091e-03
4.698466851763480161e-03
4.689784615508708898e-03
4.681150008243168542e-03
4.672556256945238976e-03
4.663891463684918456e-03
4.655123665638618603e-03
4.646202448867296081e-03
4.637194675699920360e-03
4.628317340093535646e-03
4.619667872814358159e-03
4.611294543341439706e-03
4.602944018869468794e-03
4.594599812562921021e-03
4.586323960916799912e-03
4.578085674190853285e-03
4.569862380946337899e-03
4.561726290328231397e-03
4.553756875153329095e-03
4.545911058380367083e-03
4.538280327574143597e-03
4.530745310649026553e-03
4.523236718465857044e-03
4.515748816111415410e-03
4.508366614912452316e-03
4.501014173160742919e-03
4.493816696736670398e-03
4.486654025203293955e-03
4.479637498162387065e-03
4.472609163756783961e-03
4.465549664254640956e-03
4.458585051869081231e-03
4.451979391475533419e-03
4.445703876052874842e-03
4.439571167963738199e-03
4.433532306613165858e-03
4.427760849857848360e-03
4.422149408410273701e-03
4.416628309825108845e-03
4.411324472925719740e-03
4.406146945082295083e-03
4.401021258745895122e-03
4.395634983768686131e-03
4.390014505275960204e-03
4.384471325382452780e-03
4.379047500598554424e-03
4.373869403919785487e-03
4.369088784070125804e-03
4.364468179423542683e-03
4.360150342510278089e-03
4.355981171933769394e-03
4.351843142319643254e-03
4.347862763649205584e-03
4.344093638310693624e-03
4.340569601192749080e-03
4.337436412459461620e-03
4.334744962458864960e-03
4.332402166006680579e-03
4.330269670928177037e-03
4.328399310435503827e-03
4.326795526263524545e-03
4.325362904168243879e-03
4.324360547212424861e-03
4.323611620689387681e-03
4.322959751534791346e-03
4.322523610268081719e-03
4.322336504600409607e-03
4.322194723232016499e-03
4.322265127401981807e-03
4.322507135413039027e-03
4.322830229809897402e-03
4.323381646020496051e-03
4.324209883038871056e-03
4.325079993512052912e-03
4.326012302937459579e-03
4.327471586571022058e-03
4.329416425422168840e-03
4.331822393516268979e-03
4.334838480049703693e-03
4.338289571131553023e-03
4.341915331505266824e-03
4.345809390968480637e-03
4.350037379077279290e-03
4.354906501861743537e-03
4.360305553244085176e-03
4.365993939402663601e-03
4.372014539520773131e-03
4.378394864564584717e-03
4.385137239348520927e-03
4.392249456824853966e-03
4.399812971297217476e-03
4.407818822034817799e-03
4.416482754795622058e-03
4.425637662681831778e-03
4.434855885335744520e-03
4.444594025220185811e-03
4.454806750196877232e-03
4.465160308000046610e-03
4.476116890455799843e-03
4.487700173517883938e-03
4.499697878213000136e-03
4.512408481367876853e-03
4.525677855194934485e-03
4.539254991280763582e-03
4.553251204012110503e-03
4.567732607789947406e-03
4.583007193383513249e-03
4.599239519003181335e-03
4.615566537561820344e-03
4.632145890274129429e-03
4.649147026943968065e-03
4.666716697674706642e-03
4.684601438650690466e-03
4.702762609944672115e-03
4.721295024582759792e-03
4.740178713794973055e-03
4.760090205012839845e-03
4.780837400577467484e-03
4.802149676553619899e-03
4.823949829527061743e-03
4.846266229258637363e-03
4.870284722452909894e-03
4.895321296826430843e-03
4.921234422168500704e-03
4.947753359431806414e-03
4.974810268790299563e-03
5.002672693169805083e-03
5.031270291843232753e-03
5.060672310960990031e-03
5.091433877196668845e-03
5.123104156349492233e-03
5.155257654477385376e-03
5.188236101027876752e-03
5.221221813016525479e-03
5.255457823249730376e-03
5.290764291281032164e-03
5.326481267709133605e-03
5.362173307677163721e-03
