1.312000374117855070e-02
1.299096302866719309e-02
1.285291860749055576e-02
1.270650350852976264e-02
1.255214351650738198e-02
1.239035355513004415e-02
1.222177839820719203e-02
1.204772345509531190e-02
1.187088224137551780e-02
1.169177417552334786e-02
1.151459508527738138e-02
1.133995642349006072e-02
1.117009492203808324e-02
1.100680760009559167e-02
1.085625071014145737e-02
1.072270528585198175e-02
1.060975997956165387e-02
1.051547291880388507e-02
1.044002588906652734e-02
1.038315140468171367e-02
1.035060318187343807e-02
1.034496021946337656e-02
1.035843005878204354e-02
1.038545020806957465e-02
1.042459399362091754e-02
1.047275947104490783e-02
1.052825048585281399e-02
1.058849584689494985e-02
1.065077448637386827e-02
1.071492111858215156e-02
1.078097947466950812e-02
1.084839442876783279e-02
1.091685506717175909e-02
1.098649010366333986e-02
1.105839110839990265e-02
1.113180041755960047e-02
1.120608201365477959e-02
1.128234623116598605e-02
1.136093622317676383e-02
1.144082609799663974e-02
1.152167376350344066e-02
1.160431271436435617e-02
1.168759703298749564e-02
1.177161638990828485e-02
1.185674612432898942e-02
1.194303062249066349e-02
1.203139637282145402e-02
1.212133034378055745e-02
1.221221841644034786e-02
1.230356780559632365e-02
1.239516695871949181e-02
1.248630950246688680e-02
1.257649706271265350e-02
1.266573614611549679e-02
1.275401553189569985e-02
1.284012033972526529e-02
1.292450168622762477e-02
1.300671510238344229e-02
1.308587088728093394e-02
1.316161918639647925e-02
1.323372753141533777e-02
1.330212543294920918e-02
1.336543456952442657e-02
1.342385516107286007e-02
1.347677172096946145e-02
1.352302024336481112e-02
1.356063552779233385e-02
1.358798566225630396e-02
1.360622584782922653e-02
1.361655547490193616e-02
1.362042987499630445e-02
1.361959542588666097e-02
1.361537787586588125e-02
1.360893743327413856e-02
1.360112467682081210e-02
1.359228738693048742e-02
1.358301558408056553e-02
1.357315802656138340e-02
1.356307099336000188e-02
1.355244878879792621e-02
1.354158282491578144e-02
1.353036305218734831e-02
1.351880556166789281e-02
1.350697040652725292e-02
1.349492460286830231e-02
1.348268035896702140e-02
1.347008014114007939e-02
1.345725513841661801e-02
1.344398991793170108e-02
1.343051853754783850e-02
1.341675703564946219e-02
1.340245522027197489e-02
1.338789252897257774e-02
1.337256008211474244e-02
1.335666417367947605e-02
1.334026352502069683e-02
1.332342832650504523e-02
1.330609504629640290e-02
1.328835736965018957e-02
1.327026540119871645e-02
1.325165636916339658e-02
1.323267779554737796e-02
1.321336575775920036e-02
1.319381654571636850e-02
1.317402787014064318e-02
1.315401389969535206e-02
1.313382786001711204e-02
1.311350865862328900e-02
1.309326754295402594e-02
1.307303143301504107e-02
1.305272426035242010e-02
1.303236835934779708e-02
1.301173694353731196e-02
1.299113878183496759e-02
1.297035500268159218e-02
1.294931893841197099e-02
1.292816716220221256e-02
1.290684390942197987e-02
1.288554735182004599e-02
1.286422879959888202e-02
1.284282501928515549e-02
1.282132791763734674e-02
1.279963217445939487e-02
1.277786944900106796e-02
1.275603497097184402e-02
1.273409535185207782e-02
1.271210002114180754e-02
1.268985315621875588e-02
1.266753378200123278e-02
1.264503455717906275e-02
1.262241496037880446e-02
1.259960686912840397e-02
1.257666992556645026e-02
1.255361181849201473e-02
1.253031071947297188e-02
1.250698057527063235e-02
1.248354002245252725e-02
1.245984276156717266e-02
1.243596662192503373e-02
1.241212632985216023e-02
1.238820639413318846e-02
1.236417093414503982e-02
1.233995016857568523e-02
1.231554576922307305e-02
1.229089080124618275e-02
1.226596305457205473e-02
1.224079017217773180e-02
1.221535651862340303e-02
1.218980645768119771e-02
1.216405537797014477e-02
1.213812968772634386e-02
1.211198236192216442e-02
1.208563688808889092e-02
1.205890445485514710e-02
1.203209243222308142e-02
1.200496615308589698e-02
1.197760342676803223e-02
1.195014517845719750e-02
1.192260136712318223e-02
1.189479954050418412e-02
1.186675675151031839e-02
1.183842576690790661e-02
1.180984968183537709e-02
1.178098309232929360e-02
1.175198690894232144e-02
1.172272377157611289e-02
1.169314362841856157e-02
1.166343135315509386e-02
1.163360206477348849e-02
1.160341133826534379e-02
1.157310167624711963e-02
1.154267250175964633e-02
1.151201273994975453e-02
1.148123156271562903e-02
1.145029868508161582e-02
1.141912526796382173e-02
1.138775889402190641e-02
1.135626500847923201e-02
1.132464765971357562e-02
1.129291763172218105e-02
1.126104497105579784e-02
1.122891888376372806e-02
1.119667050067405488e-02
1.116434501600677490e-02
1.113178770598173550e-02
1.109898775223011960e-02
1.106609662509291762e-02
1.103301014236948013e-02
1.099981657694623118e-02
1.096651076913462107e-02
1.093306970349081780e-02
1.089960159192498133e-02
1.086599772661000878e-02
1.083239671523335279e-02
1.079865683217802984e-02
1.076490104672672005e-02
1.073108980961302687e-02
1.069720692117631655e-02
1.066335139481418108e-02
1.062933614882481149e-02
1.059529073019881314e-02
1.056131089746704076e-02
1.052743038901436494e-02
1.049351071937555842e-02
1.045957164045246274e-02
1.042556499416363684e-02
1.039155745662992229e-02
1.035759731639098596e-02
1.032363997035191938e-02
1.028972944475827107e-02
1.025582160036658808e-02
1.022190353553960838e-02
1.018782396936431488e-02
1.015387523653282775e-02
1.011981681425299165e-02
1.008579217812682199e-02
1.005176375179398819e-02
1.001768817821130191e-02
9.983498021459574073e-03
9.949302622220055140e-03
9.915229243695778197e-03
9.881038117402268436e-03
9.846941022825191070e-03
9.812804206245371100e-03
9.778683075180235121e-03
9.744511068154040542e-03
9.710397674754902078e-03
9.676249461858776532e-03
9.642006106045254016e-03
9.607781410589193855e-03
9.573503509921792859e-03
9.539211501427644763e-03
9.504881937547513329e-03
9.470608495959693604e-03
9.436250324063082118e-03
9.401891645597635142e-03
9.367615025573147042e-03
9.333278388397590539e-03
9.299012162533067463e-03
9.264784180584033704e-03
9.230572442001337696e-03
9.196372447074470727e-03
9.162098562060473281e-03
9.127862519264848609e-03
9.093659766266691188e-03
9.059412336488893366e-03
9.025188672289699565e-03
8.990920996120690609e-03
8.956690580049653932e-03
8.922470453706119603e-03
8.888187173284281539e-03
8.853927247190173863e-03
8.819650666698481203e-03
8.785303872449910442e-03
8.750962752035840869e-03
8.716526144110184338e-03
8.682140815050648150e-03
8.647750356061972496e-03
8.613364362302422528e-03
8.578926395217331691e-03
8.544590555615901722e-03
8.510167904743307088e-03
8.475812730640457093e-03
8.441383060610404068e-03
8.407049298018066594e-03
8.372599482075989905e-03
8.338286471455376783e-03
8.303864589385820741e-03
8.269477978585239655e-03
8.235192013776848272e-03
8.200934524769701653e-03
8.166766120389024053e-03
8.132558960252986302e-03
8.098335919134558303e-03
8.064116592231976646e-03
8.030026236239332788e-03
7.995933258124286042e-03
7.961904118883393264e-03
7.927845749423763702e-03
7.893804789987158080e-03
7.859934228864060360e-03
7.826071832031699163e-03
7.792226775600719253e-03
7.758390921635582513e-03
7.724528037451716678e-03
7.690706293619406844e-03
7.656937068335761473e-03
7.623226506314789014e-03
7.589579485793506060e-03
7.555929348660451496e-03
7.522310967123003143e-03
7.488661560358324601e-03
7.455056577363404317e-03
7.421442006348082099e-03
7.387841559192252425e-03
7.354346260155015906e-03
7.320780491715498002e-03
7.287288025532419333e-03
7.253820415484005073e-03
7.220465573939557034e-03
7.187093640611077507e-03
7.153889704637724119e-03
7.120654193931298670e-03
7.087501858686899754e-03
7.054372181553796896e-03
7.021316304351088271e-03
6.988296490391003590e-03
6.955313700430258358e-03
6.922290059915301233e-03
6.889375332907791277e-03
6.856495232235640218e-03
6.823694466194913343e-03
6.790899889781842370e-03
6.758103516932706389e-03
6.725428544353566872e-03
6.692747764406929874e-03
6.660107459343143563e-03
6.627402058042715718e-03
6.594719170998137280e-03
6.562112017696480719e-03
6.529580572441427699e-03
6.497090821216680231e-03
6.464681308771307901e-03
6.432239014964128213e-03
6.399886393669014517e-03
6.367605995385052300e-03
6.335409410962839459e-03
6.303308405197268621e-03
6.271185120066535140e-03
6.239184673321007506e-03
6.207254589458842571e-03
6.175375185211521775e-03
6.143522239000638076e-03
6.111706814408143958e-03
6.079899926428440626e-03
6.048198715153734265e-03
6.016529811451276459e-03
5.984971696703012510e-03
5.953453772421105419e-03
5.921916520556018589e-03
5.890416091073019667e-03
5.859078752541014949e-03
5.827681441442149682e-03
5.796412479380402480e-03
5.765173427940709951e-03
5.733941763862530731e-03
5.702849151831392363e-03
5.671737211558194186e-03
5.640715779366595704e-03
5.609765506589260188e-03
5.578859570829161098e-03
5.547992379678371930e-03
5.517146538872076851e-03
5.486345977940165590e-03
5.455519270018039865e-03
5.424778867731656386e-03
5.394021557708361843e-03
5.363340916762923682e-03
5.332679796452478513e-03
5.301963982603343992e-03
5.271359885493671210e-03
5.240825723434675183e-03
5.210414328848934212e-03
5.179979817900922691e-03
5.149652561181125229e-03
5.119340286978604944e-03
5.089123374029810680e-03
5.058880580607724199e-03
5.028693269211401314e-03
4.998556461838428965e-03
4.968444264206488097e-03
4.938405598587901346e-03
4.908390789226267127e-03
4.878471846808687083e-03
4.848572966076316812e-03
4.818722396999314608e-03
4.788934283587914335e-03
4.759244298396409292e-03
4.729520946126311923e-03
4.699848782730320189e-03
4.670169412258830428e-03
4.640510475794604704e-03
4.610903833777515309e-03
4.581280392079819207e-03
4.551666222991222928e-03
4.522117084333637273e-03
4.492559186142226768e-03
4.462982808620608727e-03
4.433458253074325749e-03
4.403961933304828893e-03
4.374473870783042277e-03
4.345002772250037941e-03
4.315558372519169746e-03
4.286115135299537263e-03
4.256647515268092638e-03
4.227205879483526309e-03
4.197768464593455880e-03
4.168336852156735717e-03
4.138897944080076156e-03
4.109435003990248927e-03
4.079969225939943968e-03
4.050493752691439187e-03
4.021013481973615029e-03
3.991563905999840310e-03
3.962084483534988356e-03
3.932571875156066696e-03
3.903014993122192345e-03
3.873448713539116069e-03
3.843930147732797960e-03
3.814376181544496848e-03
3.784776523187710715e-03
3.755157763435725080e-03
3.725468013079999332e-03
3.695792203634778138e-03
3.666074897493784221e-03
3.636301880723151296e-03
3.606511632513400775e-03
3.576681865565356760e-03
3.546769884515977352e-03
3.516856314577702491e-03
3.486901507844324902e-03
3.456912576045930059e-03
3.426843756129535883e-03
3.396727411562370114e-03
3.366553872211122764e-03
3.336344462559251520e-03
3.306096659151621861e-03
3.275831247864820130e-03
3.245556927258828016e-03
3.215236208851424225e-03
3.184887018019535044e-03
3.154581090944421750e-03
3.124249449406299450e-03
3.093898767391915078e-03
3.063546958143823721e-03
3.033248007646054904e-03
3.002972684773911639e-03
2.972744490895155942e-03
2.942523238508389961e-03
2.912345581871512556e-03
2.882163413005408171e-03
2.851995401931110754e-03
2.821908458177671726e-03
2.791905628199879610e-03
2.761927580521022271e-03
2.732046474117360516e-03
2.702199536594229734e-03
2.672427598190377663e-03
2.642740153708425088e-03
2.613194531053648212e-03
2.583753717853192085e-03
2.554450393520925691e-03
2.525238287748698962e-03
2.496164131991963301e-03
2.467211095657664052e-03
2.438403377826204362e-03
2.409694739815670950e-03
2.381143237126929265e-03
2.352756116862433043e-03
2.324567296087049015e-03
2.296565691273981177e-03
2.268724391832382687e-03
2.241064607943774826e-03
2.213571037026239394e-03
2.186286587343389161e-03
2.159188252799250970e-03
2.132289514392427844e-03
2.105591514236331441e-03
2.079101071051661816e-03
2.052845147686677748e-03
2.026763567486467542e-03
2.000922392193816082e-03
1.975290010041109642e-03
1.949896871657392757e-03
1.924697750166935034e-03
1.899749377037703631e-03
1.875036920526106793e-03
1.850583352123195881e-03
1.826361196248604477e-03
1.802403634945483942e-03
1.778690764055828027e-03
1.755212956644140992e-03
1.731979997928089366e-03
1.709009207149402498e-03
1.686294201608021150e-03
1.663843818578736615e-03
1.641640260342604445e-03
1.619685646001533998e-03
1.597983803105579737e-03
1.576546363561793151e-03
1.555349125201270716e-03
1.534426608588557129e-03
1.513759440526764744e-03
1.493335343111409658e-03
1.473161548379930616e-03
1.453227698946095306e-03
1.433551583510429567e-03
1.414140311730292549e-03
1.394995347973140105e-03
1.376116435461118481e-03
