8.856067697882689591e-03
9.027479447025803239e-03
9.200325334095435861e-03
9.376030309953431452e-03
9.550955407823375626e-03
9.724671990285196563e-03
9.894529182099948833e-03
1.005411522821585482e-02
1.020504544268431221e-02
1.034290799296066349e-02
1.046092083604648233e-02
1.055233052811510759e-02
1.061786859002705925e-02
1.065776988474334726e-02
1.067063817973042984e-02
1.065457331297762350e-02
1.061507191828781407e-02
1.055633066222534319e-02
1.047721099140715498e-02
1.038525155965048900e-02
1.027881222608677952e-02
1.016417905631326370e-02
1.003839288810206946e-02
9.901588066764267088e-03
9.759154591038782939e-03
9.613453749343942034e-03
9.460760318661297352e-03
9.305076603285812598e-03
9.150310763463828656e-03
8.997761341664535159e-03
8.846790969324469858e-03
8.697357536379497420e-03
8.549052381265980285e-03
8.403684027764599454e-03
8.260300476688730090e-03
8.118752174287258150e-03
7.979506580764064369e-03
7.842734574581268492e-03
7.707938671426682598e-03
7.575543937304102075e-03
7.445744803519879773e-03
7.319068297168682645e-03
7.195474599763931542e-03
7.074479396579266659e-03
6.955558235222477487e-03
6.839219789869360570e-03
6.725523951020787906e-03
6.614701871724910746e-03
6.505754130773387656e-03
6.399704404834751642e-03
6.297226324235227594e-03
6.198195931995016845e-03
6.103250312911172835e-03
6.011874793272250356e-03
5.925406806813151260e-03
5.844385156639932480e-03
5.768316154842084362e-03
5.697884626187717412e-03
5.632613517696265920e-03
5.572592706705790586e-03
5.517002098198194385e-03
5.465140304893445836e-03
5.416529564391424877e-03
5.370403924617493836e-03
5.327039454736566537e-03
5.286118598702344018e-03
5.247886543523846807e-03
5.212582640526212258e-03
5.179917723869595370e-03
5.149141333089664666e-03
5.120187946484997150e-03
5.092591453283227404e-03
5.065427620481430943e-03
5.039246908710093981e-03
5.013891499266415891e-03
4.989167714012516727e-03
4.964729990468948369e-03
4.940572476511999843e-03
4.916904186102075310e-03
4.893776462114618128e-03
4.871066015536786552e-03
4.848907632588917403e-03
4.827273042591416485e-03
4.805868499728337302e-03
4.784759722498361893e-03
4.764042759127945850e-03
4.743914826968707171e-03
4.724057258541317084e-03
4.704468342506240228e-03
4.685209869938825045e-03
4.666310622681644864e-03
4.647659109324968514e-03
4.629540028063409800e-03
4.611818289534178918e-03
4.594603877496159124e-03
4.577977494836414467e-03
4.562193259961846298e-03
4.546943714818306448e-03
4.532131696964088012e-03
4.517862460755215324e-03
4.504037704671663700e-03
4.490506649578777931e-03
4.477370057543912825e-03
4.464585608565069079e-03
4.452400747571795721e-03
4.440624332231270059e-03
4.429546565497409667e-03
4.418921386258769027e-03
4.408865347905932888e-03
4.399177756491161155e-03
4.390039884710844609e-03
4.381480244533391029e-03
4.373362298935838319e-03
4.365606441669809407e-03
4.358082143160986639e-03
4.350887632876949962e-03
4.344039293728224962e-03
4.337611795124149579e-03
4.331680648693736826e-03
4.326091027657866239e-03
4.320915333700221794e-03
4.316236353646025863e-03
4.312089324206273659e-03
4.307685309471164306e-03
4.303855334768978691e-03
4.300535566796500654e-03
4.297595152308088425e-03
4.294801710261626423e-03
4.292228936759919129e-03
4.290081050726998399e-03
4.288208691204150290e-03
4.287191161709270198e-03
4.286163838731992665e-03
4.285429896495430296e-03
4.285019130907874105e-03
4.284860712861359062e-03
4.285245343095716794e-03
4.286180136198426346e-03
4.287494799627802541e-03
4.289223750927810379e-03
4.291521069142068337e-03
4.294078729666897000e-03
4.296957172846062670e-03
4.300387172117983194e-03
4.303928747706561864e-03
4.307971857242370688e-03
4.312496211417049530e-03
4.317324247236872456e-03
4.322326674676230281e-03
4.327713434585558905e-03
4.333632683498718149e-03
4.339819817247384318e-03
4.346161493509242447e-03
4.353007638374045349e-03
4.360132859128646766e-03
4.367689275604449972e-03
4.375654832414407024e-03
4.384177860591637402e-03
4.393017877855336963e-03
4.402151555170031455e-03
4.411582979399413830e-03
4.421518453766536648e-03
4.431627836755080638e-03
4.441752488862816747e-03
4.451998986376018604e-03
4.462363188484882656e-03
4.472677433464033320e-03
4.483136787839356666e-03
4.493617389287559750e-03
4.504233455573234367e-03
4.515325016730695543e-03
4.526965789822721964e-03
4.539270045882587423e-03
4.552002376367017718e-03
4.565020652472158262e-03
4.578294449585309199e-03
4.592059616325221659e-03
4.606144523061002014e-03
4.620252331874965916e-03
4.634806561437131156e-03
4.649718810114687739e-03
4.665460592739530815e-03
4.682036278674616032e-03
4.699022256625500979e-03
4.716656791529238481e-03
4.734003981541480555e-03
4.751623444364361237e-03
4.769840519582541072e-03
4.788538542066306074e-03
4.807736917913411033e-03
4.827449567573040799e-03
4.846733088743312816e-03
4.866598693109288470e-03
4.886680930345633882e-03
4.907232782766482795e-03
4.928134645061213459e-03
4.949636334341727360e-03
4.971809483688138798e-03
4.994450929546955138e-03
5.017800874942750407e-03
5.041314908893737914e-03
5.065146254993824204e-03
5.089131277942177296e-03
5.113399197631662146e-03
5.138129300465780688e-03
5.163047820311005356e-03
5.188249302585564056e-03
5.213977656518113159e-03
5.239997335948487489e-03
5.266359966928611802e-03
5.293259105433768298e-03
5.320314213447762536e-03
5.347782712568631414e-03
5.375733244162463412e-03
5.404047238036017477e-03
5.432623985279414619e-03
5.461448224311331485e-03
5.490099272776527081e-03
5.519060166121681626e-03
5.548215063777936495e-03
5.577331599523148616e-03
5.606331644490721196e-03
5.635518937464487933e-03
5.665346252951854698e-03
5.695384426050430562e-03
5.725657690360960554e-03
5.756250752845521249e-03
5.787234391307436582e-03
5.817964715769775169e-03
5.848039824734535194e-03
5.877149280740410001e-03
5.905612630796469933e-03
5.933873434429802994e-03
5.962372110186180130e-03
5.991290020692263685e-03
6.020269794739897123e-03
6.049854924518708460e-03
6.079676999272863244e-03
6.109752032162758112e-03
6.139954425675752878e-03
6.170256858199881650e-03
6.200456549247288299e-03
6.230490811464636791e-03
6.259866516987807813e-03
6.288818177275203904e-03
6.317705838941036281e-03
6.346583381613777296e-03
6.375738635075543954e-03
6.405807597190315769e-03
6.435599066391126284e-03
6.465199023429776815e-03
6.495135600821239953e-03
6.525377930268622291e-03
6.555643944996562660e-03
6.585606985954248725e-03
6.615292521576226700e-03
6.644618059480249424e-03
6.673716740463794990e-03
6.703127453226638208e-03
6.732436326944220457e-03
6.762105032740966214e-03
6.791282106877715927e-03
6.820462919047773874e-03
6.849552268637652992e-03
6.878449397857315691e-03
6.907910315125448918e-03
6.937721334997819407e-03
6.968089483921007660e-03
6.998407901998303197e-03
7.027650621577691097e-03
7.057372697296069100e-03
7.086958334790226764e-03
7.117103320313187924e-03
7.146558210054769489e-03
7.175988271234093677e-03
7.204857831629091387e-03
7.233710807867168094e-03
7.262126194268544652e-03
7.290221377525079281e-03
7.319125387379651036e-03
7.348600087570170136e-03
7.378657556906045856e-03
7.408407532691256223e-03
7.438214364821678359e-03
7.467875919157076527e-03
7.497957003040155340e-03
7.528042640146189075e-03
7.558284759768618861e-03
7.588358477718687434e-03
7.618679873745971137e-03
7.650049879669640861e-03
7.681940703162882036e-03
7.714683127363978696e-03
7.747771616316201718e-03
7.781429199018927503e-03
7.815898839142156745e-03
7.851213774374549842e-03
7.886111828281420350e-03
7.921534560033999250e-03
7.957015164275630867e-03
7.991538699985704236e-03
8.026852927552230454e-03
8.062544925431581674e-03
8.098987277361751821e-03
8.136443632439453386e-03
8.174519705594551419e-03
8.212119121021972321e-03
8.249804675920541230e-03
8.287187622647108898e-03
8.324439074322115620e-03
8.361480698509862058e-03
8.398276322812568001e-03
8.435267039327476804e-03
8.472779383888797214e-03
8.510059051322960144e-03
8.547103738628604799e-03
8.584240217840613529e-03
8.621916227011675385e-03
8.659728620302451982e-03
8.697758880185953514e-03
8.735589556270304326e-03
8.774279563127321963e-03
8.813089618160194552e-03
8.851934820883798974e-03
8.890346390180121211e-03
8.928012313159108815e-03
8.966378564141092022e-03
9.005107210164507367e-03
9.043687074461858461e-03
9.081729694948779269e-03
9.119374640616611377e-03
9.157439038242841042e-03
9.196295012466933899e-03
9.234952769975575751e-03
9.273927041341879091e-03
9.313299356884284855e-03
9.352965903488906496e-03
9.392483472660037927e-03
9.432858143763180742e-03
9.473023182211225829e-03
9.513032226070290351e-03
9.552395452305019810e-03
9.592608439527881836e-03
9.633215441270893617e-03
9.674347989051436045e-03
9.714619482717094454e-03
9.753545188350927486e-03
9.792715026232830591e-03
9.830785424227453384e-03
9.869381194474375826e-03
9.907921553595707559e-03
9.945740936996946835e-03
9.983436293857840885e-03
1.002140212823464903e-02
1.005920123619915077e-02
1.009670465349413182e-02
1.013452882668064957e-02
1.017203888130826378e-02
1.020896665811452629e-02
1.024563831273214362e-02
1.028235101879323120e-02
1.031933720309695379e-02
1.035682216970500169e-02
1.039434927450554741e-02
1.043168707262029024e-02
1.046806278749675204e-02
1.050458488863706408e-02
1.054083896572810194e-02
1.057778010439865655e-02
1.061509373484529305e-02
1.065177694878994413e-02
1.068810849088658137e-02
1.072435608520256461e-02
1.076016446653678231e-02
1.079604596638992359e-02
1.083262993046357585e-02
1.086984988809244247e-02
1.090739271412071408e-02
1.094569171184094081e-02
1.098425849842961897e-02
1.102234023594921009e-02
1.106077421272709353e-02
1.109891811480444648e-02
1.113731667686172246e-02
1.117572047571693469e-02
1.121365374469084422e-02
1.125159538190229937e-02
1.128992664961922174e-02
1.132794740666891176e-02
1.136531784360286616e-02
1.140315816592774555e-02
1.144100165197689360e-02
1.147894793978169493e-02
1.151713669262527905e-02
1.155626041131486460e-02
1.159536070622097133e-02
1.163483490915729994e-02
1.167474908799837931e-02
1.171477190086054818e-02
1.175422572123810752e-02
1.179356436239306638e-02
1.183229331363133859e-02
1.187164675995336545e-02
1.191098184539878153e-02
1.194947388388261679e-02
1.198807174451893727e-02
1.202763826343220509e-02
1.206789517102181165e-02
1.210885682850620405e-02
1.214984222010573496e-02
1.219083666717661781e-02
1.223218449353324737e-02
1.227305923130458595e-02
1.231439931973012970e-02
1.235597612278302275e-02
1.239818216080737154e-02
1.244005666313433879e-02
1.248210618134493882e-02
1.252469453610371812e-02
1.256706455475400767e-02
1.260926806959620020e-02
1.265181177303230722e-02
1.269389484249518717e-02
1.273517038260844544e-02
1.277612078724340607e-02
1.281639979314269824e-02
1.285642669689843198e-02
1.289638312674954920e-02
1.293606801855423302e-02
1.297589789200367417e-02
1.301593434875820271e-02
1.305602267395910773e-02
1.309578532491382716e-02
1.313555552105565016e-02
1.317412770698298506e-02
1.321196852631027242e-02
1.325031279186972104e-02
1.328877879880196143e-02
1.332695690009317105e-02
1.336492515461797786e-02
1.340336618484859466e-02
1.344217813059481181e-02
1.348155543856271836e-02
1.352038925455389430e-02
1.355806776520343190e-02
1.359531641501755123e-02
1.363309389368515603e-02
1.367089210201812878e-02
1.370842720981047674e-02
1.374564142177830441e-02
1.378261700250455954e-02
1.381966789817784709e-02
1.385714196953856045e-02
1.389374001921908457e-02
1.393040926675940747e-02
1.396703276799374921e-02
1.400338350040308301e-02
1.403968452821612208e-02
1.407561082938880298e-02
1.411072559553536165e-02
1.414593765982854502e-02
1.418110658472803570e-02
1.421653069181271108e-02
1.425268209427694305e-02
1.428890132023364831e-02
1.432453683267691409e-02
1.435987807588066240e-02
1.439553278179291247e-02
1.443177376560713342e-02
1.446799349130569595e-02
1.450338682324943396e-02
1.453818537650951835e-02
1.457348481415416709e-02
1.460896241573927425e-02
1.464473629616525399e-02
1.468057614387102347e-02
1.471667086951125754e-02
1.475355639391007050e-02
1.479058784060972333e-02
1.482762981902981635e-02
1.486398630962839848e-02
1.490021977528063583e-02
1.493743815464633473e-02
1.497469407976117009e-02
1.501180489595098887e-02
1.504825529904576555e-02
1.508531780044746959e-02
1.512327654455078441e-02
1.516183407598921569e-02
1.520063444689394305e-02
1.523965585822831606e-02
1.527921406472933750e-02
1.531905578427562517e-02
1.535938201849602024e-02
1.540048144783801899e-02
1.544177513257036748e-02
1.548347584159735085e-02
1.552533002818480730e-02
1.556703552763498248e-02
1.560997987456788638e-02
