1.303200002403399893e-02
1.293417737329680302e-02
1.282658081019429769e-02
1.271149536252304431e-02
1.259046210118508827e-02
1.246531271056004059e-02
1.233799027185310260e-02
1.220931087525231780e-02
1.208035856422559964e-02
1.195232162341105034e-02
1.182578128393672358e-02
1.169964719136334409e-02
1.157393796344076756e-02
1.144915725521625585e-02
1.132559143346676712e-02
1.120310141040131192e-02
1.108229522016286606e-02
1.096506124198987596e-02
1.085109390319540131e-02
1.074311609373107372e-02
1.064036075351774448e-02
1.053714513912974368e-02
1.043442507380915561e-02
1.033152957885864580e-02
1.022994900592290833e-02
1.012877404868116858e-02
1.002730412408344048e-02
9.927611947297404829e-03
9.829568919241282385e-03
9.734812870845229935e-03
9.643408957644945129e-03
9.555907340188416269e-03
9.474588718309737145e-03
9.400999648086159552e-03
9.337159643207783299e-03
9.286943284294031653e-03
9.252324892242676582e-03
9.233710787309959422e-03
9.231656710207602340e-03
9.244651968130845887e-03
9.274102904328519401e-03
9.320103906202194602e-03
9.380525741513124141e-03
9.450076757192680046e-03
9.526185406905337064e-03
9.605653374043982007e-03
9.685579244158333892e-03
9.762719562096729836e-03
9.836271250329630886e-03
9.904737801517011012e-03
9.967001924671684346e-03
1.002248837096569520e-02
1.007160509467745248e-02
1.011416131998553458e-02
1.014941399716323515e-02
1.017770187437923475e-02
1.020033485726614363e-02
1.021844594670436035e-02
1.023307870117620699e-02
1.024435724871423752e-02
1.025299588618497175e-02
1.026001349460238694e-02
1.026616326001146724e-02
1.027180456691914948e-02
1.027696294329792474e-02
1.028189863957250545e-02
1.028663350925196167e-02
1.029114278339345566e-02
1.029553390071135180e-02
1.029977662070445318e-02
1.030390402617205499e-02
1.030777277768095412e-02
1.031149124702927453e-02
1.031500308065797303e-02
1.031837874884769177e-02
1.032162161759623761e-02
1.032474283712824827e-02
1.032773731122728356e-02
1.033064220818730519e-02
1.033350409764001790e-02
1.033637406627812769e-02
1.033932869219899957e-02
1.034230340341490278e-02
1.034526361422147787e-02
1.034822558643366634e-02
1.035127509874782768e-02
1.035437564548355623e-02
1.035750393765209713e-02
1.036067213246620773e-02
1.036373547576771234e-02
1.036675639489025198e-02
1.036979913589562707e-02
1.037278185250237877e-02
1.037562970320094966e-02
1.037845810354509103e-02
1.038120146862903277e-02
1.038391092929043420e-02
1.038637250000433443e-02
1.038865195433577929e-02
1.039080751223095921e-02
1.039272241797439475e-02
1.039442966168294298e-02
1.039583947031063119e-02
1.039696806350408863e-02
1.039794835117668383e-02
1.039872320624436221e-02
1.039924395175786075e-02
1.039944504695635916e-02
1.039939515744843848e-02
1.039911763481644880e-02
1.039868857727355503e-02
1.039826030840990817e-02
1.039773378298225470e-02
1.039718818232246433e-02
1.039669121710250915e-02
1.039622173134750749e-02
1.039596716431104469e-02
1.039574947434362615e-02
1.039567560336416771e-02
1.039571128610356984e-02
1.039585486218447263e-02
1.039609273188637703e-02
1.039647476560968432e-02
1.039711910161954418e-02
1.039791652354360614e-02
1.039883336174020345e-02
1.039982793063474499e-02
1.040091660580876737e-02
1.040207327145909605e-02
1.040344280561332144e-02
1.040503643382801983e-02
1.040655875476497079e-02
1.040818604164000204e-02
1.040984997080320398e-02
1.041156845961509550e-02
1.041339555116251731e-02
1.041518770011229736e-02
1.041691827695455722e-02
1.041874276548710072e-02
1.042062657122050200e-02
1.042258375684820479e-02
1.042464643398052608e-02
1.042672066347385268e-02
1.042887103752156500e-02
1.043104501572225673e-02
1.043319148151399672e-02
1.043538129655209069e-02
1.043765841625240477e-02
1.043991852279505840e-02
1.044209281615997124e-02
1.044419944409600079e-02
1.044635510829047126e-02
1.044851152756131468e-02
1.045061405440918592e-02
1.045273880395850181e-02
1.045474654324506959e-02
1.045673522596776359e-02
1.045869993402734517e-02
1.046053371166841967e-02
1.046232345109438661e-02
1.046404809604085939e-02
1.046568277554842628e-02
1.046723139655530294e-02
1.046867975690512868e-02
1.047020733548409584e-02
1.047159543445816063e-02
1.047292635781068432e-02
1.047425324179013587e-02
1.047542012271451481e-02
1.047659167751331492e-02
1.047768455414486641e-02
1.047869784950444805e-02
1.047956167861640100e-02
1.048025133502166438e-02
1.048084242518936698e-02
1.048127453202846344e-02
1.048155482700746655e-02
1.048171302604936073e-02
1.048163813380604929e-02
1.048138989201667648e-02
1.048100750557299024e-02
1.048045032817363810e-02
1.047972626791486908e-02
1.047876820338297307e-02
1.047753915472363941e-02
1.047614091712522136e-02
1.047451441914906169e-02
1.047268064699865414e-02
1.047062043737157812e-02
1.046832976934339819e-02
1.046584466343928287e-02
1.046312550911708723e-02
1.046019350034709666e-02
1.045690406548087370e-02
1.045344036742178705e-02
1.044970410282535823e-02
1.044571526188828661e-02
1.044139763548595536e-02
1.043686287411271264e-02
1.043211699685612018e-02
1.042716188481830446e-02
1.042196627919917545e-02
1.041650156594258088e-02
1.041082308393250985e-02
1.040474742845666836e-02
1.039835736932651251e-02
1.039166900868842072e-02
1.038463357515367544e-02
1.037732704855668167e-02
1.036973131716735150e-02
1.036189438983073016e-02
1.035372715633402739e-02
1.034526746405676351e-02
1.033649624655186630e-02
1.032744886129169197e-02
1.031818139762444124e-02
1.030865025175649145e-02
1.029881249414798736e-02
1.028866932571737176e-02
1.027824139400386125e-02
1.026758765404399247e-02
1.025667021299553339e-02
1.024544139914032419e-02
1.023387605688283811e-02
1.022203930002971162e-02
1.020990326301236296e-02
1.019749145071253277e-02
1.018478327576870408e-02
1.017183858578005543e-02
1.015860648600755943e-02
1.014512246394254011e-02
1.013139017614884431e-02
1.011738082759797326e-02
1.010308117194868432e-02
1.008843510579667153e-02
1.007341196289450284e-02
1.005807009891762985e-02
1.004248405602450531e-02
1.002666369127814053e-02
1.001049109504471499e-02
9.994074669321015639e-03
9.977427232615599176e-03
9.960461450616648477e-03
9.943208086426942247e-03
9.925700017714500847e-03
9.907974951737045025e-03
9.889988140665812930e-03
9.871728512023994137e-03
9.853269215976432488e-03
9.834618360040360205e-03
9.815794065170186170e-03
9.796693848306940733e-03
9.777388438231809920e-03
9.757911409488131960e-03
9.738177395838362727e-03
9.718316645321058156e-03
9.698186350987788445e-03
9.677895674304246715e-03
9.657389551578618447e-03
9.636607885715860189e-03
9.615692640517750286e-03
9.594602034432854823e-03
9.573317782006417545e-03
9.551806586962049636e-03
9.530165376024484283e-03
9.508361428119491143e-03
9.486360701557885675e-03
9.464260374976147736e-03
9.442009115699737457e-03
9.419619978116220566e-03
9.397107605831489172e-03
9.374452987524758280e-03
9.351640331382082838e-03
9.328662375229149553e-03
9.305576985852517108e-03
9.282352478596047132e-03
9.258976493092345092e-03
9.235464774594507112e-03
9.211915754708964801e-03
9.188131731907986030e-03
9.164303993523427103e-03
9.140339028244359038e-03
9.116259892255307654e-03
9.092187125877925977e-03
9.067943608576829739e-03
9.043551159379707716e-03
9.019065567405152098e-03
8.994507329199069590e-03
8.969831309511308234e-03
8.945128354154138414e-03
8.920335632449611502e-03
8.895464826558070748e-03
8.870517331987157889e-03
8.845441375601115208e-03
8.820307438991354873e-03
8.795087638689729620e-03
8.769767613859634492e-03
8.744414492393763616e-03
8.718995079153798317e-03
8.693382202631091960e-03
8.667737796838092049e-03
8.641953640311105314e-03
8.616087314651507678e-03
8.590028950317334794e-03
8.563994729648971571e-03
8.537862955002207752e-03
8.511613092055357599e-03
8.485245989335924582e-03
8.458833178031009009e-03
8.432294939492183602e-03
8.405636812593368645e-03
8.378946244314846095e-03
8.352174278561892706e-03
8.325277251912255663e-03
8.298345172412405907e-03
8.271274236388414386e-03
8.244135218413625385e-03
8.216906576299722736e-03
8.189681362557595795e-03
8.162341164608425889e-03
8.134966469025178490e-03
8.107443768260490582e-03
8.079783327663288967e-03
8.052129716246492555e-03
8.024415303501850408e-03
7.996623108337192962e-03
7.968756261640015659e-03
7.940914399998286535e-03
7.913033015225813538e-03
7.885141939757507948e-03
7.857203905259473389e-03
7.829163088021924913e-03
7.801113015059093006e-03
7.773012826043467285e-03
7.744921436478790708e-03
7.716725824961258827e-03
7.688465948494034412e-03
7.660119877577230459e-03
7.631696384098651635e-03
7.603204453752633249e-03
7.574657725682653990e-03
7.546135064518974186e-03
7.517598318809000368e-03
7.488906691407642112e-03
7.460189841314818042e-03
7.431408271754979221e-03
7.402581998730954800e-03
7.373636887491697572e-03
7.344735382791397343e-03
7.315733615347593671e-03
7.286713682145548598e-03
7.257640138850571764e-03
7.228498770348333602e-03
7.199339111888992775e-03
7.170047836238656151e-03
7.140708486843605311e-03
7.111294452642599392e-03
7.081864514508253924e-03
7.052412649948794528e-03
7.022935009458375170e-03
6.993393172871212662e-03
6.963766642762894699e-03
6.934050483244423406e-03
6.904259824559411465e-03
6.874357496547069298e-03
6.844425547106106414e-03
6.814362485285969419e-03
6.784193924109561437e-03
6.753946933932323225e-03
6.723576330252833098e-03
6.693067497302872086e-03
6.662452887333665877e-03
6.631712977953250175e-03
6.600822645521769831e-03
6.569803603701036138e-03
6.538632963991460392e-03
6.507336356052663764e-03
6.475877812399310693e-03
6.444297338132796808e-03
6.412471356703050226e-03
6.380496822123409538e-03
6.348338032656769894e-03
6.315972435118505889e-03
6.283360320518834551e-03
6.250557459857150090e-03
6.217505864234483363e-03
6.184263912277267357e-03
6.150666320611961405e-03
6.116927679944722356e-03
6.082871913186308800e-03
6.048566249532200470e-03
6.013999154301335505e-03
5.979105387621388296e-03
5.943900469957593032e-03
5.908450799053897688e-03
5.872707821610828431e-03
5.836657713120027742e-03
5.800339133140309383e-03
5.763848128681916920e-03
5.727099407686207094e-03
5.690064068825388850e-03
5.652713742707381889e-03
5.615040436460054692e-03
5.577079607430976589e-03
5.538853843890125146e-03
5.500363749481308046e-03
5.461590986862974693e-03
5.422611577159341077e-03
5.383497262014732068e-03
5.344119621068545156e-03
5.304510721182170534e-03
5.264721571849552938e-03
5.224704376769325961e-03
5.184462937898168776e-03
5.144056462019647516e-03
5.103473385516893446e-03
5.062714771931885009e-03
5.021819657867463912e-03
4.980802784828096928e-03
4.939652224561792010e-03
4.898383999435552624e-03
4.857007022776736217e-03
4.815487692753402625e-03
4.773856015580036326e-03
4.732066059530494299e-03
4.690190992449563834e-03
4.648209768395310422e-03
4.606118296876562587e-03
4.563991714471263283e-03
4.521805702141736515e-03
4.479579529544596567e-03
4.437327634221049401e-03
4.395068352359603539e-03
4.352734618606250022e-03
4.310374319309275698e-03
4.268015242783592712e-03
4.225637107827209804e-03
4.183257858375467181e-03
4.140917333546929695e-03
4.098606034160190599e-03
4.056351688462275611e-03
4.014147980540225431e-03
3.972012054064829462e-03
3.929943000825045739e-03
3.887940662030814603e-03
3.846043051813179126e-03
3.804184649726785779e-03
3.762419784812356515e-03
3.720774300426228209e-03
3.679220595320476916e-03
3.637789646953474947e-03
3.596471316920493277e-03
3.555305262269616105e-03
3.514284159880137239e-03
3.473380880701396663e-03
3.432630558955276478e-03
3.392043016015457157e-03
3.351597231087255230e-03
3.311329454946911749e-03
3.271244870041773844e-03
3.231398542891351141e-03
3.191744711842877009e-03
3.152291828376349494e-03
3.113040404249281263e-03
3.074016066156334045e-03
3.035214096407573819e-03
2.996645600012003228e-03
2.958303484731415398e-03
2.920181728376022683e-03
2.882311035380837397e-03
2.844701641390280557e-03
2.807348068696446843e-03
2.770233377167531999e-03
2.733349059757999265e-03
2.696759681756964646e-03
2.660419823717412226e-03
2.624348363756574647e-03
2.588570424773066220e-03
2.553069805843429570e-03
2.517862240690362224e-03
2.482945085173898173e-03
2.448332922228073100e-03
2.414024646801473783e-03
2.380038250268791920e-03
2.346352783515987667e-03
2.312988385015191366e-03
2.279934097401405037e-03
2.247205808081064685e-03
2.214796911700759804e-03
2.182713990937451207e-03
2.150958715914431160e-03
2.119532578775058622e-03
2.088448105485213140e-03
2.057700009329801235e-03
2.027282665341257825e-03
1.997211791278170629e-03
1.967484505639086403e-03
1.938101072401494322e-03
1.909058621209993537e-03
1.880366836912858094e-03
