5.305720816939988628e-03
5.333586195204601151e-03
5.356962708034145038e-03
5.376983809278435174e-03
5.401474162798260842e-03
5.443455596690688868e-03
5.514971493296316578e-03
5.614048938872471042e-03
5.735147970862328366e-03
5.871101682891153445e-03
6.017649356042322276e-03
6.170501096275936119e-03
6.326542687147544697e-03
6.483906235886166720e-03
6.643271833189245100e-03
6.802339746759854602e-03
6.959558520489528451e-03
7.114145091791322477e-03
7.264531473424670413e-03
7.412031911434484657e-03
7.559758474285838657e-03
7.708127240256586708e-03
7.857921912045796875e-03
8.009357855607289814e-03
8.161691693339393275e-03
8.316073547411737682e-03
8.472702774973091266e-03
8.631246113308014417e-03
8.791903522563928111e-03
8.953420654363098558e-03
9.117070119436037137e-03
9.281641194449217341e-03
9.446841756345468119e-03
9.611595214299167508e-03
9.776443987515188658e-03
9.940156898551799278e-03
1.010239706942982207e-02
1.026346946738555810e-02
1.042232169547819241e-02
1.057883030673739504e-02
1.073332407116870009e-02
1.088554193935947767e-02
1.103526010785994653e-02
1.118351874217294456e-02
1.132985694967758930e-02
1.147405657048786859e-02
1.161556580142196829e-02
1.175423249931991168e-02
1.188990796446880334e-02
1.202226903216893975e-02
1.215146100484375616e-02
1.227740910817744918e-02
1.239917667179998503e-02
1.251740417765971614e-02
1.263163770212052776e-02
1.274128102902697367e-02
1.284735677250170918e-02
1.294876291981256894e-02
1.304638786411967642e-02
1.314044270081757802e-02
1.323047879773982770e-02
1.331635058920786242e-02
1.339867769087582997e-02
1.347759298294227623e-02
1.355302451538525563e-02
1.362541805743679516e-02
1.369396447759534639e-02
1.375830885127951944e-02
1.381829938753324598e-02
1.387534269645143876e-02
1.393030147398054489e-02
1.398292427066535892e-02
1.403287986414933700e-02
1.407979044509888311e-02
1.412484296800545387e-02
1.416787087956972689e-02
1.420970984913130786e-02
1.425061419798671035e-02
1.429012654724437677e-02
1.432849896648046017e-02
1.436546174443090011e-02
1.440203162765772704e-02
1.443805754009129007e-02
1.447298420699219719e-02
1.450666770864968667e-02
1.454013810427024801e-02
1.457224987293775226e-02
1.460378770619959882e-02
1.463431702820159989e-02
1.466274980163089457e-02
1.468948719574065566e-02
1.471515763995117319e-02
1.473989498079416455e-02
1.476319323853630266e-02
1.478555357881175362e-02
1.480716113569348694e-02
1.482806420420690677e-02
1.484843251182244028e-02
1.486771573950070383e-02
1.488559115092545973e-02
1.490270572589294518e-02
1.491919430452920935e-02
1.493481018701950727e-02
1.494921946336410026e-02
1.496217041694399182e-02
1.497410546998767002e-02
1.498456310834975387e-02
1.499237863878641504e-02
1.499848029455435813e-02
1.500337437204733899e-02
1.500669485572935294e-02
1.500794546407139066e-02
1.500682573818000465e-02
1.500449994939625706e-02
1.500096158979173991e-02
1.499642238507057149e-02
1.499081531371485553e-02
1.498324233817897172e-02
1.497369729342659661e-02
1.496305619277575952e-02
1.495013719162491088e-02
1.493456286718848093e-02
1.491651277384928483e-02
1.489713316355757190e-02
1.487598015435014943e-02
1.485368531001451074e-02
1.483015094321772989e-02
1.480484304288097464e-02
1.477806519713112735e-02
1.474972786969347589e-02
1.472000242170371474e-02
1.468897212742135104e-02
1.465660102767255349e-02
1.462359396374504628e-02
1.458922721482689387e-02
1.455342015506754655e-02
1.451578692889029035e-02
1.447704360376398519e-02
1.443666487327813046e-02
1.439447345779160115e-02
1.435106849777648304e-02
1.430677627136480411e-02
1.426010380438483098e-02
1.421171331617154462e-02
1.416252008733613274e-02
1.411247244081234239e-02
1.406164393110106992e-02
1.401035073043436011e-02
1.395795480883567190e-02
1.390548946614367752e-02
1.385248810858865851e-02
1.379884490583702800e-02
1.374425126664999969e-02
1.368905219704534895e-02
1.363317594108587674e-02
1.357625756649248443e-02
1.351889870008577549e-02
1.346172938176696914e-02
1.340473442889435207e-02
1.334672618071382384e-02
1.328789407383561792e-02
1.322949893995396115e-02
1.317113888314664326e-02
1.311231405188801984e-02
1.305350190049520478e-02
1.299403729773749780e-02
1.293461829163460898e-02
1.287448913475979645e-02
1.281449847676427965e-02
1.275430322909434748e-02
1.269326103207112783e-02
1.263169706822604710e-02
1.256977430618456092e-02
1.250760138643736662e-02
1.244436158985453254e-02
1.238094541837563532e-02
1.231774529036784409e-02
1.225500405978105153e-02
1.219222456416038484e-02
1.212988698723296670e-02
1.206788651139793951e-02
1.200590865575424521e-02
1.194400823130638105e-02
1.188188004547253811e-02
1.181963676046399701e-02
1.175724280173493300e-02
1.169505565333205793e-02
1.163270219643806024e-02
1.157030427094998121e-02
1.150828554136879359e-02
1.144649261290292021e-02
1.138468343223077162e-02
1.132229788598425151e-02
1.126017558604127701e-02
1.119786288001835793e-02
1.113598893645490438e-02
1.107354209957986217e-02
1.101084768408498206e-02
1.094831857830508119e-02
1.088612003999284671e-02
1.082422004271192499e-02
1.076232109224704164e-02
1.070050646703061235e-02
1.063910047136205211e-02
1.057783274086602880e-02
1.051718672173410432e-02
1.045683568555846356e-02
1.039677533930413386e-02
1.033655624032919600e-02
1.027679275462611841e-02
1.021756173813366878e-02
1.015876446554284974e-02
1.010028569993188553e-02
1.004229340149057591e-02
9.984560987253376235e-03
9.926716184445955396e-03
9.869066307250283498e-03
9.811645160124452675e-03
9.754590695664257585e-03
9.697928579101965790e-03
9.641844994319000509e-03
9.585999936216655845e-03
9.530918825678953363e-03
9.475977390055977112e-03
9.421038760478976301e-03
9.366419270502626335e-03
9.312010141051816833e-03
9.257727835584796117e-03
9.204018254069778679e-03
9.150528680694996683e-03
9.097085512437833033e-03
9.044119680908310407e-03
8.990833042551172813e-03
8.938104332836477664e-03
8.885964075885766089e-03
8.834372688054295888e-03
8.783035491584450030e-03
8.731692362577097785e-03
8.680505135073355097e-03
8.629430634402600331e-03
8.578900448192752423e-03
8.528439222759373953e-03
8.478374806135979477e-03
8.428702271318155165e-03
8.379264233550379540e-03
8.330286604831961539e-03
8.281776720658195687e-03
8.233691999419003732e-03
8.186239904836679210e-03
8.139196315689156691e-03
8.092360460614015510e-03
8.045738109185802955e-03
7.999421270115781787e-03
7.953143877914580634e-03
7.907164044670464756e-03
7.861630244797152695e-03
7.816421776495958290e-03
7.771412093837279204e-03
7.726802999114387206e-03
7.682802083511949820e-03
7.639200529233974857e-03
7.595972485624975443e-03
7.552901069001270729e-03
7.509947185108034259e-03
7.467360425106910754e-03
7.425355723340770764e-03
7.383800635580234535e-03
7.342601739267574923e-03
7.301647776899445469e-03
7.260933171946251305e-03
7.220646034974369590e-03
7.180629122890889310e-03
7.140944049086260861e-03
7.101387242088874792e-03
7.062189234993434400e-03
7.023336221901510003e-03
6.984851912863861145e-03
6.946763832029165080e-03
6.908875569243454542e-03
6.871438870051239066e-03
6.834141736560973845e-03
6.797328297303102326e-03
6.760712814542289839e-03
6.724480901868519662e-03
6.688578785107185572e-03
6.653042800493302357e-03
6.617883788083790686e-03
6.583074384187821704e-03
6.548634366815308389e-03
6.514606914768598586e-03
6.480926057758963112e-03
6.447638816826326523e-03
6.414700347609162551e-03
6.382110536395782692e-03
6.349861108433564258e-03
6.317956932079746291e-03
6.286406696203263901e-03
6.254716285703122193e-03
6.223467877419552700e-03
6.192501513344992811e-03
6.162110362323154275e-03
6.132137138554040814e-03
6.102729294341607824e-03
6.073537018995701225e-03
6.044457302900796934e-03
6.015679115699717507e-03
5.987343559123634550e-03
5.959413952732835543e-03
5.931839845588529267e-03
5.904597821675406678e-03
5.877506814114084530e-03
5.850570222366263673e-03
5.823850450385626570e-03
5.797448079322803718e-03
5.771584046661273545e-03
5.746077067132132794e-03
5.720953702050325836e-03
5.695945183490226486e-03
5.671278239124733986e-03
5.646821774224617362e-03
5.622736699796870331e-03
5.598919236244155259e-03
5.575422349944878647e-03
5.552310160611172336e-03
5.529443713424849784e-03
5.506916947223229261e-03
5.484484191617212089e-03
5.462171904429981469e-03
5.440050524786497338e-03
5.417968488671495199e-03
5.396190851019437573e-03
5.374614047073305104e-03
5.353300192578298866e-03
5.332176668491138416e-03
5.311104479679280323e-03
5.289990982300402100e-03
5.269023752070827772e-03
5.248287954656628840e-03
5.227708377247558026e-03
5.207300605462460326e-03
5.187071823235593106e-03
5.167119886116943242e-03
5.147327841311322844e-03
5.127728535352095787e-03
5.108289140618669719e-03
5.089082196280364338e-03
5.070034793402826249e-03
5.051129259109237227e-03
5.032346269608664428e-03
5.013700590702412606e-03
4.995050347815488227e-03
4.976640032935427012e-03
4.958387254471230410e-03
4.940301512443989393e-03
4.922393951260806838e-03
4.904635657580062522e-03
4.887005344123293051e-03
4.869615599629055491e-03
4.852428487258485940e-03
4.835312478566502863e-03
4.818350325853616549e-03
4.801425167043629587e-03
4.784686950065245893e-03
4.767909400281480567e-03
4.751078158796876415e-03
4.734555195897852294e-03
4.718272217449092504e-03
4.702188908739250023e-03
4.686099654249260664e-03
4.669977847139160539e-03
4.653901036487822530e-03
4.637887204689696008e-03
4.622057553304781061e-03
4.606518796632614460e-03
4.590977977128055110e-03
4.575524684370157850e-03
4.560119724795431637e-03
4.544771716364563556e-03
4.529542763915790984e-03
4.514440346347785293e-03
4.499481072555757896e-03
4.484768772693369446e-03
4.470115614369715891e-03
4.455479976775564982e-03
4.440882554077142837e-03
4.426450257543099003e-03
4.412118776997340196e-03
4.397692357133573503e-03
4.383258661187860658e-03
4.368803240139487384e-03
4.354405383517013714e-03
4.340186457716506407e-03
4.326079115802862994e-03
4.312140721134200862e-03
4.298420893970867664e-03
4.284812383727499251e-03
4.271339107783150325e-03
4.257865013598512507e-03
4.244460835436500608e-03
4.231024457278372182e-03
4.217527532461934348e-03
4.204043552983031083e-03
4.190671081117920520e-03
4.177347237526417463e-03
4.164016328271329809e-03
4.150759509494089672e-03
4.137483320709458082e-03
4.124238412364517221e-03
4.111059410277129351e-03
4.097766625589696447e-03
4.084471832798257547e-03
4.071147352675721746e-03
4.057725475305702656e-03
4.044205137123431035e-03
4.030614079560301995e-03
4.017071053575520419e-03
4.003550137658461704e-03
3.990011952368638717e-03
3.976434046177063086e-03
3.962780876421299198e-03
3.949186189921374129e-03
3.935510297863521745e-03
3.921887999446841029e-03
3.908236807218019686e-03
3.894609564701679780e-03
3.881099443024841906e-03
3.867561070828965785e-03
3.853975510817049185e-03
3.840484108143137586e-03
3.826969139447712435e-03
3.813485524217464714e-03
3.800133575068243268e-03
3.786825755851338290e-03
3.773569894399006301e-03
3.760266543076211995e-03
3.747010309565703204e-03
3.733891393169001295e-03
3.720939618015637728e-03
3.708081973857260683e-03
3.695183214943113109e-03
3.682319744034327508e-03
3.669432153549293755e-03
3.656464967417434684e-03
3.643546976850219315e-03
3.630779829828793132e-03
3.618129502986712053e-03
3.605494477827401231e-03
3.592858658948607474e-03
3.580352768657505888e-03
3.567898399031560301e-03
3.555471851469445884e-03
3.543006182854334558e-03
3.530488669490626594e-03
3.518003602376132063e-03
3.505459246308259644e-03
3.492943967218428269e-03
3.480475221078574953e-03
3.468081916091681274e-03
3.455696896114470243e-03
3.443297747029330867e-03
3.430963491325849345e-03
3.418653109266959859e-03
3.406426544335522562e-03
3.394164008150215173e-03
3.381973499475649566e-03
3.369789964031368826e-03
3.357681106356370272e-03
3.345624325945032850e-03
3.333606433013826427e-03
3.321629149089025401e-03
3.309631250505177744e-03
3.297747944625060643e-03
3.285945839540706237e-03
3.274190095008161234e-03
3.262448600153876072e-03
3.250673627440577289e-03
3.238944446050539931e-03
3.227252192582925200e-03
3.215579559785862289e-03
3.203856135777046442e-03
3.192218737128715844e-03
3.180640015068501338e-03
3.168955313951299195e-03
3.157135931514946925e-03
3.145355651569619292e-03
3.133601072412351037e-03
3.121906267695734316e-03
3.110170114118906808e-03
3.098512931584180771e-03
3.086665199442344305e-03
3.074763668920227257e-03
3.062870068483975524e-03
3.050976004882697927e-03
3.039074012568720486e-03
3.027224258908796546e-03
3.015363261928021010e-03
3.003590343150315447e-03
2.991761685620941864e-03
2.979972270044658079e-03
2.968086544979763128e-03
