1.442640131049399525e-02
1.482799774952226618e-02
1.523209225347396667e-02
1.563866291750225929e-02
1.604672003074212802e-02
1.645619598849133031e-02
1.686632864349750516e-02
1.727417431646509349e-02
1.767820623797173099e-02
1.807380944788338634e-02
1.845392758421059501e-02
1.881662497188414662e-02
1.914549633801017683e-02
1.943684063659883304e-02
1.968601855169090434e-02
1.988357841660145717e-02
2.001120844786288822e-02
2.005306518701377091e-02
2.003870590633035492e-02
1.998542877694264516e-02
1.989810755268130171e-02
1.978318612432969012e-02
1.964901207609406203e-02
1.948780388188137147e-02
1.930295297221666651e-02
1.910050588415824688e-02
1.888079147021301182e-02
1.864456159943621641e-02
1.839624419533848754e-02
1.813939329764481176e-02
1.787784237282070282e-02
1.761281064601270471e-02
1.734705120880482287e-02
1.708098216239150105e-02
1.681298299213691144e-02
1.654436061763234905e-02
1.627602202286822924e-02
1.600698634705443463e-02
1.573913994238888142e-02
1.547279327440125724e-02
1.520809312665502219e-02
1.494524304400963316e-02
1.468384027876476136e-02
1.442556453603263331e-02
1.417053732298647999e-02
1.391712377151134265e-02
1.366695784392702936e-02
1.342082969163893406e-02
1.317926565152621916e-02
1.294397281982130263e-02
1.271472243698958463e-02
1.249302233503696812e-02
1.228267492643065131e-02
1.208581154134185341e-02
1.190649605038983545e-02
1.174516391954897460e-02
1.160435752034163701e-02
1.148488563581449504e-02
1.138722057859274835e-02
1.130719635244032371e-02
1.124113139933289283e-02
1.118381697475278984e-02
1.113163245163826393e-02
1.108218116069866963e-02
1.103397887067691582e-02
1.098633390630352098e-02
1.093882349525494846e-02
1.089146313592398441e-02
1.084422139402879855e-02
1.079741113907732759e-02
1.075093782323056565e-02
1.070480212672710908e-02
1.065906666715228310e-02
1.061367236351356755e-02
1.056849512198503038e-02
1.052360591562771612e-02
1.047904605275264134e-02
1.043494746082857666e-02
1.039113850043193316e-02
1.034757572606490907e-02
1.030455909483647160e-02
1.026197764170679906e-02
1.021981496292720740e-02
1.017822286843633392e-02
1.013699897245429193e-02
1.009601038285722584e-02
1.005542835949898434e-02
1.001523364826150363e-02
9.975497098061870960e-03
9.936235692353276999e-03
9.897402629633112597e-03
9.858785131444005104e-03
9.820669279488066991e-03
9.782922894220062032e-03
9.745664703108709512e-03
9.708898648452117183e-03
9.672744390528235231e-03
9.637131007833367805e-03
9.602238606342993962e-03
9.567689084967632637e-03
9.533565416673531537e-03
9.499974232168865301e-03
9.467220825654565700e-03
9.435166457008353075e-03
9.403563584500295586e-03
9.372400292891259338e-03
9.341781087782089280e-03
9.311736514735435843e-03
9.282190873666180259e-03
9.252990947652547579e-03
9.224168464781900070e-03
9.195700013788310132e-03
9.167536109276772094e-03
9.139696783557431717e-03
9.111945155247802228e-03
9.084473878855902143e-03
9.057130724132615024e-03
9.030006919150542280e-03
9.003051052663618020e-03
8.976069468446744651e-03
8.949132289825514550e-03
8.922286960106473250e-03
8.895612622132070477e-03
8.868974119098394296e-03
8.842638922891679631e-03
8.816399415868690984e-03
8.790152313552672403e-03
8.763941075552443560e-03
8.737759726897933663e-03
8.711938280328646381e-03
8.686178778230226050e-03
8.660475653767523568e-03
8.634996964349784740e-03
8.609511146407388196e-03
8.584265417247407409e-03
8.559236043940113281e-03
8.534223247025199410e-03
8.509350969716200294e-03
8.484537976091085024e-03
8.459732311605832472e-03
8.434980492639635591e-03
8.410414145927200616e-03
8.385784330665450176e-03
8.361156870207882980e-03
8.336562063443840945e-03
8.312124567236157946e-03
8.287837629694115582e-03
8.263651432446427955e-03
8.239661654157048529e-03
8.215779630552894064e-03
8.192181507236752369e-03
8.168787399590938733e-03
8.145493530718625474e-03
8.122288746632332426e-03
8.099188192011004539e-03
8.076027607776526535e-03
8.053013624945804666e-03
8.030071952417509179e-03
8.007172828011463114e-03
7.984477726700155154e-03
7.961882998995943247e-03
7.939250988748954366e-03
7.916666110166895726e-03
7.894254160065778195e-03
7.872015531759157109e-03
7.850014987735251873e-03
7.828079540176178033e-03
7.806317378363665169e-03
7.784576629669395266e-03
7.762817772010925654e-03
7.741130330970082650e-03
7.719543256424207973e-03
7.697959114671189089e-03
7.676475859044610932e-03
7.655060002196284810e-03
7.633656120538302378e-03
7.612203141359682318e-03
7.590812279190957412e-03
7.569345256752391810e-03
7.547892303403922268e-03
7.526446657203483478e-03
7.505105217275093513e-03
7.483750476167411007e-03
7.462454125729701265e-03
7.441181400513728790e-03
7.419880689965691577e-03
7.398480842979406578e-03
7.376983271369793108e-03
7.355429405201668359e-03
7.333943638480816714e-03
7.312415329296533678e-03
7.290904977422543037e-03
7.269367646782516103e-03
7.247926770719891575e-03
7.226457757436224351e-03
7.204967259134044573e-03
7.183362309154000570e-03
7.161831486637998574e-03
7.140283007252362646e-03
7.118859353133431302e-03
7.097523028643968820e-03
7.076241836920716365e-03
7.055053294817187522e-03
7.033897263140266413e-03
7.012786200143934431e-03
6.991757148923028777e-03
6.970743605547434843e-03
6.949666221672807891e-03
6.928710902248265066e-03
6.907790931660355224e-03
6.886817955357599393e-03
6.865844725264255190e-03
6.844925279252848244e-03
6.824039452477140451e-03
6.803169434363169968e-03
6.782292783519660272e-03
6.761442483272261071e-03
6.740603134097919794e-03
6.719767946161130101e-03
6.698956055937294561e-03
6.678094169684812946e-03
6.657304985596720730e-03
6.636598887877718025e-03
6.615920712150802699e-03
6.595360956664114878e-03
6.574833301707810190e-03
6.554436192334630283e-03
6.534196000306345155e-03
6.514020703327252047e-03
6.493905470893954375e-03
6.473976644780492229e-03
6.454207010757053234e-03
6.434471649808959880e-03
6.414784391188875327e-03
6.395152187821382880e-03
6.375556765385733196e-03
6.356139171766254231e-03
6.336864058476769646e-03
6.317693518347773651e-03
6.298503820440877997e-03
6.279403422058659097e-03
6.260412404693042887e-03
6.241424274419497299e-03
6.222525354070682947e-03
6.203661047206918133e-03
6.184765140652437668e-03
6.165975296061079053e-03
6.147264905318068282e-03
6.128624907394113891e-03
6.110090095522795715e-03
6.091635484522505209e-03
6.073265262648302847e-03
6.054906147472791447e-03
6.036692588124253044e-03
6.018611700075714513e-03
6.000544968457037671e-03
5.982668752092864563e-03
5.964936186064466461e-03
5.947352883233357479e-03
5.929979350399812617e-03
5.912793209924761990e-03
5.895813722880973579e-03
5.878997586629830172e-03
5.862376699354807444e-03
5.845967334988518352e-03
5.829743746105947935e-03
5.813612501804223294e-03
5.797516314223268019e-03
5.781496717102393643e-03
5.765604489004882288e-03
5.749809096032316470e-03
5.734154879434453199e-03
5.718657654462258946e-03
5.703245688317681514e-03
5.688010707663745599e-03
5.672947998215147926e-03
5.657990348450224298e-03
5.643240099205732926e-03
5.628715402877682884e-03
5.614393659259861620e-03
5.600316207071493781e-03
5.586377692862624922e-03
5.572734984768484834e-03
5.559196569591889035e-03
5.545842878582341040e-03
5.532754224084683072e-03
5.519964656063841742e-03
5.507286597402988315e-03
5.494775966645465415e-03
5.482526923448351359e-03
5.470430349797724724e-03
5.458610876551468587e-03
5.446915648709556648e-03
5.435385520194049337e-03
5.424068991119580276e-03
5.412871958879127664e-03
5.401903056342848355e-03
5.391235228396451355e-03
5.381055716556970916e-03
5.371194349575282925e-03
5.361600150855015331e-03
5.352296538400818163e-03
5.343206429860153199e-03
5.334387591924312846e-03
5.325856519887680988e-03
5.317541909012028258e-03
5.309529571556531602e-03
5.301669658892483282e-03
5.294065624922393055e-03
5.286646780652105339e-03
5.279539887670043133e-03
5.272738617958462951e-03
5.266271089019086693e-03
5.260001673977300445e-03
5.254022376994702502e-03
5.248419672493839956e-03
5.243223434223827015e-03
5.238336391968310794e-03
5.233765358876784658e-03
5.229506348748980300e-03
5.225541127528743855e-03
5.221840150552484704e-03
5.218415945719419996e-03
5.215290145007880733e-03
5.212521408327145875e-03
5.209963621843088054e-03
5.207511417418866570e-03
5.205251326385096182e-03
5.203331450586877981e-03
5.201939200513055854e-03
5.200827120484659456e-03
5.200061872244266144e-03
5.199591104627887886e-03
5.199536399468730925e-03
5.199741910249525839e-03
5.200291324120088522e-03
5.201139590150726487e-03
5.202340402015918561e-03
5.203907360068900714e-03
5.205933223340349948e-03
5.208250701237767712e-03
5.210842844814439143e-03
5.213650095056825487e-03
5.216736931140146354e-03
5.220110505956677624e-03
5.223715062866300142e-03
5.227750880835788615e-03
5.232266504347896086e-03
5.237218949444184812e-03
5.242465936350239504e-03
5.248124530620030398e-03
5.254044600092974693e-03
5.260380337699174444e-03
5.267037741210093757e-03
5.273912780934358370e-03
5.280965379440412562e-03
5.288372005583699687e-03
5.296103738028902670e-03
5.304077239065266638e-03
5.312415669900811925e-03
5.321019188518841779e-03
5.329947095935728789e-03
5.339095011398929842e-03
5.348631432658802407e-03
5.358421528802187299e-03
5.368555372004986392e-03
5.379162344976188073e-03
5.390134877347073881e-03
5.401607757198458558e-03
5.413461620584488800e-03
5.425639931213224049e-03
5.438149522920137507e-03
5.451025900688678122e-03
5.464429016675743933e-03
5.478032899620235811e-03
5.492047747224145307e-03
5.506423270737700361e-03
5.521102581353626651e-03
5.536334239099892189e-03
5.552017844975071920e-03
5.567977496127299829e-03
5.584356145218959643e-03
5.601388040141023865e-03
5.618867871392359790e-03
5.636750578370051772e-03
5.655087192565119714e-03
5.673694073003292607e-03
5.692756497927366210e-03
5.712265425277871303e-03
5.732189240101758301e-03
5.752476157116792957e-03
5.773204218743323464e-03
5.794398062188574686e-03
5.815972026946043469e-03
5.837869301662876841e-03
5.860076777614484610e-03
5.882623880533631271e-03
5.905533713440264468e-03
5.928807305115304897e-03
5.952548630025179810e-03
5.976671979450193933e-03
6.001145160749754050e-03
6.026043862784001386e-03
6.051416335266717600e-03
6.077259190776194975e-03
6.103622786235685452e-03
6.130385331615154955e-03
6.157703998148746430e-03
6.185372379411810742e-03
6.213447052322068100e-03
6.241958859116575331e-03
6.270795286729178609e-03
6.300119893363071745e-03
6.329731566407109482e-03
6.359836895262382245e-03
6.390372627020330688e-03
6.421335099298710117e-03
6.452833417640980659e-03
6.484634795091958823e-03
6.516949792449655554e-03
6.549707469758306137e-03
6.582981365499940112e-03
6.616829001726332905e-03
6.651105045902595131e-03
6.685868653073172123e-03
6.720997324577543050e-03
6.756626865831977247e-03
6.792795809482052478e-03
6.829335063539800771e-03
6.866383955573846821e-03
6.903875026796392651e-03
6.941820131675198111e-03
6.980231602846385594e-03
7.019172278740159164e-03
7.058500542351802895e-03
7.098478750802945936e-03
7.138879954419735836e-03
7.179700577244723173e-03
7.220820720979593925e-03
7.262436727340997045e-03
7.304568695213398133e-03
7.347344892310261714e-03
7.390626461983650954e-03
7.434130196744049603e-03
7.478020999228805754e-03
7.522404726380863341e-03
7.567337320673215781e-03
7.612726399250142710e-03
7.658541530747979900e-03
7.704916654099762223e-03
7.751659283470732284e-03
7.798988952861985249e-03
7.846700318328753837e-03
7.894737157202503380e-03
7.943194720909891454e-03
7.991909153856105105e-03
8.041052158312259057e-03
8.090577724275824917e-03
8.140481164440828768e-03
8.190798298888883264e-03
8.241410471680917643e-03
8.292538755824222993e-03
8.344013775024153312e-03
8.395922095009274860e-03
8.448374491748331105e-03
8.501183910649719525e-03
8.554270554836599511e-03
8.607801550130661505e-03
8.661866919938683226e-03
8.716243616157900997e-03
8.771226845551609655e-03
8.826593245539159083e-03
8.882418760677567374e-03
8.938624707171513237e-03
8.995140487192054488e-03
9.052093766174650405e-03
9.109538727108413766e-03
9.167550427519559689e-03
9.225852703619308315e-03
9.284601347630181550e-03
9.343981067282187969e-03
9.403921430413504298e-03
9.464392154464375609e-03
9.525508449582954437e-03
9.587193165956154131e-03
9.649447417969522073e-03
9.712102029792621730e-03
9.775141983383575303e-03
9.838641643566192058e-03
9.902621396139683896e-03
9.967130139340973916e-03
1.003211796390937605e-02
1.009761749833282783e-02
1.016375720217552181e-02
1.023028607263883061e-02
1.029742387447594998e-02
1.036515902607432899e-02
1.043333284135599184e-02
1.050196512776085944e-02
1.057121814133609936e-02
