1.791102844146642489e-02
1.824915132393293421e-02
1.856251400179983330e-02
1.884575967965300067e-02
1.909391451168054865e-02
1.930553000943432268e-02
1.947623556604417827e-02
1.960857995734279977e-02
1.970962423401652688e-02
1.978146220530318730e-02
1.982616621698845422e-02
1.984526743117833239e-02
1.984224422874996188e-02
1.982115664891639928e-02
1.978866596354997634e-02
1.975184499984760159e-02
1.972094617999240948e-02
1.971197641720614721e-02
1.972497264682067028e-02
1.975770471358152119e-02
1.979441287873254240e-02
1.982645571560335412e-02
1.985383641795644000e-02
1.987382899681342657e-02
1.988474429513856223e-02
1.988544431829818507e-02
1.987623762697202090e-02
1.985585415711736690e-02
1.982650432972565824e-02
1.978969968610104491e-02
1.974603919382127148e-02
1.969770456843635345e-02
1.964426061704431167e-02
1.958582802002677148e-02
1.952438200656032852e-02
1.945905196756309713e-02
1.939037062278466464e-02
1.931779439414833127e-02
1.924192086994911885e-02
1.916300747992616058e-02
1.908124788107967013e-02
1.899639011650545301e-02
1.890866549427818594e-02
1.881792649795439865e-02
1.872347449623081028e-02
1.862554820693178986e-02
1.852407599010017641e-02
1.841891269283884094e-02
1.831009060099064029e-02
1.819876673544462350e-02
1.808477874796571294e-02
1.796769658907436742e-02
1.784772364640435996e-02
1.772571518803476437e-02
1.760167191792385774e-02
1.747696570443774133e-02
1.735170330515304477e-02
1.722727788847894584e-02
1.710415503464588274e-02
1.698421013677350183e-02
1.686833067147516449e-02
1.675805779930795644e-02
1.665201265479335918e-02
1.654924463886610353e-02
1.644861410778475710e-02
1.634848842885974762e-02
1.624903426531006112e-02
1.615002163623044384e-02
1.605124646497719382e-02
1.595281146138746026e-02
1.585435650150589931e-02
1.575623351647313306e-02
1.565868143214799516e-02
1.556168020296043453e-02
1.546538553214950838e-02
1.536943052983193864e-02
1.527398770360128243e-02
1.517913188212577022e-02
1.508507188069966101e-02
1.499174168980343079e-02
1.489897286120262128e-02
1.480677503548386877e-02
1.471529232539942576e-02
1.462481685228026428e-02
1.453471509134086209e-02
1.444569140274918131e-02
1.435737940384965682e-02
1.426976629583149962e-02
1.418283341715680275e-02
1.409660928834134859e-02
1.401110510652751016e-02
1.392598283114945476e-02
1.384150097948250863e-02
1.375796235136544921e-02
1.367521407451222082e-02
1.359319899834560835e-02
1.351199074366284981e-02
1.343144145164313144e-02
1.335165836326816791e-02
1.327256133478848382e-02
1.319442651776863394e-02
1.311710466477782056e-02
1.304051366269511764e-02
1.296466000390348629e-02
1.288959524247481475e-02
1.281527072651788592e-02
1.274169976979244723e-02
1.266878649550580264e-02
1.259658766152215587e-02
1.252503045719888068e-02
1.245417748248926065e-02
1.238373598383273738e-02
1.231393383870163678e-02
1.224488545872258818e-02
1.217638892378640307e-02
1.210836353864739451e-02
1.204069696481024389e-02
1.197376124585507531e-02
1.190759205911296956e-02
1.184209028018590702e-02
1.177697058043783961e-02
1.171244901060465755e-02
1.164815774928416349e-02
1.158422639450237650e-02
1.152073113014740434e-02
1.145774837586968804e-02
1.139530670658378021e-02
1.133340149952649818e-02
1.127210839201075662e-02
1.121134841192654094e-02
1.115092411279449899e-02
1.109103725887126968e-02
1.103152086770368794e-02
1.097248043549084971e-02
1.091381560434978061e-02
1.085552681809100195e-02
1.079756574434573291e-02
1.073974059540408997e-02
1.068238062860588089e-02
1.062514590316190020e-02
1.056820933801266328e-02
1.051143338845025345e-02
1.045485676646246316e-02
1.039883583369743264e-02
1.034332446892557121e-02
1.028786804836174899e-02
1.023272259196173622e-02
1.017793827962101827e-02
1.012331710845675373e-02
1.006911498652493693e-02
1.001519953374092713e-02
9.961594584234229402e-03
9.908147912677089247e-03
9.854954745431057997e-03
9.802237775764109304e-03
9.749723730771715779e-03
9.697643129732640144e-03
9.645865516690593083e-03
9.594418777893366432e-03
9.543521690817020897e-03
9.493132881139104001e-03
9.443125604648366228e-03
9.393387039128685972e-03
9.344014869977507881e-03
9.294941565264657271e-03
9.246322367953535223e-03
9.197948278991025656e-03
9.149935040556814517e-03
9.102342496543860961e-03
9.055162711430038425e-03
9.008303145093442960e-03
8.961721462798071317e-03
8.915556775340742826e-03
8.869743797537438246e-03
8.824253956100213542e-03
8.778973888764774261e-03
8.734070856189461371e-03
8.689656305260954131e-03
8.645675242265997429e-03
8.602314925238666726e-03
8.559316265531215911e-03
8.516648165769141396e-03
8.474469214680554682e-03
8.432611532136464680e-03
8.391168096407055146e-03
8.350106348715328683e-03
8.309453357652839267e-03
8.269090494445855560e-03
8.229145877742835222e-03
8.189640527281497745e-03
8.150562191835164158e-03
8.111884167584668126e-03
8.073583212108974977e-03
8.035776302061040793e-03
7.998487147968625505e-03
7.961498850870317792e-03
7.924975294733575121e-03
7.888932168250768762e-03
7.853192851010751610e-03
7.817989208610419752e-03
7.783234354316490196e-03
7.748867239350558031e-03
7.714784711204260986e-03
7.681071749208465485e-03
7.647603251664031841e-03
7.614461392802990974e-03
7.581582504531649003e-03
7.549107225630503210e-03
7.516870752157301869e-03
7.484912707776862108e-03
7.453244893179276562e-03
7.421866167163959811e-03
7.390805119154552835e-03
7.359953069752147442e-03
7.329641815221630240e-03
7.299568922782104403e-03
7.269830550705251929e-03
7.240325602558632043e-03
7.211097303684842544e-03
7.182094728875110419e-03
7.153399935266157444e-03
7.124824097225072699e-03
7.096623577651185386e-03
7.068664326792967363e-03
7.041112385670579218e-03
7.013672757824198668e-03
6.986467017357999264e-03
6.959459224178220563e-03
6.932814729595028307e-03
6.906431135685701592e-03
6.880334836084532439e-03
6.854587198255034444e-03
6.829030912457943227e-03
6.803702380009816163e-03
6.778661325309561468e-03
6.753760568779778629e-03
6.729126757597922968e-03
6.704756932614233320e-03
6.680523672800236373e-03
6.656543642369414614e-03
6.632700306118345136e-03
6.609003298369159687e-03
6.585348896536531195e-03
6.561931418389711779e-03
6.538790847463773689e-03
6.515784268191252351e-03
6.493025395731832211e-03
6.470372268044242460e-03
6.447831587426461862e-03
6.425505515098604153e-03
6.403202696856017534e-03
6.381036301344957321e-03
6.358979196258123315e-03
6.337098285856792440e-03
6.315320264679533634e-03
6.293627192452602021e-03
6.272168711691094786e-03
6.250988163038160954e-03
6.229953129529037549e-03
6.209005652854653230e-03
6.188259147732318340e-03
6.167556081910101351e-03
6.147031444688547119e-03
6.126527346239542780e-03
6.106118513001984431e-03
6.085758098985248089e-03
6.065498219856826217e-03
6.045318800345592797e-03
6.025037465266635563e-03
6.004904406566767376e-03
5.984961357005973842e-03
5.965030654665857621e-03
5.945185053439578683e-03
5.925424269308718003e-03
5.905706512890798558e-03
5.886096687933280169e-03
5.866566161849025643e-03
5.847155647681847972e-03
5.827824918946723082e-03
5.808677388848828942e-03
5.789594231815242686e-03
5.770685253778515787e-03
5.751806344062556156e-03
5.733043334774137398e-03
5.714281531613429367e-03
5.695468017509072722e-03
5.676816218970954543e-03
5.658181593485542803e-03
5.639599254760204600e-03
5.621065483249722966e-03
5.602579387173874451e-03
5.584168771604384150e-03
5.565825408775005971e-03
5.547495782551851821e-03
5.529133496667580638e-03
5.510933741181522384e-03
5.492737849343205282e-03
5.474587530385110340e-03
5.456541449446885607e-03
5.438628542464664373e-03
5.420748627208735876e-03
5.402936562369059850e-03
5.385163676096804512e-03
5.367579235530832611e-03
5.350051988434470322e-03
5.332575626938587839e-03
5.315219675601210760e-03
5.297927738657256906e-03
5.280725275130166915e-03
5.263527699404134917e-03
5.246520708890976478e-03
5.229556845186983556e-03
5.212682640336800677e-03
5.195927857850310243e-03
5.179207659218496539e-03
5.162516237159670181e-03
5.145904022691787441e-03
5.129430523109396005e-03
5.113035508299238786e-03
5.096810219051462094e-03
5.080638758665311297e-03
5.064533304010125636e-03
5.048657522539248647e-03
5.032771692803222029e-03
5.017024585591576234e-03
5.001356476646101265e-03
4.985761958096731304e-03
4.970218408063760071e-03
4.954662470513769741e-03
4.939175784975446265e-03
4.923822878833409265e-03
4.908652948688964519e-03
4.893491330331680225e-03
4.878468823749238480e-03
4.863542435051200138e-03
4.848737479158480787e-03
4.834089990782741188e-03
4.819515567806224692e-03
4.804932779721320102e-03
4.790454620361775384e-03
4.776071210949000244e-03
4.761794124406540374e-03
4.747630368639402069e-03
4.733609455681541713e-03
4.719576986550098191e-03
4.705646756458663899e-03
4.691671449551511157e-03
4.677802940048902437e-03
4.664074036446749089e-03
4.650422907203593907e-03
4.636867197686085629e-03
4.623400451931541401e-03
4.609927327903803711e-03
4.596554508760386341e-03
4.583340349387431296e-03
4.570174760722770131e-03
4.557106529017648268e-03
4.543991410124750829e-03
4.531008681913482709e-03
4.518093655451824696e-03
4.505206170859959308e-03
4.492365683169670040e-03
4.479501958524986262e-03
4.466706798738566582e-03
4.453923592269023145e-03
4.441145545052193992e-03
4.428386789355117162e-03
4.415554087466785904e-03
4.402801505048892922e-03
4.390057727160809158e-03
4.377313687573864028e-03
4.364538953496888488e-03
4.351788988980440608e-03
4.338873035375237497e-03
4.325982630658519248e-03
4.313039297257684895e-03
4.299957056544109757e-03
4.286822245223627023e-03
4.273619871489475405e-03
4.260385633214690965e-03
4.247075238093326634e-03
4.233710937347394919e-03
4.220079415375028488e-03
4.206318609439302532e-03
4.192371523617901066e-03
4.178268028615662530e-03
4.163998721691299087e-03
4.149529833592184754e-03
4.134902186427348580e-03
4.119997140215235498e-03
4.104853678474225907e-03
4.089508102223569398e-03
4.073874665656031929e-03
4.057975457981235524e-03
4.041695475932713909e-03
4.025008248776932272e-03
4.008140983802407041e-03
3.990945591525451100e-03
3.973419367926955999e-03
3.955476954555871283e-03
3.937240293463048837e-03
3.918670124802053206e-03
3.899691689186561387e-03
3.880409154218653935e-03
3.860744358217466695e-03
3.840798382245006783e-03
3.820570705240514120e-03
3.800189970605678553e-03
3.779642079285126365e-03
3.758907869908476116e-03
3.737913254566955449e-03
3.716831750934172351e-03
3.695508040508885868e-03
3.673952553112912103e-03
3.652241504902317953e-03
3.630344468456492973e-03
3.608256161363655734e-03
3.586014992276331630e-03
3.563614110528458018e-03
3.540989666148031730e-03
3.518314799977399245e-03
3.495470993491967601e-03
3.472546614991985255e-03
3.449516977609784919e-03
3.426434164405166467e-03
3.403095854851836966e-03
3.379745569181641027e-03
3.356279021441194946e-03
3.332741108534256411e-03
3.309125968248453203e-03
3.285482984902380731e-03
3.261748763350208209e-03
3.237930531521650886e-03
3.213936064383526425e-03
3.189890843808681261e-03
3.165775499702502913e-03
3.141694897359120168e-03
3.117536963660820590e-03
3.093278724021246255e-03
3.068989357021271319e-03
3.044929766797311883e-03
3.020841475572518236e-03
2.996703300982508748e-03
2.972548120345258702e-03
2.948337579479078964e-03
2.924102705073011732e-03
2.899906997377959574e-03
2.875716111791578548e-03
2.851557124242323684e-03
2.827466620087009351e-03
2.803284185966896033e-03
2.779131800380562831e-03
2.754950917332379262e-03
2.730882016689245920e-03
2.706797297135740861e-03
2.682840965259593313e-03
2.658996400149457248e-03
2.635093875693886138e-03
2.611163032477049374e-03
2.587176683061930861e-03
2.563215476661843007e-03
2.539286488864545607e-03
2.515331173454781345e-03
2.491389401376370612e-03
2.467466558595053649e-03
2.443737489243521209e-03
2.420075030090358854e-03
2.396392143721250839e-03
2.372858212875126206e-03
2.349340371526251279e-03
2.325920894059835698e-03
2.302675480533375365e-03
2.279455627329710424e-03
2.256262258970592564e-03
2.233219601795461817e-03
2.210195061611156149e-03
2.187243566826324766e-03
2.164485703256168424e-03
2.141788687025610385e-03
2.119190246095600891e-03
2.096738569971228969e-03
2.074331379633575015e-03
2.051916651026905979e-03
2.029847157137895566e-03
2.007921507274220644e-03
1.986114986960458000e-03
1.964515873142472831e-03
1.943204666088970030e-03
1.921940618920595784e-03
1.901017541121591617e-03
1.880176931322402557e-03
1.859579385096378056e-03
1.839149563716448296e-03
1.818953691383740729e-03
1.798817340834076104e-03
1.778834931544772064e-03
1.759059933860995795e-03
1.739421442462953321e-03
1.719866541854422242e-03
1.700468882664112709e-03
