6.622315721058419716e-03
6.729722370129883821e-03
6.830436796757933561e-03
6.923823837338491903e-03
7.009770439462586350e-03
7.087942089239332791e-03
7.157969250505474140e-03
7.220030456611744619e-03
7.274029881713583653e-03
7.320015449651977139e-03
7.358543402656379968e-03
7.389929486706679242e-03
7.415105041922697045e-03
7.434520984112944798e-03
7.449242481078923242e-03
7.462009323427743271e-03
7.474623888808941928e-03
7.486750926456818729e-03
7.498742898507782147e-03
7.513964165230045504e-03
7.532777143628949061e-03
7.558074262033131867e-03
7.590168182032342760e-03
7.625679569735993417e-03
7.663882150300315929e-03
7.702111878868404468e-03
7.739364994082629894e-03
7.773605467385725012e-03
7.803805911321561213e-03
7.830978606777710266e-03
7.855553859871303862e-03
7.876454982800438001e-03
7.892760189368642695e-03
7.905952577646899876e-03
7.915920836031558119e-03
7.921389352757884569e-03
7.922282357391697075e-03
7.919351399423671042e-03
7.912600230560600661e-03
7.902117192102474721e-03
7.888074895601915673e-03
7.871306535021679526e-03
7.852022687830542691e-03
7.829190154729994203e-03
7.802237379268471724e-03
7.771347560368217604e-03
7.737995178733464777e-03
7.701781989470266564e-03
7.663319722228339667e-03
7.622194035087393599e-03
7.578552087721314272e-03
7.532903972509823187e-03
7.485660963230297490e-03
7.437060051647891371e-03
7.387878008791723058e-03
7.338766476606945789e-03
7.291012660083588844e-03
7.245190072985788730e-03
7.202913583964210345e-03
7.163451016409322185e-03
7.127289350202668274e-03
7.093335076839379569e-03
7.061323705858273299e-03
7.031221347613544545e-03
7.003117212804082191e-03
6.976299605079584569e-03
6.950147917653322523e-03
6.924947831957502763e-03
6.900329248134802820e-03
6.876031519073478107e-03
6.852065817619714186e-03
6.828312688942707147e-03
6.804753966721410578e-03
6.781353508482948836e-03
6.758136630960181329e-03
6.735133872069969108e-03
6.712366739368264522e-03
6.689819953965395888e-03
6.667480193680291357e-03
6.645329575098464676e-03
6.623419180684841402e-03
6.601748501811587240e-03
6.580334236842769538e-03
6.559150243757267545e-03
6.538194174211009110e-03
6.517507479491898952e-03
6.497085976083155807e-03
6.476807612645531752e-03
6.456782231967783843e-03
6.436963235626502224e-03
6.417323623512436077e-03
6.397905786325240769e-03
6.378692566077208588e-03
6.359649915066854960e-03
6.340832513236524699e-03
6.322324909503873082e-03
6.303991583020289273e-03
6.285843198319838142e-03
6.267880713976697188e-03
6.250117698188084950e-03
6.232509533542252705e-03
6.215136924193568474e-03
6.197981914291936408e-03
6.181020462448914843e-03
6.164262502740968860e-03
6.147619660381913216e-03
6.131062967442163329e-03
6.114668239715664172e-03
6.098529183720295156e-03
6.082670995483490869e-03
6.067181252134953157e-03
6.051951110132208767e-03
6.036927317044272871e-03
6.022144490421385901e-03
6.007570737143968533e-03
5.993230253622551344e-03
5.979069906525554326e-03
5.965189185298018330e-03
5.951573064818554103e-03
5.938259554647244351e-03
5.925341380226357112e-03
5.912734842003070784e-03
5.900434944871553802e-03
5.888553794824993512e-03
5.877091380518301850e-03
5.866001214281663621e-03
5.855208476300470186e-03
5.844727205843620876e-03
5.834499855821976590e-03
5.824618652013483291e-03
5.815150775817412750e-03
5.806135345609801657e-03
5.797468887818926948e-03
5.789268458060504649e-03
5.781534853520882075e-03
5.774292952506681481e-03
5.767562034475367388e-03
5.761231579333664712e-03
5.755370430227441450e-03
5.749892965314886556e-03
5.744801586909884308e-03
5.740108340093792380e-03
5.735786905584487269e-03
5.731946163164552098e-03
5.728562016641834155e-03
5.725634738017058335e-03
5.723234354604571188e-03
5.721215360814175394e-03
5.719543845207271902e-03
5.718289252059840545e-03
5.717424246040321394e-03
5.716927573489731518e-03
5.716842727151285122e-03
5.717089119621045559e-03
5.717644677847369405e-03
5.718561756889116963e-03
5.719804895397377978e-03
5.721463057682554462e-03
5.723384453397583997e-03
5.725638582438893030e-03
5.728205637472966009e-03
5.731085118821754865e-03
5.734222796036274848e-03
5.737612632225479008e-03
5.741234562121526851e-03
5.745107210382229164e-03
5.749282683739071961e-03
5.753765004554361323e-03
5.758451603112632253e-03
5.763368679519390893e-03
5.768614267640721251e-03
5.774093556048026307e-03
5.779770222981031255e-03
5.785701547471134264e-03
5.791852812641948636e-03
5.798240126641845092e-03
5.804832526466611846e-03
5.811634151295902440e-03
5.818712314226041210e-03
5.826133029409368003e-03
5.833838007483917176e-03
5.841766128203345482e-03
5.849959286370955656e-03
5.858315890028474755e-03
5.866885588721161733e-03
5.875708069407526053e-03
5.884759023605683204e-03
5.893976275481910276e-03
5.903342132635124029e-03
5.912957186294836263e-03
5.922807972298217184e-03
5.932855281312919907e-03
5.943031402701251346e-03
5.953366256570346432e-03
5.963856562563054318e-03
5.974487241471496124e-03
5.985310644399536098e-03
5.996309077346936162e-03
6.007450393000306026e-03
6.018728030686525468e-03
6.030176104228422707e-03
6.041813996033447605e-03
6.053651133629825258e-03
6.065697233862687998e-03
6.077952401205683440e-03
6.090423349590141748e-03
6.103142894872929866e-03
6.115970162161051167e-03
6.129057726242706852e-03
6.142300267361246700e-03
6.155771928380219908e-03
6.169406253587937650e-03
6.183193107215183802e-03
6.197154373820757192e-03
6.211328330497437045e-03
6.225692849395018415e-03
6.240195059285720894e-03
6.254826488044636611e-03
6.269630782182795091e-03
6.284668734723443742e-03
6.299752284649888338e-03
6.315041542057826113e-03
6.330434011891122002e-03
6.345986517833391259e-03
6.361674805664254383e-03
6.377491204470496847e-03
6.393500440939394250e-03
6.409657518748346390e-03
6.426019578323754165e-03
6.442526238387406672e-03
6.459127769031285105e-03
6.475869554754343574e-03
6.492795897913923760e-03
6.509893255123752089e-03
6.527127274883801240e-03
6.544540733091392878e-03
6.562074597305292238e-03
6.579808424487594738e-03
6.597657763818253265e-03
6.615678274493011490e-03
6.633806945712585404e-03
6.652044037185471902e-03
6.670430796084070822e-03
6.689007537801053976e-03
6.707767124800216932e-03
6.726584833407776680e-03
6.745592811391572761e-03
6.764739221169130401e-03
6.784035889319041911e-03
6.803413492052841523e-03
6.822916834810134265e-03
6.842600481467450008e-03
6.862366332576134119e-03
6.882233793961325258e-03
6.902130624781043118e-03
6.922139235235632952e-03
6.942366469729845460e-03
6.962759799200470348e-03
6.983294326305433328e-03
7.003892479685871163e-03
7.024623880738065616e-03
7.045363143819827374e-03
7.066252498920493758e-03
7.087275756345009711e-03
7.108391969232946001e-03
7.129628688125944080e-03
7.150855641430420295e-03
7.172232561484259000e-03
7.193705186507364999e-03
7.215343391647143466e-03
7.237026158756673308e-03
7.258808460382748691e-03
7.280790937026742314e-03
7.302729312367851194e-03
7.324797367518575547e-03
7.346905783071705498e-03
7.369131750157493534e-03
7.391450329402818320e-03
7.413929565367081802e-03
7.436437849918810412e-03
7.459077161634655034e-03
7.481813223056216211e-03
7.504616958252511606e-03
7.527505720967216790e-03
7.550462357811055063e-03
7.573481818963708444e-03
7.596641580081735581e-03
7.619941392383065143e-03
7.643275267512663652e-03
7.666653612972799091e-03
7.690220176098325373e-03
7.713793756130127299e-03
7.737477615252721583e-03
7.761270056356192083e-03
7.785167650739323493e-03
7.809162324103404405e-03
7.833196612017838054e-03
7.857325806970519994e-03
7.881516855756822912e-03
7.905868594315874215e-03
7.930218821129887338e-03
7.954659579580320578e-03
7.979288526046551117e-03
8.004013845888257803e-03
8.028879911921754306e-03
8.053805115117208119e-03
8.078768182932892852e-03
8.103825368338885698e-03
8.128942729850631432e-03
8.154190986750513293e-03
8.179464662523366902e-03
8.204916850056628852e-03
8.230493838997775952e-03
8.256276750036819004e-03
8.282125005929756242e-03
8.308028826757430166e-03
8.334016681512615085e-03
8.360061143166199610e-03
8.386240743229789879e-03
8.412483360983449843e-03
8.438875934642405333e-03
8.465378680488890029e-03
8.492079326131165076e-03
8.519011064511304229e-03
8.546021590707332874e-03
8.573128341207261402e-03
8.600338261868145998e-03
8.627704345247759130e-03
8.655176724953856163e-03
8.682639445809976417e-03
8.710166168942370599e-03
8.737708024514651006e-03
8.765392564813217352e-03
8.793155420510779391e-03
8.821063821900992225e-03
8.849015052791149930e-03
8.877043418642047504e-03
8.905180593952108370e-03
8.933369718154169845e-03
8.961648715881438340e-03
8.989955019513731771e-03
9.018347938455191504e-03
9.046716189152611762e-03
9.075282906721795356e-03
9.104021627141519607e-03
9.132875052842520658e-03
9.161925626337715650e-03
9.191114941272773495e-03
9.220410997607690964e-03
9.249909867774547267e-03
9.279587495738551503e-03
9.309325926348192837e-03
9.339297440336612535e-03
9.369445922988701644e-03
9.399777184087841977e-03
9.430271743520179939e-03
9.460832730236285251e-03
9.491514782950464385e-03
9.522395334766616676e-03
9.553424777957765512e-03
9.584732595712778039e-03
9.616164207228675154e-03
9.647799340268438731e-03
9.679527433905396258e-03
9.711516170989076963e-03
9.743643017536980297e-03
9.775951670684070519e-03
9.808455810094951835e-03
9.841155409249706040e-03
9.874076839596930902e-03
9.907190537579607312e-03
9.940444332812270467e-03
9.973867313579905941e-03
1.000726827864418730e-02
1.004079064249580218e-02
1.007431082721194256e-02
1.010800683430543474e-02
1.014190376012753976e-02
1.017585624435048651e-02
1.020995373414928034e-02
1.024415639095439985e-02
1.027855267126000227e-02
1.031310955238956377e-02
1.034783458505189775e-02
1.038265953218485416e-02
1.041746773432426255e-02
1.045239334699602993e-02
1.048746759138920355e-02
1.052258755112140363e-02
1.055771992052718586e-02
1.059288819619739856e-02
1.062811596603266580e-02
1.066332762098319911e-02
1.069858628168905527e-02
1.073383731778173623e-02
1.076895874220396530e-02
1.080392651385556242e-02
1.083881621757247157e-02
1.087354337155356683e-02
1.090810164291972952e-02
1.094261823969260722e-02
1.097703712463038613e-02
1.101131246818818840e-02
1.104545431400185719e-02
1.107949847422580805e-02
1.111334817373254256e-02
1.114695608688054569e-02
1.118038951775801766e-02
1.121359268147414587e-02
1.124648124008325277e-02
1.127911564510289052e-02
1.131143648516724949e-02
1.134345853741522588e-02
1.137524486637226870e-02
1.140681876778066976e-02
1.143819887333658372e-02
1.146924434196951517e-02
1.149998826087131505e-02
1.153041009654388362e-02
1.156057545525171482e-02
1.159059009298486591e-02
1.162028265226566423e-02
1.164963931786496855e-02
1.167882920163301058e-02
1.170766240471741472e-02
1.173641459763891635e-02
1.176484771182355338e-02
1.179301177580293659e-02
1.182102346622702221e-02
1.184897339802563378e-02
1.187669454426418247e-02
1.190416483735252592e-02
1.193138955975049133e-02
1.195844409061368359e-02
1.198547854672391173e-02
1.201243262503122466e-02
1.203922048534375629e-02
1.206597003453510793e-02
1.209257787869968785e-02
1.211910060227907107e-02
1.214542921253566714e-02
1.217158257896637508e-02
1.219755718716068402e-02
1.222339365349584331e-02
1.224910329445385963e-02
1.227474420034633390e-02
1.230039222614997402e-02
1.232582328658924850e-02
1.235117487222051752e-02
1.237646167299090438e-02
1.240165282498899117e-02
1.242679553229294846e-02
1.245184446561246883e-02
1.247677881620237218e-02
1.250162992385009039e-02
1.252649150851191037e-02
1.255133365116509886e-02
1.257616962324325204e-02
1.260088184614472848e-02
1.262561838259322958e-02
1.265035545564450678e-02
1.267502730694261906e-02
1.269966239707962137e-02
1.272429700843055907e-02
1.274884888500043938e-02
1.277339194334128902e-02
1.279786221966640325e-02
1.282240134004677783e-02
1.284689697303561910e-02
1.287138097921002033e-02
1.289588015010942161e-02
1.292034662810169314e-02
1.294483005973281510e-02
1.296938568554898558e-02
1.299381597560566627e-02
1.301824286007683372e-02
1.304283273123100530e-02
1.306744249830715625e-02
1.309215327447307842e-02
1.311687850728773114e-02
1.314158404178947248e-02
1.316626456378242223e-02
1.319099675771818504e-02
1.321574845307158137e-02
1.324057969686281283e-02
1.326540868690041786e-02
1.329033099289111432e-02
1.331520165400798018e-02
1.334006660400872957e-02
1.336505292786919000e-02
1.339010412850427829e-02
1.341523489816719844e-02
1.344049875454300658e-02
1.346581793722920889e-02
1.349131117550629762e-02
1.351681157761988085e-02
1.354224309636503469e-02
1.356781358463231453e-02
1.359357213528895186e-02
1.361934836814089785e-02
