1.401715853699186942e-02
1.378391987449790503e-02
1.354719810355724599e-02
1.330866996141190188e-02
1.306826421567670177e-02
1.282653747085575439e-02
1.258351703290901645e-02
1.234008358059539116e-02
1.209671326193475539e-02
1.185441133636924889e-02
1.161566973931657011e-02
1.138368108566154523e-02
1.116950849591441877e-02
1.097531217637134210e-02
1.079888478732281623e-02
1.063885171772325534e-02
1.049778837011650957e-02
1.037241137066767689e-02
1.026255119935026543e-02
1.016781851524260587e-02
1.008807135443289676e-02
1.002474854855193304e-02
9.973806880066689654e-03
9.934282598310242504e-03
9.906628413626441046e-03
9.888953185188691444e-03
9.880251826401016679e-03
9.880601744122001137e-03
9.886875227749742506e-03
9.898532251186894018e-03
9.915838314429305245e-03
9.937920736147465295e-03
9.962933475295294647e-03
9.990329248981969640e-03
1.001904453861572272e-02
1.004978748438048811e-02
1.008229661939413595e-02
1.011525421849026642e-02
1.014873979288007273e-02
1.018261125626481432e-02
1.021663504527147923e-02
1.025089051720790012e-02
1.028458346141966802e-02
1.031799968315376924e-02
1.035072835184586149e-02
1.038231181352124513e-02
1.041227857382882524e-02
1.044041243851314728e-02
1.046601130756200440e-02
1.048900010402597366e-02
1.050950152798031320e-02
1.052765604070629406e-02
1.054376782921196722e-02
1.055770512448922678e-02
1.056942626353005524e-02
1.057904427410759698e-02
1.058711402144772891e-02
1.059383612789310640e-02
1.059996798440649389e-02
1.060601821904181424e-02
1.061202793047644720e-02
1.061808891523159833e-02
1.062425658637023741e-02
1.063029677330661407e-02
1.063615704254251143e-02
1.064189730844369679e-02
1.064744390011046482e-02
1.065264825137982388e-02
1.065754014175670887e-02
1.066220743803784204e-02
1.066633583803594694e-02
1.066992024339321644e-02
1.067329713144923690e-02
1.067635723548209306e-02
1.067905208422278637e-02
1.068154280834468332e-02
1.068388144799469960e-02
1.068598874469699374e-02
1.068775954012039439e-02
1.068930993214387525e-02
1.069065039794626394e-02
1.069198356572028004e-02
1.069321614169503436e-02
1.069454269272249701e-02
1.069572585786550921e-02
1.069688682018325385e-02
1.069793140739830339e-02
1.069886146305663518e-02
1.069973557706559511e-02
1.070058019752349703e-02
1.070146101860046037e-02
1.070241902306590977e-02
1.070341112412725483e-02
1.070454355892169751e-02
1.070580602377545210e-02
1.070712460982335516e-02
1.070855840816073261e-02
1.071004659846194404e-02
1.071180486473486022e-02
1.071372470757811848e-02
1.071567670683557655e-02
1.071767340439606052e-02
1.071960817306546153e-02
1.072165825098949678e-02
1.072375591508718806e-02
1.072589717221686390e-02
1.072792192872722150e-02
1.072992689072818293e-02
1.073193412289986069e-02
1.073384992604060201e-02
1.073570515000574904e-02
1.073752163984877973e-02
1.073932118143379640e-02
1.074118540767510233e-02
1.074291239087913664e-02
1.074468909568660271e-02
1.074639542047986854e-02
1.074813644913667765e-02
1.074977713620387139e-02
1.075146736126662839e-02
1.075304928294479496e-02
1.075447860408339576e-02
1.075586577930991335e-02
1.075712753433038203e-02
1.075820760793867563e-02
1.075914838950300240e-02
1.076005937443151594e-02
1.076090678546544679e-02
1.076177789816661935e-02
1.076269638839614379e-02
1.076349096769385963e-02
1.076394916848397165e-02
1.076424150504274799e-02
1.076436913095909532e-02
1.076436200692992319e-02
1.076428509390182746e-02
1.076414441063293717e-02
1.076388880421303915e-02
1.076353205500556014e-02
1.076298539838008855e-02
1.076232520477711854e-02
1.076145243202802221e-02
1.076046915073310302e-02
1.075928856861895107e-02
1.075785698554563262e-02
1.075626972540283735e-02
1.075451490968399107e-02
1.075244870095227664e-02
1.075028793812222994e-02
1.074785534362515498e-02
1.074537861845009309e-02
1.074267414067373028e-02
1.073979765087725545e-02
1.073686594914090298e-02
1.073370110911889622e-02
1.073033430834951889e-02
1.072673980175931595e-02
1.072303032370024341e-02
1.071906069942890616e-02
1.071496470133267119e-02
1.071063461814035674e-02
1.070617938180798250e-02
1.070151543076994574e-02
1.069665054947271238e-02
1.069162535478772845e-02
1.068636510777096205e-02
1.068108814079806942e-02
1.067544352652442102e-02
1.066963424322758987e-02
1.066361184390732068e-02
1.065738521817131100e-02
1.065089671929880279e-02
1.064406990711784518e-02
1.063724433912177636e-02
1.063014061750598011e-02
1.062274134432690184e-02
1.061514997163638327e-02
1.060738547078319237e-02
1.059952867710750764e-02
1.059140155818388482e-02
1.058290828607950755e-02
1.057434817456192125e-02
1.056545785901014632e-02
1.055636363747788908e-02
1.054713924982762091e-02
1.053760765085562379e-02
1.052781127682039276e-02
1.051781814147875922e-02
1.050764163832183101e-02
1.049713578064653818e-02
1.048644090877477904e-02
1.047550657007586573e-02
1.046435129554716160e-02
1.045305997242064293e-02
1.044150839700219366e-02
1.042959431859767118e-02
1.041758154152057879e-02
1.040541921517676438e-02
1.039298491594599534e-02
1.038030878275219594e-02
1.036745077059206266e-02
1.035442108990787535e-02
1.034106042595419467e-02
1.032744414229320659e-02
1.031362252947113853e-02
1.029942817686552159e-02
1.028505493133730422e-02
1.027047192458250754e-02
1.025535643019499614e-02
1.024019027694738487e-02
1.022480134673989932e-02
1.020933709689555817e-02
1.019372198573497562e-02
1.017791492726420957e-02
1.016196661855839692e-02
1.014599480123715494e-02
1.012992338301712397e-02
1.011367161860504855e-02
1.009729733591365960e-02
1.008090284713255777e-02
1.006437623514049549e-02
1.004781463816279731e-02
1.003101276920670068e-02
1.001417894874805613e-02
9.997111546797207704e-03
9.979973800850928597e-03
9.962621447835984939e-03
9.945135055367685176e-03
9.927385932560130188e-03
9.909703943026221956e-03
9.891864048749875876e-03
9.873850025033024252e-03
9.855705939520814640e-03
9.837441202555689823e-03
9.819045997705555529e-03
9.800539390099753320e-03
9.781879309817014326e-03
9.763111010266686471e-03
9.744188313191662690e-03
9.725243184989481801e-03
9.706150337449705526e-03
9.686984558273482177e-03
9.667602898413733131e-03
9.648225424857282892e-03
9.628686860874046544e-03
9.609038245717457100e-03
9.589378131129863009e-03
9.569613722222281363e-03
9.549676537213523664e-03
9.529608397187878249e-03
9.509457370728908315e-03
9.489092273749142464e-03
9.468649912558291942e-03
9.448154170454822406e-03
9.427480713286400665e-03
9.406590179567424562e-03
9.385557364027092425e-03
9.364430283636707847e-03
9.343060937058073750e-03
9.321731373648179872e-03
9.300239866781646533e-03
9.278486850041071238e-03
9.256694094715961843e-03
9.234857840359069620e-03
9.212854769469753027e-03
9.190694579003217887e-03
9.168496291661250644e-03
9.146167610887703456e-03
9.123771186058836011e-03
9.101243311174645259e-03
9.078689371770056610e-03
9.055866858200693759e-03
9.032973480340402567e-03
9.010042702370178735e-03
8.987032081003475462e-03
8.963934880071758315e-03
8.940809738019857983e-03
8.917471293920758990e-03
8.894126213473432102e-03
8.870696602907039360e-03
8.847144093009118998e-03
8.823429618790032056e-03
8.799629797330980538e-03
8.775741962364613444e-03
8.751845462029344755e-03
8.727906741548191460e-03
8.703833549717904239e-03
8.679728415609390055e-03
8.655417886341991440e-03
8.631110453919968450e-03
8.606723609777615705e-03
8.582173269308501079e-03
8.557569416699852688e-03
8.532822402225921643e-03
8.507985566497837382e-03
8.483003574145553394e-03
8.457967921625383911e-03
8.432900463434754232e-03
8.407884718421887102e-03
8.382695409946355411e-03
8.357368788702093654e-03
8.331962606391392009e-03
8.306466633684081100e-03
8.280832460696807215e-03
8.255058793059995292e-03
8.229281804558641680e-03
8.203355652345124815e-03
8.177402258961512238e-03
8.151395956533106710e-03
8.125293314002569184e-03
8.099133994732310091e-03
8.072798654377336125e-03
8.046462049412195575e-03
8.019981566379312185e-03
7.993560692870427947e-03
7.967054636621931710e-03
7.940443693281158330e-03
7.913747583892396728e-03
7.887055087691227998e-03
7.860287977074328220e-03
7.833543117600556133e-03
7.806739728506952719e-03
7.779901888998943561e-03
7.753119728466852968e-03
7.726267644524337751e-03
7.699379930882198700e-03
7.672554244633687272e-03
7.645693301611578875e-03
7.618817005150269051e-03
7.591911245885631099e-03
7.564948047886658339e-03
7.537970534623589930e-03
7.510962548384484024e-03
7.483901339583564662e-03
7.456904185330117882e-03
7.429902491613743151e-03
7.402857536172164493e-03
7.375772892660178472e-03
7.348661799073236654e-03
7.321438527887856249e-03
7.294247708514499037e-03
7.267101090978157936e-03
7.239975579890920929e-03
7.212780110362812004e-03
7.185621333417427890e-03
7.158438079632593529e-03
7.131158999781767212e-03
7.103758283672195056e-03
7.076413341197619784e-03
7.049064040012838379e-03
7.021651431779837860e-03
6.994235167861490889e-03
6.966728977707459421e-03
6.939236190708107828e-03
6.911723590201654735e-03
6.884070821340959601e-03
6.856519508784867691e-03
6.828837686504892791e-03
6.801101477312496320e-03
6.773301547075673626e-03
6.745426577555394682e-03
6.717556086112397989e-03
6.689616136428190585e-03
6.661628199422278337e-03
6.633584900581310576e-03
6.605515277511447153e-03
6.577379959612585959e-03
6.549208843011403679e-03
6.520870943700299988e-03
6.492469152585059883e-03
6.463925550582877606e-03
6.435290646109606549e-03
6.406586245454624212e-03
6.377738110477533355e-03
6.348793662302572305e-03
6.319714391156235588e-03
6.290455509182734523e-03
6.261063479000766006e-03
6.231569988560912987e-03
6.201900340922738598e-03
6.172058440773287025e-03
6.142140839056259294e-03
6.112100324390854107e-03
6.081881186065105083e-03
6.051515352905108280e-03
6.020983368406858556e-03
5.990293943676504827e-03
5.959439807095773430e-03
5.928413520843936989e-03
5.897245663317817084e-03
5.865832510567799488e-03
5.834189006099971264e-03
5.802381790620343184e-03
5.770339147796454092e-03
5.738089561940063095e-03
5.705575966693796248e-03
5.672838963994491362e-03
5.639823937968958117e-03
5.606624157954620026e-03
5.573084080744435294e-03
5.539400508495360281e-03
5.505533495899293805e-03
5.471351036916084071e-03
5.436938485099959868e-03
5.402227648247451275e-03
5.367238633396656175e-03
5.332016182995556394e-03
5.296537565742292890e-03
5.260805244310326652e-03
5.224863769029241059e-03
5.188677486369921814e-03
5.152295479371357158e-03
5.115702452301245685e-03
5.078875905618732839e-03
5.041799234232423842e-03
5.004523992475114549e-03
4.966957512566738328e-03
4.929160150157879325e-03
4.891206000192369931e-03
4.853128607893436065e-03
4.814882494624615067e-03
4.776450389166925908e-03
4.737887066348332732e-03
4.699066261388563578e-03
4.660059094278856673e-03
4.620949184566249500e-03
4.581729359958614661e-03
4.542378331552021642e-03
4.502916783947714073e-03
4.463334206748333956e-03
4.423744079004855029e-03
4.384078486945473113e-03
4.344378225668651602e-03
4.304591715529621637e-03
4.264787352764998554e-03
4.224990802613957583e-03
4.185167239704519308e-03
4.145398123720481567e-03
4.105616305794704095e-03
4.065871305034861501e-03
4.026142359640947146e-03
3.986418903595159019e-03
3.946704211420817149e-03
3.907018359518105340e-03
3.867381469420479948e-03
3.827816467513159206e-03
3.788296268121703683e-03
3.748776216072266954e-03
3.709353634762881883e-03
3.670051449315912297e-03
3.630834333885185443e-03
3.591755595616222870e-03
3.552807621206614200e-03
3.514016733540040790e-03
3.475349639497199959e-03
3.436784449687486486e-03
3.398327321727970252e-03
3.360027364051971100e-03
3.321907447753700681e-03
3.283906144279007209e-03
3.246087227327802346e-03
3.208429102468052328e-03
3.170918386448741497e-03
3.133563724076226294e-03
3.096386732843337680e-03
3.059372250852752505e-03
3.022525241336991922e-03
2.985895985535608112e-03
2.949466654679950856e-03
2.913278111595845894e-03
2.877278392484087371e-03
2.841510554652388904e-03
2.805934221720468320e-03
2.770608230730540935e-03
2.735484782580927844e-03
2.700595369809414507e-03
2.665934775734343527e-03
2.631502612220543331e-03
2.597333617256044301e-03
2.563396573879582214e-03
2.529725216001116328e-03
2.496322670884308648e-03
2.463183087977578647e-03
2.430296336837647377e-03
2.397684153143929148e-03
2.365358228418372889e-03
2.333325000562816963e-03
2.301540182909455733e-03
2.270052499764622748e-03
2.238841177084127838e-03
2.207912021549130778e-03
2.177292283252061072e-03
2.146941540144023993e-03
2.116901771948372438e-03
2.087128546069128877e-03
2.057649173243127679e-03
2.028495967645123702e-03
1.999658295488770682e-03
1.971129243655098118e-03
1.942903255439237418e-03
