7.166455563755633716e-03
7.283477988344187748e-03
7.396162628106405824e-03
7.503559282382723898e-03
7.605868720555533646e-03
7.701394485075395077e-03
7.791340226404516560e-03
7.877193359326559174e-03
7.958808527968133997e-03
8.037083799009919413e-03
8.111796180464163689e-03
8.182225451578038419e-03
8.246252188308796430e-03
8.304270599794074531e-03
8.357560580633992264e-03
8.408440337113078436e-03
8.453172575388851265e-03
8.486399097773222183e-03
8.508969531709114145e-03
8.518534075321323312e-03
8.514132976240361764e-03
8.497798168825045073e-03
8.474405044625569691e-03
8.444035869787754750e-03
8.407569205305663249e-03
8.366076745350408198e-03
8.319174077594165828e-03
8.266661732926585543e-03
8.210448348233220436e-03
8.153471127716948805e-03
8.094853801103240112e-03
8.034908168715826360e-03
7.973280091088693136e-03
7.909436985079771817e-03
7.844300961064252717e-03
7.777475753210870250e-03
7.708245003347293650e-03
7.636490296025829835e-03
7.563102577027675140e-03
7.488354219220670280e-03
7.412183482318195071e-03
7.334959824744062377e-03
7.256827288613172840e-03
7.177135987634858730e-03
7.096417375878112319e-03
7.015296428413880618e-03
6.933693308256153563e-03
6.850416277206581271e-03
6.766691310126245890e-03
6.682945356375712825e-03
6.599440910963917835e-03
6.516234347559469141e-03
6.433909883567527112e-03
6.352856464416529146e-03
6.273593726738836696e-03
6.196436660729157629e-03
6.122215690219648225e-03
6.050951815428721667e-03
5.983977376781184944e-03
5.921944437616722540e-03
5.864521268292662536e-03
5.812660371365036688e-03
5.766317072525094407e-03
5.724919340227982260e-03
5.688884546273606166e-03
5.656963849689482064e-03
5.628661381796518960e-03
5.603398330805019548e-03
5.580616372274326865e-03
5.559446127415647483e-03
5.539299288318922689e-03
5.519630529845954633e-03
5.500129303435016999e-03
5.480791133863980279e-03
5.461706040929344315e-03
5.442901313281700050e-03
5.424239367833310656e-03
5.405754543194848070e-03
5.387469098800310580e-03
5.369380663478187307e-03
5.351464137678918834e-03
5.333765187270607736e-03
5.316203230678044622e-03
5.298888969388888467e-03
5.281868245384350319e-03
5.265128906352090597e-03
5.248607912927669844e-03
5.232246450361064706e-03
5.216133160991697805e-03
5.200224258186771260e-03
5.184568041426001160e-03
5.169137728504091117e-03
5.153984984637761425e-03
5.139079579565903472e-03
5.124465866228595720e-03
5.110157406488195254e-03
5.096130493612355782e-03
5.082221030279994271e-03
5.068496748837485535e-03
5.055044394475654256e-03
5.041862750819836245e-03
5.028871299698285148e-03
5.016189019818650952e-03
5.003801752098848907e-03
4.991884312037830722e-03
4.980365814795951682e-03
4.969203819859512906e-03
4.958433045573637683e-03
4.947865639388587290e-03
4.937611715139782198e-03
4.927629657958676468e-03
4.917937615827481720e-03
4.908472056841577114e-03
4.899508592991050696e-03
4.890899777769710383e-03
4.882673918566294777e-03
4.874814276097556159e-03
4.867459594850602998e-03
4.860648588453585738e-03
4.854360401367133378e-03
4.848459186706967870e-03
4.842896082886453089e-03
4.837634408372881029e-03
4.832682053170759065e-03
4.828133709303807607e-03
4.823833104322424424e-03
4.819891520763986380e-03
4.816505943267442892e-03
4.813485695392417420e-03
4.810836615418844116e-03
4.808557509607327453e-03
4.806733157984468055e-03
4.805185209144849021e-03
4.804079324549271300e-03
4.803380798357603440e-03
4.802977014047739475e-03
4.802945087637582391e-03
4.803217817549697462e-03
4.803825846558921336e-03
4.804718196742634694e-03
4.805930201578984332e-03
4.807406475801579739e-03
4.809127747296730419e-03
4.811040105247733206e-03
4.813270199028368140e-03
4.815784418872680502e-03
4.818563192766810860e-03
4.821572669863390982e-03
4.824796456942117943e-03
4.828304256304198627e-03
4.832088980611845205e-03
4.836111891542639769e-03
4.840433212538708743e-03
4.844980692353297556e-03
4.849667746493646625e-03
4.854437765158195126e-03
4.859373883816165383e-03
4.864505016169935053e-03
4.869931018543924295e-03
4.875617668180513148e-03
4.881523688916608247e-03
4.887527453786591654e-03
4.893781322516067497e-03
4.900224635539317253e-03
4.906851858999513281e-03
4.913683803131168627e-03
4.920682130272616486e-03
4.927967093103257853e-03
4.935437931336032584e-03
4.943061607510818023e-03
4.950991599136110588e-03
4.959095492627278549e-03
4.967283852772154396e-03
4.975673464908364312e-03
4.984287743150079240e-03
4.993078635083819487e-03
5.002147267992751445e-03
5.011413619937785287e-03
5.020787698356123444e-03
5.030426676482286155e-03
5.040238873318812068e-03
5.050189280922270756e-03
5.060358821398969718e-03
5.070727397806801089e-03
5.081432091269962384e-03
5.092366923996145302e-03
5.103415895668814324e-03
5.114757538288249201e-03
5.126329234509454172e-03
5.138162964050088828e-03
5.150217376142637339e-03
5.162540313004163571e-03
5.175175322938248799e-03
5.188050702364608788e-03
5.201128722982539462e-03
5.214384467361005658e-03
5.227945673954229565e-03
5.241705525481405066e-03
5.255712025228277857e-03
5.269964438399625008e-03
5.284430543949295012e-03
5.299138163431317203e-03
5.314095456249719011e-03
5.329298935728719010e-03
5.344673064094278801e-03
5.360305251278413112e-03
5.376096893542309067e-03
5.392252878116775630e-03
5.408590940982207530e-03
5.425230858825319524e-03
5.442097795359543758e-03
5.459289745937325779e-03
5.476784572633099091e-03
5.494350244333734944e-03
5.512357092341653268e-03
5.530670167414084883e-03
5.549230562104838851e-03
5.567900960124496160e-03
5.586742050406973310e-03
5.605732535743738858e-03
5.624873643799639319e-03
5.644225325501326523e-03
5.663822018737574640e-03
5.683580759231260902e-03
5.703563782142721285e-03
5.723672606408344507e-03
5.743924568064398550e-03
5.764317007610779767e-03
5.784965779868238983e-03
5.805793929352221112e-03
5.826885708944219699e-03
5.848170345951441730e-03
5.869477116436789578e-03
5.891036281384482223e-03
5.912945055861572492e-03
5.935220375991680231e-03
5.957769975870432985e-03
5.980665060704103662e-03
6.003862084049071089e-03
6.027255585217074912e-03
6.050829622032287414e-03
6.074609723908498161e-03
6.098628751863283473e-03
6.122854119302548366e-03
6.147459557318732913e-03
6.172402092021126406e-03
6.197633929853693310e-03
6.223216459041554932e-03
6.248931989013312323e-03
6.274852178696410133e-03
6.300977086086006519e-03
6.327374399589425109e-03
6.353938907973082952e-03
6.380823741735395203e-03
6.407916336268501371e-03
6.435212767462133825e-03
6.462779010896668209e-03
6.490557526068361713e-03
6.518605599029773066e-03
6.546821956672515055e-03
6.575270321221412563e-03
6.604020772515858950e-03
6.632970288038956587e-03
6.662372427619430923e-03
6.692014151691678785e-03
6.721679946925493247e-03
6.751519187490040950e-03
6.781476721540865074e-03
6.811588585306438230e-03
6.841903969470181958e-03
6.872328375499441033e-03
6.902786971850211582e-03
6.933443145584767403e-03
6.964223408505419016e-03
6.995093804302834374e-03
7.026102786236554376e-03
7.057414868163304836e-03
7.089005327454012476e-03
7.120806032577164414e-03
7.152751315745387028e-03
7.184925729808978867e-03
7.217493852632102247e-03
7.250391563298955351e-03
7.283466570600582134e-03
7.316724482648203666e-03
7.350247474161186734e-03
7.383995750056105735e-03
7.418001245706629977e-03
7.452062880354704683e-03
7.486265155293275395e-03
7.520554981370061211e-03
7.554955995517316503e-03
7.589387776555910244e-03
7.624047121289111682e-03
7.658678761769495066e-03
7.693376692980750074e-03
7.728202508855795162e-03
7.763284565596806006e-03
7.798518405234651334e-03
7.833825997885001183e-03
7.869194493248344441e-03
7.904657011213424983e-03
7.940124517613174338e-03
7.975547112150512333e-03
8.011064290435642582e-03
8.046710720725085836e-03
8.082551513997789094e-03
8.118556565838708217e-03
8.154801863165212633e-03
8.191268623013307423e-03
8.227978990089531569e-03
8.264748834776420444e-03
8.301648724594308179e-03
8.338745440480715976e-03
8.375929469924225240e-03
8.413313737473298096e-03
8.450791270982896744e-03
8.488371390144562253e-03
8.526112719813641605e-03
8.564108373200334315e-03
8.602261884933109365e-03
8.640560604627598243e-03
8.679091656138396976e-03
8.717800633912350938e-03
8.756630673291783060e-03
8.795704638577591522e-03
8.835022010682223870e-03
8.874690625954072612e-03
8.914533689879758013e-03
8.954441708849479598e-03
8.994499664822802262e-03
9.034710935341657909e-03
9.075118240037748432e-03
9.115602750139780580e-03
9.156216564379999340e-03
9.196869128088687104e-03
9.237476170416146146e-03
9.278300084903802480e-03
9.319259204183543213e-03
9.360341610545455659e-03
9.401559231582650930e-03
9.442941311075753533e-03
9.484362074231693363e-03
9.525814884125734933e-03
9.567422755420659092e-03
9.609261908744030564e-03
9.651237223196216727e-03
9.693078017405085123e-03
9.734975849419782654e-03
9.777132093227372880e-03
9.819475472544915776e-03
9.861833008528650413e-03
9.904454362744343279e-03
9.947098110860442058e-03
9.989695039546992242e-03
1.003229585702510203e-02
1.007501356388895708e-02
1.011789082102012953e-02
1.016073682992073984e-02
1.020363616230152669e-02
1.024656455103905607e-02
1.028957766775167280e-02
1.033263780413842467e-02
1.037571028727572037e-02
1.041888441669451201e-02
1.046216119850441363e-02
1.050544963826082617e-02
1.054878766419332405e-02
1.059209880535488639e-02
1.063531592042813931e-02
1.067864131423273445e-02
1.072194377522806344e-02
1.076518779928608768e-02
1.080861034847419716e-02
1.085221361878420561e-02
1.089570723124487321e-02
1.093935301567095821e-02
1.098298501786681113e-02
1.102667546800875642e-02
1.107014706089516111e-02
1.111349003334109395e-02
1.115684698661464566e-02
1.120004446443120111e-02
1.124319321223119991e-02
1.128626180654948227e-02
1.132925022805890240e-02
1.137189779243486659e-02
1.141451839333119944e-02
1.145706811920245427e-02
1.149949052841930421e-02
1.154168378057776091e-02
1.158380995104747388e-02
1.162579293746982337e-02
1.166784018241778971e-02
1.170970524954274145e-02
1.175134110052973753e-02
1.179294272481956098e-02
1.183425009392020076e-02
1.187538218951799708e-02
1.191635363888411334e-02
1.195711869565728447e-02
1.199757951381058910e-02
1.203797338614167635e-02
1.207816906558533375e-02
1.211845060638732860e-02
1.215860825130212104e-02
1.219853464971307373e-02
1.223827909173956854e-02
1.227773369801384885e-02
1.231696729150697639e-02
1.235612440988017972e-02
1.239515055393699584e-02
1.243401953633086962e-02
1.247271575873892466e-02
1.251112677646944345e-02
1.254954083311880624e-02
1.258770918650579419e-02
1.262585400475747278e-02
1.266381528838769407e-02
1.270161091549871363e-02
1.273928734829736162e-02
1.277662473761185212e-02
1.281384645103266461e-02
1.285089737948762884e-02
1.288769133368838395e-02
1.292440209384137888e-02
1.296107019835638502e-02
1.299758615242938183e-02
1.303403856461847303e-02
1.307040559854546515e-02
1.310658268950267921e-02
1.314275071954343690e-02
1.317882719857824819e-02
1.321494815733261288e-02
1.325102540195841928e-02
1.328716375566389718e-02
1.332323201443065021e-02
1.335900469503227724e-02
1.339447842949433205e-02
1.342982087156572614e-02
1.346538156538202788e-02
1.350103291755926950e-02
1.353638623351008721e-02
1.357151414560208054e-02
1.360631569347518603e-02
1.364091333827816346e-02
1.367526682513922447e-02
1.370931034963577579e-02
1.374297661349975844e-02
1.377633764649818966e-02
1.380946313597021177e-02
1.384233334206603876e-02
1.387521466225792068e-02
1.390798229780101231e-02
1.394045151277106646e-02
1.397275698535040654e-02
1.400504011152359750e-02
1.403708696155083271e-02
1.406910271952949848e-02
1.410095346787176331e-02
1.413263606267725278e-02
1.416421340452009986e-02
1.419566231600932760e-02
1.422684271411584801e-02
1.425783410272069701e-02
1.428867926149600572e-02
1.431928300241875306e-02
1.434957803024074219e-02
1.437982728622477953e-02
1.440996455801924619e-02
1.444017370499103489e-02
1.447020795072712432e-02
1.450013247816163940e-02
1.453010268431241536e-02
1.456007816638912704e-02
1.458994023563246062e-02
1.461986188746798934e-02
1.464972835769965016e-02
1.467965213966645859e-02
1.470945864814799178e-02
1.473882532738848491e-02
1.476848169130552148e-02
1.479868357322039300e-02
1.482882570804272201e-02
1.485871284338373226e-02
1.488860014654694482e-02
1.491852460617173678e-02
1.494850236662770629e-02
1.497845057475508460e-02
1.500827324168977489e-02
1.503775764283822418e-02
1.506713233780574389e-02
1.509640545019721829e-02
1.512576229926523678e-02
1.515474053252198645e-02
1.518346775725654477e-02
1.521188544169408026e-02
1.524023548590488358e-02
1.526831492625803366e-02
1.529635074756723230e-02
