1.352736824393698141e-02
1.364090182647652652e-02
1.373606397896407622e-02
1.381122372259798933e-02
1.386534956002023408e-02
1.389806017173264921e-02
1.391139531661214450e-02
1.390652498253335499e-02
1.388394037413008715e-02
1.384649955606223441e-02
1.379709628978525830e-02
1.373660479549782508e-02
1.366619406451870591e-02
1.359014464319880343e-02
1.351352062660389659e-02
1.343407535180824071e-02
1.335513450025979827e-02
1.327733943005201048e-02
1.319930970360901762e-02
1.312064814427976039e-02
1.304364108472157516e-02
1.296792685998862486e-02
1.289312052075843908e-02
1.282383634461995922e-02
1.276128768318960521e-02
1.270466070744392072e-02
1.265513932821356151e-02
1.261247329687033292e-02
1.257198001420681104e-02
1.253230627294571985e-02
1.249540244277029359e-02
1.246249909704504055e-02
1.243365746097731608e-02
1.240756472189914923e-02
1.238560793050911407e-02
1.237077559563247095e-02
1.236544216698785316e-02
1.237396759413597613e-02
1.240024452627657044e-02
1.244447961829204218e-02
1.250395476457259736e-02
1.257302061492416613e-02
1.264450455211640727e-02
1.271705788461529978e-02
1.278843916266273611e-02
1.285802181979954321e-02
1.292590103973873840e-02
1.299140142308197708e-02
1.305541918299994719e-02
1.311742035750619248e-02
1.317779139207473325e-02
1.323579136285357553e-02
1.329128669830387591e-02
1.334365483158712201e-02
1.339261248546863917e-02
1.343835646633325005e-02
1.348047621414161061e-02
1.351924317731234212e-02
1.355393685210932141e-02
1.358402445275653896e-02
1.361025366908884260e-02
1.363134668122065012e-02
1.364709244783148152e-02
1.365901805383722308e-02
1.366667346059701957e-02
1.367011018675435424e-02
1.366991934899788354e-02
1.366718909380733316e-02
1.366260402441954805e-02
1.365652972227233974e-02
1.364924998165638857e-02
1.364120579259517005e-02
1.363253268179874002e-02
1.362341277860784801e-02
1.361414277993875342e-02
1.360432145867617425e-02
1.359435775176371167e-02
1.358412246937861813e-02
1.357370601851931070e-02
1.356316891351663084e-02
1.355260510026787962e-02
1.354176352900180250e-02
1.353070065650206419e-02
1.351941334018604175e-02
1.350791916127571865e-02
1.349614850724215748e-02
1.348418706668003814e-02
1.347196985876653735e-02
1.345965472153254697e-02
1.344712730461329088e-02
1.343443336908510012e-02
1.342168567010958331e-02
1.340914467834252409e-02
1.339634430746406216e-02
1.338341575616687137e-02
1.337053164950395556e-02
1.335742491863143103e-02
1.334425618633611373e-02
1.333106134823058321e-02
1.331742763115279816e-02
1.330387901687055292e-02
1.329011122668159739e-02
1.327605941472367358e-02
1.326192579085571505e-02
1.324754416382228732e-02
1.323286318266484254e-02
1.321791688698617170e-02
1.320268984702681336e-02
1.318711946249704822e-02
1.317125405076251601e-02
1.315511040096174235e-02
1.313817115081881634e-02
1.312114147643678869e-02
1.310376612576326719e-02
1.308581941595830800e-02
1.306761954703298569e-02
1.304896373079652422e-02
1.302995543632185990e-02
1.301052694733641907e-02
1.299064473410064570e-02
1.297037169790256697e-02
1.294969319821103436e-02
1.292870450093433141e-02
1.290712743532177950e-02
1.288513351879435123e-02
1.286304540626979562e-02
1.284086179239720196e-02
1.281817725881639197e-02
1.279521580987075247e-02
1.277237599894090470e-02
1.274925236396096638e-02
1.272592707175761520e-02
1.270254035415722786e-02
1.267920048423594633e-02
1.265582686670548539e-02
1.263223665119085452e-02
1.260854568228663916e-02
1.258459659893609514e-02
1.256030613200646504e-02
1.253582498578098212e-02
1.251112493033043095e-02
1.248601461397201400e-02
1.246057631444385909e-02
1.243493432416927294e-02
1.240928993897604145e-02
1.238326172340313731e-02
1.235723340976693958e-02
1.233082355469986534e-02
1.230410435321064623e-02
1.227701383830296332e-02
1.224954381757387308e-02
1.222188178134048057e-02
1.219387236912506528e-02
1.216554347746361120e-02
1.213699115193895769e-02
1.210808243816310567e-02
1.207932649996929127e-02
1.204999877514079110e-02
1.202052000670590301e-02
1.199082530202189717e-02
1.196085544184129039e-02
1.193040778336614330e-02
1.189959046229613869e-02
1.186839009601168421e-02
1.183704728626063137e-02
1.180529664269566389e-02
1.177337398249837970e-02
1.174082397869307542e-02
1.170805297778209145e-02
1.167496652845233587e-02
1.164148629971122929e-02
1.160774869408494163e-02
1.157378168602201003e-02
1.153940917916064166e-02
1.150474410661493294e-02
1.146990828287067568e-02
1.143463163772129310e-02
1.139913512066839142e-02
1.136333383152200206e-02
1.132728175643085700e-02
1.129099043320571857e-02
1.125433072929148820e-02
1.121757202685939696e-02
1.118051325316741715e-02
1.114338163991743409e-02
1.110602424807029254e-02
1.106845870107119566e-02
1.103084538879290852e-02
1.099300801644097561e-02
1.095482988751654736e-02
1.091638641219757830e-02
1.087774665309536835e-02
1.083918776642280382e-02
1.080017410771613555e-02
1.076106280729005604e-02
1.072200100403645183e-02
1.068276655069240987e-02
1.064346419334993160e-02
1.060407599532132462e-02
1.056467886688937374e-02
1.052505556749727678e-02
1.048571486718771067e-02
1.044633302444014818e-02
1.040704732953907745e-02
1.036781037116108438e-02
1.032828058631957320e-02
1.028881154714438723e-02
1.024949238295599051e-02
1.021040761867106177e-02
1.017142516507955549e-02
1.013259645386653356e-02
1.009373418075237838e-02
1.005511846447993893e-02
1.001650313293845664e-02
9.978064146170218321e-03
9.939648934149987111e-03
9.901360432793314750e-03
9.863343319169678644e-03
9.825207744951146641e-03
9.787252137890313508e-03
9.749133318383828087e-03
9.711017267737789144e-03
9.672898577632572936e-03
9.635078209776805347e-03
9.597078230702618673e-03
9.559130958252975985e-03
9.521298013704418764e-03
9.483581306552685622e-03
9.445856269374469649e-03
9.408275417549148700e-03
9.370605377193398644e-03
9.333124882022734298e-03
9.295639659876038866e-03
9.258381148456258994e-03
9.221255764648123715e-03
9.184197330409699447e-03
9.147101237334292340e-03
9.110023338774522403e-03
9.073168593666212922e-03
9.036489810089530159e-03
8.999705706783524273e-03
8.963179037863696491e-03
8.926529062990752258e-03
8.889956477622478967e-03
8.853594555569794383e-03
8.817090061973866660e-03
8.780814498071682489e-03
8.744605063632764769e-03
8.708555469296533694e-03
8.672651318485557342e-03
8.636627094021567461e-03
8.600670000305536342e-03
8.564746485300655382e-03
8.528959952861040958e-03
8.493274374134522284e-03
8.457653661062396536e-03
8.422042230288674658e-03
8.386520337864286634e-03
8.350973791550487732e-03
8.315594474586587848e-03
8.280301112161204263e-03
8.245067358600954507e-03
8.210044237224217376e-03
8.175142155571144334e-03
8.140271101468532500e-03
8.105427954775996230e-03
8.070562659560014118e-03
8.035829499909883863e-03
8.001021071276842589e-03
7.966394881300275718e-03
7.931761530076396685e-03
7.897244221260354968e-03
7.862871430577888024e-03
7.828545522470283305e-03
7.794386857323423561e-03
7.760278625755511438e-03
7.726147637049578069e-03
7.692044217973103420e-03
7.657978671142495058e-03
7.624016357413586527e-03
7.589967484501163562e-03
7.556082076720414299e-03
7.522265341911006653e-03
7.488458683551472289e-03
7.454729587249792414e-03
7.421076000734040841e-03
7.387383315919597744e-03
7.353723984412031435e-03
7.320164375844480202e-03
7.286731352498503761e-03
7.253219548396337875e-03
7.219646109542765186e-03
7.186122165735752028e-03
7.152598150309007891e-03
7.119180154650467038e-03
7.085685574583808904e-03
7.052321752703352188e-03
7.018869209637999297e-03
6.985368962603389839e-03
6.951841802840229463e-03
6.918463326861961672e-03
6.885037764817246962e-03
6.851626406643676614e-03
6.818248764898737942e-03
6.784859566977297432e-03
6.751541507336180671e-03
6.718248082568217469e-03
6.684907756326885150e-03
6.651575129814477592e-03
6.618219269061859436e-03
6.584951460969102645e-03
6.551645945882900689e-03
6.518413840839390114e-03
6.485076859718796362e-03
6.451787472406897948e-03
6.418332654144293971e-03
6.384980175404969364e-03
6.351583084458928621e-03
6.318058605121587915e-03
6.284565779404451338e-03
6.251030509794691138e-03
6.217356169326183554e-03
6.183726072310520051e-03
6.149998396262548218e-03
6.116227798518524862e-03
6.082448353491633382e-03
6.048517567931401342e-03
6.014625815088466346e-03
5.980789276786947772e-03
5.946914037867733448e-03
5.912985253916613372e-03
5.879043285921408540e-03
5.845008595829002951e-03
5.811016194350078143e-03
5.776942208858338798e-03
5.742745974803185709e-03
5.708547251872028890e-03
5.674352467770582380e-03
5.640120840559500678e-03
5.606021243300856119e-03
5.571841816279024528e-03
5.537644708021657348e-03
5.503395664826027031e-03
5.469047461186204995e-03
5.434685187012360322e-03
5.400353521340280939e-03
5.366012734183705883e-03
5.331721473126702950e-03
5.297472265215090459e-03
5.263232729476936822e-03
5.228905123563696439e-03
5.194661959424676581e-03
5.160448215639388929e-03
5.126203924181621172e-03
5.091922315366263080e-03
5.057718814050810377e-03
5.023511601088087759e-03
4.989350954249237823e-03
4.955150780298466645e-03
4.921027043664666194e-03
4.886870223805341203e-03
4.852729031557548312e-03
4.818642162291885377e-03
4.784590826242187539e-03
4.750613836890154283e-03
4.716688288459579270e-03
4.682717838539344167e-03
4.648804060405074476e-03
4.614965617957999394e-03
4.581113350822807809e-03
4.547364108957075053e-03
4.513622280265068218e-03
4.479892721181622309e-03
4.446223177279100269e-03
4.412621604491836179e-03
4.379037073880404952e-03
4.345525211888055968e-03
4.312019162205725682e-03
4.278666345410324888e-03
4.245372275216289723e-03
4.212118506548482785e-03
4.178961655290024634e-03
4.145858691737718850e-03
4.112751555318428821e-03
4.079765897511602318e-03
4.046789310929384091e-03
4.013923964376712138e-03
3.981092203712633878e-03
3.948310385664325142e-03
3.915654100093882151e-03
3.883030506530225738e-03
3.850491638696648244e-03
3.817995422648141988e-03
3.785562282159064904e-03
3.753160917712014197e-03
3.720824824980961329e-03
3.688583027070912405e-03
3.656459334049806404e-03
3.624419812628699826e-03
3.592479272990738073e-03
3.560616958849217428e-03
3.528828248611222233e-03
3.497208008257245496e-03
3.465683823462393544e-03
3.434292989132011354e-03
3.402956459907881259e-03
3.371725465992182671e-03
3.340631754153779946e-03
3.309633573333884467e-03
3.278776109439355754e-03
3.248015694245544229e-03
3.217330252545094228e-03
3.186754932095374818e-03
3.156265746984052850e-03
3.125865492949871267e-03
3.095619424372275143e-03
3.065528539075539505e-03
3.035562118643181980e-03
3.005727644356428595e-03
2.976025770566507935e-03
2.946402153322195527e-03
2.916948251393883512e-03
2.887656285273533258e-03
2.858473965683583709e-03
2.829407404263277297e-03
2.800487511958982094e-03
2.771743987257804711e-03
2.743150192316585155e-03
2.714729576978332226e-03
2.686454211853340004e-03
2.658320465638274073e-03
2.630327972317387641e-03
2.602489266426017897e-03
2.574818815680592066e-03
2.547280170652922206e-03
2.519868747921562551e-03
2.492626107225984124e-03
2.465534645069000948e-03
2.438634660986690149e-03
2.411868348779302486e-03
2.385293774622038523e-03
2.358865379408792064e-03
2.332658862354279172e-03
2.306593749484243776e-03
2.280718491770404501e-03
2.255035364710215873e-03
2.229524335906086455e-03
2.204211547147992036e-03
2.179070589047052420e-03
2.154092280122591168e-03
2.129309026306443805e-03
2.104696748276308187e-03
2.080280131034742842e-03
2.056038519219912340e-03
2.032013048623893155e-03
2.008200582750478864e-03
1.984608485113689355e-03
1.961210198335636666e-03
1.938011332870360950e-03
1.914996826355964315e-03
1.892181394654545747e-03
1.869559338715412076e-03
1.847136731590436542e-03
1.824946976092684360e-03
1.802946065551840581e-03
1.781177814748062093e-03
1.759600748107879083e-03
1.738259973597876826e-03
1.717111065128989339e-03
1.696194413622425200e-03
1.675483172897323592e-03
1.654984378837862959e-03
1.634709897617946800e-03
1.614661708955376918e-03
1.594842604136256390e-03
1.575227377826278301e-03
1.555839632603004319e-03
1.536689637553988706e-03
1.517749636862362854e-03
1.499020103188516322e-03
1.480506598447762405e-03
1.462226674413239077e-03
1.444163395234089858e-03
1.426316858338520007e-03
1.408706486522524328e-03
1.391291618182414125e-03
1.374087108646561981e-03
1.357102210218927773e-03
1.340334821365236342e-03
1.323775014134162932e-03
1.307437359891469543e-03
1.291318507992968070e-03
1.275399329331559396e-03
1.259680877462769763e-03
1.244175572748405702e-03
1.228891139820775368e-03
1.213826523764110739e-03
1.198968653006722389e-03
1.184322162310610070e-03
1.169890393023833132e-03
