1.712194268434462721e-02
1.711800855770577445e-02
1.710309545187984823e-02
1.707754047851125709e-02
1.704754398350292674e-02
1.701260792362304167e-02
1.696971179031121074e-02
1.692031268871194150e-02
1.687030724554729882e-02
1.681848960678969732e-02
1.676572991700969739e-02
1.671111362223101984e-02
1.665288213710483176e-02
1.658891424058015970e-02
1.652088853516256797e-02
1.645187417392542442e-02
1.637842201656715402e-02
1.630373294429266970e-02
1.622531377536357358e-02
1.614436721576004846e-02
1.606300721359936109e-02
1.598250670681288996e-02
1.590295704268602714e-02
1.582547660692827651e-02
1.574904553323077175e-02
1.567447570617820640e-02
1.559953876844689252e-02
1.552700731348132662e-02
1.545656283070339504e-02
1.538820636499739491e-02
1.532088142175638303e-02
1.525416678239009151e-02
1.518763123377754945e-02
1.512141829127882156e-02
1.505583961977700024e-02
1.499343068409013727e-02
1.493301184343453526e-02
1.487454457274740155e-02
1.481580818476900541e-02
1.475825856142150283e-02
1.470231555779571812e-02
1.464677027882274607e-02
1.459111483449169848e-02
1.453538049481498465e-02
1.448047385565589228e-02
1.442501455594066492e-02
1.436981197472946004e-02
1.431602735105917679e-02
1.426437974230379893e-02
1.421326056265420981e-02
1.416333947389882518e-02
1.411317015153643745e-02
1.406328704326561749e-02
1.401346797712508391e-02
1.396349925594401499e-02
1.391235594429038672e-02
1.386054342208797689e-02
1.380653438434988750e-02
1.375206928131961041e-02
1.369824372780059640e-02
1.364386893979409147e-02
1.358924718316884689e-02
1.353550414488198343e-02
1.348110311314797659e-02
1.342623073671624784e-02
1.337105463232290785e-02
1.331604335366160137e-02
1.326076665278672941e-02
1.320558941103645509e-02
1.314959663737575585e-02
1.309153784583544713e-02
1.303336101380408139e-02
1.297540300165756118e-02
1.291762559045411644e-02
1.285993351596769092e-02
1.280133277453764096e-02
1.274264071810149619e-02
1.268507456043944069e-02
1.262800392928282479e-02
1.257082475210923034e-02
1.251320917620549721e-02
1.245540375642769856e-02
1.239782352824070170e-02
1.234069393746729110e-02
1.228413282556872418e-02
1.222733433642408246e-02
1.216997382634473455e-02
1.211185306356870987e-02
1.205277585557319210e-02
1.199346506274755544e-02
1.193467519270583616e-02
1.187438324584611654e-02
1.181384548228000229e-02
1.175230938573689453e-02
1.169080446987174650e-02
1.162976674674951263e-02
1.156774657038277254e-02
1.150526538219870561e-02
1.144328637775242699e-02
1.138133125564619146e-02
1.131933146484045798e-02
1.125728417833742577e-02
1.119526145918111823e-02
1.113338838613589510e-02
1.107233370233458650e-02
1.101142643646286882e-02
1.095047767708282049e-02
1.089008687954846379e-02
1.083019817547033713e-02
1.077057356804125843e-02
1.071160493238056816e-02
1.065262414921647888e-02
1.059372597126122945e-02
1.053534827149625944e-02
1.047785147447221656e-02
1.042053292279395034e-02
1.036407373925891592e-02
1.030877269318335870e-02
1.025485931154801640e-02
1.020114600200096658e-02
1.014813577939737040e-02
1.009591058517797339e-02
1.004471229401284263e-02
9.994220936074892786e-03
9.944598895416725814e-03
9.895930995282308656e-03
9.847812610180431414e-03
9.800577559771810054e-03
9.753779828354345802e-03
9.707568867197587797e-03
9.662178946547562985e-03
9.617189901955860640e-03
9.572762298799886160e-03
9.528795489783149428e-03
9.485514700369835489e-03
9.442506090156257276e-03
9.400383048187554644e-03
9.358559534094179275e-03
9.317585434869541175e-03
9.277720954472434833e-03
9.238410631733110986e-03
9.199055521900305343e-03
9.160099655173906119e-03
9.121258365710470731e-03
9.082680252935119991e-03
9.044714809236627934e-03
9.007539776716146432e-03
8.971086301095918675e-03
8.935109612840656801e-03
8.899896962480157228e-03
8.865162943112960339e-03
8.831282012942372195e-03
8.797974302355857437e-03
8.765428215220997729e-03
8.733285911952637023e-03
8.701655616263978196e-03
8.670900026272125583e-03
8.640383647917762588e-03
8.610429133606245164e-03
8.580959156324497600e-03
8.551938303792581617e-03
8.523353074684438327e-03
8.495126719979097588e-03
8.467115909705251117e-03
8.439810670190601646e-03
8.412728118502360228e-03
8.385892170085104680e-03
8.359474324401681283e-03
8.333745979885568561e-03
8.308412289739362105e-03
8.283581584811162968e-03
8.259164388288393888e-03
8.235268579844278944e-03
8.211376974040762375e-03
8.187470674129228645e-03
8.164171337985673751e-03
8.140677225753940524e-03
8.117693425266855195e-03
8.095011002001877010e-03
8.072646230784257318e-03
8.050379843369150426e-03
8.028592764935197842e-03
8.006886013614154460e-03
7.985152292401400537e-03
7.964056910029304256e-03
7.943265168186695174e-03
7.922565798564089323e-03
7.901574968198260898e-03
7.880906681301260222e-03
7.860596205226475647e-03
7.840638100432131830e-03
7.821003328926035697e-03
7.801555470488515283e-03
7.782282515882826650e-03
7.762796598411753068e-03
7.743308921788812776e-03
7.723757583382953422e-03
7.704811216984577653e-03
7.686058950591532525e-03
7.667091775074784746e-03
7.648163700340775313e-03
7.629294821160233567e-03
7.610494572673674740e-03
7.591518830511066393e-03
7.572603160640300340e-03
7.554090979462124537e-03
7.535509729556653068e-03
7.517306312287762998e-03
7.499107664401712982e-03
7.480805255378046061e-03
7.462420097271858961e-03
7.443589045140805611e-03
7.424682791410276879e-03
7.405248721162941555e-03
7.385717113944497043e-03
7.366359353093382932e-03
7.347145751423377752e-03
7.328034549747198048e-03
7.308963046034877217e-03
7.289862101760744180e-03
7.270669699936047926e-03
7.252140919771426358e-03
7.234075335943249314e-03
7.215964509259002214e-03
7.198115226376556978e-03
7.180517142778447895e-03
7.163368574548150194e-03
7.146610967799721728e-03
7.130475531033974440e-03
7.114625660350953895e-03
7.099280880091317011e-03
7.084205046120052758e-03
7.069572711958504833e-03
7.054886332820097666e-03
7.040624183779874666e-03
7.026304962079223289e-03
7.012170975258580352e-03
6.998507044968472687e-03
6.985080017308544637e-03
6.972046243577860979e-03
6.959006320909654972e-03
6.946271831061547226e-03
6.934202599220633603e-03
6.922318563649194380e-03
6.910925439489646986e-03
6.899887187553084555e-03
6.889030159884249917e-03
6.878621001131566756e-03
6.868401383220952908e-03
6.858690970226827451e-03
6.849218882081752925e-03
6.839950364147290469e-03
6.831233739647831621e-03
6.822734744922756729e-03
6.814904379643594440e-03
6.807174945126416403e-03
6.799274792855925995e-03
6.791509115089849370e-03
6.783722800592577318e-03
6.775845234268839529e-03
6.768531627996883168e-03
6.761381512329220182e-03
6.754188286900870627e-03
6.746971315653486900e-03
6.739539672079378381e-03
6.731871227075783039e-03
6.724029664355683604e-03
6.716342628300586183e-03
6.708948420172237449e-03
6.701769942224608013e-03
6.694715049447455199e-03
6.687450397029365279e-03
6.680527512665225716e-03
6.673914456252517079e-03
6.667417095438165318e-03
6.661195964591899374e-03
6.654828376854689601e-03
6.648548469886922559e-03
6.642200517560182225e-03
6.635909007173358860e-03
6.629722994037530459e-03
6.623331453301304142e-03
6.616778164533415781e-03
6.610376460415073527e-03
6.603946342464560477e-03
6.597721993575055531e-03
6.591725769703042290e-03
6.585739889413368651e-03
6.579913370232496304e-03
6.573981592095528431e-03
6.568320748762790373e-03
6.562588746981915834e-03
6.556466391552186017e-03
6.550397312134132247e-03
6.543974970454132130e-03
6.537541628279948912e-03
6.531216618249322675e-03
6.524631790192376296e-03
6.517751792408798747e-03
6.510709787320882909e-03
6.503535637469561904e-03
6.495992604933479957e-03
6.488463249021541104e-03
6.481184218399179894e-03
6.474056241000257679e-03
6.466896487625114522e-03
6.459767493535033961e-03
6.452537736029885854e-03
6.445206135910712571e-03
6.437735649379235266e-03
6.430134247943750277e-03
6.422485160864382057e-03
6.414827486000946634e-03
6.407339244196831769e-03
6.399600740274966407e-03
6.391683711209210882e-03
6.383963895310870024e-03
6.376400883708688641e-03
6.368478970177450862e-03
6.360063880939478484e-03
6.351642879705948069e-03
6.343099323292522573e-03
6.334244327899379683e-03
6.325545376036321131e-03
6.316715466634234381e-03
6.307412736854834182e-03
6.297975825606143274e-03
6.288488198010132660e-03
6.278724932507969564e-03
6.268820861586902986e-03
6.259022415157865053e-03
6.249438105408495689e-03
6.239922669490947232e-03
6.230465155012701595e-03
6.220954507134246816e-03
6.211466452813979577e-03
6.202166988035022997e-03
6.192835077905904650e-03
6.183514683010601400e-03
6.174213724197436838e-03
6.164959696518009305e-03
6.155558870412776787e-03
6.146097250103809730e-03
6.136630492672938593e-03
6.127013171849510914e-03
6.117294836462811025e-03
6.107711264607460118e-03
6.098259863395425438e-03
6.088415835606476173e-03
6.078703217789138691e-03
6.068972002310910746e-03
6.059136336555584305e-03
6.049547401170722247e-03
6.039957729393195460e-03
6.030295993178493193e-03
6.020670261327544341e-03
6.010660841043138046e-03
6.000952965927436496e-03
5.991045846708782478e-03
5.981213550461861837e-03
5.971572058402607915e-03
5.962227715105005224e-03
5.952835449701130571e-03
5.943162079866994192e-03
5.933741839009142732e-03
5.924192588027911086e-03
5.914893164943698517e-03
5.905585049653249048e-03
5.896281743911577049e-03
5.887308994963599308e-03
5.878349619496668968e-03
5.869361035150864013e-03
5.860256859287421918e-03
5.851393941777953238e-03
5.842397422611794559e-03
5.833548620761828257e-03
5.824867119966211509e-03
5.816411591505612350e-03
5.808078197711966095e-03
5.799760093152748694e-03
5.791526823091005909e-03
5.783325456732098940e-03
5.775200682217845882e-03
5.766965479460587317e-03
5.758874176211973596e-03
5.750738149429053363e-03
5.742883508505621133e-03
5.735092860115957418e-03
5.727247973677889598e-03
5.719202390982714573e-03
5.711073008130283443e-03
5.703128536517423387e-03
5.695235873918414946e-03
5.687362871986938011e-03
5.679427810038762542e-03
5.671398144571210276e-03
5.663248897031828225e-03
5.655054554636417159e-03
5.646832473426150779e-03
5.638814005365218492e-03
5.630661090840017279e-03
5.622816323920019378e-03
5.614876072875639966e-03
5.607024953479994127e-03
5.599132814563537869e-03
5.591336143640916571e-03
5.583774740071177634e-03
5.576057138980480485e-03
5.568364524364237921e-03
5.560573127109517434e-03
5.552938883945836984e-03
5.545528700280710245e-03
5.538244611195381958e-03
5.531238579464399160e-03
5.524000084521938324e-03
5.516556535554160631e-03
5.509063335316715174e-03
5.501479386290453709e-03
5.493863933556364897e-03
5.486184180938189631e-03
5.478381982150427876e-03
5.470626052612072819e-03
5.462924917073488408e-03
5.455164596711399236e-03
5.447126239948717197e-03
5.438909454047295873e-03
5.430427626390975371e-03
5.422039985075811745e-03
5.413823413911759801e-03
5.405719381695333128e-03
5.397628544974014501e-03
5.389611410602688016e-03
5.381597042551513645e-03
5.373566024732955027e-03
5.365361161048088842e-03
5.357135674387002687e-03
5.349065864742901487e-03
5.340912879344356622e-03
5.332821442253041222e-03
5.324747680914078060e-03
5.316500996332848734e-03
5.308467688067575879e-03
5.300384110039151400e-03
5.292236489179027656e-03
5.284146130783931410e-03
5.275658109297030537e-03
5.267248730468679016e-03
5.258624531212756012e-03
5.250204984439458405e-03
5.241734656347535846e-03
5.233388116158203991e-03
5.224597633772773940e-03
5.215655262616677133e-03
5.206606072098422626e-03
5.197600108231984276e-03
5.188281463902519146e-03
5.178699462110797694e-03
5.168981140929908812e-03
5.159279425064745676e-03
5.149490013838265226e-03
5.139568975004761564e-03
5.129392596185325913e-03
5.119170054391752531e-03
5.108852538046196670e-03
5.098237211616596896e-03
5.087444752158973987e-03
5.076314805176526321e-03
5.064875644326441093e-03
5.053413135841698656e-03
5.041546075201097134e-03
5.029558885749821524e-03
5.017491700080401427e-03
5.005046760432264007e-03
4.992364354218378590e-03
4.979551133612701228e-03
4.966487983647861412e-03
4.953026069924614840e-03
4.939319213657131225e-03
4.925156625652717113e-03
4.910874832492025804e-03
4.896283511899920428e-03
4.881255141145235399e-03
4.865892748365984767e-03
4.850083872248911812e-03
4.834121253615211548e-03
4.817795665177678280e-03
4.801312628534937926e-03
4.784561320342746796e-03
4.767479677920789631e-03
4.749972447301815254e-03
4.732173896174442056e-03
4.714077076349793352e-03
4.695778049196465756e-03
4.677241634462441303e-03
4.658197968999327164e-03
4.638628316467023269e-03
4.618764279300600906e-03
4.598677174786616403e-03
4.578307150838206718e-03
4.557706646320125801e-03
