3.945232019220830562e-03
3.904619849505670467e-03
3.862055872576924866e-03
3.818043197531725916e-03
3.772772038805417404e-03
3.726647059551096292e-03
3.680333717828717082e-03
3.633659197997531152e-03
3.586943067882466564e-03
3.540330608004526453e-03
3.494406172692914470e-03
3.448590992421775910e-03
3.404904941647440841e-03
3.364673416716540497e-03
3.329974730711147708e-03
3.307828081184828895e-03
3.306772359476408199e-03
3.328564003455893993e-03
3.364719626757719032e-03
3.409024157736112882e-03
3.454882494287627587e-03
3.501893899699539976e-03
3.549784434788354464e-03
3.598350710612539458e-03
3.647871754672341125e-03
3.698228610905559665e-03
3.749093752962675500e-03
3.800296107451278660e-03
3.851822005581712581e-03
3.903164903486727906e-03
3.954447928149375756e-03
4.005450660677590570e-03
4.056042185082888406e-03
4.106340054907219386e-03
4.156757460304364576e-03
4.207363370137598944e-03
4.258114266676008876e-03
4.309117450349933022e-03
4.360164630326354186e-03
4.411246485514461711e-03
4.462595890819414518e-03
4.513685604281991552e-03
4.564631400321692879e-03
4.615515554591847862e-03
4.666377796634526773e-03
4.716923314827606295e-03
4.767149017634501537e-03
4.817003544183479785e-03
4.866176192082073172e-03
4.914471129371510150e-03
4.961836657468929844e-03
5.007293475960229029e-03
5.049802536996391734e-03
5.089161430124022369e-03
5.124733212195080323e-03
5.156543710753669872e-03
5.185652923989688377e-03
5.213229937083957086e-03
5.240055564303063018e-03
5.266788772253115300e-03
5.293841802104370421e-03
5.321295283832334563e-03
5.348950871873700726e-03
5.376904213043045937e-03
5.404979465526841761e-03
5.433229138943644274e-03
5.461826347042182672e-03
5.490549602703327300e-03
5.519455562209751344e-03
5.548535669995582724e-03
5.577804973006755471e-03
5.607308095534672271e-03
5.637026805531578783e-03
5.666945968207747972e-03
5.697082128057349461e-03
5.727380547818894212e-03
5.758015596828571815e-03
5.788831785674215281e-03
5.819772206923231120e-03
5.850914560486446779e-03
5.882248124726866499e-03
5.913716021225774895e-03
5.945391842235914215e-03
5.977298860325543257e-03
6.009426732473396177e-03
6.041768976927807192e-03
6.074353017849028896e-03
6.107105572386771486e-03
6.140024234121161696e-03
6.173063174310313046e-03
6.206290607744889727e-03
6.239522381835674140e-03
6.272717447822325799e-03
6.305961068148292249e-03
6.339472188434729268e-03
6.373106850947837278e-03
6.406907385629639212e-03
6.440804514044540935e-03
6.474726776737486922e-03
6.508540153946090409e-03
6.542216024956737201e-03
6.575963358912443810e-03
6.609605467983298115e-03
6.642952388911330802e-03
6.676023634617127625e-03
6.708632211229146117e-03
6.740642176675419768e-03
6.772115088520129153e-03
6.802817431413118836e-03
6.832912345055459045e-03
6.862294987762733271e-03
6.891016122566673632e-03
6.918901354086459676e-03
6.946057094131051317e-03
6.972575048117734577e-03
6.998581867081339267e-03
7.024151273135719083e-03
7.049581641679745006e-03
7.074680776703618813e-03
7.099585069944252050e-03
7.124182252836655863e-03
7.148579239105284575e-03
7.172720969697878902e-03
7.196729325592104293e-03
7.220528209755211826e-03
7.244163911136112383e-03
7.267598634571482280e-03
7.290834899014109194e-03
7.313747166538130291e-03
7.336513777622708649e-03
7.359132934514021722e-03
7.381505976232968606e-03
7.403681123591797884e-03
7.425657750380066681e-03
7.447361247892372860e-03
7.468875323196925639e-03
7.490152110370666520e-03
7.511203591968283570e-03
7.532226326745417554e-03
7.553004484697501200e-03
7.573581461631775577e-03
7.594025006325502529e-03
7.614186571613464245e-03
7.634299592002623779e-03
7.654334115855684906e-03
7.674147440985983060e-03
7.693829488907185689e-03
7.713380338739786804e-03
7.732734337932948773e-03
7.751941524022993441e-03
7.770997818433489357e-03
7.790012292748036554e-03
7.808869033409372024e-03
7.827699479711049124e-03
7.846611624705165933e-03
7.865439314857289657e-03
7.884401387848946618e-03
7.903435088059521801e-03
7.922545977643368625e-03
7.941537370681024319e-03
7.960391404444079611e-03
7.979309854095298360e-03
7.998273949463917398e-03
8.017232635648137429e-03
8.036133250738061382e-03
8.055053123899315673e-03
8.074006146736211614e-03
8.093000857289100319e-03
8.112070174296217087e-03
8.131177819335781362e-03
8.150219106713192316e-03
8.169266085001071834e-03
8.188344709894806311e-03
8.207393696503546138e-03
8.226430913375805398e-03
8.245505799126072802e-03
8.264565916632316683e-03
8.283565492189710541e-03
8.302475728408741443e-03
8.321261184468709340e-03
8.340050154609746774e-03
8.358841135267911990e-03
8.377554443978181206e-03
8.396139468935486308e-03
8.414701053800884012e-03
8.433157201903497546e-03
8.451465943581638190e-03
8.469672317943941278e-03
8.487793093923267154e-03
8.505783645583587724e-03
8.523656584874618469e-03
8.541487630275153634e-03
8.559234553238604867e-03
8.576903188201449521e-03
8.594468543519412709e-03
8.611900287491307260e-03
8.629253860633403009e-03
8.646501746473628583e-03
8.663687675804753949e-03
8.680754864983821276e-03
8.697895721438716685e-03
8.714819375332383614e-03
8.731603220675213453e-03
8.748209116556651330e-03
8.764773298311993172e-03
8.781192275674412281e-03
8.797514098778812588e-03
8.813698125222165988e-03
8.829855638502826301e-03
8.845839307089001236e-03
8.861780063321063328e-03
8.877639947425524855e-03
8.893339023048976028e-03
8.908907722975761487e-03
8.924357905396989102e-03
8.939696477515433892e-03
8.954876402388768641e-03
8.970002983136975833e-03
8.984970840868885048e-03
8.999861824940809732e-03
9.014577334249363610e-03
9.029136815250622325e-03
9.043522366781514901e-03
9.057844650577386025e-03
9.072108873930857104e-03
9.086221037136171103e-03
9.100210560828329159e-03
9.114121267549128019e-03
9.127900763113542398e-03
9.141634355503230197e-03
9.155282115333040691e-03
9.168751375701457082e-03
9.182086450180527298e-03
9.195316781148285198e-03
9.208470571959106662e-03
9.221430291889903819e-03
9.234216613956605993e-03
9.246954089851669445e-03
9.259507795904970556e-03
9.271945757842960448e-03
9.284351590929908887e-03
9.296658004310094994e-03
9.308891899720634494e-03
9.321133137139779243e-03
9.333383000834277743e-03
9.345590788348172306e-03
9.357714839363888773e-03
9.369695851285681637e-03
9.381545705365456830e-03
9.393198091709851691e-03
9.404820285761065352e-03
9.416363935397574145e-03
9.427759302903307437e-03
9.439056052559121474e-03
9.450194149643882657e-03
9.461325325524671051e-03
9.472304862501192829e-03
9.483163642494261969e-03
9.493982517535642582e-03
9.504604730212517019e-03
9.515221827235987098e-03
9.525701805970182220e-03
9.536102649823465296e-03
9.546347252935587571e-03
9.556552988722060230e-03
9.566721296835478325e-03
9.576756861512382771e-03
9.586706736771068160e-03
9.596553817759737384e-03
9.606386942903305526e-03
9.616177213838913648e-03
9.625857440409647803e-03
9.635518505544770143e-03
9.645101084905498973e-03
9.654621736583124739e-03
9.664066558211630367e-03
9.673468074738691969e-03
9.682724660307994238e-03
9.691823799056470748e-03
9.700818045002430542e-03
9.709774907200662691e-03
9.718594552167818951e-03
9.727313856314102544e-03
9.735829936201083334e-03
9.744184942352983325e-03
9.752373417047913509e-03
9.760450673912858185e-03
9.768378390735472927e-03
9.776154195767725388e-03
9.783833595468784117e-03
9.791392710493469070e-03
9.798778062414966600e-03
9.806017121034684217e-03
9.813181460696429603e-03
9.820194930696198032e-03
9.827110744371456846e-03
9.833859681556303065e-03
9.840498839026368821e-03
9.846994414705097926e-03
9.853375235466877921e-03
9.859656468507517132e-03
9.865749440012262783e-03
9.871699793227719025e-03
9.877570548479501847e-03
9.883280412505935156e-03
9.888744423841286380e-03
9.894029609459878763e-03
9.899202009333933974e-03
9.904261888113548989e-03
9.909300385361708915e-03
9.914235656993142590e-03
9.919033884898542305e-03
9.923751554193366298e-03
9.928354748155947263e-03
9.932895364340584357e-03
9.937269843298061900e-03
9.941503573208543970e-03
9.945608248311851862e-03
9.949673066671518157e-03
9.953669322207800430e-03
9.957518376286167427e-03
9.961206247035760131e-03
9.964753898477802380e-03
9.968156655200479527e-03
9.971391654071057320e-03
9.974513307368803108e-03
9.977485840550349289e-03
9.980288098299674310e-03
9.982982903717674966e-03
9.985514193591662688e-03
9.987826064377513732e-03
9.990035571141926696e-03
9.992166610360956464e-03
9.994092704545995756e-03
9.995857173952725841e-03
9.997459154569964673e-03
9.999028144191806147e-03
1.000053546748623859e-02
1.000194520363855213e-02
1.000324792341841275e-02
1.000436920546193820e-02
1.000529177745202412e-02
1.000611929239882819e-02
1.000677985793917840e-02
1.000728756026657978e-02
1.000766992321059853e-02
1.000791374084127917e-02
1.000803869214439770e-02
1.000803755359992026e-02
1.000791730779746272e-02
1.000761594996497222e-02
1.000719463953158098e-02
1.000665028327575937e-02
1.000591077733388110e-02
1.000503428454926902e-02
1.000406177209783518e-02
1.000299016915996188e-02
1.000172659475307216e-02
1.000030614806863422e-02
9.998842708811456551e-03
9.997296747042326570e-03
9.995584402942713984e-03
9.993870930181822376e-03
9.991986301505528453e-03
9.990044900332327796e-03
9.987979195864395143e-03
9.985757968944216148e-03
9.983445831092375988e-03
9.981046175650206548e-03
9.978594012970201654e-03
9.976015342712737932e-03
9.973286944851800576e-03
9.970475700968879640e-03
9.967552955608171769e-03
9.964575985858779850e-03
9.961509144890218215e-03
9.958330634319683197e-03
9.955137358360269598e-03
9.951835773745280542e-03
9.948408456175976064e-03
9.944874999532813536e-03
9.941292084618580382e-03
9.937642325459385140e-03
9.933902135691981619e-03
9.930150125509250997e-03
9.926314868156487989e-03
9.922393209355954286e-03
9.918357750575083898e-03
9.914248562034606860e-03
9.910054663940143921e-03
9.905866131104756542e-03
9.901658385550937344e-03
9.897450221388753161e-03
9.893189367039744234e-03
9.888938415985161143e-03
9.884701466018766189e-03
9.880464417110572037e-03
9.876278602044982063e-03
9.872170481329206951e-03
9.868041367272054054e-03
9.863993497609649386e-03
9.860015322396864165e-03
9.856107450987803761e-03
9.852284716416345733e-03
9.848481071352775326e-03
9.844806970314708139e-03
9.841261171752773915e-03
9.837910875048207562e-03
9.834783202772706331e-03
9.831814972186759399e-03
9.829003161337678679e-03
9.826265948871546266e-03
9.823691126362920842e-03
9.821398417561747612e-03
9.819266588126084397e-03
9.817319290636604759e-03
9.815482722637288923e-03
9.813897128582937945e-03
9.812491675589266396e-03
9.811278497039555013e-03
9.810205136319905678e-03
9.809241110680912146e-03
9.808388952198052527e-03
9.807709512054478204e-03
9.807208357016702210e-03
9.806793201290325834e-03
9.806605650136785909e-03
9.806620435621500945e-03
9.806790631109625622e-03
9.807061769634859913e-03
9.807499557007496455e-03
9.808070538161064653e-03
9.808780703631664669e-03
9.809482391514141864e-03
9.810159387762331512e-03
9.810887280396800303e-03
9.811658951098672921e-03
9.812475815361610884e-03
9.813259312298913684e-03
9.813962559091249718e-03
9.814627755019950453e-03
9.815090907292326611e-03
9.815356296431499913e-03
9.815429141535020330e-03
9.815307930802940478e-03
9.815050667300205187e-03
9.814602338178513366e-03
9.813797877110176995e-03
9.812633561753167713e-03
9.811163197283831114e-03
9.809448683877034988e-03
9.807320036117530421e-03
9.804874221855230249e-03
9.801992577423054506e-03
9.798732083853397418e-03
9.794992508985666743e-03
9.790851987795608918e-03
9.786381959611560599e-03
9.781584630528165555e-03
9.776454885056740096e-03
9.770901357418862107e-03
9.765004178886586839e-03
9.758763933721669587e-03
9.752091018045461884e-03
9.744980156590905482e-03
9.737473997281646115e-03
9.729606302002567070e-03
9.721392081245871716e-03
9.712897369602933179e-03
9.704036421046767849e-03
9.694917890035086375e-03
9.685456764423309647e-03
9.675628449212866911e-03
9.665461294139286036e-03
9.655005604463754582e-03
9.644137033625096306e-03
9.632875058113330932e-03
9.621271704348680759e-03
9.609363983207755769e-03
9.597222701603992656e-03
9.584755003537342652e-03
9.571955969645709258e-03
9.558837199564740317e-03
9.545448576158703860e-03
9.531779926870915728e-03
9.517853083741967951e-03
9.503638951843159863e-03
9.489117479043060466e-03
9.474360032907002890e-03
9.459300845360533658e-03
9.444044935848380090e-03
9.428562465182081798e-03
9.412857714488735705e-03
9.396827513058271172e-03
9.380541759428363130e-03
9.364012105066545424e-03
9.347231205575774401e-03
9.330213520679558892e-03
9.312952038495581064e-03
9.295485836998887766e-03
