1.434512323032193122e-02
1.405221514108188387e-02
1.374386368876678172e-02
1.342236428605709901e-02
1.309054009707247279e-02
1.275034687218326059e-02
1.240496410237452475e-02
1.205649279786532441e-02
1.170682987763919415e-02
1.135772642540918385e-02
1.101117935155376294e-02
1.066868730312752617e-02
1.033145451218966254e-02
1.000176762046623563e-02
9.682989174338692273e-03
9.379149390760550473e-03
9.096532420953972256e-03
8.837486093198071088e-03
8.601641600453685185e-03
8.386594382905137104e-03
8.193877710867587469e-03
8.021659783227320234e-03
7.869622638707532772e-03
7.735686898555737927e-03
7.614584035172724738e-03
7.503064203694812147e-03
7.404231948945305848e-03
7.318030563217132328e-03
7.242492285418125446e-03
7.179419432664705530e-03
7.130495814725419657e-03
7.092676900084523423e-03
7.065974185427688868e-03
7.050141991458963760e-03
7.043714461819672312e-03
7.047208166153002065e-03
7.057946726483316918e-03
7.074743665368637448e-03
7.097416318457799682e-03
7.124720575314736140e-03
7.156827258900936434e-03
7.192104786881373807e-03
7.228916383519789872e-03
7.266034919252684597e-03
7.302891918097488382e-03
7.339563397499776487e-03
7.375751247740158952e-03
7.411391119587132544e-03
7.446400354140575092e-03
7.479971792877502558e-03
7.512167215672320431e-03
7.543184875425702068e-03
7.572898047788653893e-03
7.600701960512146887e-03
7.626295780890859737e-03
7.649514309283677281e-03
7.670224063100593119e-03
7.688644099814572960e-03
7.704806629373804616e-03
7.718488312958598184e-03
7.729664596475835543e-03
7.738343226376574562e-03
7.745492232258462117e-03
7.751484951344363855e-03
7.756693939974640059e-03
7.761281408397365487e-03
7.764886601634899375e-03
7.767521235615199547e-03
7.769699773377672369e-03
7.771556051440648392e-03
7.773046050916102533e-03
7.774348252707044028e-03
7.775581796136989826e-03
7.776673336012543750e-03
7.777843435511976738e-03
7.779045386803460846e-03
7.780209991903356929e-03
7.781363894158056099e-03
7.782565308517323636e-03
7.783760735470163748e-03
7.784969681924892512e-03
7.786281471077348935e-03
7.787602229726689300e-03
7.788938317381765425e-03
7.790334181641797411e-03
7.791886304817151158e-03
7.793559201118560424e-03
7.795279242528429207e-03
7.797164788695717767e-03
7.799124852478288641e-03
7.801183534220629268e-03
7.803462670535871344e-03
7.805818903871414305e-03
7.808276546291823689e-03
7.810847396908645809e-03
7.813504665390363230e-03
7.816374187641321816e-03
7.819327757821058558e-03
7.822483092401931459e-03
7.825898939532267493e-03
7.829555057213402613e-03
7.833559787813642802e-03
7.837823023685712084e-03
7.842416008196106611e-03
7.847374302740560761e-03
7.852610419378307574e-03
7.858322047118636300e-03
7.864587558188997768e-03
7.871302007515700028e-03
7.878621846022648353e-03
7.886341704686553739e-03
7.894628302196157743e-03
7.903293670875931667e-03
7.912292214479355740e-03
7.921648239745048350e-03
7.931452381094768883e-03
7.941603850657591446e-03
7.951962131202378742e-03
7.962619239480932254e-03
7.973660016603625195e-03
7.984916235485986502e-03
7.996435497565719183e-03
8.008227984294383553e-03
8.020341258016141714e-03
8.032692004574805075e-03
8.045157594559993949e-03
8.057920661465330092e-03
8.070872406757984702e-03
8.084084756294223489e-03
8.097648673057252985e-03
8.111450478739847328e-03
8.125626312425981296e-03
8.140146200570588797e-03
8.154945263488935780e-03
8.170098909327405678e-03
8.185375471189009627e-03
8.201039383056791393e-03
8.216871366733012605e-03
8.232949516946872284e-03
8.249262247075596355e-03
8.265863084083507548e-03
8.282644444961392849e-03
8.299663016222352113e-03
8.316812923113143033e-03
8.334245966293110305e-03
8.351878741668953762e-03
8.369768870265113098e-03
8.387866018049285055e-03
8.406106760143569612e-03
8.424616628104704755e-03
8.443313074163644877e-03
8.462279973952073139e-03
8.481427458007799805e-03
8.500844090112666049e-03
8.520432849980863130e-03
8.540167230873762366e-03
8.560060360534244364e-03
8.580224893589784643e-03
8.600447749376859824e-03
8.620835000532312345e-03
8.641247814910364353e-03
8.661846226972922183e-03
8.682575645884238122e-03
8.703505276216749395e-03
8.724522589628296021e-03
8.745665955331332828e-03
8.766854089508099857e-03
8.788177185130823313e-03
8.809543430139721992e-03
8.831106116019742450e-03
8.852794746134947865e-03
8.874498795796969750e-03
8.896268996562319356e-03
8.918187534914226791e-03
8.940117510542798171e-03
8.962067816130500630e-03
8.984222088315613544e-03
9.006318854341020808e-03
9.028536208127603893e-03
9.050805429379653669e-03
9.073036302942656672e-03
9.095146482884447839e-03
9.117264982722439806e-03
9.139335152840807885e-03
9.161303119484770149e-03
9.183306560003254293e-03
9.205265099832771192e-03
9.227064743305608135e-03
9.248895883434226847e-03
9.270799618072401993e-03
9.292602418019242985e-03
9.314187072931972775e-03
9.335710704144807234e-03
9.357206584434125951e-03
9.378562403547016993e-03
9.399833557031216091e-03
9.420999667048988307e-03
9.442103799748011173e-03
9.462930487562488252e-03
9.483775458196229066e-03
9.504432991772393535e-03
9.524930371190138551e-03
9.545331567099551995e-03
9.565563775247641273e-03
9.585649093807583135e-03
9.605531212706325261e-03
9.625369755264713556e-03
9.644928323059341960e-03
9.664425560116037678e-03
9.683722154844077307e-03
9.702886622188265295e-03
9.722009234625666324e-03
9.740862711752272876e-03
9.759524577158217376e-03
9.777988954732870497e-03
9.796244009455730428e-03
9.814297035127358959e-03
9.832014918020683808e-03
9.849840734008080342e-03
9.867306872066853793e-03
9.884790903327240336e-03
9.902030990671537025e-03
9.918892493747930028e-03
9.935647255204748535e-03
9.951987333461738069e-03
9.968111925265038184e-03
9.984036299277970414e-03
9.999738623954094324e-03
1.001523213245707374e-02
1.003044269047501102e-02
1.004555861818418397e-02
1.006041058608422335e-02
1.007503245203687087e-02
1.008939760717711236e-02
1.010356282059766443e-02
1.011746318362307870e-02
1.013106455133960110e-02
1.014439509042397089e-02
1.015760115479497072e-02
1.017052922675222397e-02
1.018318335137909959e-02
1.019550606424495312e-02
1.020760651671280550e-02
1.021940136267078698e-02
1.023092836757773585e-02
1.024213278005083397e-02
1.025296182029557246e-02
1.026363190642182524e-02
1.027405699222787121e-02
1.028405672317587484e-02
1.029367457765270957e-02
1.030305758932159935e-02
1.031199623085835362e-02
1.032056916988824923e-02
1.032872702533895772e-02
1.033655792657083884e-02
1.034403202456712738e-02
1.035109593380305337e-02
1.035776435959961418e-02
1.036403180667876817e-02
1.036998591814750070e-02
1.037552408378287529e-02
1.038075876955309174e-02
1.038559377701520937e-02
1.039014380947395934e-02
1.039433942054797909e-02
1.039839715375395247e-02
1.040202606112253583e-02
1.040544623775273465e-02
1.040851447060627856e-02
1.041125814448907658e-02
1.041370348040550516e-02
1.041578853903222385e-02
1.041741741600635436e-02
1.041881595207931263e-02
1.041985859351206821e-02
1.042057812463136925e-02
1.042090238974167395e-02
1.042099377287063547e-02
1.042074090113181625e-02
1.042010221809103014e-02
1.041903420868375320e-02
1.041770476671103653e-02
1.041595774773794274e-02
1.041397796142860648e-02
1.041162649305763833e-02
1.040887654883439900e-02
1.040600293065650252e-02
1.040255907783575566e-02
1.039893022603271058e-02
1.039496755294482856e-02
1.039052362540803486e-02
1.038592403310087571e-02
1.038081059792501926e-02
1.037533133219997565e-02
1.036938534867376700e-02
1.036306671189694308e-02
1.035650905259767433e-02
1.034943442668007606e-02
1.034198944326908051e-02
1.033409987185632782e-02
1.032584914662396276e-02
1.031733019489581953e-02
1.030828563665713536e-02
1.029899361300888952e-02
1.028917069204445499e-02
1.027899923349285226e-02
1.026842563945035321e-02
1.025761234050545298e-02
1.024638707953473733e-02
1.023470144336045655e-02
1.022260402558364083e-02
1.021010870265436424e-02
1.019712677528115431e-02
1.018391728089117557e-02
1.017044475110057307e-02
1.015662239023173118e-02
1.014248746848542618e-02
1.012802719766155504e-02
1.011327239906399840e-02
1.009810747638612179e-02
1.008250388903684375e-02
1.006665799607636344e-02
1.005041075674348826e-02
1.003389547726803339e-02
1.001697958123949281e-02
9.999716140555801880e-03
9.982089589618431749e-03
9.964226971784062581e-03
9.946049441639655611e-03
9.927476316814995427e-03
9.908696874179979963e-03
9.889588283695302864e-03
9.870369229468647573e-03
9.850690335268539113e-03
9.830767026053208874e-03
9.810585403190288586e-03
9.790043408049137891e-03
9.769253954306850868e-03
9.748114125910404063e-03
9.726715040789596020e-03
9.704941166109889647e-03
9.682841111834495848e-03
9.660366506844172627e-03
9.637705394695446348e-03
9.614716800565087026e-03
9.591388863955902649e-03
9.567783450945751070e-03
9.543918824038429699e-03
9.519778469287599673e-03
9.495293098882324340e-03
9.470522115897560961e-03
9.445431510050684640e-03
9.420057311310858078e-03
9.394415924689611050e-03
9.368447557055086319e-03
9.342191139095231550e-03
9.315490193640758865e-03
9.288559946119096314e-03
9.261258183342231665e-03
9.233639739492221013e-03
9.205720397597963803e-03
9.177417288137394366e-03
9.148786653867998706e-03
9.119794705561359849e-03
9.090394478257764893e-03
9.060633914255454557e-03
9.030429474830004716e-03
8.999850526089245295e-03
8.968908010930283850e-03
8.937511699373807544e-03
8.905806341844539273e-03
8.873564842534657077e-03
8.840956140777810057e-03
8.807876094565094544e-03
8.774443445476190484e-03
8.740556797603826755e-03
8.706233267000767703e-03
8.671551964718469604e-03
8.636341965339616039e-03
8.600827696867289693e-03
8.564814626766205363e-03
8.528505517640555880e-03
8.491857122260500559e-03
8.454774337790568056e-03
8.417312543526126595e-03
8.379494906453370182e-03
8.341147735836017263e-03
8.302447312686886058e-03
8.263227212397304330e-03
8.223586798998719360e-03
8.183470577013277417e-03
8.143011803035173427e-03
8.102005787456114869e-03
8.060577043533946606e-03
8.018673634730620961e-03
7.976325074473405996e-03
7.933487853957135391e-03
7.890063749891101583e-03
7.846190039244877595e-03
7.801742473959784145e-03
7.756846974112074390e-03
7.711480904431640415e-03
7.665624724297477252e-03
7.619316242215240162e-03
7.572526582114162859e-03
7.525212353348209940e-03
7.477416561338296776e-03
7.429140255350674509e-03
7.380437292777940889e-03
7.331327580358701530e-03
7.281848160211467844e-03
7.232000681402831442e-03
7.181785111208423104e-03
7.131297255982735860e-03
7.080457498215291141e-03
7.029302636074316775e-03
6.977809880935405100e-03
6.926058610202211370e-03
6.873920206783398941e-03
6.821499517799182837e-03
6.768770305498659698e-03
6.715705810956920305e-03
6.662491970193301118e-03
6.609034481844830271e-03
6.555251680437562851e-03
6.501295177587217318e-03
6.447058261763068988e-03
6.392587978253271713e-03
6.337881628175915869e-03
6.283020930813472578e-03
6.228000058592798177e-03
6.172786445496023303e-03
6.117426300308353299e-03
6.061874899304985596e-03
6.006257999105050517e-03
5.950498789959886813e-03
5.894692612286078597e-03
5.838841601403587517e-03
5.782941957936341137e-03
5.726983956762019164e-03
5.671017328488738365e-03
5.615050344694841149e-03
5.558998320479400720e-03
5.502943479607268554e-03
5.446837701608095786e-03
5.390693389237236413e-03
5.334572613758733171e-03
5.278468171913103246e-03
5.222387456058362291e-03
5.166369307988577866e-03
5.110341546751148711e-03
5.054366212148601011e-03
4.998435905398841694e-03
4.942620675593628783e-03
4.886877755771665277e-03
4.831299480704123912e-03
4.775834363538495816e-03
4.720496143183677829e-03
4.665297021711185474e-03
4.610288637241372230e-03
4.555478156356072145e-03
4.500854787645646934e-03
4.446454684619242231e-03
4.392249830110954781e-03
4.338254798709029192e-03
4.284472046937382039e-03
4.230958464683378523e-03
4.177661239977206557e-03
4.124659327001995064e-03
4.071869333689007511e-03
4.019340859748886385e-03
3.967126072986523581e-03
3.915170106495492047e-03
3.863510029243659698e-03
3.812149383534122350e-03
3.761118472516617774e-03
3.710402787930145406e-03
3.659997575462022555e-03
3.609924814467412816e-03
3.560188797658717444e-03
3.510800915861568561e-03
3.461755389216709163e-03
3.413111849650047290e-03
3.364827369653215945e-03
3.316967081316860456e-03
3.269516304082884829e-03
3.222446805935628902e-03
3.175786221561211105e-03
3.129538250735024608e-03
3.083718209559742005e-03
3.038318686762004391e-03
2.993359226476843046e-03
2.948801223091181839e-03
2.904675389687873342e-03
2.861000181163650315e-03
2.817750546465226311e-03
2.774952967513416840e-03
2.732593794403019236e-03
2.690688100000207007e-03
