9.046223257129185069e-03
9.046681181423868109e-03
9.047139105718547680e-03
9.047597030013230721e-03
9.048054954307912026e-03
9.048512878602595066e-03
9.047373628735238399e-03
9.046167129429481812e-03
9.044960630123726961e-03
9.043754130817970374e-03
9.042547631512213788e-03
9.039413463779852678e-03
9.036109830691306175e-03
9.032806197602761406e-03
9.029502564514214902e-03
9.026198931425668398e-03
9.021595700661187364e-03
9.016813215044853710e-03
9.012030729428520057e-03
9.007248243812184668e-03
9.002465758195851014e-03
8.997767676478347562e-03
8.993085865391943490e-03
8.988404054305541152e-03
8.983722243219137080e-03
8.979040432132733007e-03
8.974128059291826276e-03
8.969157316386490095e-03
8.964186573481153913e-03
8.959215830575815998e-03
8.954245087670479816e-03
8.949247622060636093e-03
8.944241605185351829e-03
8.939235588310065830e-03
8.934229571434779832e-03
8.929223554559493833e-03
8.924614267560890962e-03
8.920161437415065342e-03
8.915708607269239722e-03
8.911255777123412367e-03
8.906802946977586746e-03
8.902851569676187987e-03
8.899139692240782412e-03
8.895427814805376837e-03
8.891715937369972997e-03
8.888004059934569157e-03
8.885021619797045175e-03
8.882456000972599117e-03
8.879890382148151323e-03
8.877324763323701795e-03
8.874759144499254002e-03
8.872840599953484356e-03
8.871360749833936271e-03
8.869880899714391656e-03
8.868401049594843571e-03
8.866921199475298956e-03
8.865931579345023850e-03
8.865334143206166431e-03
8.864736707067310748e-03
8.864139270928453329e-03
8.863541834789597645e-03
8.863181566128641720e-03
8.863044513917475026e-03
8.862907461706311801e-03
8.862770409495146842e-03
8.862633357283980148e-03
8.862548430628719789e-03
8.862521174801267151e-03
8.862493918973817983e-03
8.862466663146367080e-03
8.862439407318916176e-03
8.862297123460399773e-03
8.862005035654450802e-03
8.861712947848500097e-03
8.861420860042551126e-03
8.861128772236600420e-03
8.860510854136657496e-03
8.859391658661341928e-03
8.858272463186026360e-03
8.857153267710710792e-03
8.856034072235396959e-03
8.854541639514648330e-03
8.852366715830825572e-03
8.850191792147002814e-03
8.848016868463180057e-03
8.845841944779359034e-03
8.843448319237456196e-03
8.840574960587512660e-03
8.837701601937565654e-03
8.834828243287622118e-03
8.831954884637675113e-03
8.828896504179534199e-03
8.825344732232868680e-03
8.821792960286203161e-03
8.818241188339537642e-03
8.814689416392872123e-03
8.811063869519906652e-03
8.807194544629593988e-03
8.803325219739283058e-03
8.799455894848972129e-03
8.795586569958661199e-03
8.791699209746194413e-03
8.787735911335175371e-03
8.783772612924156328e-03
8.779809314513137286e-03
8.775846016102116509e-03
8.771902539151688397e-03
8.768070062380568797e-03
8.764237585609447462e-03
8.760405108838326127e-03
8.756572632067204792e-03
8.752772399303108616e-03
8.749230118595208508e-03
8.745687837887306665e-03
8.742145557179404822e-03
8.738603276471506448e-03
8.735082381128588674e-03
8.731842550582622972e-03
8.728602720036657270e-03
8.725362889490693302e-03
8.722123058944725865e-03
8.718892147400153503e-03
8.715946643900207916e-03
8.713001140400262329e-03
8.710055636900316742e-03
8.707110133400369420e-03
8.704164629900423833e-03
8.701442574648098408e-03
8.698722799479930920e-03
8.696003024311766902e-03
8.693283249143601149e-03
8.690563473975435396e-03
8.688037171214179136e-03
8.685521159538397984e-03
8.683005147862615097e-03
8.680489136186833946e-03
8.677973124511051059e-03
8.675620373244414749e-03
8.673283948018695177e-03
8.670947522792975606e-03
8.668611097567256035e-03
8.666274672341534729e-03
8.664076144159638809e-03
8.661898460879715808e-03
8.659720777599791072e-03
8.657543094319866336e-03
8.655365411039943335e-03
8.653249769231978472e-03
8.651146989680395111e-03
8.649044210128810015e-03
8.646941430577224919e-03
8.644838651025641557e-03
8.642779660017540361e-03
8.640732458232684363e-03
8.638685256447826630e-03
8.636638054662972366e-03
8.634590852878114633e-03
8.632553890356482393e-03
8.630520387045400102e-03
8.628486883734316076e-03
8.626453380423232051e-03
8.624419877112151495e-03
8.622405635900536741e-03
8.620399374701558787e-03
8.618393113502580832e-03
8.616386852303604613e-03
8.614380591104626658e-03
8.612362036717034069e-03
8.610337335735131561e-03
8.608312634753229053e-03
8.606287933771328280e-03
8.604263232789425772e-03
8.602249505970197344e-03
8.600242328248051266e-03
8.598235150525903453e-03
8.596227972803757375e-03
8.594220795081611297e-03
8.592214509591831334e-03
8.590208854818036019e-03
8.588203200044240704e-03
8.586197545270447123e-03
8.584191890496651808e-03
8.582163028467305194e-03
8.580114827058331339e-03
8.578066625649359220e-03
8.576018424240387100e-03
8.573970222831413246e-03
8.571914781234216130e-03
8.569852244252558482e-03
8.567789707270902569e-03
8.565727170289244921e-03
8.563664633307587273e-03
8.561581625644451576e-03
8.559475032196133329e-03
8.557368438747813347e-03
8.555261845299496834e-03
8.553155251851178587e-03
8.551013078426006678e-03
8.548822617889391753e-03
8.546632157352775094e-03
8.544441696816160170e-03
8.542251236279543511e-03
8.540037738467967654e-03
8.537787259767634293e-03
8.535536781067300932e-03
8.533286302366969306e-03
8.531035823666637680e-03
8.528759679700265162e-03
8.526434469784113790e-03
8.524109259867962418e-03
8.521784049951811046e-03
8.519458840035659675e-03
8.517113938825808528e-03
8.514723747640446164e-03
8.512333556455082065e-03
8.509943365269719701e-03
8.507553174084355602e-03
8.505143648294749212e-03
8.502679836885533929e-03
8.500216025476320381e-03
8.497752214067105098e-03
8.495288402657889815e-03
8.492803700233468589e-03
8.490245879255814421e-03
8.487688058278161987e-03
8.485130237300509554e-03
8.482572416322855385e-03
8.480004329561354956e-03
8.477390046772542015e-03
8.474775763983725604e-03
8.472161481194912663e-03
8.469547198406096253e-03
8.466922279878628943e-03
8.464232787223621712e-03
8.461543294568611012e-03
8.458853801913603782e-03
8.456164309258596551e-03
8.453468115008048664e-03
8.450712276557208538e-03
8.447956438106368413e-03
8.445200599655528287e-03
8.442444761204686426e-03
8.439684299860177735e-03
8.436852183663809748e-03
8.434020067467440027e-03
8.431187951271070305e-03
8.428355835074704053e-03
8.425522149171220040e-03
8.422612332472666913e-03
8.419702515774115520e-03
8.416792699075564127e-03
8.413882882377009265e-03
8.410973065678457872e-03
8.408007166607179769e-03
8.405040111198316954e-03
8.402073055789454140e-03
8.399106000380594794e-03
8.396138944971731979e-03
8.393123037544967732e-03
8.390103978375111279e-03
8.387084919205256561e-03
8.384065860035401843e-03
8.381046800865547125e-03
8.377952564709464228e-03
8.374849881700997117e-03
8.371747198692528272e-03
8.368644515684061161e-03
8.365541832675595785e-03
8.362385927253900356e-03
8.359221255787672306e-03
8.356056584321447725e-03
8.352891912855219675e-03
8.349727241388995094e-03
8.346497086950963387e-03
8.343252380741421684e-03
8.340007674531879980e-03
8.336762968322338277e-03
8.333518262112796574e-03
8.330202621289967482e-03
8.326866713434770070e-03
8.323530805579570924e-03
8.320194897724373512e-03
8.316858989869176100e-03
8.313489669832493587e-03
8.310108449566786654e-03
8.306727229301079721e-03
8.303346009035374523e-03
8.299964788769669324e-03
8.296518844201341766e-03
8.293044758631872015e-03
8.289570673062405734e-03
8.286096587492937718e-03
8.282622501923467967e-03
8.279096580034218250e-03
8.275543543762311008e-03
8.271990507490403766e-03
8.268437471218496523e-03
8.264884434946589281e-03
8.261299425187279208e-03
8.257694497517783366e-03
8.254089569848287525e-03
8.250484642178789949e-03
8.246879714509295842e-03
8.243227014744201192e-03
8.239539114487612684e-03
8.235851214231025910e-03
8.232163313974437402e-03
8.228475413717850628e-03
8.224752609826125466e-03
8.220999512213335650e-03
8.217246414600545834e-03
8.213493316987757753e-03
8.209740219374969672e-03
8.205941905643389725e-03
8.202097453015089190e-03
8.198253000386785186e-03
8.194408547758482916e-03
8.190564095130180647e-03
8.186693310342461893e-03
8.182790926963444053e-03
8.178888543584424478e-03
8.174986160205404903e-03
8.171083776826385328e-03
8.167136128003163811e-03
8.163124445136922883e-03
8.159112762270681954e-03
8.155101079404439290e-03
8.151089396538200096e-03
8.147056342977581841e-03
8.142987479064223155e-03
8.138918615150864469e-03
8.134849751237505783e-03
8.130780887324145362e-03
8.126686479981765424e-03
8.122540985781339512e-03
8.118395491580913600e-03
8.114249997380487689e-03
8.110104503180061777e-03
8.105940619576220904e-03
8.101732347757240049e-03
8.097524075938262664e-03
8.093315804119281809e-03
8.089107532300302689e-03
8.084876404518086951e-03
8.080577623084688257e-03
8.076278841651287829e-03
8.071980060217887401e-03
8.067681278784488708e-03
8.063369473729580655e-03
8.059009295223360306e-03
8.054649116717138221e-03
8.050288938210914402e-03
8.045928759704694053e-03
8.041555834000613939e-03
8.037121421812761304e-03
8.032687009624906935e-03
8.028252597437052565e-03
8.023818185249198195e-03
8.019374556802058573e-03
8.014869959255025225e-03
8.010365361707991877e-03
8.005860764160956794e-03
8.001356166613923446e-03
7.996844446026048908e-03
7.992261495029771151e-03
7.987678544033489925e-03
7.983095593037210433e-03
7.978512642040929206e-03
7.973925762664769643e-03
7.969265029746873050e-03
7.964604296828976457e-03
7.959943563911078129e-03
7.955282830993181536e-03
7.950621565729433515e-03
7.945908130572269801e-03
7.941194695415107821e-03
7.936481260257944106e-03
7.931767825100782127e-03
7.927054389943620147e-03
7.922276110374460237e-03
7.917495804417425120e-03
7.912715498460390004e-03
7.907935192503353153e-03
7.903154886546319771e-03
7.898306815990000299e-03
7.893453589431560780e-03
7.888600362873122995e-03
7.883747136314685211e-03
7.878893909756245692e-03
7.873980973279567225e-03
7.869060573063108022e-03
7.864140172846648819e-03
7.859219772630189615e-03
7.854299372413730412e-03
7.849322871995804279e-03
7.844336353684757193e-03
7.839349835373711842e-03
7.834363317062664755e-03
7.829376798751619404e-03
7.824334467605723736e-03
7.819278880911550988e-03
7.814223294217378241e-03
7.809167707523207227e-03
7.804112120829034480e-03
7.799011994983021979e-03
7.793898390183162314e-03
7.788784785383302649e-03
7.783671180583443851e-03
7.778557575783584185e-03
7.773399935941644780e-03
7.768225782958923520e-03
7.763051629976203995e-03
7.757877476993482735e-03
7.752703324010763210e-03
7.747493377779622083e-03
7.742267114038171860e-03
7.737040850296721638e-03
7.731814586555272283e-03
7.726588322813822060e-03
7.721322180329492739e-03
7.716034229157649540e-03
7.710746277985807209e-03
7.705458326813965746e-03
7.700170375642122547e-03
7.694842277744247221e-03
7.689488084474448669e-03
7.684133891204650985e-03
7.678779697934853300e-03
7.673425504665055616e-03
7.668043319663333385e-03
7.662639641010311406e-03
7.657235962357290295e-03
7.651832283704269183e-03
7.646428605051247204e-03
7.641000610290246513e-03
7.635550637508572470e-03
7.630100664726899296e-03
7.624650691945225253e-03
7.619200719163551211e-03
7.613720437065626782e-03
7.608207951319187132e-03
7.602695465572746614e-03
7.597182979826307830e-03
7.591670494079867312e-03
7.586139558406424822e-03
7.580585560324227916e-03
7.575031562242031009e-03
7.569477564159834970e-03
7.563923566077637196e-03
7.558347911659354761e-03
7.552740314145343047e-03
7.547132716631331333e-03
7.541525119117319619e-03
7.535917521603309639e-03
7.530289928791643328e-03
7.524627344209083857e-03
7.518964759626523518e-03
7.513302175043963180e-03
7.507639590461403709e-03
7.501966544703627358e-03
7.496271595860241888e-03
7.490576647016856417e-03
7.484881698173471813e-03
7.479186749330085475e-03
7.473469529363162625e-03
7.467695836190123108e-03
7.461922143017085327e-03
7.456148449844047545e-03
7.450374756671008895e-03
7.444600878398663704e-03
7.438826421690986762e-03
7.433051964983309820e-03
7.427277508275631143e-03
7.421503051567955069e-03
7.415716702161620662e-03
7.409883376595600112e-03
7.404050051029577827e-03
7.398216725463556409e-03
7.392383399897534992e-03
7.386544445850372342e-03
7.380676294057295084e-03
7.374808142264217825e-03
7.368939990471140566e-03
7.363071838678062440e-03
7.357198423965568938e-03
7.351286853087300732e-03
7.345375282209035128e-03
7.339463711330767789e-03
7.333552140452499583e-03
7.327638382640321371e-03
7.321699748454897107e-03
7.315761114269472842e-03
7.309822480084047711e-03
7.303883845898624314e-03
7.297943951034708762e-03
7.291974115056661793e-03
7.286004279078613956e-03
7.280034443100565252e-03
7.274064607122518282e-03
7.268094771144470445e-03
