3.927007855991181302e-03
3.925837172641276872e-03
3.924914450160464294e-03
3.924223244673493392e-03
3.923791876233925086e-03
3.923653287461987410e-03
3.923821442235578966e-03
3.924285355645733796e-03
3.925020167705172217e-03
3.926021474027137879e-03
3.927267153901947520e-03
3.928792000659999360e-03
3.930577441522199213e-03
3.932613941886231070e-03
3.934906047937605442e-03
3.937421905409601436e-03
3.940153649225661137e-03
3.943165382659107737e-03
3.946449235229546222e-03
3.949948803299668972e-03
3.953720454134806127e-03
3.957761672093064974e-03
3.962080296115142591e-03
3.966689749175661417e-03
3.971543738163927674e-03
3.976633931766581677e-03
3.981937739451902117e-03
3.987486557303604462e-03
3.993266251067053088e-03
3.999294068853895268e-03
4.005567500270196604e-03
4.012092669629643490e-03
4.018909250862501108e-03
4.025959482565520491e-03
4.033260124946239436e-03
4.040874353117062355e-03
4.048718304207922503e-03
4.056771757061677051e-03
4.065075580376117416e-03
4.073673936903215477e-03
4.082495691159428522e-03
4.091561836011355265e-03
4.100928656783453356e-03
4.110527886598137025e-03
4.120358482618832231e-03
4.130428015205155935e-03
4.140721556673747014e-03
4.151227021031939600e-03
4.162024197903922695e-03
4.173094670910111777e-03
4.184429692174075795e-03
4.196071712366815712e-03
4.208063564688622853e-03
4.220377906349028797e-03
4.232961737868083836e-03
4.245809939110461832e-03
4.258940018922933654e-03
4.272314524663898411e-03
4.285940423749494063e-03
4.299921636325186938e-03
4.314220668493160687e-03
4.328862856349889598e-03
4.343808063417463339e-03
4.359140035448176576e-03
4.374788954663294711e-03
4.390833290799879204e-03
4.407265024044584520e-03
4.424076655846470758e-03
4.441263122706577519e-03
4.458793998114205827e-03
4.476637461368776841e-03
4.494864133342301067e-03
4.513551106313067919e-03
4.532653438337412577e-03
4.552229029136022238e-03
4.572231363625216261e-03
4.592648505976637714e-03
4.613499726583921573e-03
4.634840489076577294e-03
4.656718090847576652e-03
4.679168543688584647e-03
4.702069455685221888e-03
4.725486170031549700e-03
4.749366165279332412e-03
4.773747948130096196e-03
4.798719345999526674e-03
4.824200898066117842e-03
4.850228476037459283e-03
4.876756660249930569e-03
4.903818653747124903e-03
4.931524909913146196e-03
4.959807237731962692e-03
4.988562192595744245e-03
5.017914472090524713e-03
5.047910160240085160e-03
5.078437697536504133e-03
5.109340212053618130e-03
5.140626179501540070e-03
5.172558161708436415e-03
5.205156105898496414e-03
5.237904725684519244e-03
5.270964726910927663e-03
5.304522183422037858e-03
5.338261902513752495e-03
5.372282906273117241e-03
5.406577790404576075e-03
5.441185994706777308e-03
5.476435472420799512e-03
5.512122619240208098e-03
5.548201206692509463e-03
5.584567599996387993e-03
5.621111270217942456e-03
5.657997597208630318e-03
5.695148680193049158e-03
5.732664905519186706e-03
5.770673010929291795e-03
5.809046882096820935e-03
5.847759393423974938e-03
5.886488144215861092e-03
5.925212020019553737e-03
5.963949380578273396e-03
6.002459245325137728e-03
6.041063469998886326e-03
6.079665124940417109e-03
6.118109658236173948e-03
6.155912164180961724e-03
6.193988408854969943e-03
6.232160958109654592e-03
6.270527875266717309e-03
6.308879914206310356e-03
6.347578245450134597e-03
6.386056045388484835e-03
6.424689973705845041e-03
6.462919479399943483e-03
6.501222522271264508e-03
6.539408866897669127e-03
6.577681157469287762e-03
6.616160841476106946e-03
6.654496031252693337e-03
6.692739097875132111e-03
6.730788866347031142e-03
6.768987193981443502e-03
6.806334051736356340e-03
6.842809895389101449e-03
6.879204293453449783e-03
6.915720351004458338e-03
6.952484237446236379e-03
6.989227201686972445e-03
7.025296846205121917e-03
7.061659420866971994e-03
7.097948988239361628e-03
7.134117968371008964e-03
7.170446388913998687e-03
7.207030303066678210e-03
7.243694638365007731e-03
7.280508606318807432e-03
7.317512224417656308e-03
7.354608717427480596e-03
7.391691624776019695e-03
7.428367784708372022e-03
7.464747572876529944e-03
7.500790411038929691e-03
7.536408720875974881e-03
7.571762224837718866e-03
7.606675990544198990e-03
7.641555608782693923e-03
7.676427112952460309e-03
7.711161110260758220e-03
7.745865231210509287e-03
7.780258916910906541e-03
7.814434365338452509e-03
7.848345794980305171e-03
7.881810996774627626e-03
7.915324402455537270e-03
7.948881647801334799e-03
7.982131111389465308e-03
8.014995404665900200e-03
8.047657187912842999e-03
8.079671029517326158e-03
8.111141974662063395e-03
8.142190384250168680e-03
8.172930346369488772e-03
8.202997929657337289e-03
8.232694914079302304e-03
8.261916342368941582e-03
8.290420326322638783e-03
8.318756865951395726e-03
8.346681385682013996e-03
8.374002729361703160e-03
8.400945815068266292e-03
8.427582012312946971e-03
8.453787656993491662e-03
8.479791670599375053e-03
8.505725317521414114e-03
8.531796010108238376e-03
8.557538595860314165e-03
8.582953153964635248e-03
8.608353909422841732e-03
8.633060633914892493e-03
8.657389328434159786e-03
8.681689804117886239e-03
8.705585880768175466e-03
8.729104750075909053e-03
8.752835590076415290e-03
8.776386511826191408e-03
8.800103437362729458e-03
8.823536916904753391e-03
8.846768053104867371e-03
8.869879955933187426e-03
8.892605773330838209e-03
8.914871956585487464e-03
8.937105110758519419e-03
8.958609362798967274e-03
8.980174601086170910e-03
9.001863455880297626e-03
9.023246196000396860e-03
9.044495879318600190e-03
9.065600436365508011e-03
9.086574480778430996e-03
9.107416427986160523e-03
9.128255586190604787e-03
9.148884495032122421e-03
9.169571931374671456e-03
9.190358842791273436e-03
9.211151751219635864e-03
9.231718631289584712e-03
9.252164873405860010e-03
9.272371386982662667e-03
9.292202132300206655e-03
9.311558732926016047e-03
9.330953350998287196e-03
9.350483248512083886e-03
9.369955911912390342e-03
9.389262938571155473e-03
9.408266679880115946e-03
9.426979800146388644e-03
9.445701106809667805e-03
9.464499590861666367e-03
9.483306860513029263e-03
9.501634308742146554e-03
9.520109630262190217e-03
9.538689216734052082e-03
9.557102928279872719e-03
9.575315945277513424e-03
9.593664279543534165e-03
9.612148711932349057e-03
9.630448086605996466e-03
9.648606429869572773e-03
9.666744852512466554e-03
9.685085201154800677e-03
9.703153263349044780e-03
9.721250638240095179e-03
9.739468360524670271e-03
9.757750038672139206e-03
9.775975880637123236e-03
9.793854915166742142e-03
9.811668301185525257e-03
9.829215943763331895e-03
9.846313339493938804e-03
9.863244026237087334e-03
9.880056134304046958e-03
9.896667891174300638e-03
9.913110007059973416e-03
9.929525708991582267e-03
9.945542708365054038e-03
9.961350679434868502e-03
9.976826752462770315e-03
9.992064511509390554e-03
1.000724143436964621e-02
1.002234048627952123e-02
1.003726273982303088e-02
1.005212884729480075e-02
1.006688460197696471e-02
1.008163788087053543e-02
1.009636220101860909e-02
1.011104308387979211e-02
1.012548765384201251e-02
1.013961372499123936e-02
1.015371567403670558e-02
1.016760633368851002e-02
1.018160582910666856e-02
1.019539224209656259e-02
1.020890179366703079e-02
1.022197732777480050e-02
1.023468210048590621e-02
1.024736571468203190e-02
1.025999089428154820e-02
1.027248718904898508e-02
1.028495238224180763e-02
1.029709242823970833e-02
1.030888534506611831e-02
1.032060456311980311e-02
1.033152197650273954e-02
1.034215908954767491e-02
1.035244379304125183e-02
1.036259901062982526e-02
1.037253119067578847e-02
1.038243160031842097e-02
1.039220096234723043e-02
1.040194928931794521e-02
1.041167943404069235e-02
1.042118239315259834e-02
1.043054876280824841e-02
1.043993617999238420e-02
1.044896242426465900e-02
1.045739543492212043e-02
1.046570168611806254e-02
1.047400314826760041e-02
1.048226297801172456e-02
1.049042397449133183e-02
1.049848374172833616e-02
1.050620669447118079e-02
1.051372688278852732e-02
1.052124539009696193e-02
1.052882455173187112e-02
1.053624443195294406e-02
1.054353622918817110e-02
1.055077587274782375e-02
1.055791815870607032e-02
1.056471553896381338e-02
1.057146551177737086e-02
1.057804040318977359e-02
1.058455366592236588e-02
1.059084894328403588e-02
1.059669024806090404e-02
1.060223176293898992e-02
1.060760702586950252e-02
1.061288833145896879e-02
1.061815987896629239e-02
1.062345262406249290e-02
1.062877388769933526e-02
1.063391835691877146e-02
1.063844188497394330e-02
1.064262138275016631e-02
1.064672588275444344e-02
1.065082657513220614e-02
1.065481723832704952e-02
1.065857951625929188e-02
1.066187861596297817e-02
1.066511796336524869e-02
1.066797715750257038e-02
1.067080317166652775e-02
1.067358591232141912e-02
1.067631422719521675e-02
1.067874670653169711e-02
1.068105565083448533e-02
1.068322972119134517e-02
1.068510372854782758e-02
1.068692769138778614e-02
1.068851551778483670e-02
1.069009667418461054e-02
1.069173228130626194e-02
1.069315932069741897e-02
1.069416850217617780e-02
1.069482800262545885e-02
1.069520274664981230e-02
1.069547904108205869e-02
1.069557864792659331e-02
1.069551694816554648e-02
1.069514307291186996e-02
1.069453349892606278e-02
1.069377152593604594e-02
1.069298971546129781e-02
1.069210514770518351e-02
1.069111246871251933e-02
1.068999602689365939e-02
1.068877023095579464e-02
1.068741158834214666e-02
1.068601478799011996e-02
1.068446733116340010e-02
1.068275587246359480e-02
1.068095323815163381e-02
1.067909547181868438e-02
1.067718030967282523e-02
1.067515812370864112e-02
1.067285755867826424e-02
1.067043570453188490e-02
1.066793837957000571e-02
1.066531525869226886e-02
1.066237792008729000e-02
1.065925470363099717e-02
1.065601941180821174e-02
1.065261081125057005e-02
1.064911742283149686e-02
1.064550010676920677e-02
1.064163532927704658e-02
1.063753159911166694e-02
1.063323754415300242e-02
1.062877714683641873e-02
1.062401581546253831e-02
1.061914508881735969e-02
1.061412531708003787e-02
1.060891344393417694e-02
1.060355679971537041e-02
1.059810850995844891e-02
1.059252109114983478e-02
1.058671526796511018e-02
1.058076574886311280e-02
1.057470538189692749e-02
1.056827513311242757e-02
1.056155060280936087e-02
1.055463855895515980e-02
1.054756539762966364e-02
1.054035515468308530e-02
1.053296995441575790e-02
1.052549252686650616e-02
1.051792359573377675e-02
1.051024583631692683e-02
1.050240310337557589e-02
1.049441961919230469e-02
1.048628261013622061e-02
1.047801386323008767e-02
1.046960463402683318e-02
1.046109394383951639e-02
1.045236842225138497e-02
1.044348168862481267e-02
1.043446840275307971e-02
1.042527014812164553e-02
1.041589021192598080e-02
1.040639431001703745e-02
1.039676891596789769e-02
1.038687801707795753e-02
1.037667335147330130e-02
1.036634270248122311e-02
1.035588339728092493e-02
1.034524682773726306e-02
1.033444581590782160e-02
1.032347968070132863e-02
1.031228722408219535e-02
1.030098378969895347e-02
1.028951853326723689e-02
1.027792783653369221e-02
1.026622828678308216e-02
1.025430081525279327e-02
1.024226779369673615e-02
1.023004883256092151e-02
1.021771698756150128e-02
1.020521097233093900e-02
1.019239789530003958e-02
1.017944014862205183e-02
1.016632462092628697e-02
1.015309246949619958e-02
1.013968830625207665e-02
1.012606479212904871e-02
1.011232160131177345e-02
1.009842658679106255e-02
1.008440069487738684e-02
1.007020220067658851e-02
1.005579711925146634e-02
1.004127285973995670e-02
1.002659769704781871e-02
1.001181157280308168e-02
9.996940949490423084e-03
9.981946803822302344e-03
9.966818298715866831e-03
9.951564352372321842e-03
9.936173888589035219e-03
9.920656438175249475e-03
9.904950764333234764e-03
9.889107073798541342e-03
9.873108105885205349e-03
9.856961687115492129e-03
9.840716742476433854e-03
9.824326582194935903e-03
9.807821181353487336e-03
9.791214288663753831e-03
9.774480022137831819e-03
9.757591186967244992e-03
9.740604225811232489e-03
9.723460478878684712e-03
9.706184563763627440e-03
9.688862419552555366e-03
9.671397611660952770e-03
9.653737291292777134e-03
9.635967659724532439e-03
9.618088795519690384e-03
9.600140347459892518e-03
9.582087783469465936e-03
9.563926575860649468e-03
9.545624247366695653e-03
9.527107703613233586e-03
9.508497008915884827e-03
9.489772400300506769e-03
9.470906020884701376e-03
9.451976233679753453e-03
9.432964009905883684e-03
9.413856420467976369e-03
9.394650898751405813e-03
9.375336871941723424e-03
9.355951005486999247e-03
9.336458315779430986e-03
9.316865072101016693e-03
9.297188339040795071e-03
9.277436047040963155e-03
9.257594441050738532e-03
9.237602374682740702e-03
9.217418287963756798e-03
9.197119301853975970e-03
9.176762228759779982e-03
9.156275003633782689e-03
