6.016405679070688413e-03
6.036118156594166492e-03
6.054949923869364266e-03
6.073617619437233182e-03
6.092130460684482170e-03
6.110699932634118189e-03
6.129537953863123910e-03
6.148727109961635816e-03
6.168399632191604379e-03
6.188107671762184923e-03
6.207536562843273334e-03
6.226728882784286594e-03
6.245611770095416994e-03
6.264161417238545658e-03
6.282708584124521885e-03
6.301093883029367307e-03
6.319274448641517758e-03
6.337404838486248790e-03
6.355512153532343750e-03
6.373556989417841767e-03
6.391547020734057727e-03
6.409165058578721388e-03
6.426935473708371080e-03
6.444918160482993215e-03
6.463076260994780366e-03
6.481106239550711232e-03
6.498866171652730069e-03
6.516501577948334220e-03
6.534393959336332915e-03
6.552664531773126112e-03
6.571241150296874139e-03
6.589738372429453962e-03
6.608362935039959092e-03
6.626801542898342473e-03
6.645290029105284033e-03
6.663446759640532721e-03
6.681404435380239835e-03
6.699388704128073253e-03
6.717448897717637202e-03
6.735642631025087236e-03
6.754015143412964162e-03
6.772576986392136143e-03
6.791347119116030069e-03
6.810136473806872696e-03
6.828814258805607912e-03
6.847736495816811320e-03
6.866685900929075242e-03
6.885777663262015666e-03
6.904633243531127854e-03
6.923136850920356619e-03
6.941775199238032178e-03
6.959964395297084036e-03
6.977853692549173398e-03
6.995494275928232190e-03
7.012715215218885342e-03
7.029926540876105766e-03
7.046898062547911519e-03
7.063433967221213750e-03
7.079990469241839376e-03
7.096075899483153190e-03
7.111660406631302965e-03
7.127296019422472290e-03
7.143022068955067090e-03
7.158355936905501024e-03
7.173497657930408972e-03
7.188345661202325161e-03
7.203579677161063219e-03
7.219171188201251380e-03
7.234751013444448882e-03
7.250425276866271675e-03
7.266233194941431467e-03
7.282239541382748774e-03
7.298450920717942589e-03
7.314690367685177871e-03
7.331176023951025203e-03
7.347879022323444177e-03
7.364880993368342309e-03
7.381900170437318172e-03
7.398898435801159156e-03
7.415287906162870875e-03
7.431704447252662771e-03
7.447941908829488686e-03
7.463520228584550123e-03
7.479173384516075648e-03
7.494577261354030094e-03
7.509716538182003784e-03
7.524982489465022704e-03
7.539684674982338741e-03
7.554614661212671715e-03
7.569525573146287933e-03
7.584492573891774350e-03
7.599444244160218423e-03
7.613921527603338679e-03
7.627438518702082428e-03
7.640937343140844287e-03
7.654252073098288985e-03
7.667406209236958363e-03
7.680378370549277751e-03
7.693267949908661439e-03
7.706350144976410049e-03
7.719347964537016764e-03
7.732396143907252321e-03
7.745567080158722618e-03
7.758592766785891645e-03
7.771506349468553995e-03
7.784543314526557248e-03
7.797427820618503709e-03
7.810612942564984160e-03
7.823854780168398512e-03
7.836817411087156765e-03
7.849634455057494589e-03
7.862413380882941893e-03
7.875172371227149443e-03
7.888099702829323365e-03
7.900915640468006429e-03
7.913842828452827965e-03
7.926593742451238517e-03
7.939384943195801694e-03
7.952160513446462214e-03
7.964326658004890896e-03
7.976399804091514195e-03
7.988618703502373825e-03
8.000919938472000198e-03
8.013442756728690955e-03
8.025785859690239693e-03
8.038118775276379899e-03
8.050384125132733007e-03
8.062828070027302715e-03
8.075363746817481453e-03
8.087765647575835201e-03
8.100274685633113841e-03
8.112903924660762323e-03
8.125121384988326714e-03
8.137014578010986002e-03
8.148787606643096218e-03
8.160704396765999791e-03
8.172322191250117399e-03
8.183540737908074486e-03
8.194505919132672248e-03
8.205418453893331687e-03
8.216174261800017128e-03
8.226590964089581376e-03
8.236542991703354327e-03
8.246232689957784523e-03
8.255823524395206753e-03
8.265520590573217224e-03
8.275168259863742784e-03
8.284752350936409535e-03
8.293989428604297762e-03
8.303360984283190624e-03
8.312745587110256101e-03
8.322289598549208536e-03
8.332125642679362107e-03
8.341767651658723443e-03
8.351535268458889008e-03
8.361268094110967108e-03
8.370961926508357562e-03
8.380896738017819259e-03
8.390799076417321256e-03
8.400700642276007213e-03
8.410731539614704766e-03
8.420647133625775230e-03
8.430186315073863804e-03
8.439683372990905430e-03
8.449298386064540631e-03
8.458793447471739391e-03
8.468047296362687243e-03
8.477270297451501221e-03
8.486391686040954327e-03
8.495435532482688984e-03
8.504540014129645040e-03
8.513840467163674014e-03
8.523157291744680453e-03
8.532570952872553169e-03
8.542012491770740318e-03
8.551504070405148428e-03
8.560809199628531541e-03
8.570100498770931441e-03
8.579155826910897162e-03
8.587886498773631208e-03
8.596497525741583767e-03
8.604752633781780763e-03
8.612881326335418072e-03
8.620997645142076948e-03
8.629038172851967448e-03
8.637136465706241051e-03
8.645015522409160019e-03
8.652899492862412695e-03
8.660661930403453987e-03
8.668497064305523414e-03
8.676560656422055429e-03
8.684638796290659879e-03
8.692645010052815063e-03
8.700532126786099385e-03
8.708388993256890864e-03
8.716361309374582103e-03
8.724437087350843389e-03
8.732610558174256840e-03
8.740932931303858552e-03
8.749073292403776111e-03
8.757157777415933500e-03
8.764994531845510251e-03
8.772818772444035754e-03
8.780435361470176336e-03
8.787966081659671566e-03
8.795679294820325095e-03
8.803290553792862336e-03
8.810851779056536048e-03
8.818402475359967893e-03
8.825880747572607474e-03
8.833271230923834053e-03
8.840205328669177229e-03
8.847128051130305829e-03
8.853876412563237153e-03
8.860464650622949800e-03
8.866882113723675851e-03
8.873334810255744526e-03
8.879719968388969167e-03
8.885729115713694032e-03
8.891814912721713801e-03
8.897708120936632936e-03
8.903264818311353718e-03
8.908632519405216416e-03
8.914035462244018077e-03
8.919170826207826683e-03
8.924100539681569313e-03
8.928570106686885277e-03
8.933074718820618529e-03
8.937388825963838226e-03
8.941733099817921609e-03
8.946095447843241052e-03
8.950598807741724783e-03
8.955278191803086110e-03
8.960174740891446721e-03
8.965148458015749500e-03
8.970171099191823899e-03
8.975356848113884983e-03
8.980333437377426009e-03
8.985181705470590002e-03
8.989913515893460313e-03
8.994642554563753167e-03
8.999313533372717624e-03
9.003987542279224751e-03
9.008729988699873750e-03
9.013368778931669933e-03
9.018019632397667601e-03
9.022815036626385954e-03
9.027191759273162086e-03
9.031406086025524013e-03
9.035619813575524600e-03
9.039934153499405364e-03
9.044337025727933188e-03
9.048768404650240835e-03
9.053284923099069390e-03
9.057979976832150615e-03
9.062690589873977770e-03
9.067569420197287705e-03
9.072479341287544713e-03
9.077414012989353312e-03
9.082277077411080729e-03
9.086701863029022358e-03
9.091019380824596346e-03
9.095459570494898033e-03
9.099612927627676040e-03
9.103764639084322222e-03
9.107935090839004016e-03
9.111778605273825049e-03
9.115464014876296581e-03
9.118820113835371388e-03
9.122247451158745774e-03
9.125639969483491376e-03
9.128851221092342677e-03
9.131397328359909873e-03
9.133753126422127638e-03
9.135775620821262946e-03
9.137536444609541814e-03
9.139036848775173097e-03
9.140425553348773685e-03
9.141787441382463741e-03
9.143139355804057872e-03
9.144502702665832303e-03
9.145877452662366097e-03
9.147249085268609539e-03
9.148626855386371090e-03
9.149777800911090483e-03
9.150906451036704831e-03
9.151902875096365117e-03
9.152688578827882296e-03
9.153566355000643598e-03
9.154363903110973588e-03
9.155141364952235419e-03
9.155715891731402295e-03
9.156124227460031573e-03
9.156319960246926681e-03
9.156181125912137703e-03
9.156017235441179375e-03
9.155844028132130094e-03
9.155631241044267024e-03
9.155417413094307788e-03
9.155078703308228150e-03
9.154787320532315267e-03
9.154444289755227920e-03
9.153540949069964919e-03
9.152522122573664501e-03
9.151402077226726203e-03
9.150204405764758922e-03
9.148851604490419037e-03
9.147580988922291920e-03
9.146302407890943495e-03
9.144988872141527128e-03
9.143674169786888614e-03
9.142356716255822802e-03
9.140943416327054760e-03
9.139296869968779186e-03
9.137442904610939068e-03
9.135492862984496629e-03
9.133433498415000074e-03
9.131479704239610709e-03
9.129571095492311494e-03
9.127677188298592703e-03
9.125681910738968686e-03
9.123639554122150302e-03
9.121609807774084741e-03
9.119611329896061547e-03
9.117703966733135823e-03
9.115873454234663803e-03
9.114124075149120791e-03
9.112427516281648709e-03
9.110731716237560965e-03
9.108844344568720400e-03
9.107037939209548794e-03
9.105259365480239050e-03
9.103371653993204068e-03
9.101511766238115989e-03
9.099601274461547804e-03
9.097602264513442172e-03
9.095439743609991592e-03
9.093172446052920355e-03
9.090926882935128697e-03
9.088549369762737376e-03
9.086243530587026496e-03
9.083958094636196065e-03
9.081629636246856332e-03
9.079211427819039101e-03
9.076866423089385849e-03
9.074698478812228547e-03
9.072467224014973963e-03
9.069976468247319817e-03
9.067448383191019368e-03
9.064896960002961912e-03
9.062068575632260120e-03
9.059081299963120393e-03
9.055731274708721940e-03
9.052191917719909844e-03
9.048705137776514792e-03
9.045265061531502365e-03
9.041800432746337907e-03
9.038174887055312398e-03
9.034172935660021719e-03
9.029991022159735217e-03
9.025719085727215013e-03
9.021310794489617590e-03
9.016787151082023694e-03
9.012255155629039435e-03
9.007692340640145734e-03
9.003140278039360386e-03
8.998635891827571481e-03
8.994148825951793491e-03
8.989543795774464566e-03
8.984924140112950791e-03
8.980115964955253174e-03
8.975208789429749145e-03
8.970268673778087135e-03
8.965372829059065421e-03
8.960462425572456382e-03
8.955557117072552448e-03
8.950626762412794077e-03
8.945664009673271605e-03
8.940544572479109178e-03
8.935085784105010684e-03
8.929543637392121577e-03
8.923778711065841890e-03
8.918068550754549087e-03
8.912391238912027724e-03
8.906711358584328345e-03
8.901021836564814230e-03
8.895335013553919146e-03
8.889653158123884610e-03
8.883791844392710524e-03
8.877622909979687033e-03
8.870884844934178934e-03
8.863954497347625167e-03
8.857006334142639506e-03
8.850063050914007412e-03
8.843057318453717910e-03
8.835899108945305391e-03
8.828651593136548417e-03
8.821413665604760715e-03
8.814126441468225076e-03
8.806815933965738905e-03
8.799467283793256309e-03
8.792069446339801503e-03
8.784497072441294768e-03
8.776887758746070023e-03
8.769264762536173666e-03
8.761593561400478000e-03
8.753900006878350543e-03
8.746171867697051863e-03
8.738385719679114469e-03
8.730436873151904351e-03
8.722463204724063834e-03
8.714114359341301741e-03
8.705557990415519615e-03
8.696977306198803992e-03
8.688400387313189102e-03
8.679853744358291545e-03
8.671332609279529952e-03
8.662798047848745131e-03
8.654260104239667670e-03
8.645717920177533808e-03
8.637186640954058747e-03
8.628584532602996335e-03
8.619947144472299774e-03
8.611232144775361752e-03
8.602490284996060568e-03
8.593757323881017970e-03
8.585057605714834297e-03
8.576206166725912003e-03
8.567272991172743615e-03
8.558279944121975277e-03
8.549304412153178531e-03
8.540369685075340986e-03
8.531442891765144559e-03
8.522497212253319493e-03
8.513513021467475697e-03
8.504068292331122894e-03
8.494528766596278965e-03
8.484995465873541517e-03
8.475444168192080435e-03
8.465851556723726079e-03
8.456237168728513928e-03
8.446597568509389004e-03
8.436845500937734110e-03
8.427055358555802372e-03
8.417283620498748967e-03
8.407539954334455543e-03
8.397706566293986971e-03
8.387846214770816600e-03
8.377948673315635530e-03
8.367996100330029816e-03
8.358025518850587324e-03
8.348011829198686076e-03
8.338062928120159104e-03
8.328121299982386982e-03
8.317899539856832974e-03
8.307689989180834511e-03
8.297534637740480723e-03
8.287357345579768331e-03
8.277187268164648559e-03
8.267030191445489534e-03
8.256855963052381342e-03
8.246623846058001236e-03
8.236358145673047457e-03
8.226073241507135883e-03
8.215759570691720873e-03
8.205379590954247834e-03
8.195038207653177614e-03
8.184460794842749951e-03
8.173837885987534843e-03
8.163194856050071460e-03
8.152211831824138569e-03
8.141119155436788921e-03
8.129973312622095286e-03
8.118790838393096995e-03
8.107634792043445435e-03
8.096416333925274961e-03
8.085183026479373508e-03
8.073896114843390551e-03
8.062631177701744603e-03
8.051335217445028739e-03
8.040028845138000660e-03
8.028715791194660639e-03
8.017339305144895525e-03
8.005951931403262542e-03
7.994555671415800105e-03
7.983179945020780349e-03
7.971804144530842892e-03
7.960364157112013658e-03
7.948848519823609182e-03
7.937299803779848326e-03
7.925722903453917209e-03
7.914103782171994297e-03
7.902437517506435277e-03
7.890733565496084456e-03
7.879011444851273874e-03
7.867328444918953931e-03
7.855642591864745936e-03
7.843980468876340928e-03
7.832283232795882177e-03
7.820594335251219303e-03
