4.552903865913090001e-03
4.553916921157171241e-03
4.555250918091748730e-03
4.556958706990318561e-03
4.558990695349263156e-03
4.561382176175162242e-03
4.564098686236154646e-03
4.567138427629642734e-03
4.570563581324257538e-03
4.574332746870503341e-03
4.578384777361582669e-03
4.582766029380402027e-03
4.587324102140325106e-03
4.592151362886923681e-03
4.597290652818949476e-03
4.602810468626233886e-03
4.608638251690612767e-03
4.614606177252988592e-03
4.620880572956376740e-03
4.627512214770622585e-03
4.634511141387650732e-03
4.641839372726823398e-03
4.649446282135009587e-03
4.657336071368064871e-03
4.665520912636444972e-03
4.674022012690156117e-03
4.682685097092072896e-03
4.691443507525283087e-03
4.700492801161097224e-03
4.709842895251251278e-03
4.719411825254156423e-03
4.729342724080914245e-03
4.739610141985685365e-03
4.750232639920120431e-03
4.761141033510698541e-03
4.772449233645194994e-03
4.784120534174752387e-03
4.796211576450119286e-03
4.808658725337993170e-03
4.821345754685839313e-03
4.834091870078226910e-03
4.847080221616952359e-03
4.860159214164438100e-03
4.873648543459843489e-03
4.887591980944488122e-03
4.901887868764782073e-03
4.916383942269206969e-03
4.931181970479706772e-03
4.946096868103905253e-03
4.961114342889934303e-03
4.976485229001489756e-03
4.992167916233180951e-03
5.008201627398709693e-03
5.024692007798629671e-03
5.041635884750759675e-03
5.058861866733182187e-03
5.076528272652804270e-03
5.094400633280947444e-03
5.112617004201924255e-03
5.131321918050452818e-03
5.150192414432799327e-03
5.169032770753349652e-03
5.188155449835945253e-03
5.207403719273894990e-03
5.227127626997975923e-03
5.247368189324127206e-03
5.267917327478763290e-03
5.288233681875690283e-03
5.308811195310757236e-03
5.329739111985361093e-03
5.350905959723626509e-03
5.372318291612881470e-03
5.393431459890729411e-03
5.414358896429242660e-03
5.435508221252627684e-03
5.457013733648645448e-03
5.478745924155325325e-03
5.499993317177864598e-03
5.521066097731988122e-03
5.542504027388043403e-03
5.564451824881873516e-03
5.586686775401385890e-03
5.608818477182968276e-03
5.630856233464158651e-03
5.653138008378413674e-03
5.675714380681514196e-03
5.698523005458140493e-03
5.721448095412900309e-03
5.744945704236416144e-03
5.768707601322233848e-03
5.792681093955721720e-03
5.816555582668960118e-03
5.840681373270048028e-03
5.865053975898095254e-03
5.889454689635596589e-03
5.913611326791679695e-03
5.937901564828595123e-03
5.961821555581353453e-03
5.985525027637866174e-03
6.009217054517547452e-03
6.033404127699407496e-03
6.057674676370033637e-03
6.081562922329324453e-03
6.105435921265825114e-03
6.129423499870107275e-03
6.154020978831953488e-03
6.179102075461902037e-03
6.204656619843127580e-03
6.230342771576553342e-03
6.256157374782552252e-03
6.281407682064120597e-03
6.306241615216377598e-03
6.331029640463304090e-03
6.355259672620928828e-03
6.379553779538655461e-03
6.403879541118789875e-03
6.428337445069932411e-03
6.453412316908625594e-03
6.478978173195857650e-03
6.504769221038534353e-03
6.530705144107488459e-03
6.556868208101041158e-03
6.583438450036891050e-03
6.610341321467143316e-03
6.637481738558908238e-03
6.664400435099075704e-03
6.690853987272818264e-03
6.717043291011574012e-03
6.743310826887213838e-03
6.769840285079942351e-03
6.795763556844797507e-03
6.821397158448238782e-03
6.847113158234931392e-03
6.872736733538900578e-03
6.898082333766251441e-03
6.923151478577199355e-03
6.948242299164552813e-03
6.972881331682436075e-03
6.997653497772678491e-03
7.022501328722703141e-03
7.047272896571845670e-03
7.072222491458231286e-03
7.097106981621024643e-03
7.121938098049360698e-03
7.146873656248982007e-03
7.172316548932640423e-03
7.197835533535063869e-03
7.223643505999562640e-03
7.249349707513104944e-03
7.275062232762672526e-03
7.300586341839065269e-03
7.326058768075290745e-03
7.351430749872580640e-03
7.377035325585338740e-03
7.403017778299618781e-03
7.429344611190262515e-03
7.455915559002286759e-03
7.482675378936211666e-03
7.509222214854679479e-03
7.535743387510805691e-03
7.562591855905602053e-03
7.589350685352624394e-03
7.615734868642996813e-03
7.642165542881508219e-03
7.668280735129724864e-03
7.694338457678124785e-03
7.720308707463864779e-03
7.746069580295171682e-03
7.771376247112856198e-03
7.796591678045089978e-03
7.821933585386539253e-03
7.847166348163859759e-03
7.872394246760673966e-03
7.897925331177078900e-03
7.923414160344050688e-03
7.949142972991374290e-03
7.974961856010093567e-03
8.001084926194937039e-03
8.027454487612389541e-03
8.053735980208401660e-03
8.079187494973379818e-03
8.104274011690549423e-03
8.129261044656643440e-03
8.154103528575162158e-03
8.178596064079236491e-03
8.202803329119252515e-03
8.226732735057301973e-03
8.250477705033714554e-03
8.273996057322414652e-03
8.297560497791555204e-03
8.320505227094638842e-03
8.343417903176376244e-03
8.366382968208274304e-03
8.389498904049292466e-03
8.412613930850661517e-03
8.435653963101821806e-03
8.458659206699086983e-03
8.481573940239702999e-03
8.504147921448965836e-03
8.526585313202373478e-03
8.548787700513446261e-03
8.571085815545340450e-03
8.593413625179723361e-03
8.615300460328562809e-03
8.637158305400129479e-03
8.658548701290959618e-03
8.679991522555890668e-03
8.701558957179379022e-03
8.723162227450132963e-03
8.744776696393133375e-03
8.766414781661489158e-03
8.787997143344774068e-03
8.809384264666420689e-03
8.830893188520160669e-03
8.852365678615435607e-03
8.873751716987414787e-03
8.894941600346427044e-03
8.916283160881314021e-03
8.937639101753207249e-03
8.958753130416689456e-03
8.979737663926680782e-03
9.000578631107982244e-03
9.021237991132262726e-03
9.041753002934247926e-03
9.062306074997597549e-03
9.082750047130430313e-03
9.102901851269247849e-03
9.123030843319102773e-03
9.143052805419674134e-03
9.163058950074427084e-03
9.183086266545847920e-03
9.203108660641600228e-03
9.223005318471909700e-03
9.242497791033286308e-03
9.262018384953222411e-03
9.281586203314193262e-03
9.301130044851547291e-03
9.320830524702582165e-03
9.340092421785432461e-03
9.358993710034907085e-03
9.377931301571364175e-03
9.396914995629215492e-03
9.415464119059819420e-03
9.434017028085901063e-03
9.452351204141671778e-03
9.470667677643962098e-03
9.488989522040370758e-03
9.506832007251829128e-03
9.524410889150281695e-03
9.541863616609465998e-03
9.559091787009373065e-03
9.576107708211699723e-03
9.592727889614479850e-03
9.609269523963995599e-03
9.625859792012816940e-03
9.642371376041899284e-03
9.658563931059403404e-03
9.674333533802577031e-03
9.689758142722154979e-03
9.705117883777657911e-03
9.720361961319404567e-03
9.735439914319909960e-03
9.750521694276027135e-03
9.765513111066327981e-03
9.780367511705511177e-03
9.795077415620807859e-03
9.809652632438622608e-03
9.823793371845374739e-03
9.837735536463420791e-03
9.851200147609344079e-03
9.864485336618848341e-03
9.877584963694195641e-03
9.890486684393871852e-03
9.903155591179570866e-03
9.915628696384008733e-03
9.928090546435714911e-03
9.940541435428112624e-03
9.952822827677303488e-03
9.964898891173220100e-03
9.976831979540974615e-03
9.988529845961963138e-03
1.000000644750728869e-02
1.001120144493590665e-02
1.002219434822321925e-02
1.003307138452153892e-02
1.004381629721938854e-02
1.005453784559772953e-02
1.006525185874141727e-02
1.007575056079049007e-02
1.008612222113186921e-02
1.009628547170167250e-02
1.010615128117199960e-02
1.011581205390407745e-02
1.012537017930238530e-02
1.013463763793409286e-02
1.014365647372743838e-02
1.015258588184224202e-02
1.016121292887205672e-02
1.016974222132659318e-02
1.017817149499825741e-02
1.018648583030948816e-02
1.019473270121308908e-02
1.020286241298719483e-02
1.021080002397684906e-02
1.021864617378262854e-02
1.022635344768609185e-02
1.023366174509963977e-02
1.024087160081928530e-02
1.024790026797141318e-02
1.025466542450712178e-02
1.026115576996458438e-02
1.026752793226548902e-02
1.027380586786514824e-02
1.027990108270173536e-02
1.028585583664912324e-02
1.029169015653411297e-02
1.029736738792424999e-02
1.030280744637472080e-02
1.030797809384256802e-02
1.031282429162706966e-02
1.031760380024667433e-02
1.032212510086858055e-02
1.032648159548540945e-02
1.033077155120557152e-02
1.033492885250222697e-02
1.033902277365262787e-02
1.034298209021797949e-02
1.034673052662700259e-02
1.035029046702636013e-02
1.035371138561980847e-02
1.035704268656907102e-02
1.036026084156897731e-02
1.036332368572848162e-02
1.036632220407030305e-02
1.036926377844327174e-02
1.037216099168123719e-02
1.037494654315439246e-02
1.037761527552408768e-02
1.038027316862864119e-02
1.038274610295035309e-02
1.038475788797773094e-02
1.038642137307262819e-02
1.038804930965104602e-02
1.038951438726833446e-02
1.039081904762733863e-02
1.039191585501779078e-02
1.039299597764662721e-02
1.039392873993378631e-02
1.039457517619012290e-02
1.039490099055008672e-02
1.039489941013567974e-02
1.039463053641913153e-02
1.039410351684900806e-02
1.039336854579423104e-02
1.039254662679845766e-02
1.039166453504137763e-02
1.039072180225975375e-02
1.038970590506193940e-02
1.038858646307777751e-02
1.038732555218102593e-02
1.038584688786329223e-02
1.038417479778190600e-02
1.038219217996333432e-02
1.037985033523871475e-02
1.037726304721013626e-02
1.037450989464800029e-02
1.037134378753301958e-02
1.036793305059935041e-02
1.036437421840220516e-02
1.036072166704878755e-02
1.035702197033740515e-02
1.035309503543236503e-02
1.034894257929886742e-02
1.034465707571665880e-02
1.034027142469869619e-02
1.033562178939723651e-02
1.033083315452873463e-02
1.032596253535112384e-02
1.032096907657240395e-02
1.031566047871320183e-02
1.031023122606565534e-02
1.030464081396363120e-02
1.029865368168137243e-02
1.029243441138041025e-02
1.028605497509957160e-02
1.027953888617955634e-02
1.027264734741207761e-02
1.026509191300743057e-02
1.025719759568718449e-02
1.024901563733323154e-02
1.024067987622500481e-02
1.023209617815000298e-02
1.022336402607990254e-02
1.021442512591802347e-02
1.020515886298911483e-02
1.019566601115831639e-02
1.018605100040199767e-02
1.017626242131932854e-02
1.016638752405048425e-02
1.015635602504777295e-02
1.014617005196799537e-02
1.013581163227366896e-02
1.012532187108032382e-02
1.011465734461078868e-02
1.010392258114969737e-02
1.009294154884466353e-02
1.008180624531428149e-02
1.007051098883989491e-02
1.005907633395374846e-02
1.004740389466302238e-02
1.003556936521086268e-02
1.002354022447640540e-02
1.001137772952158042e-02
9.999081222325345575e-03
9.986742069088753657e-03
9.974233570624222237e-03
9.961607733456546293e-03
9.948852035025436760e-03
9.935840833632594848e-03
9.922661545274415185e-03
9.909344872057182160e-03
9.895956292062838347e-03
9.882480620925825424e-03
9.868880201386294806e-03
9.855144242397955584e-03
9.841272241819671793e-03
9.827279593311756892e-03
9.813095894026435326e-03
9.798820635456818862e-03
9.784439757858906517e-03
9.769792934800441281e-03
9.754804056566370243e-03
9.739644684581213324e-03
9.724316277257370050e-03
9.708897507183390091e-03
9.693383542290028715e-03
9.677739730785945085e-03
9.661937950896900065e-03
9.646022622576582925e-03
9.630018414859314174e-03
9.613892634532814063e-03
9.597668206543091829e-03
9.581284633275120519e-03
9.564793003017124998e-03
9.548251377708642795e-03
9.531607911796868143e-03
9.514897057131177852e-03
9.498110126316574101e-03
9.481168069846895516e-03
9.464211684480580006e-03
9.447076497483788970e-03
9.429830311315709479e-03
9.412573605436293581e-03
9.395262369232488045e-03
9.377853000912272224e-03
9.360399749384844259e-03
9.342875712688191933e-03
9.325296974926691740e-03
9.307660355214983014e-03
9.289776188444105395e-03
9.271814780477895604e-03
9.253745681423761887e-03
9.235604833654742149e-03
9.217417045457875630e-03
9.199082328602749964e-03
9.180726410417693051e-03
9.162169786981292155e-03
9.143314442047866669e-03
9.124385889363637037e-03
9.105361743950586215e-03
9.086177702229896597e-03
9.066882499014975241e-03
9.047387366622802046e-03
9.027798222747573931e-03
9.008127426067833246e-03
8.988408228053768392e-03
8.968640895363933982e-03
8.948746070265639271e-03
8.928717866317952348e-03
8.908589853609585538e-03
8.888403282432219554e-03
8.868165905213177755e-03
8.847893247279334933e-03
8.827499734199507550e-03
8.806962891728449538e-03
8.786192475376913141e-03
8.765346676645963467e-03
8.744359205631106052e-03
8.723310431725623745e-03
8.702263794414051915e-03
8.681147599955153435e-03
8.659940138850505398e-03
8.638647966889349133e-03
8.617276456005008162e-03
8.595835457495778695e-03
8.574242767573641080e-03
8.552460077296826502e-03
8.530608335858858374e-03
8.508650376813756827e-03
8.486605014346573772e-03
