5.266022870059255956e-03
5.305482131262342395e-03
5.344774334385355395e-03
5.383863396594457812e-03
5.422771478881239192e-03
5.461800276061101224e-03
5.500511082077695797e-03
5.538894375818839526e-03
5.577042285485048732e-03
5.615252830250034785e-03
5.653417070791509798e-03
5.691455713969487476e-03
5.728928417761514069e-03
5.766151892972277461e-03
5.803051560062310807e-03
5.839609233425782121e-03
5.875791585886821697e-03
5.911840534499186034e-03
5.947819854733579943e-03
5.982951985286626834e-03
6.017877420597610161e-03
6.052945444363706969e-03
6.088279184778228569e-03
6.123513209635230749e-03
6.157917531035540792e-03
6.192006851244031759e-03
6.225614565570327524e-03
6.258841391827783124e-03
6.292087379116077968e-03
6.325407442640098091e-03
6.358551241790814414e-03
6.391250781819412391e-03
6.423542415465787608e-03
6.455520693505541370e-03
6.486763548529478340e-03
6.517708185535399205e-03
6.548067053640046695e-03
6.578166283977441263e-03
6.607791825313268259e-03
6.637114416182082234e-03
6.666037708863693963e-03
6.694484377753776722e-03
6.722857844244907975e-03
6.750610398489121679e-03
6.777880437694579381e-03
6.804570648568992151e-03
6.830661485824563763e-03
6.856197058356643809e-03
6.881572816534895116e-03
6.906669602225867094e-03
6.931672118881178173e-03
6.956426911462613646e-03
6.980700028665395851e-03
7.004779252075042303e-03
7.028458205165442375e-03
7.051907059561912314e-03
7.075031027902122308e-03
7.098083237849880239e-03
7.120909831001736093e-03
7.143691062308547834e-03
7.166386672887813461e-03
7.188986109384115121e-03
7.211283351703737937e-03
7.233238458621449318e-03
7.255270742031366335e-03
7.277204149400978359e-03
7.299126831674485755e-03
7.320841002451720057e-03
7.342614270237068745e-03
7.364446449741283464e-03
7.386178037525998122e-03
7.407883978181933546e-03
7.429568308660916380e-03
7.451293209197662123e-03
7.473080842745250321e-03
7.494670959253147552e-03
7.516124311641709729e-03
7.537381608000980407e-03
7.558574721016781198e-03
7.579422675599693966e-03
7.600203209940929044e-03
7.620595758312732892e-03
7.640839925043644079e-03
7.660807660376556770e-03
7.680677533862802393e-03
7.700705481264757610e-03
7.720694800301018332e-03
7.740861601678227996e-03
7.760846520198761735e-03
7.780923417814188114e-03
7.800891214459862964e-03
7.821049296902369066e-03
7.841393008879012430e-03
7.861753623355526022e-03
7.881761633327799207e-03
7.901690617097932925e-03
7.921762529076423892e-03
7.941902393236771954e-03
7.962062144113872530e-03
7.982381129224742217e-03
8.002939225122388325e-03
8.023458157102945909e-03
8.043767164886609852e-03
8.063556305415643666e-03
8.083338630173726377e-03
8.103212825248506945e-03
8.123269027442227980e-03
8.143436072823450819e-03
8.163424000267831618e-03
8.183448864754944152e-03
8.203169617235923569e-03
8.222811627683832003e-03
8.242416016360540332e-03
8.262131363783717375e-03
8.281804942354715343e-03
8.301310824595365193e-03
8.320722047931718504e-03
8.339908272081347079e-03
8.359016396501054574e-03
8.378202976264709223e-03
8.397413934138826461e-03
8.416580871683360804e-03
8.435753396431367596e-03
8.454873047754447868e-03
8.474010611133609566e-03
8.493079895424773124e-03
8.512052846713406840e-03
8.530996471068280629e-03
8.549755980781904505e-03
8.568323772396180954e-03
8.586800057257659019e-03
8.605367658646488963e-03
8.623979356434297375e-03
8.642610899760582235e-03
8.661226968057236103e-03
8.679793277617324845e-03
8.698259402798088138e-03
8.716697219148717216e-03
8.734956944992943589e-03
8.753037522737565010e-03
8.771082189077274160e-03
8.789173652175533147e-03
8.807193614459895778e-03
8.825153297620876372e-03
8.843037113148271774e-03
8.860903648608683958e-03
8.878628112992378862e-03
8.896373877481916076e-03
8.914055445689950813e-03
8.931531123041703060e-03
8.948956535462874659e-03
8.966266630267763840e-03
8.983426654498961189e-03
9.000539536593694934e-03
9.017561643064352095e-03
9.034575748583151614e-03
9.051441177718137429e-03
9.068147586538543789e-03
9.084586102698485530e-03
9.100809550832474754e-03
9.116855581341655468e-03
9.132781852020951593e-03
9.148633697527351616e-03
9.164256722970732724e-03
9.179883489843616851e-03
9.195300118860218544e-03
9.210567203449770285e-03
9.225568281058076081e-03
9.240298312295617406e-03
9.254910436491835604e-03
9.269374922984014234e-03
9.283584698384301018e-03
9.297542370251760460e-03
9.311383144036570331e-03
9.325174356532696038e-03
9.338885268846189996e-03
9.352517056207621318e-03
9.365964867556999390e-03
9.379334563536506977e-03
9.392503494094961089e-03
9.405751587951934056e-03
9.418943584164004429e-03
9.432121148079094033e-03
9.445085687449880640e-03
9.457889518794346598e-03
9.470596680695489086e-03
9.482988639813122109e-03
9.495239153607943142e-03
9.507429969867310995e-03
9.519625158246284441e-03
9.531696992932176676e-03
9.543463140159707050e-03
9.554846974770905138e-03
9.565862569084088510e-03
9.576699777446488412e-03
9.587381029521701778e-03
9.597942916974553512e-03
9.608372610057413013e-03
9.618685583384235099e-03
9.628885951249260139e-03
9.639038905850706024e-03
9.649084574340187001e-03
9.658985957271047293e-03
9.668803300044648968e-03
9.678515865437492885e-03
9.688099873450314176e-03
9.697551667556199989e-03
9.706741799365580306e-03
9.715764809833627239e-03
9.724520968035658963e-03
9.732981285505152430e-03
9.741287194782767556e-03
9.749465836638541993e-03
9.757513097505676053e-03
9.765446067433548871e-03
9.773165875123201660e-03
9.780632991716702723e-03
9.787958954274976128e-03
9.795174869984227262e-03
9.802187244155220747e-03
9.809023713671772768e-03
9.815644302196703530e-03
9.822183069774639147e-03
9.828674473554885327e-03
9.835009267495462004e-03
9.841100612355595245e-03
9.846994587690388948e-03
9.852787720988531034e-03
9.858506107793334541e-03
9.863995590775645819e-03
9.869328317806855613e-03
9.874432175724832950e-03
9.879420176422251676e-03
9.884276038346847398e-03
9.888913119082210282e-03
9.893326273760081474e-03
9.897518849641644481e-03
9.901532797958568360e-03
9.905299695953540678e-03
9.908860680541604210e-03
9.912291013243307650e-03
9.915581563237275964e-03
9.918532594949033485e-03
9.921338447390711315e-03
9.923948895433062911e-03
9.926442331704352084e-03
9.928812325638856559e-03
9.930983859512196657e-03
9.933002757859949947e-03
9.934853772717548367e-03
9.936570109414734689e-03
9.938103519171634717e-03
9.939470272940679335e-03
9.940593737665983157e-03
9.941561724031895003e-03
9.942431224226137496e-03
9.942955472459547028e-03
9.943191055632091477e-03
9.943213602101699453e-03
9.943042988842628466e-03
9.942720978367946064e-03
9.942235786988112486e-03
9.941445964288237944e-03
9.940377193873002962e-03
9.939089304944416850e-03
9.937628065921289694e-03
9.935912976679032657e-03
9.933973884270690113e-03
9.931821545241137361e-03
9.929503980993428097e-03
9.927031331619366739e-03
9.924302760693982928e-03
9.921270636721829170e-03
9.918006286191107315e-03
9.914535709454464288e-03
9.910868064352458887e-03
9.907068056010565754e-03
9.903046786741896007e-03
9.898834599089755687e-03
9.894418580794090215e-03
9.889899698387633054e-03
9.885133120316415625e-03
9.880207739279167622e-03
9.874965238239488338e-03
9.869484694034508232e-03
9.863760307100361696e-03
9.857925618297668294e-03
9.851984459778039688e-03
9.845930649552239386e-03
9.839703761502133911e-03
9.833357637794307854e-03
9.826913429045770754e-03
9.820294607367614781e-03
9.813536408685158072e-03
9.806518786349489175e-03
9.799306317872399225e-03
9.791907787398352117e-03
9.784337846391476592e-03
9.776616668621370201e-03
9.768700125525836206e-03
9.760668378866148645e-03
9.752362717125824532e-03
9.743976770167339305e-03
9.735370767337669234e-03
9.726640978404060833e-03
9.717659115450888452e-03
9.708532188578766070e-03
9.699197314586559607e-03
9.689638708451464577e-03
9.679897509582599882e-03
9.669994778394473342e-03
9.659897830819745221e-03
9.649550193854697713e-03
9.639018240331963597e-03
9.628216634940100702e-03
9.617382110621843991e-03
9.606396477569719566e-03
9.595240644859875240e-03
9.583959422353618626e-03
9.572556557403893301e-03
9.560940393041629168e-03
9.549084150346011032e-03
9.537052426365778476e-03
9.524817556366567059e-03
9.512439041994747227e-03
9.499892164022662872e-03
9.487174214712424183e-03
9.474131337687022661e-03
9.460942451486917260e-03
9.447627314617639341e-03
9.434213723584033290e-03
9.420691543282446942e-03
9.407018797956105335e-03
9.393174288353468501e-03
9.379164171522983914e-03
9.365047420782059845e-03
9.350754896533659127e-03
9.336378623623423079e-03
9.321811138028454277e-03
9.307081337804933366e-03
9.292273845789207967e-03
9.277338441632351773e-03
9.262348086691020790e-03
9.247252220174575696e-03
9.231993798351002464e-03
9.216637705088067539e-03
9.201125959711604560e-03
9.185463115993268424e-03
9.169733711139377644e-03
9.153911605544568300e-03
9.137967470508441548e-03
9.121941298164008838e-03
9.105794647279404075e-03
9.089436314807845807e-03
9.072969696098847139e-03
9.056304633955875039e-03
9.039492790928745775e-03
9.022472584478264529e-03
9.005301003466715040e-03
8.988004758643437092e-03
8.970631099702025893e-03
8.953087459958283464e-03
8.935394534859893503e-03
8.917438360191879548e-03
8.899307400710668170e-03
8.881004132620530511e-03
8.862567517376539195e-03
8.843989222885954501e-03
8.825305964270484943e-03
8.806501810188055099e-03
8.787565670926467815e-03
8.768468221110764863e-03
8.749239245857708125e-03
8.729880525523665141e-03
8.710368779132910549e-03
8.690653196071273373e-03
8.670826661849321410e-03
8.650935633251529561e-03
8.630934713476780956e-03
8.610758511528019202e-03
8.590466240362025149e-03
8.570013131269789766e-03
8.549453607122503573e-03
8.528751353305899507e-03
8.507926998135380628e-03
8.486986831261235376e-03
8.465962892655031977e-03
8.444833828640198672e-03
8.423603989513157170e-03
8.402257101411715612e-03
8.380828786427679811e-03
8.359289100446781751e-03
8.337600718752962228e-03
8.315802988344259475e-03
8.293947144243869751e-03
8.271986209444111629e-03
8.249969355118224115e-03
8.227913904511921853e-03
8.205748477514318573e-03
8.183508782470764326e-03
8.161099867110981759e-03
8.138625753629540743e-03
8.116081732374883645e-03
8.093405792865509055e-03
8.070595757147372429e-03
8.047706506794267967e-03
8.024778884212135574e-03
8.001768390260280070e-03
7.978695440841754652e-03
7.955553503964976278e-03
7.932398011355890413e-03
7.909146042178882494e-03
7.885819753827315315e-03
7.862416584882575207e-03
7.838873057929325941e-03
7.815286977008770175e-03
7.791604693453247667e-03
7.767792674793052958e-03
7.743864457223545959e-03
7.719824928930739752e-03
7.695742021546323960e-03
7.671466451794050137e-03
7.647051458065665455e-03
7.622554471298867255e-03
7.598036399176780892e-03
7.573385664941065937e-03
7.548686131565489170e-03
7.523880939568085811e-03
7.499040586779478525e-03
7.474175493563545505e-03
7.449268778022543301e-03
7.424255150689190556e-03
7.399209884411310154e-03
7.374090925596094373e-03
7.348888027841639185e-03
7.323616456674981491e-03
7.298194927583843104e-03
7.272782580234849088e-03
7.247303179689397121e-03
7.221810202731568894e-03
7.196275938174790700e-03
7.170678422124621490e-03
7.145052171900014015e-03
7.119386904831007112e-03
7.093688243194051606e-03
7.067919309336657616e-03
7.042022100553631606e-03
7.016014464470693782e-03
6.989905299959920867e-03
6.963742857775664062e-03
6.937561835018368761e-03
6.911388413796650670e-03
6.885188275486478666e-03
6.858964156091963520e-03
6.832650055437370848e-03
6.806341327755299070e-03
6.779922089845206654e-03
6.753492577370906989e-03
6.727038894262299049e-03
6.700537155560979362e-03
6.673969292291762057e-03
6.647406282603218405e-03
6.620767687475680174e-03
6.594140185593614333e-03
6.567564139772449384e-03
6.540973754350888451e-03
6.514366930250117121e-03
6.487671727646463458e-03
6.461004652428733661e-03
6.434292412774870150e-03
6.407518074203641563e-03
6.380747379377175489e-03
6.353966875339983611e-03
6.327145182843461023e-03
6.300345585388339095e-03
6.273564430292739511e-03
6.246817896747789735e-03
6.220069224218768497e-03
6.193308909643085482e-03
6.166522956875738169e-03
6.139754744696576845e-03
6.112976022054950748e-03
6.086242640097672303e-03
6.059505079207953317e-03
6.032725864713263733e-03
6.005942370691633864e-03
5.979231186552574386e-03
5.952486930828730823e-03
5.925743638234866675e-03
5.898996742321094451e-03
5.872206187355401633e-03
5.845451515632316998e-03
5.818688500073542283e-03
5.791911354832646186e-03
5.765176308701490913e-03
5.738449691724293797e-03
5.711710465309738707e-03
5.685005324738555410e-03
5.658325805108327736e-03
5.631606924554786835e-03
