2.269485744271437788e-02
2.260975805744261380e-02
2.252448279282065827e-02
2.243894268156110955e-02
2.235335457113730995e-02
2.226781206405556435e-02
2.218193461116836282e-02
2.209616104569172429e-02
2.201028382875474046e-02
2.192436583467348085e-02
2.183816972122227043e-02
2.175177340377717691e-02
2.166533391980864087e-02
2.157870631789083130e-02
2.149178920526324810e-02
2.140484795650273581e-02
2.131786463248204477e-02
2.123068537074462858e-02
2.114357533116873952e-02
2.105621627401416465e-02
2.096883450198768969e-02
2.088128379963332185e-02
2.079362290369482155e-02
2.070604103388063583e-02
2.061832386986845247e-02
2.053038437143621386e-02
2.044239554766543593e-02
2.035429396889190667e-02
2.026628463028627009e-02
2.017823699572877938e-02
2.009005264472502744e-02
2.000174801662972165e-02
1.991330859575012047e-02
1.982502515178603819e-02
1.973657301869223904e-02
1.964808352721226711e-02
1.955948658069831675e-02
1.947101687640580281e-02
1.938254368248179191e-02
1.929397837636729132e-02
1.920542963711726822e-02
1.911696832565870988e-02
1.902857295815529523e-02
1.894025889797470302e-02
1.885222392871155686e-02
1.876416745129482616e-02
1.867625339615244795e-02
1.858827636828181556e-02
1.850033535241064897e-02
1.841253420539705130e-02
1.832493992930896848e-02
1.823750204321815740e-02
1.815021072882088207e-02
1.806307690384185982e-02
1.797609199156080528e-02
1.788914509407621076e-02
1.780243543203955184e-02
1.771571919820996363e-02
1.762905228436703609e-02
1.754271816373197818e-02
1.745628093352709007e-02
1.737029726817659880e-02
1.728451333699795867e-02
1.719892087742085074e-02
1.711337388660948144e-02
1.702814389078531956e-02
1.694296167875134623e-02
1.685790257552329668e-02
1.677309830497384149e-02
1.668842625373535143e-02
1.660384205293071597e-02
1.651931117807044908e-02
1.643503064306615566e-02
1.635098376112975246e-02
1.626718115610036736e-02
1.618345317816042780e-02
1.609995251245750769e-02
1.601664738843243743e-02
1.593361935756793316e-02
1.585072535354583104e-02
1.576808188937361965e-02
1.568558609387380592e-02
1.560334047995990368e-02
1.552121399409480025e-02
1.543932618011096929e-02
1.535759875007936676e-02
1.527611304738303935e-02
1.519480222936722170e-02
1.511359019104508219e-02
1.503245374600800308e-02
1.495154051221545335e-02
1.487087903881246197e-02
1.479067013346383429e-02
1.471068233227908022e-02
1.463099279726668041e-02
1.455152022375376560e-02
1.447226984182295451e-02
1.439313598438278843e-02
1.431420419801406399e-02
1.423545529696595979e-02
1.415695204591900860e-02
1.407871830655358335e-02
1.400065088476097966e-02
1.392286746898710632e-02
1.384530357914501644e-02
1.376793682022837972e-02
1.369092156686315884e-02
1.361426668118574483e-02
1.353794032820660430e-02
1.346187312411673866e-02
1.338607059080595095e-02
1.331047140132603918e-02
1.323526353338631834e-02
1.316034440268028238e-02
1.308576946353654305e-02
1.301138956382559206e-02
1.293717383589663289e-02
1.286335209973066274e-02
1.278978756795605756e-02
1.271655337968463639e-02
1.264358884047689716e-02
1.257097396369656270e-02
1.249859135878422789e-02
1.242658896221396879e-02
1.235495971751027038e-02
1.228364811656595078e-02
1.221257587243921097e-02
1.214176971458501633e-02
1.207117555797580961e-02
1.200088319463359782e-02
1.193082330206214452e-02
1.186104083779305519e-02
1.179152393749490629e-02
1.172248646205996565e-02
1.165372421566975361e-02
1.158531319081776943e-02
1.151725410205750241e-02
1.144944513299882109e-02
1.138190553574543011e-02
1.131467239776422565e-02
1.124766819093678955e-02
1.118096971033029872e-02
1.111455797954064885e-02
1.104842042519067757e-02
1.098256330637822215e-02
1.091706008015814848e-02
1.085176594989337162e-02
1.078676479622416723e-02
1.072213016391383202e-02
1.065788303876238213e-02
1.059396201354346687e-02
1.053043872297192846e-02
1.046718253012568663e-02
1.040432956336807824e-02
1.034180973140317455e-02
1.027955291601978169e-02
1.021752695773836019e-02
1.015572670057120902e-02
1.009423753854465575e-02
1.003307571631941245e-02
9.972212646144189632e-03
9.911563298647721107e-03
9.851258891456698280e-03
9.791291817423854876e-03
9.731600113143333217e-03
9.672223184639755500e-03
9.613156420154138349e-03
9.554462168323542282e-03
9.496071608585038293e-03
9.437966396575575220e-03
9.380253056466293302e-03
9.322930545108862668e-03
9.265977678839697890e-03
9.209356091249235737e-03
9.153089394713914001e-03
9.097222060939628638e-03
9.041639453141398289e-03
8.986462948870952913e-03
8.931577070942773797e-03
8.877069106596611331e-03
8.822857611595121691e-03
8.768993309571563796e-03
8.715459679438189791e-03
8.662287384850961280e-03
8.609464224050416073e-03
8.556907816272734182e-03
8.504680384411858821e-03
8.452781075908620892e-03
8.401259086253597477e-03
8.350067839362155381e-03
8.299218457889128223e-03
8.248674307042866069e-03
8.198471868333109119e-03
8.148596586525572172e-03
8.098975327444635219e-03
8.049692850477565761e-03
8.000736293245859498e-03
7.952116633851714564e-03
7.903803270679372189e-03
7.855825682489669254e-03
7.808142404188337000e-03
7.760684410490166496e-03
7.713525943461230737e-03
7.666690165400722075e-03
7.620139686746483197e-03
7.573833331821277354e-03
7.527846531015663228e-03
7.482151980820938610e-03
7.436734126812619833e-03
7.391651209776560656e-03
7.346872900990760250e-03
7.302379011305441293e-03
7.258139981006137692e-03
7.214222116416816460e-03
7.170565703478667952e-03
7.127212143686953785e-03
7.084098478914174421e-03
7.041264236251680748e-03
6.998732481353121988e-03
6.956484053460419009e-03
6.914470440356587817e-03
6.872732749443465940e-03
6.831281379261760697e-03
6.790133628739949273e-03
6.749247204334025280e-03
6.708604351842265348e-03
6.668238225258012707e-03
6.628161692987127353e-03
6.588375106278999103e-03
6.548914085458846894e-03
6.509814896610381478e-03
6.470986742390125689e-03
6.432409291485825104e-03
6.394140405895164248e-03
6.356131086120569984e-03
6.318399818791483984e-03
6.280902595996691769e-03
6.243646215035385597e-03
6.206665479318156445e-03
6.169978621182358597e-03
6.133524743232855042e-03
6.097355556342308643e-03
6.061444300191531388e-03
6.025783553130346047e-03
5.990405778604111602e-03
5.955312344718804649e-03
5.920507799010889770e-03
5.885987889388284884e-03
5.851717826157830718e-03
5.817713515824762642e-03
5.783911514124112294e-03
5.750380845925412432e-03
5.717101815906425362e-03
5.684107412931713871e-03
5.651377580505299175e-03
5.618900065531268369e-03
5.586680303282154716e-03
5.554688298411115596e-03
5.522927617190607173e-03
5.491458246157513920e-03
5.460202778831707397e-03
5.429163625480256002e-03
5.398358722372615520e-03
5.367809552565705293e-03
5.337439030016523367e-03
5.307317316842435732e-03
5.277389702729624009e-03
5.247711724311289287e-03
5.218284780193912196e-03
5.189079471167370831e-03
5.160088044180808492e-03
5.131338493498749723e-03
5.102779192787401490e-03
5.074446321669087018e-03
5.046330819987973268e-03
5.018444932162658204e-03
4.990778339618826519e-03
4.963334176425913610e-03
4.936132542466471242e-03
4.909130553931250092e-03
4.882346518915238118e-03
4.855744997758029355e-03
4.829348063054349736e-03
4.803173526837367126e-03
4.777258292791569140e-03
4.751531144843582251e-03
4.726033394961644263e-03
4.700760395170668765e-03
4.675722761463832304e-03
4.650855607479195165e-03
4.626208296849791853e-03
4.601742773990588446e-03
4.577494452633966426e-03
4.553446217010340309e-03
4.529572102983123703e-03
4.505877490227681512e-03
4.482420875848394659e-03
4.459151817419358503e-03
4.436087198293219534e-03
4.413216902903261026e-03
4.390526831132562577e-03
4.368035869494486106e-03
4.345726606463302596e-03
4.323642169904235583e-03
4.301740727885642462e-03
4.280021478717165040e-03
4.258521797723926333e-03
4.237229179076728615e-03
4.216153510134103624e-03
4.195237734381805465e-03
4.174553057501211376e-03
4.154012428410632819e-03
4.133656220993028874e-03
4.113491256708978229e-03
4.093519570882417184e-03
4.073714625790663194e-03
4.054054140323636903e-03
4.034562781541223449e-03
4.015252847224906954e-03
3.996121576507728756e-03
3.977200715501698000e-03
3.958450697833727945e-03
3.939868994638118412e-03
3.921453783652787718e-03
3.903235172198307821e-03
3.885197167957557107e-03
3.867319835579224006e-03
3.849615275396912114e-03
3.831954069807147738e-03
3.814355671946753189e-03
3.796895960412977663e-03
3.779582490548997337e-03
3.762457791978936292e-03
3.745494656410737217e-03
3.728711580787896079e-03
3.712071226988627060e-03
3.695573171045565038e-03
3.679236635679050422e-03
3.663039025421190639e-03
3.646994922317617436e-03
3.631127222034941267e-03
3.615398138998105696e-03
3.599849928794359583e-03
3.584499596440616619e-03
3.569309072582450143e-03
3.554259827255803941e-03
3.539403387524950925e-03
3.524738430125367097e-03
3.510227259424701218e-03
3.495822087060291693e-03
3.481588383554026951e-03
3.467492776083155610e-03
3.453540589063616630e-03
3.439785578148722798e-03
3.426197047285473463e-03
3.412745489057113397e-03
3.399440553858739354e-03
3.386355573028072656e-03
3.373421166549195587e-03
3.360679258037116944e-03
3.348084151583096638e-03
3.335660806028225341e-03
3.323398305830107310e-03
3.311301489734852499e-03
3.299383847563568724e-03
3.287607161901898688e-03
3.275984066764284219e-03
3.264524615365480779e-03
3.253261770044484687e-03
3.242197170164290692e-03
3.231304842339438599e-03
3.220627963849082790e-03
3.210114504344692334e-03
3.199783274062395488e-03
3.189651422130079534e-03
3.179725614414195302e-03
3.169997460133209665e-03
3.160459870414565088e-03
3.151107628607298372e-03
3.141977938282857451e-03
3.133048113588983961e-03
3.124320237600825608e-03
3.115803851000004728e-03
3.107401777265720189e-03
3.099001759795238977e-03
3.090827617115224357e-03
3.082919391967756800e-03
3.075008441364047475e-03
3.067329476640670224e-03
3.059790501919527807e-03
3.052591120641186175e-03
3.045250664254601624e-03
3.037786703153108440e-03
3.030051741015526469e-03
3.022516269019797589e-03
3.015118505516035507e-03
3.007847651689914831e-03
3.000794948726965249e-03
2.993913558560394508e-03
2.987244106845191125e-03
2.980837553450610064e-03
2.974614255617405272e-03
2.968614002471049035e-03
2.962882815267625994e-03
2.957367829727086759e-03
2.952049957653450456e-03
2.946920477020381970e-03
2.941680840214357627e-03
2.936592514032880519e-03
2.931655401362768566e-03
2.926773776691328141e-03
2.921772556383328296e-03
2.916951614772155584e-03
2.912277701115004603e-03
2.907830513768288900e-03
2.903515182506379109e-03
2.899074404837488801e-03
2.894819686230088677e-03
2.890829215044929488e-03
2.887105387234110282e-03
2.883574541916798187e-03
2.880262865955985057e-03
2.877026574816838201e-03
2.874005843842800979e-03
2.871168527362694643e-03
2.868560804435028606e-03
2.866211992017292983e-03
2.864062220950170604e-03
2.861797609882628900e-03
2.859721552305807823e-03
2.857690899467052025e-03
2.855805517491025181e-03
2.853738300863917741e-03
2.852061350638907151e-03
2.850586360966485006e-03
2.849361096138856766e-03
2.848340624864202468e-03
2.847488328757233692e-03
2.846917898632730752e-03
2.846562805791051035e-03
2.846274185337397539e-03
2.846203943565398398e-03
2.846267933656847129e-03
2.846605899323726048e-03
2.847203109434265009e-03
2.848039322592935130e-03
2.849175929450859391e-03
2.850551188497226288e-03
2.852233924360837464e-03
2.854191872031455572e-03
2.856437906007248690e-03
2.858978979181535634e-03
2.861877611672268475e-03
2.865181928412807201e-03
2.868825358499024931e-03
2.872883324722335079e-03
2.877099355989419949e-03
2.881278154470565817e-03
2.885871200464167324e-03
2.890797858983416152e-03
2.896063901131111073e-03
2.901393349664955785e-03
2.907013469928100731e-03
2.913003737771381694e-03
2.919202868828269393e-03
2.925509413571992373e-03
2.932256672157855255e-03
2.939441096642281953e-03
2.946987320519494930e-03
2.954914708373538972e-03
2.963134072905518508e-03
2.971109166622784136e-03
2.979388836245228361e-03
2.988209706769092821e-03
2.997538025479305843e-03
3.007463469943048168e-03
3.017773657295339754e-03
3.028141471136756163e-03
3.037969346535123252e-03
3.048119552092352046e-03
3.058826401371969681e-03
3.070250793827551498e-03
3.082178281432169757e-03
3.093157395836491647e-03
3.104413030341378592e-03
3.116225226536854191e-03
3.128498186263692360e-03
3.141318964877291061e-03
3.154428257952702520e-03
3.168198703790649565e-03
3.182246624500082409e-03
3.196152644918514706e-03
3.210273906493828384e-03
3.225042356466670430e-03
3.239690216237190844e-03
3.254745759378345222e-03
3.270327950752156213e-03
3.286407777061687002e-03
3.303166330372124797e-03
3.320631728677670823e-03
