1.632052035183328975e-02
1.640941906102005854e-02
1.649568842083840373e-02
1.658012417482788645e-02
1.666170534815668292e-02
1.674099949280875507e-02
1.681843831459930300e-02
1.689344341604400238e-02
1.696507468771434046e-02
1.703372253551197965e-02
1.709957020754206483e-02
1.716203360412938556e-02
1.722072674033425788e-02
1.727610028086547234e-02
1.732812839491573026e-02
1.737763555032667204e-02
1.742476454857651985e-02
1.746786994122332196e-02
1.750719323331762986e-02
1.754284566429384698e-02
1.757506800168272265e-02
1.760328639221097474e-02
1.762727691148347625e-02
1.764821879348528813e-02
1.766579529118213893e-02
1.768092304098273920e-02
1.769265102363177036e-02
1.770095363543894296e-02
1.770548852089938452e-02
1.770631197624908046e-02
1.770339744724208283e-02
1.769745790674651098e-02
1.768885480701064619e-02
1.767786948975388558e-02
1.766375057880696306e-02
1.764757119904001442e-02
1.762956607961191358e-02
1.760899669914573265e-02
1.758646492887304055e-02
1.756224780053775025e-02
1.753620525386175369e-02
1.750740782133772960e-02
1.747601113824442595e-02
1.744214930328489427e-02
1.740592066545664299e-02
1.736712140648229846e-02
1.732527964754093999e-02
1.728036840966582291e-02
1.723283300755952194e-02
1.718308227524623089e-02
1.713102494556042327e-02
1.707725600462212112e-02
1.702133590933815888e-02
1.696364088957976954e-02
1.690346445916133047e-02
1.684162191800368108e-02
1.677832930609628528e-02
1.671321481016525834e-02
1.664707391925022983e-02
1.657898610139971196e-02
1.650905895219941313e-02
1.643850912990581573e-02
1.636686588780179516e-02
1.629482208962405171e-02
1.622159962756601972e-02
1.614693967863131338e-02
1.607118159296022641e-02
1.599429216106615717e-02
1.591669097757106993e-02
1.583807276872139028e-02
1.575895082210770556e-02
1.567951130572559429e-02
1.559983164470883296e-02
1.552056112209775768e-02
1.544024669503240785e-02
1.536041918504214149e-02
1.527973888435085401e-02
1.519928345705156073e-02
1.511894019532114899e-02
1.503859859880381580e-02
1.495811236589392537e-02
1.487785171303160521e-02
1.479694870256142297e-02
1.471560134935184089e-02
1.463418263889364190e-02
1.455219877565108212e-02
1.446991522830054673e-02
1.438766948598408160e-02
1.430553100234488624e-02
1.422291561701851011e-02
1.413994722522501739e-02
1.405713329877961160e-02
1.397440959915723958e-02
1.389179007532326954e-02
1.380886306153913945e-02
1.372643097269263431e-02
1.364401489707714119e-02
1.356212017801970357e-02
1.348043151952013109e-02
1.339902031686173930e-02
1.331730765680555831e-02
1.323617000343005508e-02
1.315556942845211123e-02
1.307577038774440648e-02
1.299649700567232988e-02
1.291759253730004331e-02
1.283877506799752967e-02
1.276035822190101955e-02
1.268234940912557965e-02
1.260479814689791957e-02
1.252781079581920601e-02
1.245148233102225631e-02
1.237573953737781431e-02
1.230051725812425154e-02
1.222603683857168520e-02
1.215176803721524333e-02
1.207789274096476677e-02
1.200462056381646631e-02
1.193176226673275941e-02
1.185925253644859630e-02
1.178723162996252703e-02
1.171590069470561379e-02
1.164507471640141567e-02
1.157501385902918838e-02
1.150560675470949090e-02
1.143634951769632695e-02
1.136738869650910123e-02
1.129881623618309537e-02
1.123065388404363187e-02
1.116293668833667763e-02
1.109562038145508849e-02
1.102900768030629607e-02
1.096256288675735019e-02
1.089677256434770300e-02
1.083142742850734704e-02
1.076698836436701737e-02
1.070289345354648314e-02
1.063938006581022916e-02
1.057620426136748372e-02
1.051364460530083804e-02
1.045130545216929607e-02
1.038950869397931714e-02
1.032800940203800789e-02
1.026695685764737222e-02
1.020642948492353659e-02
1.014648775020174712e-02
1.008705765677089111e-02
1.002817801280419911e-02
9.969806147840043486e-03
9.911871680957624539e-03
9.854432316300242717e-03
9.797562397359843925e-03
9.741203838918707433e-03
9.685390079606892577e-03
9.630098339966251461e-03
9.574953898419528639e-03
9.520556547072097156e-03
9.466318782662954887e-03
9.412663401067734512e-03
9.359514374460147987e-03
9.306662760374622909e-03
9.254261213666093236e-03
9.202537172782375430e-03
9.151090155328975989e-03
9.100021672379261448e-03
9.049472743288445795e-03
8.999112385341772463e-03
8.949311227333681118e-03
8.899790214926510054e-03
8.850567616309999719e-03
8.801969767938497280e-03
8.753726300790963186e-03
8.705989750941844213e-03
8.658540963505469146e-03
8.611437054334375105e-03
8.564535254477284587e-03
8.518112127310949536e-03
8.472109673455527692e-03
8.426348240487669880e-03
8.381014337052520441e-03
8.336205538359731104e-03
8.291821996782376691e-03
8.247934957543379825e-03
8.204493573448674165e-03
8.161622972520543584e-03
8.119039957445181935e-03
8.076798217003430466e-03
8.035189998065092251e-03
7.993596480472476423e-03
7.952419296805937968e-03
7.911728867371939714e-03
7.871451017548438192e-03
7.831806703257544397e-03
7.792347806556366649e-03
7.753272404665332782e-03
7.714738267482623355e-03
7.676405154793689012e-03
7.638454583865150055e-03
7.600840660638922240e-03
7.563498215571228499e-03
7.526589059487019673e-03
7.489993752941388402e-03
7.453876679297339637e-03
7.418063083774265216e-03
7.382656601257293547e-03
7.347597568608378246e-03
7.313041373880731222e-03
7.278757537929168506e-03
7.244603571554881181e-03
7.210832174168014565e-03
7.177201795305000916e-03
7.143890777894051219e-03
7.110829876131838888e-03
7.078080193798506371e-03
7.045413034703236314e-03
7.013109964616817855e-03
6.981194289871478845e-03
6.949630388063595191e-03
6.918367148146378764e-03
6.887503596779249830e-03
6.856838814947171026e-03
6.826540059815098052e-03
6.796383224816256348e-03
6.766493157804779821e-03
6.736780635616394092e-03
6.707489669850547932e-03
6.678637253963063541e-03
6.650038792890529751e-03
6.621572387558996228e-03
6.593371943120634321e-03
6.565252336702668071e-03
6.537466210299477075e-03
6.509948486752109749e-03
6.482573862829263053e-03
6.455480944813240217e-03
6.428763132722365749e-03
6.402306520484683967e-03
6.376113195384101352e-03
6.350178068721077165e-03
6.324566272939970320e-03
6.299221216880005955e-03
6.274136225140078058e-03
6.249338497776591762e-03
6.224760995466295521e-03
6.200610923133407018e-03
6.176831115095777341e-03
6.153330958675646938e-03
6.130169738326811564e-03
6.107228930450772988e-03
6.084568445047389834e-03
6.062328778390870497e-03
6.040301508810406658e-03
6.018590762056953876e-03
5.997002043965611075e-03
5.975781200686443480e-03
5.954741886468811925e-03
5.934061330219196628e-03
5.913437338734691892e-03
5.893280124537457476e-03
5.873305960425924226e-03
5.853578757421465731e-03
5.834035404218586990e-03
5.814523904113297510e-03
5.795352818314432851e-03
5.776207573117332454e-03
5.757441477526027696e-03
5.738766655517304680e-03
5.720371372113149458e-03
5.702229409716244937e-03
5.684290263808516527e-03
5.666760663101069566e-03
5.649262581752331584e-03
5.632096182395609531e-03
5.614990081621373114e-03
5.598110708066896674e-03
5.581429806290868871e-03
5.564933711574926792e-03
5.548701165068945992e-03
5.532705663343821453e-03
5.516998251872863232e-03
5.501365474324090669e-03
5.485949165070807231e-03
5.470713548869141421e-03
5.455602615340870640e-03
5.440830538930721896e-03
5.426236573031844278e-03
5.411868471999105833e-03
5.397554746683973920e-03
5.383436147366961640e-03
5.369541601565597927e-03
5.355609153694922131e-03
5.341930103628331553e-03
5.328283515760062761e-03
5.314710229742241124e-03
5.301408173436363003e-03
5.288118298963300802e-03
5.275086033779689994e-03
5.262135336264337805e-03
5.249439683995838976e-03
5.236796607837408170e-03
5.224365998563252830e-03
5.212138760502900078e-03
5.199978905740793196e-03
5.187964355927171187e-03
5.176119386057979714e-03
5.164478833109952677e-03
5.152957906480859669e-03
5.141571142010931822e-03
5.130197013023317203e-03
5.119087019094541516e-03
5.108122375501284243e-03
5.097140150642066533e-03
5.086177913379912388e-03
5.075455131087745243e-03
5.064861406784122375e-03
5.054466992347264771e-03
5.044336694172726204e-03
5.034370350613511132e-03
5.024488347955984903e-03
5.014731951716178658e-03
5.005121072226679894e-03
4.995662731513547325e-03
4.986284110512383648e-03
4.977081455790460449e-03
4.967943848142667047e-03
4.959026849064592998e-03
4.950176320633893276e-03
4.941533312069772491e-03
4.932913705470201061e-03
4.924337285372683802e-03
4.915859144932095692e-03
4.907461173488336659e-03
4.899135416353393377e-03
4.890802776139843884e-03
4.882653533182525728e-03
4.874485399490096835e-03
4.866450786920202207e-03
4.858548322651499128e-03
4.850755159723349128e-03
4.843034161618639012e-03
4.835322221545898351e-03
4.827728728424206250e-03
4.820164898215974734e-03
4.812502027637385188e-03
4.804981878141955688e-03
4.797631767046750019e-03
4.790379300196510870e-03
4.783100175102439691e-03
4.775761788400723074e-03
4.768344522010861501e-03
4.761035970154894187e-03
4.753948012787493314e-03
4.746867431533853023e-03
4.739898896961436750e-03
4.732870772797061719e-03
4.725879625294954374e-03
4.718880729801590637e-03
4.711895761671243237e-03
4.705058069311510334e-03
4.698276263899096514e-03
4.691622754820023652e-03
4.684953077776399417e-03
4.678460157631653127e-03
4.671973457686211251e-03
4.665690048153574125e-03
4.659443940205126519e-03
4.653285227326363523e-03
4.647016093522352530e-03
4.640984646178832572e-03
4.634942788454227657e-03
4.628953772463922575e-03
4.622952916608840529e-03
4.617053929797211749e-03
4.611154207068426762e-03
4.605279054567257280e-03
4.599478905423651579e-03
4.593739472235852314e-03
4.588141992697087300e-03
4.582531061928855204e-03
4.576928613461525575e-03
4.571427762097032485e-03
4.565901469457749398e-03
4.560387594770370923e-03
4.554896202653240661e-03
4.549402904663941115e-03
4.543846693974761160e-03
4.538259640193984847e-03
4.532644305316663180e-03
4.526977095046797427e-03
4.521281840962888994e-03
4.515620244867787209e-03
4.509947211914298003e-03
4.504294529266868012e-03
4.498601015680350756e-03
4.492921566947798151e-03
4.487316245505816072e-03
4.481726147000771043e-03
4.476107799216541040e-03
4.470415314499919315e-03
4.464730793581354364e-03
4.459020560650581687e-03
4.453337931475133925e-03
4.447749644685110824e-03
4.442035758259767902e-03
4.436290742959752599e-03
4.430549305632929327e-03
4.424886212295089764e-03
4.419294452970018092e-03
4.413773245656125825e-03
4.408168706356998569e-03
4.402532102035462344e-03
4.396828234371355851e-03
4.391149458101066202e-03
4.385658292476221805e-03
4.380149580458675765e-03
4.374570904775924689e-03
4.368973726456811327e-03
4.363512426640986375e-03
4.358089163678632166e-03
4.352702278306085602e-03
4.347267516150836626e-03
4.341727230724441375e-03
4.336357474701709250e-03
4.330949987890425450e-03
4.325562214943984296e-03
4.320201619862577141e-03
4.314797973003399630e-03
4.309455648450130627e-03
4.304118230593215536e-03
4.298801717210649909e-03
4.293646486504511944e-03
4.288412835458274737e-03
4.283147668220045438e-03
4.277946378275689771e-03
4.272614897407022924e-03
4.267264814685447355e-03
4.261941822137121395e-03
4.256500646544052538e-03
4.251026297020840845e-03
4.245647832464314458e-03
4.240276085579954002e-03
4.235040418117322694e-03
4.229787447844844152e-03
4.224519063479981185e-03
4.219307535290406884e-03
4.214091621195286720e-03
4.208824878399382644e-03
4.203552643197510166e-03
4.198292342408579091e-03
4.192931427994701747e-03
4.187419198740804580e-03
4.182064947496839762e-03
4.176649399704800668e-03
4.171176274560812851e-03
4.165777198892572399e-03
4.160273953579076735e-03
4.154869581078537120e-03
4.149357222127483293e-03
4.144010867694315758e-03
4.138612816666409691e-03
4.133106882342227166e-03
4.127635122552672162e-03
4.122120219043704133e-03
4.116595253172540027e-03
4.111097691554724265e-03
4.105453638915520544e-03
4.099859176031883483e-03
4.093978304330290856e-03
4.088162249635858211e-03
4.082275852804020770e-03
4.076304472146610215e-03
4.070319885041776171e-03
4.064204660527722876e-03
4.057944069771956402e-03
4.051684612445121368e-03
4.045481803512712173e-03
4.039433479472088161e-03
4.033256066677899133e-03
4.027032265380803104e-03
4.020731113561866119e-03
4.014471305711355895e-03
4.008199047122354246e-03
4.001984977411409718e-03
3.995584278896576781e-03
3.989329221681085606e-03
3.983104926005918978e-03
3.976714428830062723e-03
3.970380987619760195e-03
3.963958946486005955e-03
3.957521480002820780e-03
3.951174741425882500e-03
3.944722950045098479e-03
3.938269083878227599e-03
3.931850252188516352e-03
3.925275405160542908e-03
3.918540410591405364e-03
3.911849864018972049e-03
3.905317030948744165e-03
3.898641052484214022e-03
3.891900708607952918e-03
