7.179011439053386429e-03
7.194087968073994283e-03
7.208665770082741016e-03
7.222650826261725436e-03
7.236015314445959010e-03
7.248846718141589360e-03
7.260892847767284018e-03
7.272957261491595771e-03
7.284564853157306404e-03
7.295381903136899555e-03
7.305835799841169098e-03
7.316197061559118892e-03
7.326609613241712171e-03
7.336290685588275906e-03
7.345190582812691910e-03
7.353529806493186612e-03
7.361620396931519913e-03
7.369664246986991352e-03
7.377125007458976147e-03
7.383896309698207219e-03
7.389885983839446226e-03
7.395247044892854817e-03
7.399970710846343232e-03
7.404037662963233388e-03
7.406868965044825781e-03
7.409225720552487654e-03
7.410724377473480035e-03
7.411544493295793914e-03
7.411609867455076946e-03
7.411352474869986606e-03
7.411106682894312049e-03
7.411087234334839090e-03
7.411228547448556712e-03
7.410569245635299958e-03
7.410363150396618442e-03
7.410280284883233315e-03
7.409860437793527009e-03
7.408370526050283254e-03
7.406867373953454278e-03
7.405208640533864593e-03
7.403296395851168867e-03
7.400550262266904905e-03
7.397727860861793084e-03
7.395079120399141760e-03
7.392334746647465614e-03
7.388760082696193068e-03
7.384132922055182055e-03
7.379084424646367713e-03
7.373299273252889759e-03
7.367529908598541288e-03
7.361391163379669283e-03
7.354966545660432745e-03
7.348327654187195718e-03
7.340779989832054396e-03
7.333398669149873185e-03
7.325922979710971540e-03
7.318103443387047845e-03
7.310295350388089711e-03
7.302641036415831628e-03
7.294467399070238452e-03
7.286147318358431393e-03
7.277784199685949883e-03
7.269514640661732356e-03
7.260880496091134256e-03
7.251665001403765146e-03
7.242612536033443162e-03
7.233527418227180331e-03
7.224229911021164303e-03
7.215219331519368527e-03
7.205436963528933682e-03
7.194692600521745106e-03
7.183462450255479435e-03
7.171976626906033207e-03
7.160367101535877743e-03
7.148677818432869202e-03
7.136718345690095701e-03
7.124786810846646043e-03
7.113131963077115420e-03
7.101321474871835279e-03
7.089154393717852880e-03
7.077499236142692322e-03
7.066343805465165155e-03
7.054516183362764467e-03
7.042912459392941353e-03
7.030680593414918855e-03
7.018792468196118420e-03
7.006919209541935360e-03
6.995319687524448674e-03
6.983856790912051221e-03
6.972148566129619807e-03
6.960580780653764787e-03
6.948969384045195104e-03
6.937084358568964063e-03
6.925116155491943364e-03
6.913567874500725109e-03
6.902252408869031727e-03
6.891375158977319088e-03
6.881017650938035801e-03
6.870553064452766638e-03
6.860298493566336156e-03
6.850327575077753452e-03
6.840701353900567085e-03
6.831213848853098097e-03
6.821995038464540549e-03
6.812659969219312869e-03
6.803352539182341494e-03
6.793773020117064611e-03
6.784378849192923208e-03
6.775348468075845926e-03
6.766763438758263520e-03
6.758372196453112796e-03
6.750028447176655011e-03
6.741376029861707170e-03
6.732472092594652194e-03
6.723688908576239652e-03
6.715162425000816004e-03
6.707022520284518577e-03
6.699143736938281517e-03
6.691349552496887731e-03
6.683645327361802807e-03
6.676022346293961594e-03
6.668343882459169293e-03
6.660480009058440502e-03
6.652790872663927671e-03
6.645287323181219355e-03
6.637620745879372480e-03
6.629992784229319855e-03
6.622497773884411174e-03
6.615539309923741326e-03
6.608615731504510586e-03
6.601888879489380829e-03
6.595148413466382989e-03
6.588114978886999186e-03
6.581276604773633569e-03
6.575108915749410844e-03
6.568806820480841205e-03
6.562709212564333226e-03
6.556667293316707258e-03
6.550725776080444998e-03
6.545097866227342180e-03
6.539469266136390714e-03
6.533860882988930079e-03
6.528785717877138434e-03
6.523893657467444429e-03
6.519461271274337895e-03
6.515062800202057677e-03
6.510347013805712311e-03
6.505452436682457665e-03
6.500591612435836428e-03
6.495792050341304275e-03
6.490712908565451217e-03
6.485855126826682408e-03
6.481110894201361390e-03
6.476375207226290308e-03
6.472159617651507962e-03
6.468204765214994635e-03
6.464674342126901577e-03
6.461182412402411042e-03
6.457904434577260884e-03
6.454833545031041231e-03
6.450899519054838563e-03
6.446745719705365002e-03
6.442662168970368121e-03
6.438527486602698552e-03
6.434366330894808472e-03
6.430609263139605049e-03
6.427045041127385505e-03
6.423589575526342244e-03
6.420040793761448185e-03
6.416556502324887758e-03
6.413299876986532783e-03
6.410281850662895471e-03
6.407547025653943795e-03
6.405060090328634943e-03
6.402712899317716290e-03
6.400611746385587511e-03
6.398537092647821854e-03
6.396728575237906750e-03
6.395318768878676535e-03
6.394245787030117950e-03
6.393380704036002830e-03
6.392299084668316353e-03
6.391081994145652798e-03
6.389803912771353615e-03
6.388608228684141549e-03
6.387575369581399709e-03
6.386631102785573708e-03
6.385346448733402944e-03
6.384037573730965906e-03
6.382962824833473062e-03
6.382336224636673584e-03
6.381862973592011129e-03
6.381401279015957995e-03
6.380704691252377450e-03
6.379884287989140076e-03
6.378882889231569236e-03
6.377841571742502713e-03
6.376943015655888412e-03
6.376327047584211087e-03
6.375966779123714602e-03
6.375931427173357931e-03
6.375850420477924795e-03
6.375803395735202619e-03
6.375918062463736824e-03
6.375650027055860224e-03
6.375370869407208547e-03
6.375227294449664975e-03
6.375018998034887030e-03
6.375169098050613610e-03
6.375617113263711867e-03
6.376351326850612268e-03
6.377376381273772675e-03
6.378687746916421146e-03
6.380032663880550250e-03
6.381391381720892021e-03
6.382690791387720872e-03
6.384246193810884547e-03
6.385770865358126117e-03
6.387456919875677055e-03
6.389591322038087190e-03
6.392032761559803683e-03
6.394725614872103295e-03
6.397497602729687594e-03
6.400565894007521212e-03
6.403428898869348816e-03
6.406302561750224465e-03
6.409217570201197929e-03
6.412200706887489360e-03
6.415795923977864017e-03
6.419596135660822489e-03
6.423406562650904594e-03
6.427046282665373374e-03
6.430651131890162756e-03
6.434158945905783106e-03
6.437690794284234123e-03
6.441717516036470081e-03
6.446093041083999012e-03
6.450349205120210934e-03
6.454607034590331693e-03
6.458941225268383969e-03
6.463288470823636347e-03
6.468000258017471762e-03
6.472662811133961767e-03
6.477802266275308612e-03
6.483072588488918500e-03
6.488071307151637226e-03
6.493174034700831612e-03
6.498153227716593414e-03
6.503458173267025882e-03
6.508923682642108431e-03
6.515004555070238491e-03
6.520873731310360306e-03
6.527087851869827276e-03
6.533534236009673306e-03
6.540310926942976937e-03
6.547198711355110834e-03
6.554324379909404544e-03
6.561548393122534038e-03
6.568891683418642304e-03
6.576243895332315945e-03
6.584193248106865251e-03
6.592236762879677414e-03
6.600635782445784042e-03
6.609312225988580279e-03
6.618045040277956668e-03
6.627099158049164912e-03
6.636328780136497435e-03
6.645507638451498417e-03
6.654772513649960010e-03
6.664336878444212207e-03
6.674266290674869470e-03
6.684194996444801744e-03
6.694283646455725413e-03
6.704747199994676686e-03
6.715145695067283732e-03
6.725429295945226441e-03
6.735491933314934586e-03
6.745518255992380766e-03
6.755384603707504688e-03
6.765739691954805735e-03
6.776273423588812655e-03
6.787363175990636377e-03
6.798175353614949873e-03
6.809051841092358080e-03
6.820095947428042246e-03
6.831543245610732958e-03
6.842963219695585159e-03
6.854517587707024615e-03
6.866523363753523207e-03
6.878520964223687820e-03
6.890768406032891577e-03
6.903160693685267413e-03
6.915936808405753929e-03
6.928782726979621116e-03
6.941596636355168611e-03
6.954446017690738176e-03
6.967591947272188183e-03
6.981256966937268021e-03
6.994994085936734329e-03
7.009160009176782120e-03
7.023400984545310685e-03
7.037470647357779024e-03
7.051861998324717579e-03
7.066756086007827155e-03
7.081886902659070664e-03
7.096798740322155657e-03
7.111996951988608373e-03
7.127173676408868688e-03
7.142344326358052685e-03
7.157840311707278427e-03
7.173351019342090115e-03
7.189135663257600894e-03
7.205138542666076826e-03
7.221343130069213072e-03
7.237715006456269147e-03
7.254120875912222280e-03
7.270633953741686625e-03
7.287491088596089774e-03
7.304600522794822692e-03
7.321361790961298383e-03
7.338125274350112102e-03
7.354995743054786560e-03
7.372130961231903278e-03
7.389763556480393597e-03
7.407435976323529375e-03
7.425300983920285654e-03
7.443495924133774339e-03
7.462004922641467079e-03
7.480896046391899770e-03
7.500011669305611806e-03
7.519475009460340788e-03
7.539192770432964069e-03
7.559211950275018105e-03
7.579515258923695195e-03
7.600141599255755623e-03
7.621109917674919604e-03
7.642155840074054025e-03
7.663381399724196810e-03
7.684620983837544932e-03
7.706363318956055072e-03
7.728693040990623243e-03
7.751192381186155188e-03
7.773874655206933042e-03
7.796614266241354806e-03
7.819661488773251359e-03
7.843003722997328106e-03
7.866934614558698108e-03
7.891162217994384873e-03
7.915439034294759549e-03
7.940012223943760869e-03
7.965176889121849957e-03
7.990577333621705358e-03
8.016175400932546227e-03
8.042254045377349864e-03
8.068553735888285214e-03
8.095003102863261232e-03
8.121405314965019287e-03
8.147707730321666550e-03
8.174066297374653345e-03
8.200556302156753949e-03
8.227292445272782820e-03
8.254426268179440931e-03
8.281701669796848880e-03
8.309519443337482630e-03
8.337650111645731124e-03
8.365903631012477568e-03
8.394584201198186657e-03
8.423272936009664619e-03
8.452126259081767234e-03
8.481380066399377485e-03
8.510847640301912390e-03
8.540557367689398729e-03
8.570765611091289704e-03
8.601456154795071238e-03
8.632677845750341347e-03
8.664099744667934713e-03
8.695585542630120124e-03
8.727242337413614048e-03
8.759680214380531280e-03
8.792401721013622107e-03
8.824898720682943301e-03
8.857743898721768400e-03
8.890865173890767637e-03
8.924263152364681623e-03
8.958149615805667196e-03
8.992417565027799667e-03
9.027350875678991082e-03
9.062643368798105337e-03
9.098662331958690119e-03
9.134753055012174300e-03
9.171129792532024469e-03
9.208141788521749180e-03
9.245348096770990981e-03
9.282974002633080646e-03
9.321271363925760084e-03
9.360224197684702263e-03
9.399915319711810852e-03
9.440101790104757015e-03
9.480772874843296921e-03
9.522519357323755776e-03
9.565124770059304019e-03
9.608240874608217977e-03
9.651993730690214268e-03
9.696396760487512728e-03
9.741399210525596500e-03
9.786611230130842082e-03
9.831883427511636797e-03
9.877575571078727260e-03
9.923970822436397471e-03
9.971268067857478462e-03
1.001902856011646116e-02
1.006776179345335136e-02
1.011730412035412828e-02
1.016821447451279024e-02
1.021984083634751295e-02
1.027224117305218336e-02
1.032553467265851302e-02
1.037966892782241600e-02
1.043432497105560575e-02
1.048983145082965120e-02
1.054610382821856256e-02
1.060291508251484487e-02
1.066054233362382676e-02
1.071884426790691708e-02
1.077764744389934221e-02
1.083756112464637385e-02
1.089830563553826487e-02
1.096042479201761628e-02
1.102327836190567130e-02
1.108711285018538009e-02
1.115168395786024329e-02
1.121697472928831138e-02
1.128270861662402334e-02
1.134956442590587949e-02
1.141715012938465321e-02
1.148581211331996602e-02
1.155548582325473771e-02
1.162622646743679058e-02
1.169819109283468453e-02
1.177070193936002873e-02
1.184388395306235423e-02
1.191819324713537347e-02
1.199353646796995701e-02
1.207027188554472136e-02
1.214839951020538385e-02
1.222718334197725638e-02
1.230690220146903047e-02
1.238804256947302965e-02
1.247009194973526351e-02
1.255362265323610102e-02
1.263822547728203627e-02
1.272446404009111923e-02
1.281221992269154439e-02
1.290119615958223998e-02
1.299180168244894011e-02
1.308384624633182787e-02
1.317703927589587709e-02
1.327180243241229268e-02
1.336817554830746317e-02
1.346673924445380283e-02
1.356738013021738937e-02
1.366938571517323057e-02
1.377244655759321708e-02
1.387707494167743187e-02
1.398319845098264236e-02
1.409125862829129459e-02
1.420054635638100249e-02
1.431232000855699356e-02
1.442503750340800098e-02
1.454032687169479893e-02
1.465767684927085125e-02
1.477618694178378135e-02
1.489730217955948302e-02
1.502003888262286313e-02
1.514516859625093977e-02
1.527210294014053060e-02
1.540162789843209194e-02
1.553399399264440359e-02
1.566925683363446647e-02
1.580768323252774651e-02
1.594755005044867086e-02
1.608907016743671078e-02
1.623353798928512184e-02
1.638069644380737988e-02
1.653119348409585673e-02
1.668420735949022876e-02
1.683987938405745455e-02
1.699828725148070860e-02
1.716012603455517246e-02
1.732418435664839773e-02
1.749167829704025706e-02
1.766346557611568266e-02
1.783792576940524191e-02
1.801613792645373816e-02
1.819695518014254748e-02
1.838136118587873485e-02
1.856905362188225952e-02
1.876208835169526634e-02
1.895857198235108287e-02
1.915878375111878390e-02
