1.309030019715957428e-02
1.307139383071702701e-02
1.305222935874127306e-02
1.303296599156479087e-02
1.301383693280183315e-02
1.299478112387741566e-02
1.297555432695831658e-02
1.295629817972341474e-02
1.293671147605324721e-02
1.291715765181996114e-02
1.289749798887139878e-02
1.287808883220669179e-02
1.285854923897749268e-02
1.283895051592734773e-02
1.281931506133607811e-02
1.279987352134827165e-02
1.278070141001006778e-02
1.276179621349817807e-02
1.274310376292163427e-02
1.272468680763280680e-02
1.270649200906103123e-02
1.268853129139561886e-02
1.267091536179308295e-02
1.265334638072425182e-02
1.263592814092866917e-02
1.261878180058312489e-02
1.260208681362393404e-02
1.258558595201783765e-02
1.256923574896472162e-02
1.255324267051810549e-02
1.253755063108769573e-02
1.252201162582003771e-02
1.250628062680503999e-02
1.249085081520391952e-02
1.247561414088512941e-02
1.246060008302519485e-02
1.244556611410522692e-02
1.243065965785838771e-02
1.241604150461588819e-02
1.240138557855448818e-02
1.238685585244956623e-02
1.237260694836051986e-02
1.235864829681384246e-02
1.234501427286215265e-02
1.233150500271709173e-02
1.231808011431427888e-02
1.230464160408605359e-02
1.229140892018021347e-02
1.227812275699611232e-02
1.226506726198762706e-02
1.225217572354300906e-02
1.223954209484643708e-02
1.222708800031237046e-02
1.221469251080356359e-02
1.220253886626749586e-02
1.219058857850041817e-02
1.217873130281856356e-02
1.216704029155455009e-02
1.215554242048262450e-02
1.214412469787037353e-02
1.213271996358759701e-02
1.212135637785897134e-02
1.211002683006668842e-02
1.209863620728007100e-02
1.208715653757736798e-02
1.207571000004483384e-02
1.206425913570177873e-02
1.205288748578599994e-02
1.204131649498329723e-02
1.202972492262912446e-02
1.201819714630893154e-02
1.200667371675188597e-02
1.199504884512428426e-02
1.198346623690392347e-02
1.197186075590530793e-02
1.196033162072801179e-02
1.194871341577224445e-02
1.193703952594146050e-02
1.192524338677454498e-02
1.191336648685168385e-02
1.190139887563101614e-02
1.188935668107117191e-02
1.187722229622496968e-02
1.186497372498275180e-02
1.185257504346914383e-02
1.184000183922809778e-02
1.182716896899206269e-02
1.181431060054446980e-02
1.180132270337696208e-02
1.178831920159163077e-02
1.177505826933700553e-02
1.176184037531667788e-02
1.174833597402853008e-02
1.173490204375979111e-02
1.172118970657452623e-02
1.170739774219199496e-02
1.169355397330491646e-02
1.167956810180115559e-02
1.166557122767008722e-02
1.165154812289974362e-02
1.163742081636098130e-02
1.162317401311739259e-02
1.160874416113901082e-02
1.159416493630511559e-02
1.157956650083156493e-02
1.156490057351537704e-02
1.155008880080203582e-02
1.153525019263538197e-02
1.152028852414140221e-02
1.150524388846336371e-02
1.149008681224425975e-02
1.147496230037678422e-02
1.145979110351656380e-02
1.144454593145664140e-02
1.142918093721464849e-02
1.141385464483579693e-02
1.139849131414416399e-02
1.138299719522296860e-02
1.136744400696223373e-02
1.135177346441010489e-02
1.133584544192279241e-02
1.131973357093284636e-02
1.130345428991166856e-02
1.128701595651631674e-02
1.127050590797206223e-02
1.125378620594196313e-02
1.123701654710380568e-02
1.122007330622148621e-02
1.120302829779136478e-02
1.118579123367762114e-02
1.116839966929864848e-02
1.115087564607319948e-02
1.113333249950084272e-02
1.111572696978997514e-02
1.109800276683586828e-02
1.108012524206862005e-02
1.106209033970091335e-02
1.104399240947540224e-02
1.102577256786139645e-02
1.100745847294243296e-02
1.098898731093578274e-02
1.097047535204004852e-02
1.095174742797714457e-02
1.093298402356916027e-02
1.091420201666099682e-02
1.089528962057583275e-02
1.087638978799543993e-02
1.085750609709110540e-02
1.083852119481847412e-02
1.081948748301389714e-02
1.080019460777114845e-02
1.078091628007261764e-02
1.076159082634512744e-02
1.074212723392305342e-02
1.072257618040314137e-02
1.070295558116694454e-02
1.068310322924666267e-02
1.066317822689804087e-02
1.064322208473229316e-02
1.062313072776332502e-02
1.060295471553483228e-02
1.058264155060412333e-02
1.056226459504326989e-02
1.054178974482284856e-02
1.052118920260660534e-02
1.050060387219081855e-02
1.047991216350744118e-02
1.045923816610686181e-02
1.043847816040916789e-02
1.041770959544974055e-02
1.039688165978295067e-02
1.037596682543302611e-02
1.035490312826664074e-02
1.033378917708117906e-02
1.031261461687837944e-02
1.029134447277974332e-02
1.026994927225962154e-02
1.024827157661262894e-02
1.022655673540748093e-02
1.020473998906453426e-02
1.018281894326842837e-02
1.016068853828774009e-02
1.013851363562115297e-02
1.011630630910269162e-02
1.009393077195380045e-02
1.007145735718820850e-02
1.004893005328412296e-02
1.002631424534170500e-02
1.000367886179281268e-02
9.980919415089196944e-03
9.958072936477085219e-03
9.935172574545994909e-03
9.912192735270186975e-03
9.889162489005154030e-03
9.866117003920477427e-03
9.843058836654462740e-03
9.819936514207164291e-03
9.796749260712325422e-03
9.773530051005332661e-03
9.750175413459247556e-03
9.726827279430692516e-03
9.703481872676979203e-03
9.680102884195448953e-03
9.656606035332427826e-03
9.633134561016236733e-03
9.609444977041041794e-03
9.585790369814908146e-03
9.562112228671877656e-03
9.538291411689788987e-03
9.514452692835741535e-03
9.490621896837730248e-03
9.466760354879156722e-03
9.442916533764014742e-03
9.418913778327745248e-03
9.394937169979123565e-03
9.370841907924209319e-03
9.346743119346212839e-03
9.322517853553344974e-03
9.298300536388661580e-03
9.273950016102908492e-03
9.249607199609963942e-03
9.225260021285482809e-03
9.200866551409140823e-03
9.176446260836116156e-03
9.152068605080190128e-03
9.127604257545723562e-03
9.103148936704871796e-03
9.078615806642140185e-03
9.054042466837972786e-03
9.029354774885488960e-03
9.004712778504023185e-03
8.979967692089630554e-03
8.955230694699256241e-03
8.930323954275051768e-03
8.905408484160414959e-03
8.880414449845551103e-03
8.855450671768546125e-03
8.830432666345608070e-03
8.805371816706899363e-03
8.780265173552629504e-03
8.755115216620350943e-03
8.729978985485383619e-03
8.704693744279404927e-03
8.679367476677163351e-03
8.654079788312537061e-03
8.628713204762682165e-03
8.603239297377726982e-03
8.577741331384109227e-03
8.552227698420707472e-03
8.526672300034406071e-03
8.501029009282524626e-03
8.475401612305690988e-03
8.449719265479559843e-03
8.424094541401460148e-03
8.398447774943347197e-03
8.372755145966836662e-03
8.347109860783512303e-03
8.321442232787636464e-03
8.295723841461068865e-03
8.270022385135361240e-03
8.244286774794740494e-03
8.218535761389016842e-03
8.192729213688267759e-03
8.166847420990096598e-03
8.140924790198589625e-03
8.115063320966724170e-03
8.089139281488503044e-03
8.063215333355907427e-03
8.037276416335706677e-03
8.011322520295708835e-03
7.985398033312256921e-03
7.959445278767822082e-03
7.933421387817607418e-03
7.907376914731372927e-03
7.881370535693555876e-03
7.855354373100227952e-03
7.829278560086036856e-03
7.803256979198094738e-03
7.777172355955519131e-03
7.751137746728926047e-03
7.725117654052429499e-03
7.699166675045078338e-03
7.673218509189405796e-03
7.647257485540691173e-03
7.621327885215681795e-03
7.595369943689424599e-03
7.569479133793323260e-03
7.543615108942870393e-03
7.517805994965242808e-03
7.492080660799605926e-03
7.466363743960555653e-03
7.440676568098332500e-03
7.415035823794105356e-03
7.389399400123656918e-03
7.363781380277953023e-03
7.338186556317074019e-03
7.312616819122739337e-03
7.287175303231587312e-03
7.261670447086311132e-03
7.236211648075496251e-03
7.210779914658438025e-03
7.185276316002861020e-03
7.159872576457391655e-03
7.134409492301456955e-03
7.109003482446338978e-03
7.083592637323180875e-03
7.058167691443338089e-03
7.032749845818536336e-03
7.007359103328569122e-03
6.982024255985867789e-03
6.956700149921574844e-03
6.931408347019137398e-03
6.906174378591862020e-03
6.880999789818803732e-03
6.855879783593269751e-03
6.830865686487145108e-03
6.805806359155363618e-03
6.780848083767326319e-03
6.755877923518800905e-03
6.730952992443742754e-03
6.706143659241016290e-03
6.681322824484867487e-03
6.656583866508476721e-03
6.631891042874190310e-03
6.607339842865235340e-03
6.582827487940581465e-03
6.558400882615721648e-03
6.533967798947934620e-03
6.509533870650558232e-03
6.485133842870834456e-03
6.460831764124351680e-03
6.436613398127400722e-03
6.412488236255658308e-03
6.388383240285675987e-03
6.364307646663720439e-03
6.340218735476067097e-03
6.316198261702625147e-03
6.292251427653407052e-03
6.268333687367644638e-03
6.244445576648416894e-03
6.220605616478832971e-03
6.196795122577780125e-03
6.173071486382120804e-03
6.149332084450113978e-03
6.125595389479441058e-03
6.101909028582733381e-03
6.078271418072915371e-03
6.054659703191286012e-03
6.031149548422708694e-03
6.007719486022206762e-03
5.984301492940893863e-03
5.960913152706212234e-03
5.937606141440991518e-03
5.914369518118902866e-03
5.891204270479874321e-03
5.868072098957979182e-03
5.845009560781233050e-03
5.822047006282735082e-03
5.799142906180388725e-03
5.776293606751486780e-03
5.753452835472477704e-03
5.730634733147988574e-03
5.707840692549758475e-03
5.685102946497011013e-03
5.662389209665583817e-03
5.639746207632609191e-03
5.617132587411905083e-03
5.594577281964016255e-03
5.572057722138563408e-03
5.549615598762604532e-03
5.527249851573897907e-03
5.504921090465416701e-03
5.482709072499845210e-03
5.460591006004076459e-03
5.438520673447893444e-03
5.416532463860744898e-03
5.394625759517555734e-03
5.372790379738254414e-03
5.351013138386231244e-03
5.329296082759252436e-03
5.307643770849510868e-03
5.286006333816668963e-03
5.264351724569267012e-03
5.242752418722113235e-03
5.221190326568364917e-03
5.199707599236368452e-03
5.178268387581872606e-03
5.156969867497731598e-03
5.135694318700740821e-03
5.114519980008160223e-03
5.093392080520114419e-03
5.072253180153233135e-03
5.051213540180971712e-03
5.030266440094726538e-03
5.009411580760805838e-03
4.988601778201997260e-03
4.967861776077641886e-03
4.947206696845367867e-03
4.926619120560501823e-03
4.906125718502189065e-03
4.885751651632712876e-03
4.865456670712232055e-03
4.845200360555025100e-03
4.824977666418556015e-03
4.804818314359479182e-03
4.784694499778154551e-03
4.764653461027546638e-03
4.744666126040786129e-03
4.724800141203590841e-03
4.705007323483116795e-03
4.685290392412651793e-03
4.665622614022766138e-03
4.646015313701732860e-03
4.626497048304028560e-03
4.607047286560336623e-03
4.587642834054131598e-03
4.568268466812597586e-03
4.548988014946575564e-03
4.529711562721449800e-03
4.510524549563276094e-03
4.491431946957618812e-03
4.472434615340452162e-03
4.453490665171175138e-03
4.434622916168186497e-03
4.415815564632061610e-03
4.397058057318260944e-03
4.378412949095933718e-03
4.359837401834155447e-03
4.341329152175257312e-03
4.322891337145649653e-03
4.304492642462819096e-03
4.286158250434674716e-03
4.267847094636267533e-03
4.249648370597033063e-03
4.231501845321295092e-03
4.213433266495310997e-03
4.195423756243296491e-03
4.177525473484025934e-03
4.159704949925676493e-03
4.141933846291167773e-03
4.124244352025553673e-03
4.106614501629178050e-03
4.089065587457435362e-03
4.071620805700974441e-03
4.054254946979495879e-03
4.036978768290618719e-03
4.019755126888467471e-03
4.002582612700371530e-03
3.985520291299140400e-03
3.968507766106165076e-03
3.951577322388928441e-03
3.934705221716108293e-03
3.917882392187813610e-03
3.901109027534238171e-03
3.884414330246340787e-03
3.867815120170529919e-03
3.851261813341880311e-03
3.834814325044683201e-03
3.818436979049548603e-03
3.802133281652883383e-03
3.785889229127398226e-03
3.769700294240160843e-03
3.753598625881952953e-03
3.737575581014303434e-03
3.721616675013155687e-03
3.705739469801817235e-03
3.689929953716722128e-03
3.674183491987478237e-03
3.658502840719998934e-03
3.642870892998511818e-03
3.627329957959850651e-03
3.611852273564068565e-03
3.596428272619692484e-03
3.581050773432004324e-03
3.565753360730119885e-03
3.550521747056713424e-03
3.535351464962108257e-03
3.520268222071022603e-03
3.505253465186435220e-03
3.490305719676771272e-03
3.475410510485926491e-03
3.460595044821902604e-03
3.445841471160729190e-03
3.431170062855035292e-03
3.416569236434376360e-03
3.402047773655040696e-03
3.387595300502640756e-03
3.373219274791773754e-03
3.358894029779739727e-03
3.344629379876679597e-03
3.330423046422080480e-03
3.316297206094575602e-03
3.302259779192024802e-03
3.288309796856051306e-03
3.274414619930277048e-03
3.260589096439410212e-03
3.246840436036057924e-03
3.233157986143225197e-03
3.219540750210574120e-03
3.205994166778255473e-03
