1.143764041425211937e-02
1.144792689096743067e-02
1.145863793318114068e-02
1.146970720353709082e-02
1.148080574049722101e-02
1.149221498319490976e-02
1.150435850540516142e-02
1.151645054903797927e-02
1.152909960627677456e-02
1.154205813366130859e-02
1.155598686462733921e-02
1.157003943365079481e-02
1.158462314527217846e-02
1.159911737336451025e-02
1.161373946086105384e-02
1.162825732086836435e-02
1.164342858136505413e-02
1.165903504769898354e-02
1.167450711000840927e-02
1.169006400381568216e-02
1.170589320183417631e-02
1.172186885668200125e-02
1.173755679438113694e-02
1.175370649707445543e-02
1.177013491723392924e-02
1.178674142240180960e-02
1.180402408794856660e-02
1.182172326539342525e-02
1.183945759440497257e-02
1.185719314440758683e-02
1.187500666433600853e-02
1.189312689569630224e-02
1.191132326145104628e-02
1.192946513669407814e-02
1.194780517270887382e-02
1.196662450289716524e-02
1.198556231512879280e-02
1.200428626854034564e-02
1.202335218273912175e-02
1.204258176053493549e-02
1.206202479390899515e-02
1.208125830232056191e-02
1.210035446373559226e-02
1.211937391865581040e-02
1.213860866757590640e-02
1.215820937084770639e-02
1.217769700975374937e-02
1.219699116110266150e-02
1.221637818247807775e-02
1.223532000971169417e-02
1.225408925381886102e-02
1.227310541003448843e-02
1.229184483810545798e-02
1.230999485631668368e-02
1.232772887793305745e-02
1.234535813993247605e-02
1.236287877452528668e-02
1.237970462542261132e-02
1.239585421634678900e-02
1.241135922649833773e-02
1.242667309856665750e-02
1.244070044565543862e-02
1.245410939181345461e-02
1.246734330969982533e-02
1.247919661241069997e-02
1.249055914780703921e-02
1.250071942373148781e-02
1.250995069282057580e-02
1.251825375839490592e-02
1.252444492048586204e-02
1.252930759803901756e-02
1.253309199586604902e-02
1.253559548196194612e-02
1.253710240991827429e-02
1.253783797348588351e-02
1.253805174140848987e-02
1.253752121965830829e-02
1.253615931505320039e-02
1.253404159035164528e-02
1.253140129807480373e-02
1.252805321031309760e-02
1.252383328543148905e-02
1.251790392095381184e-02
1.251131986280624477e-02
1.250400565112403869e-02
1.249588323564315533e-02
1.248599281773254271e-02
1.247495649080617580e-02
1.246279614329963252e-02
1.244933014879165585e-02
1.243489056302182587e-02
1.241911910344337990e-02
1.240272253682473021e-02
1.238537525033251221e-02
1.236734099644392661e-02
1.234829367040759553e-02
1.232846621602452439e-02
1.230769981791023961e-02
1.228639493481685149e-02
1.226395034185672611e-02
1.224148146534028564e-02
1.221831392112069856e-02
1.219518405911475083e-02
1.217150658843982845e-02
1.214759329671960368e-02
1.212294755740614058e-02
1.209792780365217743e-02
1.207203746557212500e-02
1.204550725902745617e-02
1.201807822183440649e-02
1.199051711401401786e-02
1.196221747937498830e-02
1.193369826570138230e-02
1.190478204200167561e-02
1.187574107860269249e-02
1.184640418039761660e-02
1.181710166464939628e-02
1.178753668335549148e-02
1.175799805867776097e-02
1.172809382053819488e-02
1.169806798167899974e-02
1.166809583295152358e-02
1.163808900764778942e-02
1.160780706394845541e-02
1.157690953465234998e-02
1.154537639121798291e-02
1.151395793483971260e-02
1.148207936096198693e-02
1.144969490898596620e-02
1.141737576349412253e-02
1.138476577438979863e-02
1.135234039352046517e-02
1.131966766192259687e-02
1.128703240910210008e-02
1.125420374880777355e-02
1.122096069422763229e-02
1.118806975536434413e-02
1.115490048729115072e-02
1.112157044411130058e-02
1.108843942587543242e-02
1.105526736357698332e-02
1.102219674145237319e-02
1.098921675084087689e-02
1.095644383582493157e-02
1.092370653224900359e-02
1.089091762980019459e-02
1.085814472125326557e-02
1.082560795112312915e-02
1.079303477851441435e-02
1.076067517919925519e-02
1.072837784086460786e-02
1.069607490685701295e-02
1.066393033654589040e-02
1.063132855142700020e-02
1.059895851553645067e-02
1.056675936065470597e-02
1.053388288929127566e-02
1.050124737386509688e-02
1.046818153961778103e-02
1.043507999744078783e-02
1.040209206394270003e-02
1.036877835227462651e-02
1.033580985190874456e-02
1.030285536922527501e-02
1.027000252486498511e-02
1.023721531355727653e-02
1.020451289216320334e-02
1.017192079303197612e-02
1.013919426813587009e-02
1.010669077758627639e-02
1.007425182695544270e-02
1.004198191254668769e-02
1.000964306009360233e-02
9.977251907178160198e-03
9.945298749675606301e-03
9.913439625427377874e-03
9.881768505803472866e-03
9.850366501120387530e-03
9.819148473202794422e-03
9.787823009320673756e-03
9.756697979874627558e-03
9.725703022259845482e-03
9.694401381451807700e-03
9.663229685458888177e-03
9.632407393937635065e-03
9.601424571261776494e-03
9.570462465389152629e-03
9.539678845152532380e-03
9.508762691247311591e-03
9.477768076854100471e-03
9.446873298058936635e-03
9.415977167031568118e-03
9.385260116296064228e-03
9.354443550919239528e-03
9.323506464784754588e-03
9.292738783710187064e-03
9.262241092452409494e-03
9.231942389324976697e-03
9.201613857642241059e-03
9.171444957453232100e-03
9.141495411390074266e-03
9.111652996494265175e-03
9.081858687592342383e-03
9.052168736832179666e-03
9.022636959776860963e-03
8.993152400927403173e-03
8.963708811655911671e-03
8.934120383685939179e-03
8.904616466344768971e-03
8.875090112922942240e-03
8.845614907309506947e-03
8.816559096323492439e-03
8.787339859337139555e-03
8.758132106257284291e-03
8.729116391584022458e-03
8.699950217286787219e-03
8.671039346139334386e-03
8.642148353550919981e-03
8.613512069586326536e-03
8.584959438417433947e-03
8.556426219155099239e-03
8.528082384677780278e-03
8.499888400178122125e-03
8.472012449864617031e-03
8.444210285902179272e-03
8.416083441216254055e-03
8.388306820800399757e-03
8.360515020305676198e-03
8.332854535265095050e-03
8.305308643882564415e-03
8.277849601314439532e-03
8.250352361986096339e-03
8.222815861367676477e-03
8.195400171365600783e-03
8.168096749007598689e-03
8.140531032000249134e-03
8.113431680613637439e-03
8.086656042689717439e-03
8.059941426462088887e-03
8.033578408209191696e-03
8.007206214046656487e-03
7.981095142550395649e-03
7.955130302097919090e-03
7.929095775611381264e-03
7.903039910503676518e-03
7.877064511259468382e-03
7.851202635648686298e-03
7.825544525601590279e-03
7.799807628770890136e-03
7.774371508551530287e-03
7.749229350588466084e-03
7.723888143513539528e-03
7.698733907780506286e-03
7.673742285608235736e-03
7.648790861499327534e-03
7.624016845084396511e-03
7.599187834524390867e-03
7.574619351338289508e-03
7.550153324273316084e-03
7.525851265781168843e-03
7.501820786837291692e-03
7.477778952357266862e-03
7.453629174062476916e-03
7.429669766415165563e-03
7.405946946339608296e-03
7.382150578831413873e-03
7.358500154158046161e-03
7.334859529849221786e-03
7.311419068677237065e-03
7.287951593394128950e-03
7.264629814470488327e-03
7.241372822489794414e-03
7.218349979037705713e-03
7.195450546600297079e-03
7.172530229934893052e-03
7.149815234157412547e-03
7.127216722890471028e-03
7.104710076529905868e-03
7.082370654914277482e-03
7.060114302738156739e-03
7.037787368288340138e-03
7.015556347780665426e-03
6.993360168523380695e-03
6.971217098767899280e-03
6.949120786424285538e-03
6.927260699670054721e-03
6.905443821013677007e-03
6.883690735968533980e-03
6.862172523170737351e-03
6.840721901359141967e-03
6.819345943418860488e-03
6.798091569969648765e-03
6.776818745570467768e-03
6.755785789536868438e-03
6.734822214234353031e-03
6.714060099926398746e-03
6.693405037854541911e-03
6.672838295470140055e-03
6.652303779788037996e-03
6.632101966007917376e-03
6.611930344933983524e-03
6.591674151830801028e-03
6.571597261514098773e-03
6.551610508602871003e-03
6.531778462750376449e-03
6.511992298878455272e-03
6.492384540276297140e-03
6.472982644036894516e-03
6.453704437563602750e-03
6.434460814015018938e-03
6.415517774941785142e-03
6.396725293721628423e-03
6.378065185996972634e-03
6.359632708048373884e-03
6.341371280319872510e-03
6.323277233527162429e-03
6.305224155269159407e-03
6.287331444835282494e-03
6.269678972557152750e-03
6.252107059849684907e-03
6.234594331206219989e-03
6.217336588857909005e-03
6.200139023341060332e-03
6.183142059793736781e-03
6.166245654077976562e-03
6.149490155134582775e-03
6.132732090205981687e-03
6.115909130479645420e-03
6.099264620303620175e-03
6.082782987953106596e-03
6.066361071065813973e-03
6.050031188379051059e-03
6.033948743116487531e-03
6.018018980429785947e-03
6.002246453807917603e-03
5.986544664623527981e-03
5.971125359456074151e-03
5.955799492088503094e-03
5.940460877152206609e-03
5.925184833314322067e-03
5.909975304922974494e-03
5.894802692993547297e-03
5.879635250595986046e-03
5.864581164619420313e-03
5.849526047280581217e-03
5.834608156137058819e-03
5.819968047411361312e-03
5.805425680072413656e-03
5.791020989593448007e-03
5.776607334091935983e-03
5.762312838846987001e-03
5.748193803862622700e-03
5.734070599980814129e-03
5.719872613972764100e-03
5.705661143379238062e-03
5.691506970891093906e-03
5.677529707923800913e-03
5.663706937464017994e-03
5.649903818742369431e-03
5.636430584791255784e-03
5.623105660273476289e-03
5.609807422556387958e-03
5.596777609737246632e-03
5.583764622491916262e-03
5.570914434108281167e-03
5.558275596188004888e-03
5.545827451256891798e-03
5.533453412836799278e-03
5.521119559521377694e-03
5.508807172086126712e-03
5.496633097539812066e-03
5.484366463205644047e-03
5.472326215015315895e-03
5.460373057815443541e-03
5.448531414565659960e-03
5.437082483778860054e-03
5.425610811984477901e-03
5.414367204681734026e-03
5.403279570840914883e-03
5.392425656302679039e-03
5.381640417244014547e-03
5.371098493319995462e-03
5.360690667020837422e-03
5.350378199661572250e-03
5.340180775966518398e-03
5.330255486155285188e-03
5.320377176758997462e-03
5.310865743774723785e-03
5.301226538664038750e-03
5.291905957374672988e-03
5.282643259814664635e-03
5.273581361228968888e-03
5.264469759696722116e-03
5.255587233531215999e-03
5.246866856267574410e-03
5.238286190701417315e-03
5.230123166277698792e-03
5.222084032641263925e-03
5.214014891705988017e-03
5.206063050015113935e-03
5.198309314227487696e-03
5.190751812022709015e-03
5.183333194813081503e-03
5.176054947197843842e-03
5.168995018662634819e-03
5.162235075203185086e-03
5.155564714876044279e-03
5.149132078128120134e-03
5.142851566085428899e-03
5.136647840429048664e-03
5.130587564302633088e-03
5.124855194180605832e-03
5.119285449324847623e-03
5.113966072951426321e-03
5.108917462962395128e-03
5.104301551252746899e-03
5.100014728840999642e-03
5.095665449732112752e-03
5.091426673941677229e-03
5.087384812939381960e-03
5.083304857659371769e-03
5.079744169650180809e-03
5.076061184009342253e-03
5.072706342125501283e-03
5.069551098213121061e-03
5.066387168828402100e-03
5.063391086380169062e-03
5.060586901197122733e-03
5.057772288651761657e-03
5.055150981882569616e-03
5.052749051507269412e-03
5.050276624265010589e-03
5.048031403686291559e-03
5.045835097821349362e-03
5.043837516330850271e-03
5.042036560731319624e-03
5.040500217755301479e-03
5.039151910294924035e-03
5.038007063556511345e-03
5.037017288264722392e-03
5.036234442060699354e-03
5.035458205786388398e-03
5.034734446740228922e-03
5.034187321182217838e-03
5.033832892786299987e-03
5.033730326306459432e-03
5.033550852283101215e-03
5.033619558108388091e-03
5.034167183927853832e-03
5.034728708959237270e-03
5.035460106280015453e-03
5.036248876767924001e-03
5.037340533064285815e-03
5.038444803245634498e-03
5.039806924936467668e-03
5.041275482304527489e-03
5.042995425015284021e-03
5.044938203786525528e-03
5.047189837905670731e-03
5.049688137728450266e-03
5.052186347976695378e-03
5.054847636208945234e-03
5.057766989165511651e-03
5.060880352779960865e-03
5.063967146133747411e-03
5.067244514806435590e-03
5.070590484394454922e-03
5.073863358412199730e-03
5.077448535195441814e-03
5.081280228521872951e-03
5.085030626266020745e-03
5.088706594751058430e-03
5.092858396792019834e-03
5.097060502968380098e-03
5.101675610097953020e-03
5.106812376705476345e-03
5.111879791608449526e-03
5.117259697888849879e-03
5.122851068490368205e-03
5.128438110865148579e-03
5.134383624108917500e-03
5.140485077113255211e-03
5.147326565847571735e-03
5.154322482274736883e-03
5.161606220215979139e-03
5.169096630754281031e-03
5.176844589617597692e-03
5.184931156732735559e-03
5.192834509166304943e-03
5.201043081717521450e-03
5.209851947578371389e-03
5.218712961550036993e-03
5.227724457592994312e-03
5.237222782255497068e-03
5.247078575942755799e-03
5.257483636285122108e-03
5.267856066139544810e-03
5.278677370863952244e-03
5.289969960484728478e-03
5.301726549543806823e-03
