6.974186555184749142e-03
7.004958917740990339e-03
7.035563007696800548e-03
7.066333872737693041e-03
7.097131036595627149e-03
7.127928395749007738e-03
7.158535148705101776e-03
7.189272610153810313e-03
7.220250243615198432e-03
7.251390478789009227e-03
7.282536198001604739e-03
7.313301671067544765e-03
7.344092489465789061e-03
7.374974290015730467e-03
7.405991064776320382e-03
7.437063975669217994e-03
7.467766911398087022e-03
7.498271035236273897e-03
7.528706956480197589e-03
7.559024473970797631e-03
7.589382055651237510e-03
7.619755234877951047e-03
7.650301143307768406e-03
7.680768673039935560e-03
7.711300963248928463e-03
7.741832289462330548e-03
7.772070714830972039e-03
7.802278732388901426e-03
7.832275723222210939e-03
7.862226654267317344e-03
7.892208420783565492e-03
7.922347250260693835e-03
7.952680855178504565e-03
7.982928101031733573e-03
8.013198548096619328e-03
8.043374290383919004e-03
8.073028288638919511e-03
8.102550571893055512e-03
8.132063864424289232e-03
8.161363659147574667e-03
8.190673447160443099e-03
8.219987035504451589e-03
8.249147815156286298e-03
8.277854848408405450e-03
8.306297138364960794e-03
8.334614566022960011e-03
8.362996896054332441e-03
8.391260426673754699e-03
8.419394938139019777e-03
8.447541431228621639e-03
8.475534853042358818e-03
8.503477823219598997e-03
8.531210837559453225e-03
8.558825470387707024e-03
8.586682312082252397e-03
8.614532808410955630e-03
8.641830933576387722e-03
8.669148303836445371e-03
8.696412619052519902e-03
8.723373071727854103e-03
8.750010758652166168e-03
8.776366320892329057e-03
8.802708474190306179e-03
8.828715605892214005e-03
8.854158661842633643e-03
8.879128071341039000e-03
8.903967843421758260e-03
8.928625457311340635e-03
8.953010010158737528e-03
8.977056763165762107e-03
9.000897365828125496e-03
9.024511275523646250e-03
9.047947850384477006e-03
9.070927047438913371e-03
9.093453993262808413e-03
9.116055411781577231e-03
9.138759595120903717e-03
9.161154321610572721e-03
9.183236468775767339e-03
9.205283436858844107e-03
9.227186151335234343e-03
9.248573889080933391e-03
9.269798934739621743e-03
9.290718491771940771e-03
9.311443067557276590e-03
9.331887443083462796e-03
9.352066976024040260e-03
9.372098687297924016e-03
9.391859107013353705e-03
9.411260270947977014e-03
9.430725174586446907e-03
9.449906639871542141e-03
9.468688436826213500e-03
9.487160285361043513e-03
9.505215795724237388e-03
9.523177650987674214e-03
9.541132464916489767e-03
9.558650850299808127e-03
9.575639678706802937e-03
9.591946638083218707e-03
9.607950213819743679e-03
9.623424017482800144e-03
9.638146294612166473e-03
9.652627751715851454e-03
9.666771665087416782e-03
9.680592936867436077e-03
9.694255516879381890e-03
9.707778126833589011e-03
9.720976119155441686e-03
9.733723894003421320e-03
9.746325280977994471e-03
9.758868992073795046e-03
9.771127152509681210e-03
9.782860534654557599e-03
9.794142713557480937e-03
9.804922583187363622e-03
9.815271300533444029e-03
9.825437536104196859e-03
9.835252237618956686e-03
9.845089660599904216e-03
9.854781984788779994e-03
9.864345640341753638e-03
9.873486821260497870e-03
9.882305541149176767e-03
9.890906916632235049e-03
9.899420388142664631e-03
9.907779605530613737e-03
9.916024610274968426e-03
9.924000774742492911e-03
9.931487420334091445e-03
9.938523536316950374e-03
9.945694243615011559e-03
9.952721781801426859e-03
9.959242586958549567e-03
9.965033620612559484e-03
9.970668555301279157e-03
9.975735306934083516e-03
9.980065231839807538e-03
9.984039583893367792e-03
9.987505236261519717e-03
9.990474873669743378e-03
9.993107717182762167e-03
9.995276770704532299e-03
9.997292743002664239e-03
9.999433606410357972e-03
1.000156099377531513e-02
1.000313285428037526e-02
1.000455612019548329e-02
1.000582101830209576e-02
1.000683745930813599e-02
1.000720451151590647e-02
1.000704321756035360e-02
1.000608861829799245e-02
1.000494111030409035e-02
1.000333198205979879e-02
1.000138675983065079e-02
9.999404566418547413e-03
9.997339544838484277e-03
9.995206259382119485e-03
9.993207672414142206e-03
9.990938382120222172e-03
9.988629002297792769e-03
9.986578075774769567e-03
9.984577923064730243e-03
9.982532522623915189e-03
9.980160772511936437e-03
9.977645241406376056e-03
9.974916081670259435e-03
9.972011372255619802e-03
9.968944651144159841e-03
9.965760751638649481e-03
9.962431116120459493e-03
9.958994845722305214e-03
9.955302035751198084e-03
9.951241681814443005e-03
9.947038733859986728e-03
9.942735288989710055e-03
9.938287681731957854e-03
9.933872521860091440e-03
9.929073146304426972e-03
9.924265730695184737e-03
9.919217034647258291e-03
9.914126214844921903e-03
9.908985363371069707e-03
9.903897886020737729e-03
9.898683024986573709e-03
9.893403118274786065e-03
9.887686669838110023e-03
9.881671713109186142e-03
9.875418203508543741e-03
9.868896513187244701e-03
9.862211876078387854e-03
9.855208396301424686e-03
9.847604036449844264e-03
9.839863200649156053e-03
9.832093946123287437e-03
9.824187614652616848e-03
9.815940108324686456e-03
9.807624347880532570e-03
9.799409355006723915e-03
9.790841553260321017e-03
9.782019989434490373e-03
9.773206672876243867e-03
9.764300730531290037e-03
9.755190447398044348e-03
9.745736368450674120e-03
9.736329451335921925e-03
9.727022574665556559e-03
9.717601744556795748e-03
9.708065632137212464e-03
9.698330022556716709e-03
9.688692946989801297e-03
9.678940462981799192e-03
9.668866282608460858e-03
9.658217022181149469e-03
9.647358066810900537e-03
9.636543180829466870e-03
9.625718620731835845e-03
9.615117748528729733e-03
9.604456719697292144e-03
9.593458833342434142e-03
9.582384223374257673e-03
9.571394169858971068e-03
9.560138560709153729e-03
9.548771257204069843e-03
9.537158556008101112e-03
9.525203334189998039e-03
9.512825779821904026e-03
9.500250429549916484e-03
9.487535535660607949e-03
9.474823782640114447e-03
9.462043443660675748e-03
9.449347169376251174e-03
9.436625089064976449e-03
9.423885899333501667e-03
9.411195558426926899e-03
9.398518178906564713e-03
9.385922971001086496e-03
9.373332177279472197e-03
9.360649129029580823e-03
9.347952927570369122e-03
9.335188778311288155e-03
9.322417090516586791e-03
9.309621901200075197e-03
9.296842890717678040e-03
9.283908970873583355e-03
9.270867780993553159e-03
9.257756443917172784e-03
9.244595384488730333e-03
9.231365669654621742e-03
9.218130546985430634e-03
9.204875314797607636e-03
9.191547132393540140e-03
9.178085800350699666e-03
9.164708456423783026e-03
9.151231751879590828e-03
9.137722899508888413e-03
9.124144335391557240e-03
9.110561316923877426e-03
9.096877130722574867e-03
9.083116732185989375e-03
9.069084439218317792e-03
9.054957448699271078e-03
9.040806058731054931e-03
9.026636846481412083e-03
9.012413666995693420e-03
8.998030459361719413e-03
8.983562215529386497e-03
8.969060784422026519e-03
8.954673723808785277e-03
8.940217001000090938e-03
8.925830476065087574e-03
8.911472405517095741e-03
8.897118841873727715e-03
8.882699780210565402e-03
8.868344603901675421e-03
8.854166912394857702e-03
8.840102624758854749e-03
8.826136386135533321e-03
8.812156043070482753e-03
8.798288907173094919e-03
8.784407209987155421e-03
8.770467112236505353e-03
8.756406927963356762e-03
8.742116063073767859e-03
8.727764206318232298e-03
8.713394202946304901e-03
8.698883158535553745e-03
8.684299993890745237e-03
8.669756679277098796e-03
8.655134554645343634e-03
8.640543650632499795e-03
8.625943238049431361e-03
8.611197594350127396e-03
8.596503396032389305e-03
8.581777567923155187e-03
8.567011950595563446e-03
8.552286262505938083e-03
8.537639273695052378e-03
8.523028442977382407e-03
8.508429946373092384e-03
8.493749541676075612e-03
8.479131672063803041e-03
8.464650181550613731e-03
8.450182879565996952e-03
8.435751515322024649e-03
8.421208688336989309e-03
8.406635953088411120e-03
8.392059933197533461e-03
8.377544053417930459e-03
8.363132454086687206e-03
8.348728924089259679e-03
8.334330095822668413e-03
8.319921216926024973e-03
8.305538832517257719e-03
8.291022202713046324e-03
8.276418823065663163e-03
8.261894293227484490e-03
8.247326410990983570e-03
8.232638283818377242e-03
8.217939389025230926e-03
8.203154153186108591e-03
8.188387748670530181e-03
8.173680001860229860e-03
8.158966109953421503e-03
8.144210324029470607e-03
8.129467484851609846e-03
8.114644643799720850e-03
8.099740977273207909e-03
8.084981411195204387e-03
8.070154669489813803e-03
8.055317320829813443e-03
8.040538409522516444e-03
8.025758818575805253e-03
8.010984445518006675e-03
7.996211629005269342e-03
7.981466501839428948e-03
7.966602275796107885e-03
7.951675846886148077e-03
7.936646708525316868e-03
7.921712669380688923e-03
7.906828044770213004e-03
7.891890239360876969e-03
7.876925440010340562e-03
7.861918561388837184e-03
7.846937709709839517e-03
7.831865068232525887e-03
7.816835681177350045e-03
7.801910078495699098e-03
7.786962404331647727e-03
7.772116979768546596e-03
7.757271386656372329e-03
7.742409388539000029e-03
7.727540257867795449e-03
7.712625647476220939e-03
7.697660839304074423e-03
7.682727317443685359e-03
7.667844221599583350e-03
7.652955829410542331e-03
7.637966955884272283e-03
7.623026714208817715e-03
7.608108119076898226e-03
7.593143996738063728e-03
7.578246600124468636e-03
7.563329697615648987e-03
7.548470960303458113e-03
7.533607149532771038e-03
7.518839132257822133e-03
7.504063593996627979e-03
7.489214280417042999e-03
7.474343766911430674e-03
7.459423872281169786e-03
7.444450166106879145e-03
7.429324438897637155e-03
7.414096148920263502e-03
7.398819696326687338e-03
7.383560413778425535e-03
7.368212380007515758e-03
7.352781362564298102e-03
7.337239251386119127e-03
7.321703532309550323e-03
7.306263374739126355e-03
7.290865999540816975e-03
7.275522313228609261e-03
7.260193357880190615e-03
7.244936145595046000e-03
7.229616885666075542e-03
7.214284889208119958e-03
7.198982626833817962e-03
7.183783927823540229e-03
7.168680475556827615e-03
7.153582685262665532e-03
7.138467904640047670e-03
7.123444905932603717e-03
7.108501029941215014e-03
7.093595018837028573e-03
7.078691676270093547e-03
7.063937322074798422e-03
7.049273935484926500e-03
7.034847803300749158e-03
7.020498260904179354e-03
7.006131214085709741e-03
6.991719003060223488e-03
6.977397285713201128e-03
6.963139247163372368e-03
6.948826804332349817e-03
6.934616174526391820e-03
6.920469363021077881e-03
6.906308891016901645e-03
6.892117796667948312e-03
6.877874877748939471e-03
6.863497488671105838e-03
6.848992392747560963e-03
6.834570320287419731e-03
6.820117953993654579e-03
6.805693250206567083e-03
6.791195647537502655e-03
6.776683401463827819e-03
6.762233025569449642e-03
6.747802721701857791e-03
6.733422089743604233e-03
6.718941614560273307e-03
6.704432594099184531e-03
6.689874349613197067e-03
6.675151313496841161e-03
6.660441632595308185e-03
6.645797404432428682e-03
6.631119224376718149e-03
6.616368644892354003e-03
6.601621133123127330e-03
6.586900452423765685e-03
6.572231104020424645e-03
6.557593125100676795e-03
6.542985752337112174e-03
6.528373043695592792e-03
6.513654257882912739e-03
6.498910029817516615e-03
6.484220521358977432e-03
6.469559092814766016e-03
6.454898602575551668e-03
6.440244638498276303e-03
6.425641855811171227e-03
6.410934891097664484e-03
6.395907315381945540e-03
6.380844619637285157e-03
6.365697238611372870e-03
6.350521456456576126e-03
6.335348384765144419e-03
6.320218885777688020e-03
6.305250648579749893e-03
6.290342443099890095e-03
6.275497616365149564e-03
6.260790042819731720e-03
6.246102785842718060e-03
6.231420675642110503e-03
6.216912922020633239e-03
6.202434083293019776e-03
6.188047455900637893e-03
6.173616131447759621e-03
6.158980212890278853e-03
6.144369104432641573e-03
6.129724684575690863e-03
6.115090987726801500e-03
6.100493793717799186e-03
6.085931262785340516e-03
6.071398507405142628e-03
6.056870439866436466e-03
6.042348967267733260e-03
6.027905900699597440e-03
6.013498670318001560e-03
5.999138646780352579e-03
5.984817896584524420e-03
5.970530698434981659e-03
5.956311958929300272e-03
5.942171092204239467e-03
5.928078204085026476e-03
5.914023944250809510e-03
5.900030200302676907e-03
5.885994441732374932e-03
5.872023557533871153e-03
5.858110539089927786e-03
5.844248795531150308e-03
5.830397544973356556e-03
5.816576261321699907e-03
5.802741284923032365e-03
5.788954090028212984e-03
5.775161188571823964e-03
5.761334020518679537e-03
5.747569795549777212e-03
5.733815502037064443e-03
5.720170951203818951e-03
5.706590055178147741e-03
5.692989678601787472e-03
5.679443623081997621e-03
5.665980669170771027e-03
5.652618699845032499e-03
5.639324736205117948e-03
5.626164511281109802e-03
5.613058454578093680e-03
5.599974029303391061e-03
