4.594891840625894668e-03
4.597899711169372433e-03
4.601019554230125798e-03
4.604180861019780899e-03
4.607317546036964438e-03
4.610683486041431030e-03
4.614057952414206062e-03
4.617480248621879356e-03
4.621127843418270167e-03
4.624958930814750124e-03
4.628925060835957679e-03
4.633007102692866114e-03
4.637278642320597638e-03
4.641589087410117991e-03
4.646057930714156230e-03
4.650736837215949278e-03
4.655539311022310542e-03
4.660534384709522950e-03
4.665578009257539266e-03
4.670912143148477601e-03
4.676368572436640815e-03
4.681903888227964550e-03
4.687694343489383700e-03
4.693654041915700306e-03
4.699813998882530243e-03
4.706207430381977898e-03
4.712769353426318926e-03
4.719446912302561158e-03
4.726321639997082581e-03
4.733260291429112164e-03
4.740580918042579771e-03
4.748271564959553187e-03
4.756102334810563721e-03
4.764164072542887915e-03
4.772463499097738190e-03
4.781083675664779542e-03
4.789849543385319049e-03
4.798907326557222928e-03
4.808136113837679915e-03
4.817456405527739335e-03
4.826708340808593886e-03
4.836258808124246737e-03
4.846062003325624437e-03
4.856036502007238936e-03
4.866332372812295047e-03
4.877068247260311212e-03
4.887994186126869665e-03
4.898968474646429871e-03
4.910059019138356302e-03
4.921303281698767747e-03
4.932823772728189837e-03
4.944301667484049707e-03
4.956010773560139832e-03
4.967881345237414557e-03
4.979984283772078552e-03
4.992411700575629177e-03
5.005231809597643876e-03
5.018158182428630355e-03
5.031193671170414161e-03
5.044322979900770290e-03
5.057693118416304798e-03
5.071376413601826234e-03
5.085238878704333859e-03
5.099226645496387350e-03
5.113442503573881540e-03
5.127696495034533494e-03
5.141972312098595094e-03
5.156322687914978095e-03
5.170762982034124780e-03
5.185330552288220513e-03
5.199957778872559173e-03
5.214884138393540911e-03
5.230022557611710247e-03
5.245338939218511555e-03
5.260622614891233804e-03
5.275907335830980031e-03
5.291186260690937393e-03
5.306435834362758543e-03
5.321797907596172335e-03
5.337402095472984324e-03
5.353252851123519070e-03
5.369142857967906281e-03
5.385209031815448889e-03
5.401354204219377224e-03
5.417687670619650980e-03
5.434164980702903443e-03
5.450878231240513863e-03
5.467801048337964272e-03
5.484996786363484540e-03
5.502277077369352974e-03
5.519631685096329163e-03
5.537153377321289184e-03
5.554892466974855128e-03
5.572847889175996418e-03
5.590931636720683495e-03
5.609142059123088490e-03
5.627547952559094208e-03
5.645996763788220518e-03
5.664567693700816968e-03
5.683298900455627418e-03
5.702223108005342704e-03
5.721481707719004543e-03
5.740884070782680849e-03
5.760485387070022820e-03
5.780008799525331899e-03
5.799398165259457907e-03
5.818725871970012106e-03
5.838243233832677952e-03
5.857790797981222639e-03
5.877414540116892260e-03
5.897162769820052386e-03
5.917063822292056678e-03
5.937139523511702002e-03
5.957271566388280988e-03
5.977495953041338760e-03
5.997949552638257020e-03
6.018658087682060912e-03
6.039380837531543693e-03
6.060169332874995596e-03
6.081208652325501181e-03
6.102366772595372788e-03
6.123708715337267995e-03
6.145049892945203540e-03
6.166559469001885348e-03
6.188108675487833527e-03
6.209837296737389170e-03
6.231594578274037184e-03
6.253332196064984895e-03
6.275122792320700534e-03
6.296658121286810572e-03
6.318062956482380435e-03
6.339534364244850395e-03
6.360896041305331115e-03
6.382233622699190999e-03
6.403768222850100139e-03
6.425417527683744030e-03
6.447144904147717771e-03
6.468967240652679154e-03
6.490824446732521708e-03
6.512733866049324853e-03
6.534629583246188457e-03
6.556417189726642530e-03
6.577685150499401785e-03
6.599009281846156087e-03
6.620416760146454957e-03
6.641946587712113485e-03
6.663609230164249664e-03
6.685267256004720840e-03
6.706709125448289711e-03
6.728061217265633893e-03
6.749451013679545405e-03
6.770860971133999678e-03
6.792169566591945915e-03
6.813551550061853861e-03
6.834931987685251981e-03
6.856227082887988468e-03
6.877457344601148846e-03
6.898469481478206218e-03
6.919335572741937626e-03
6.940268257969666767e-03
6.961245037549385929e-03
6.982186591780539103e-03
7.003137358119465063e-03
7.024080388750405385e-03
7.044933205554623420e-03
7.065798608169636917e-03
7.086821903915030592e-03
7.107731624613096433e-03
7.128641102153786095e-03
7.149669305060916621e-03
7.170743663855385849e-03
7.191895842207351834e-03
7.213094609174816249e-03
7.234168156193404586e-03
7.255192853073352995e-03
7.276228425310084062e-03
7.297343284119405492e-03
7.318358158605042796e-03
7.339381102612169486e-03
7.360342321621339556e-03
7.381199312173594880e-03
7.402056998694629339e-03
7.422804401942994373e-03
7.443514554907745655e-03
7.464266059642017670e-03
7.485153510653035948e-03
7.506154544969909602e-03
7.527292507953115865e-03
7.548428068267407608e-03
7.569608976165494163e-03
7.590687672001646645e-03
7.611741915834411773e-03
7.632645450706419636e-03
7.653338046225800946e-03
7.674070018224677693e-03
7.694698897502097630e-03
7.715201382805640141e-03
7.735748875591728219e-03
7.756509429609362814e-03
7.777373752609378216e-03
7.798346465614245347e-03
7.819332124426701600e-03
7.840181236717496185e-03
7.860855060412331313e-03
7.881333919940792729e-03
7.901696194188036898e-03
7.921965722712434599e-03
7.942017709753198054e-03
7.961781207412203104e-03
7.981635991474408595e-03
8.001535995300897847e-03
8.021057737656373324e-03
8.040494720662115513e-03
8.059931571156003782e-03
8.079336608763127911e-03
8.098710719961519505e-03
8.117900686980636382e-03
8.137006777092637214e-03
8.156064159431777871e-03
8.174771627513659905e-03
8.193049873180901707e-03
8.211372971952502625e-03
8.229893877982997347e-03
8.248335322041002241e-03
8.266661986620274863e-03
8.285151105759603479e-03
8.303692118587118962e-03
8.322193855445195881e-03
8.340567004751423333e-03
8.358949039859675523e-03
8.377256227917857789e-03
8.395385058022630104e-03
8.413550894221324267e-03
8.431614272385300549e-03
8.449431956678096420e-03
8.467012009207295839e-03
8.484703535738918195e-03
8.502430666572979162e-03
8.520066718405539669e-03
8.537616839303385080e-03
8.555015993442978070e-03
8.572627823478650919e-03
8.590369742616935436e-03
8.608182200199222464e-03
8.625948576033238072e-03
8.643848462816359005e-03
8.661867655972217694e-03
8.679877728521053284e-03
8.697788445708280747e-03
8.715800227021883173e-03
8.733840450522330906e-03
8.751794400640644164e-03
8.769690995367564537e-03
8.787523704271134675e-03
8.805328110913621456e-03
8.823034450525053460e-03
8.840752613628729759e-03
8.858423500406656034e-03
8.876098490922815221e-03
8.893835883824020155e-03
8.911519833342802441e-03
8.928981461378795309e-03
8.946407440722753401e-03
8.963677799908798677e-03
8.981091070690188152e-03
8.998720650932809373e-03
9.016148194704969032e-03
9.033365252405139989e-03
9.050532962765672762e-03
9.067543719215828343e-03
9.084304605231359464e-03
9.100852877852859402e-03
9.117052412119040772e-03
9.133198234225214235e-03
9.149230402452645378e-03
9.165161598899072490e-03
9.180878721505657258e-03
9.196697957259520120e-03
9.212503658410199983e-03
9.228190321684186931e-03
9.243894075796642296e-03
9.259488528087547396e-03
9.274904691120987310e-03
9.290451229302457148e-03
9.305852586669993709e-03
9.321158755103897339e-03
9.336286111928368547e-03
9.351352469754672936e-03
9.366410113331131299e-03
9.381371240415388446e-03
9.396288779357959281e-03
9.411101297212506184e-03
9.425683220790338074e-03
9.440128872254909681e-03
9.454778353604635643e-03
9.469260147020664917e-03
9.483683609694235767e-03
9.498085568283954477e-03
9.512447950875619826e-03
9.526668460194294419e-03
9.540713850404549876e-03
9.554453689674818201e-03
9.567976505308772861e-03
9.581369704077831798e-03
9.594618452912791542e-03
9.607973503283186514e-03
9.621488039366236922e-03
9.635058523606075329e-03
9.648758037604461546e-03
9.662308961142521135e-03
9.675792621963412096e-03
9.689143204469513257e-03
9.702404263768397291e-03
9.715600686562395061e-03
9.728920542459862028e-03
9.742214489098927066e-03
9.755682869013099223e-03
9.769078539334712791e-03
9.782495248259444678e-03
9.796020123645656982e-03
9.809443057999847268e-03
9.822734560114270569e-03
9.835930758426430706e-03
9.848905027535935150e-03
9.861701142902933037e-03
9.874539795326086125e-03
9.887361507628925766e-03
9.900166011784644615e-03
9.912855355630818127e-03
9.925531643117727065e-03
9.938107506138884120e-03
9.950442239252404661e-03
9.962610468405004235e-03
9.974590713162255137e-03
9.986593426374338819e-03
9.998419980278712080e-03
1.001016353671548009e-02
1.002201173547409216e-02
1.003400537106104162e-02
1.004607512213306561e-02
1.005811415447959573e-02
1.007006462498678291e-02
1.008186673852478829e-02
1.009372485202308239e-02
1.010550171360653261e-02
1.011729215221197388e-02
1.012901257162843530e-02
1.014074425868181743e-02
1.015237978905209927e-02
1.016403550702160534e-02
1.017530592368704086e-02
1.018649537373227630e-02
1.019770695663574540e-02
1.020890859026386474e-02
1.022017589928230288e-02
1.023152008000432003e-02
1.024278631578934978e-02
1.025384584922262032e-02
1.026486259240073744e-02
1.027590109624019338e-02
1.028691831953916676e-02
1.029784131658624015e-02
1.030872118121228288e-02
1.031924125531862198e-02
1.032947077053086513e-02
1.033928787037384153e-02
1.034881890921802820e-02
1.035819404411120713e-02
1.036767924717990966e-02
1.037724128309956174e-02
1.038676430141035299e-02
1.039628500376678713e-02
1.040585906072645506e-02
1.041558061952214606e-02
1.042545223110091096e-02
1.043529731046540301e-02
1.044497811661032616e-02
1.045459799282842141e-02
1.046426416354575943e-02
1.047383603631214799e-02
1.048324832520200131e-02
1.049260054079973435e-02
1.050188267620798775e-02
1.051113512576997734e-02
1.052031601067186621e-02
1.052944075127689935e-02
1.053838483711893627e-02
1.054727281657827365e-02
1.055617565575934190e-02
1.056492215948125202e-02
1.057348256850944822e-02
1.058208229451818895e-02
1.059064306072777378e-02
1.059907173927068270e-02
1.060748589218690752e-02
1.061585095865793908e-02
1.062407424363826999e-02
1.063224290736345182e-02
1.064023282123047372e-02
1.064813606877829805e-02
1.065582919447403791e-02
1.066347901741658208e-02
1.067108314131860747e-02
1.067871801979564973e-02
1.068628657327397487e-02
1.069377652939150838e-02
1.070137067126560732e-02
1.070898011675737969e-02
1.071651790590060632e-02
1.072385706624898009e-02
1.073117545151639450e-02
1.073846935099553000e-02
1.074589112253757604e-02
1.075346353181056390e-02
1.076113225561717464e-02
1.076881718397191580e-02
1.077658574401176711e-02
1.078438364163195051e-02
1.079218958944115798e-02
1.079994073515219699e-02
1.080769414473255023e-02
1.081546236955119311e-02
1.082320710223277395e-02
1.083079065169856130e-02
1.083823861403977566e-02
1.084557573659607199e-02
1.085294443498180383e-02
1.086032078067172141e-02
1.086778625156405859e-02
1.087492679672538015e-02
1.088179430599615222e-02
1.088864522575871789e-02
1.089522502241870895e-02
1.090190339119389423e-02
1.090857004196077798e-02
1.091511290741669152e-02
1.092161928856757482e-02
1.092811250046134275e-02
1.093469883431027155e-02
1.094130894258780670e-02
1.094783569715481776e-02
1.095422469438717128e-02
1.096059907411670031e-02
1.096697147752388572e-02
1.097322508855792800e-02
1.097951538501095760e-02
1.098579579018603425e-02
1.099209486723868624e-02
1.099835978701459854e-02
1.100447844617388760e-02
1.101052059296946453e-02
1.101645829442789160e-02
1.102239971607217768e-02
1.102843314364401923e-02
1.103477330265629185e-02
1.104135829712194102e-02
1.104793118880690629e-02
1.105422072988605439e-02
1.106053324103183425e-02
1.106677985840550694e-02
1.107295229128838626e-02
1.107925397615932422e-02
1.108574211928695444e-02
1.109209041858129526e-02
1.109832689058647300e-02
1.110446136928689223e-02
1.111065287505524739e-02
1.111686474907814907e-02
1.112298689089673623e-02
1.112902076902765394e-02
1.113503615795403273e-02
1.114104366078273040e-02
1.114699046238955098e-02
1.115263175655443161e-02
1.115819013142619297e-02
1.116345805260625552e-02
1.116858170802680593e-02
1.117361144346488977e-02
1.117864628591173221e-02
1.118354244456709612e-02
1.118842419213594321e-02
1.119345424698202709e-02
1.119835806870785912e-02
1.120319762819033289e-02
1.120793623574042712e-02
1.121245726942969936e-02
1.121702865982918476e-02
1.122182687824068575e-02
1.122644312366839238e-02
1.123094509230840830e-02
1.123545671652982809e-02
1.123995609879557996e-02
1.124447571614709505e-02
1.124893459328333775e-02
1.125326887124463403e-02
1.125758867219195207e-02
1.126177540887805632e-02
1.126580241458257151e-02
1.126978557882909321e-02
1.127355128617152022e-02
