4.839904541951497476e-03
4.847772115179626445e-03
4.855916744043281032e-03
4.864424406400552105e-03
4.873096972065474493e-03
4.882107848941513555e-03
4.891193557664348136e-03
4.900431991742775807e-03
4.909979135085234744e-03
4.919616315165187270e-03
4.929400985444004624e-03
4.939404655962814118e-03
4.949667983273093631e-03
4.960371665870337045e-03
4.971385431838250962e-03
4.982639280381918716e-03
4.994105793935223539e-03
5.005813148535110009e-03
5.017722565507019318e-03
5.029944210814860095e-03
5.042364422509164508e-03
5.054768674220432370e-03
5.067401269571300201e-03
5.080202846629379258e-03
5.093194886579852608e-03
5.106304716993611929e-03
5.119695526031952867e-03
5.133114101371573715e-03
5.146484450279247697e-03
5.159944686707808315e-03
5.173420871106999656e-03
5.186889232239033642e-03
5.200533562920130887e-03
5.214293117538876254e-03
5.228206206098300751e-03
5.242170786587188602e-03
5.256480533804884850e-03
5.271125251658643346e-03
5.286032626589986898e-03
5.301288859812684946e-03
5.316923895252009119e-03
5.332796573622488809e-03
5.348905625738342370e-03
5.364947330111780044e-03
5.380999857663101155e-03
5.397007314291399002e-03
5.413126924936814514e-03
5.429316533374046322e-03
5.445525393568969620e-03
5.461763165373016184e-03
5.478078028294672101e-03
5.494579550117564652e-03
5.511281143631556988e-03
5.528090377688774613e-03
5.544952218389203116e-03
5.561793769009588419e-03
5.578690149506779217e-03
5.595558858112692491e-03
5.612462085493658513e-03
5.629285942215266243e-03
5.646137551911891914e-03
5.662875312903672097e-03
5.679878207405629313e-03
5.696943375346901449e-03
5.714129167740827388e-03
5.731498601482041058e-03
5.749000477255783274e-03
5.766764553447985969e-03
5.784692436628090587e-03
5.802766504220980073e-03
5.821006095637372250e-03
5.839260594637411123e-03
5.857594872906309556e-03
5.876153714473072998e-03
5.894844328005338814e-03
5.913553671318712637e-03
5.932302643372071305e-03
5.951095865750963103e-03
5.969956806004533302e-03
5.988915088227741990e-03
6.008080170591010780e-03
6.027380886532950066e-03
6.046851817518355751e-03
6.066549114601010179e-03
6.086419735312593830e-03
6.106241518461071049e-03
6.126052502644170096e-03
6.145999934997228159e-03
6.166151196859859067e-03
6.186076850532989078e-03
6.206061160034262447e-03
6.226147488648099866e-03
6.246237800125331412e-03
6.266328673557934083e-03
6.286439749980636191e-03
6.306537853755539436e-03
6.326816730352697454e-03
6.347126425153057534e-03
6.367322372227859559e-03
6.387429208271213667e-03
6.407485082057132880e-03
6.427488750676977475e-03
6.447394113894677065e-03
6.467299574713175625e-03
6.487247089463831114e-03
6.507019580079320686e-03
6.526684230445334300e-03
6.546209513626709622e-03
6.565671825523055651e-03
6.585068479484671930e-03
6.604292494524505869e-03
6.623414579043270141e-03
6.642331261553426937e-03
6.661156371239661950e-03
6.679935667110634655e-03
6.698710525523721843e-03
6.717574463060304105e-03
6.736478551313454695e-03
6.755366382276519095e-03
6.774336725706213598e-03
6.793221086960857247e-03
6.812161451554225172e-03
6.830951890808780944e-03
6.849774030802999354e-03
6.868647322250046386e-03
6.887682894921727875e-03
6.906962482355218265e-03
6.926294149575296100e-03
6.945690996861572479e-03
6.965120163526425032e-03
6.984501901458170861e-03
7.003881973419348594e-03
7.023342049506611610e-03
7.042597709728728311e-03
7.061751811438977434e-03
7.080971744888455745e-03
7.100246349050359090e-03
7.119457373799173948e-03
7.138927860513248104e-03
7.158646202205202515e-03
7.178520562153568353e-03
7.198325071462093397e-03
7.218086988157125863e-03
7.237847674706697140e-03
7.257526715935202002e-03
7.277508553133148032e-03
7.297468078037563921e-03
7.317485440424958965e-03
7.337488225006793228e-03
7.357395926139026661e-03
7.377332662007546338e-03
7.397113206190541503e-03
7.416806281287843458e-03
7.436522351133497376e-03
7.456113283240296992e-03
7.475636809982671126e-03
7.495156455967102831e-03
7.514570577093332253e-03
7.533869810441589168e-03
7.553052306476723543e-03
7.572218556108015024e-03
7.591210280494380472e-03
7.610017573530063022e-03
7.628807033773523510e-03
7.647606774384267149e-03
7.666454112652577868e-03
7.685132919491211370e-03
7.703630667837558198e-03
7.722078226849726779e-03
7.740532151310958175e-03
7.758949855364737601e-03
7.777539460703488360e-03
7.796275027662429719e-03
7.815033320967524136e-03
7.833893693071825384e-03
7.852622659213622999e-03
7.871103534634070475e-03
7.889432807108119963e-03
7.907829422632239869e-03
7.926182421485248111e-03
7.944380587180782313e-03
7.962582109968431229e-03
7.980853484897470693e-03
7.999136299766368419e-03
8.017344748456899789e-03
8.035510124413083183e-03
8.053802136655779237e-03
8.072106278800908474e-03
8.090362908126090200e-03
8.108598359954727330e-03
8.126744028432563577e-03
8.145093750901812035e-03
8.163472568169375873e-03
8.181808989526598297e-03
8.200089225857451480e-03
8.218222101873581473e-03
8.236122572742997361e-03
8.253910581965081747e-03
8.271644748204598843e-03
8.289356949008811967e-03
8.307113912542756287e-03
8.324756357680212701e-03
8.342259801260644078e-03
8.359781191000380599e-03
8.377305743756793821e-03
8.394714932743643776e-03
8.412123994098678892e-03
8.429432171513524460e-03
8.446714944191049262e-03
8.464081421566509167e-03
8.481297862488400632e-03
8.498376003828245207e-03
8.515325641703206869e-03
8.532257411124115343e-03
8.549157310130126378e-03
8.565870447754062728e-03
8.582459168383509140e-03
8.598922851878005799e-03
8.615297696121739304e-03
8.631570643629295561e-03
8.647688431392089314e-03
8.663734073394702834e-03
8.679677889984799624e-03
8.695704032849234030e-03
8.711706865639658529e-03
8.727657003758458598e-03
8.743417633408065437e-03
8.759160245199321126e-03
8.774872346229889777e-03
8.790534848786505512e-03
8.806102008125239744e-03
8.821567410372016527e-03
8.836934087157822040e-03
8.852177881534016926e-03
8.867302802641134629e-03
8.882346294650494273e-03
8.897387823006846358e-03
8.912423150709331346e-03
8.927254174036815260e-03
8.942056510237014408e-03
8.956848904669627298e-03
8.971656563491886560e-03
8.986385952103799826e-03
9.001208547602251864e-03
9.015947824301312821e-03
9.030438967860217325e-03
9.044869818149873023e-03
9.059245743214249316e-03
9.073465284019217175e-03
9.087586384282470356e-03
9.101743132111560219e-03
9.115831630704696389e-03
9.129893531953817837e-03
9.143962564818277489e-03
9.157941846990664408e-03
9.171634049925424595e-03
9.185324303096520024e-03
9.198849443118245484e-03
9.212265027368752093e-03
9.225578205481983762e-03
9.238887814409058735e-03
9.252174130905344018e-03
9.265428694858466804e-03
9.278582481481504468e-03
9.291769360030982527e-03
9.304896496380341345e-03
9.317924195533669116e-03
9.330723394323036865e-03
9.343567129858744089e-03
9.356272005733972871e-03
9.368652382975836690e-03
9.380918254959786165e-03
9.393052711596541066e-03
9.404948025628315222e-03
9.416679592546526451e-03
9.428195742863331938e-03
9.439550699453638782e-03
9.450808743330133335e-03
9.461877118446889931e-03
9.472893372859801653e-03
9.483799552715705891e-03
9.494557485591159987e-03
9.505221474694042216e-03
9.515880217003176711e-03
9.526476932878098422e-03
9.536927784358240415e-03
9.547303611980783797e-03
9.557501858702603312e-03
9.567725688470895759e-03
9.577910638960728321e-03
9.587899933632553634e-03
9.597667712403780763e-03
9.607341152119199326e-03
9.616825618292882891e-03
9.626286224074201425e-03
9.635744072632937765e-03
9.645075653535872470e-03
9.654242286835408235e-03
9.663335599035908011e-03
9.672245423234989911e-03
9.681118685423824310e-03
9.689886735077011398e-03
9.698503187790002977e-03
9.706903390916303900e-03
9.715085917231915461e-03
9.723116865376715129e-03
9.731167707567545122e-03
9.739246499624234360e-03
9.747275058801773903e-03
9.755304068069153844e-03
9.763144271968485569e-03
9.770856954041742815e-03
9.778479045680663756e-03
9.786066112521927055e-03
9.793645991064310607e-03
9.801136628691104608e-03
9.808477404419604917e-03
9.815610253657281598e-03
9.822705768336843085e-03
9.829711329614977330e-03
9.836674819693120783e-03
9.843551050527291416e-03
9.850264190425579020e-03
9.856880526847869306e-03
9.863363075472761712e-03
9.869785395019699953e-03
9.876111607059420011e-03
9.882376616265517791e-03
9.888413435928663370e-03
9.894198476686402038e-03
9.899839372700371121e-03
9.905457947411506342e-03
9.910997549561928466e-03
9.916402916452824595e-03
9.921700330477938728e-03
9.926852561812318787e-03
9.931750815220205184e-03
9.936444525881904868e-03
9.940977726022705643e-03
9.945336924209020879e-03
9.949548239540946873e-03
9.953658842860245784e-03
9.957847901831407000e-03
9.962037129727029441e-03
9.966178505452231301e-03
9.970150658659020226e-03
9.973992944992834953e-03
9.977686979090771499e-03
9.981162152029857473e-03
9.984533846724426981e-03
9.987674682494177697e-03
9.990586381993220993e-03
9.993514689019067712e-03
9.996454271564963329e-03
9.999289027473759126e-03
1.000198758296847248e-02
1.000451053472942685e-02
1.000688065414929474e-02
1.000918250105917347e-02
1.001133637652316596e-02
1.001339770428140603e-02
1.001544817432609494e-02
1.001737665238077411e-02
1.001915851639145760e-02
1.002074654146055399e-02
1.002222171710683528e-02
1.002380587605811169e-02
1.002531939230151894e-02
1.002676270391449423e-02
1.002802892263074397e-02
1.002921780209811882e-02
1.003024672136294815e-02
1.003113837261110537e-02
1.003195611940775264e-02
1.003265299774975042e-02
1.003318324787765871e-02
1.003363539259041932e-02
1.003380910512099641e-02
1.003375950533318475e-02
1.003350486109354060e-02
1.003318805302778720e-02
1.003282323156260217e-02
1.003225743728816503e-02
1.003154454077804028e-02
1.003072151997203704e-02
1.002982575860406241e-02
1.002885948028309562e-02
1.002784662667293575e-02
1.002670724226020597e-02
1.002537453637782072e-02
1.002397362968449404e-02
1.002241148797202407e-02
1.002072955666912304e-02
1.001907384244250625e-02
1.001729090857690629e-02
1.001527437132708476e-02
1.001314210561855995e-02
1.001094224272249672e-02
1.000859640300304221e-02
1.000616246448504491e-02
1.000364810647448241e-02
1.000107728114601156e-02
9.998395026861743931e-03
9.995641564723442909e-03
9.992864004009288301e-03
9.990060231661971116e-03
9.987174277564578664e-03
9.984188888148093008e-03
9.981028293284186295e-03
9.977710541049922624e-03
9.974344652476757958e-03
9.970915080695808008e-03
9.967357592744014935e-03
9.963766208597655410e-03
9.960060219715642996e-03
9.956196063107304595e-03
9.952289803954102523e-03
9.948246255011740022e-03
9.944055676471209165e-03
9.939736081498515632e-03
9.935322862958948995e-03
9.930718341597030013e-03
9.925920681954648536e-03
9.920996933716395502e-03
9.915948547004917873e-03
9.910745094395599294e-03
9.905378026621487406e-03
9.899968360978455770e-03
9.894388174914071563e-03
9.888704325914427287e-03
9.882945984981541393e-03
9.877026970797189720e-03
9.870922202771324760e-03
9.864769599655178606e-03
9.858542562415495772e-03
9.852237503659811574e-03
9.845878295042125028e-03
9.839494343120223918e-03
9.833070507570098109e-03
9.826564437527926521e-03
9.819900831724605317e-03
9.813119882732429175e-03
9.806222276009322891e-03
9.799210977868812872e-03
9.792203209123367252e-03
9.785073714913170365e-03
9.777817117809563599e-03
9.770430944007667262e-03
9.762953929387845758e-03
9.755376403024727805e-03
9.747656700450888639e-03
9.739778197247077329e-03
9.731757792240945323e-03
9.723598459066078517e-03
9.715380523368120566e-03
9.707102258363695460e-03
9.698759745756091802e-03
9.690297057847208420e-03
9.681742981617450644e-03
9.673138767106240904e-03
9.664413429252137477e-03
9.655618025285658476e-03
9.646752257148978951e-03
9.637828024631877460e-03
9.628838239851680858e-03
9.619802498421207299e-03
9.610579349941830024e-03
9.601276851824805739e-03
9.591902110346803983e-03
9.582433496982969978e-03
9.572764411389371453e-03
9.562893823314490629e-03
9.552926834929992977e-03
9.542912308574571026e-03
9.532853562675407122e-03
9.522679907225784987e-03
9.512390523692846808e-03
9.502029506616233717e-03
9.491469578359564008e-03
9.480907366056492633e-03
9.470284269623948856e-03
9.459555498928899631e-03
9.448751474451292515e-03
9.437865215481637884e-03
9.426917431220337151e-03
9.415936068248606169e-03
9.404874153272456058e-03
9.393712686607030155e-03
9.382374743337616035e-03
9.370950226845232989e-03
9.359455891808657335e-03
9.347804381664655965e-03
9.336033459194851072e-03
9.324157277641329650e-03
9.312165172802890772e-03
9.300100141679418578e-03
9.287914010674783519e-03
9.275573499230230570e-03
9.263123504464279220e-03
9.250526805842826730e-03
