5.484778586363626973e-03
5.514074667862732017e-03
5.543471122680995039e-03
5.573061357035885913e-03
5.602653973788755334e-03
5.632271170270667683e-03
5.662158838463608040e-03
5.692227417996994013e-03
5.722428637861554264e-03
5.752517962351031723e-03
5.782504887553985111e-03
5.812582798943814917e-03
5.842748520928354311e-03
5.872807723277232231e-03
5.902878981858717886e-03
5.932933477502884932e-03
5.963030196754477534e-03
5.993155524958888869e-03
6.023375476199969297e-03
6.053534332155955690e-03
6.083802920315458523e-03
6.114143174677419065e-03
6.144572329103013993e-03
6.174811326201652163e-03
6.204998605575091572e-03
6.235260411042109485e-03
6.265353261829704166e-03
6.295433913080439835e-03
6.325475162325327333e-03
6.355312662018067216e-03
6.385104391252789668e-03
6.414903875246421791e-03
6.444570431831142185e-03
6.474201611316831965e-03
6.503779178307954670e-03
6.533248878396995946e-03
6.562669795354108236e-03
6.591948314058573670e-03
6.621143118492655265e-03
6.650232608097867912e-03
6.679260127576973523e-03
6.708065422798746569e-03
6.736724850997917458e-03
6.765232047476195214e-03
6.793690102327300077e-03
6.822081028662350076e-03
6.850603016541795959e-03
6.879205879071439989e-03
6.907848191844251709e-03
6.936661241824934425e-03
6.965205008947405671e-03
6.993569725338519109e-03
7.021747982159120584e-03
7.049674318365278282e-03
7.077668260956020314e-03
7.105659172854243352e-03
7.133339804866109350e-03
7.160786452099687262e-03
7.188020248881950465e-03
7.215227463335687798e-03
7.242212559016032725e-03
7.269002553701232536e-03
7.295680374661376276e-03
7.322150429233392245e-03
7.348453892942271790e-03
7.374615754595795734e-03
7.400466628194084066e-03
7.426238475551160886e-03
7.451742503123550548e-03
7.477030364445155439e-03
7.502164720918515391e-03
7.527036145530304791e-03
7.551459455778935376e-03
7.575587947984793041e-03
7.599708812125085221e-03
7.623694278242382563e-03
7.647360572102016550e-03
7.670823907351367876e-03
7.694187884611416138e-03
7.717434315785477207e-03
7.740518224735885335e-03
7.763384194479447213e-03
7.786138017901255738e-03
7.808794338124339270e-03
7.831322906596294500e-03
7.853706635106370501e-03
7.875939272323355042e-03
7.898041303904295568e-03
7.919940414789109623e-03
7.941691975412917825e-03
7.963410500230718586e-03
7.984991560328594598e-03
8.006461991234068223e-03
8.027772961014810124e-03
8.048905956113010240e-03
8.069854172251388069e-03
8.090815954900900872e-03
8.111345044113579816e-03
8.131682240957397584e-03
8.152015794851372524e-03
8.172262556671290243e-03
8.192358905148286463e-03
8.212320078957962080e-03
8.232038594093681050e-03
8.251415042264188468e-03
8.270725815795165400e-03
8.289682844612962509e-03
8.308500433420806103e-03
8.327214805253889060e-03
8.345917892932996213e-03
8.364342513518658456e-03
8.382534451921316854e-03
8.400685142349158252e-03
8.418760807793182130e-03
8.436751857848671585e-03
8.454718223535797467e-03
8.472556871068993856e-03
8.490255544415552941e-03
8.507370477515631413e-03
8.524072565990702816e-03
8.540595726298498558e-03
8.556964308712333711e-03
8.573320569776006483e-03
8.589643880434370479e-03
8.605641616973398397e-03
8.621343937289367709e-03
8.636777291574337587e-03
8.651903313704788559e-03
8.666868841831277745e-03
8.681633289412101287e-03
8.696281627703321762e-03
8.710762143672088481e-03
8.724995031021568273e-03
8.738955043052639218e-03
8.752850846145417141e-03
8.766652377752098477e-03
8.780437180206353623e-03
8.794296845476945457e-03
8.807857425109803795e-03
8.821133368903298633e-03
8.834190353561590173e-03
8.847176333638229889e-03
8.859777144922731038e-03
8.872200506692068736e-03
8.884630699391209141e-03
8.896934518199738767e-03
8.909028768196144976e-03
8.920919862879118228e-03
8.932612351572079973e-03
8.944175111534641287e-03
8.955412979081912167e-03
8.966421984391318920e-03
8.977314481749395711e-03
8.988065436551064338e-03
8.998777075122973285e-03
9.009302362986800622e-03
9.019686035093619700e-03
9.029845148407059097e-03
9.039676109813892316e-03
9.049238579679765374e-03
9.058645787695307136e-03
9.067578823248075362e-03
9.076474122953257992e-03
9.085080801703355330e-03
9.093486922447451340e-03
9.101734754965654442e-03
9.109869529345402187e-03
9.117923487635432034e-03
9.125891580495919253e-03
9.133674744241508311e-03
9.141205174470607570e-03
9.148492889905289471e-03
9.155499383651653084e-03
9.162302267490089747e-03
9.169139852542022850e-03
9.175900188438069691e-03
9.182353400895156351e-03
9.188429908426361606e-03
9.194303499766093984e-03
9.200051442088845455e-03
9.205587297498844454e-03
9.210993007498106955e-03
9.216284424333413827e-03
9.221250605649081514e-03
9.226087303362509595e-03
9.230933862885955590e-03
9.235756168610718617e-03
9.240550988824173737e-03
9.245177381590218013e-03
9.249661222006965930e-03
9.254020135277263304e-03
9.258328126456572341e-03
9.262498515899449114e-03
9.266537267765518129e-03
9.270368213640058086e-03
9.274076557894889161e-03
9.277540130981533698e-03
9.280809437935255007e-03
9.283923789730389939e-03
9.286904853369042437e-03
9.289716886312264846e-03
9.292398067740506237e-03
9.294963484109654978e-03
9.297432091371921753e-03
9.299780124108007404e-03
9.301967641067644677e-03
9.304035754335309924e-03
9.305935610581574438e-03
9.307682663391493930e-03
9.309381295318604893e-03
9.311049870704116507e-03
9.312572275002995933e-03
9.313715171356110045e-03
9.314726817157127289e-03
9.315635594343160686e-03
9.316527394245504093e-03
9.317322562223954302e-03
9.318123870043468898e-03
9.318880424893300971e-03
9.319647447804269708e-03
9.320178607872334209e-03
9.320760016585870680e-03
9.321146340070545280e-03
9.321339236038396828e-03
9.321535637376502856e-03
9.321673656168658409e-03
9.321664508721417761e-03
9.321724262183210888e-03
9.321753552933924672e-03
9.321603957936169110e-03
9.321316811879318612e-03
9.320986949706393243e-03
9.320598019529597808e-03
9.320095147176335817e-03
9.319484959740897273e-03
9.318725425814354188e-03
9.317915428520579663e-03
9.317057829815327680e-03
9.316115430280021495e-03
9.314970086399164406e-03
9.313731890373069117e-03
9.312265008916711245e-03
9.310806088682493237e-03
9.309377181444904864e-03
9.307818224895828343e-03
9.306176473588514964e-03
9.304525668680884223e-03
9.302798457362733767e-03
9.301073742372724037e-03
9.299219002846813992e-03
9.297266183526688849e-03
9.295256553784261508e-03
9.293204087050923115e-03
9.291183351088286649e-03
9.289150373733063085e-03
9.287016429101506432e-03
9.284882769764597060e-03
9.282670268501829955e-03
9.280299255282110221e-03
9.277828319114611588e-03
9.275356060080893611e-03
9.272860939936825378e-03
9.270188200602354558e-03
9.267441514397515429e-03
9.264746352405518748e-03
9.261970749336104897e-03
9.259083170370949536e-03
9.256207947667014976e-03
9.253212915477010414e-03
9.250202652306855136e-03
9.247159811491368481e-03
9.244088533556777884e-03
9.241018369772851376e-03
9.237877931911718174e-03
9.234587920825316001e-03
9.231150439435484994e-03
9.227607483864712704e-03
9.223788616089113879e-03
9.220005043765723551e-03
9.216259284244396333e-03
9.212578348171010165e-03
9.208912568000238510e-03
9.205172312413228281e-03
9.201316507239662781e-03
9.197420468013431383e-03
9.193493646245805631e-03
9.189607231209182686e-03
9.185785316036311834e-03
9.181825735686490256e-03
9.177685940715775773e-03
9.173461877965527478e-03
9.169168829468625839e-03
9.165000785072652256e-03
9.160762947095713732e-03
9.156534655978520662e-03
9.152212592265470889e-03
9.147853527338547022e-03
9.143365075284020857e-03
9.138847295690788117e-03
9.134281384638658768e-03
9.129627169638549269e-03
9.124791971974331034e-03
9.119760701811623765e-03
9.114689009151633048e-03
9.109497146633390580e-03
9.104205717034902570e-03
9.098958166503553005e-03
9.093602907483728029e-03
9.088061340550016715e-03
9.082411219003976716e-03
9.076694661344473711e-03
9.070951180129035660e-03
9.065054645093661989e-03
9.059041171537277753e-03
9.052947011399928301e-03
9.046713508853424304e-03
9.040255318004787946e-03
9.033704888394398017e-03
9.026932928993902303e-03
9.019844540668984362e-03
9.012664050974209320e-03
9.005371113521365781e-03
8.997951388876063855e-03
8.990247855370479130e-03
8.982358441892978121e-03
8.974462661464859339e-03
8.966448228120147898e-03
8.958444264713510963e-03
8.950376449737661513e-03
8.942269707809086601e-03
8.934039567688123462e-03
8.925774445563671930e-03
8.917431450388995165e-03
8.909187209580214997e-03
8.901006092463912764e-03
8.892884350794001691e-03
8.884675376532579286e-03
8.876455537425229428e-03
8.868149299087040374e-03
8.859778491813763771e-03
8.851348190846975578e-03
8.842871004333034343e-03
8.834313761889445518e-03
8.825477989662667763e-03
8.816476243147035666e-03
8.807498278192368857e-03
8.798582603569511315e-03
8.789799538026801112e-03
8.780898373639729054e-03
8.771815105680907249e-03
8.762786742676468774e-03
8.753805320401174261e-03
8.744805370866417030e-03
8.735782782826209333e-03
8.726749701949277141e-03
8.717686576167761603e-03
8.708625081445762681e-03
8.699383194169105910e-03
8.690127797064857440e-03
8.680926765482880475e-03
8.671799497582082308e-03
8.662650532272775372e-03
8.653503811031080725e-03
8.644444437624920069e-03
8.635398762490973865e-03
8.626273054326028325e-03
8.617076917048761137e-03
8.607862913945140901e-03
8.598690908465553631e-03
8.589591846820430338e-03
8.580431340967354520e-03
8.571340118543371508e-03
8.562338363769210134e-03
8.553222690092619415e-03
8.544166537137456649e-03
8.535160123426668161e-03
8.526136273708432786e-03
8.516900597971889877e-03
8.507597689549208086e-03
8.498227496261497732e-03
8.488829154152428488e-03
8.479562009290406502e-03
8.470216708711226020e-03
8.460875589575530403e-03
8.451504571185677189e-03
8.442161832627484430e-03
8.432746658509763724e-03
8.423230893629564744e-03
8.413603331162774687e-03
8.403953346789233211e-03
8.394291296329157298e-03
8.384687357760505291e-03
8.375115443515728300e-03
8.365491356763565811e-03
8.355807195217744565e-03
8.346007787774009992e-03
8.336093346901794765e-03
8.326201074549639120e-03
8.316270143646956048e-03
8.306421599831477487e-03
8.296617183214401170e-03
8.286826038804508826e-03
8.276993840119848539e-03
8.267148546786380267e-03
8.257341604185536310e-03
8.247528861844872008e-03
8.237665449673749543e-03
8.227617364402133038e-03
8.217553054123759998e-03
8.207417458849128669e-03
8.197223294085478201e-03
8.187044842862856858e-03
8.176869395680229705e-03
8.166707967163209375e-03
8.156562054170210865e-03
8.146407265135272718e-03
8.136308919205779283e-03
8.126208619758743673e-03
8.116177924134196711e-03
8.106192620952261743e-03
8.096202017296137005e-03
8.086234116712146328e-03
8.076315998354420544e-03
8.066410511229396910e-03
8.056483083256947911e-03
8.046523696841164502e-03
8.036548142852938809e-03
8.026514808816007443e-03
8.016418537466585975e-03
8.006395790488689615e-03
7.996394235835166051e-03
7.986357823994559568e-03
7.976193571248249570e-03
7.966047703489468473e-03
7.955814525058535133e-03
7.945571647735844359e-03
7.935332916757886421e-03
7.925109691543872140e-03
7.914887960560560570e-03
7.904576489208269344e-03
7.894214119226720602e-03
7.883768303001598837e-03
7.873248786535818472e-03
7.862782254916387062e-03
7.852406149499243856e-03
7.841941972123711233e-03
7.831495934232159464e-03
7.821057200821981623e-03
7.810555359860996312e-03
7.800069941736080363e-03
7.789576060495683428e-03
7.778982478349328288e-03
7.768380081349225176e-03
7.757731252457993228e-03
7.746905566788761001e-03
7.736016591881078076e-03
7.725127475264541299e-03
7.714180499017108186e-03
7.703122390933155386e-03
7.691954849641981749e-03
7.680721220597123630e-03
7.669490537031780318e-03
7.658197319508018401e-03
7.646850311743618941e-03
7.635496671441810435e-03
7.624107955664979203e-03
7.612729981982298798e-03
7.601269196273549404e-03
7.589750439819147390e-03
7.578203715104866317e-03
7.566748808905818940e-03
7.555304026725088822e-03
7.543832606658455557e-03
7.532457275329728849e-03
7.521080387643637108e-03
7.509653536794412554e-03
7.498241475281722940e-03
7.486775194647960277e-03
7.475254795121636688e-03
7.463748806916444337e-03
7.452213926622267698e-03
7.440580157761094576e-03
7.428828344486775211e-03
7.417120533782145357e-03
7.405500848153261789e-03
7.393901347308189619e-03
7.382277720859331885e-03
7.370544794090495323e-03
7.358733906993795287e-03
7.346909117413978271e-03
7.335158109158561139e-03
7.323322756356828028e-03
7.311391127780272024e-03
7.299486228121134825e-03
7.287567630095937235e-03
7.275610112250379194e-03
7.263557207172661317e-03
7.251472988849201433e-03
7.239339232583015364e-03
7.227151901454879727e-03
