1.880341835073047127e-02
1.873469575321419847e-02
1.866647215555094358e-02
1.859837842025589133e-02
1.852958576788894113e-02
1.846036509697647141e-02
1.839121311074961088e-02
1.832224941673565519e-02
1.825292939271408801e-02
1.818348176540743669e-02
1.811364646322106975e-02
1.804359021835131444e-02
1.797378723404194356e-02
1.790400330140860460e-02
1.783435175975495168e-02
1.776505479730072085e-02
1.769587510971467811e-02
1.762690189887201192e-02
1.755811954414016746e-02
1.748977308358757449e-02
1.742144642548639627e-02
1.735314518638724976e-02
1.728509868312210970e-02
1.721675223308037281e-02
1.714841173143196937e-02
1.708011233924025540e-02
1.701210119224007278e-02
1.694432253484861803e-02
1.687666592725676346e-02
1.680946606587955736e-02
1.674234862912818769e-02
1.667525430499688238e-02
1.660824008784781564e-02
1.654158588250882397e-02
1.647507117348770422e-02
1.640881676955235902e-02
1.634219531228465333e-02
1.627547857261195732e-02
1.620910099271394289e-02
1.614332595735698539e-02
1.607771869702335349e-02
1.601254865073209119e-02
1.594786254599205380e-02
1.588342711388966710e-02
1.581897463393073730e-02
1.575509114035494179e-02
1.569163042040786285e-02
1.562839831156390136e-02
1.556556325103027050e-02
1.550288989775334796e-02
1.544020560793146930e-02
1.537742889090337045e-02
1.531478072388811097e-02
1.525224857043839914e-02
1.518980183795906255e-02
1.512776085602748379e-02
1.506575217395429017e-02
1.500401942660872269e-02
1.494283733471462282e-02
1.488207292243828687e-02
1.482179867789340175e-02
1.476179867507766176e-02
1.470179479225475899e-02
1.464210725239197160e-02
1.458263296802345989e-02
1.452358360299970015e-02
1.446467378834964332e-02
1.440626874551372005e-02
1.434827423116007139e-02
1.429036762434485533e-02
1.423270282426083305e-02
1.417541291260103302e-02
1.411857187827912467e-02
1.406204914418874435e-02
1.400584886512084605e-02
1.394978966350377166e-02
1.389403437576039804e-02
1.383876018112646135e-02
1.378401560296552662e-02
1.372959863014617393e-02
1.367521448573107666e-02
1.362080250857110146e-02
1.356657371084369311e-02
1.351255773466239311e-02
1.345875723251661882e-02
1.340524801620266056e-02
1.335183852463161375e-02
1.329840567568772725e-02
1.324532913798206861e-02
1.319228308400915289e-02
1.313960723662519099e-02
1.308727795841813091e-02
1.303519474458944040e-02
1.298335679331101555e-02
1.293196738827854207e-02
1.288065459987356581e-02
1.282954982655071588e-02
1.277868846136294596e-02
1.272806632924836437e-02
1.267770849934767886e-02
1.262771792098405302e-02
1.257797590858236378e-02
1.252856502941576862e-02
1.247917972841558476e-02
1.242988850482590335e-02
1.238089711464573743e-02
1.233204663299193593e-02
1.228341026947332194e-02
1.223516869818502308e-02
1.218725559863309722e-02
1.213944257368540849e-02
1.209188105248371579e-02
1.204468101311029042e-02
1.199775226867264705e-02
1.195097974932988853e-02
1.190450337708953005e-02
1.185841089206709359e-02
1.181271318200713925e-02
1.176723199856979235e-02
1.172193130678915278e-02
1.167692602935414305e-02
1.163213612384920471e-02
1.158771137671957101e-02
1.154349964408531680e-02
1.149946404185358921e-02
1.145556996753791315e-02
1.141180155199908973e-02
1.136829292951723087e-02
1.132491373019997583e-02
1.128169885684395315e-02
1.123852277304869703e-02
1.119559240752436395e-02
1.115309104631362000e-02
1.111071256150617144e-02
1.106850341108251388e-02
1.102656998066472299e-02
1.098501334789294716e-02
1.094368851176422651e-02
1.090246047685908617e-02
1.086139156354024721e-02
1.082036224085950599e-02
1.077942009821585348e-02
1.073853866477095589e-02
1.069769512671335000e-02
1.065691419055922809e-02
1.061636558785255743e-02
1.057592469964038773e-02
1.053571743470777325e-02
1.049566570265514191e-02
1.045579417546302521e-02
1.041619751990059684e-02
1.037674228714566792e-02
1.033753404222282658e-02
1.029849347247018682e-02
1.025969649329104040e-02
1.022109152266292668e-02
1.018261477095571028e-02
1.014421042702921133e-02
1.010588279808178822e-02
1.006773175600832182e-02
1.002969904589477539e-02
9.991854149750217101e-03
9.954116582201612273e-03
9.916634435194160782e-03
9.879209089599612359e-03
9.841941908352754009e-03
9.804809785590500038e-03
9.767826409449575226e-03
9.730910292271814990e-03
9.694047056708701010e-03
9.657233312258615976e-03
9.620606064917500491e-03
9.584161566063884030e-03
9.547734678148350404e-03
9.511425203243672327e-03
9.475435809409722340e-03
9.439570737972448333e-03
9.403855651935879439e-03
9.368315736060126367e-03
9.332818786308578682e-03
9.297327827744561457e-03
9.261977734912709911e-03
9.226804093064472703e-03
9.191860615673615870e-03
9.157165010528245039e-03
9.122534241593887108e-03
9.088091186024617116e-03
9.053761531322571457e-03
9.019537792257219244e-03
8.985472672509436584e-03
8.951553053781015346e-03
8.917767504015247995e-03
8.884067312905502556e-03
8.850506295280216248e-03
8.817052751901310881e-03
8.783591100148304895e-03
8.750290832067816535e-03
8.717137278259703276e-03
8.684069051575045439e-03
8.651100183254911355e-03
8.618214986598518937e-03
8.585425188717299427e-03
8.552775278307925624e-03
8.520223305796060728e-03
8.487658170690236606e-03
8.455157124023152462e-03
8.422779420741646414e-03
8.390490647554642301e-03
8.358249184478189556e-03
8.326162652910642017e-03
8.294223253797358003e-03
8.262363676371667007e-03
8.230634953839230383e-03
8.199076255653157952e-03
8.167687006719508494e-03
8.136355001405458712e-03
8.105272469740779431e-03
8.074316523309770302e-03
8.043489363385844873e-03
8.012668696167402071e-03
7.981977114264644096e-03
7.951435282769897528e-03
7.920969901230513754e-03
7.890654915765966948e-03
7.860366735234802435e-03
7.830159168459256691e-03
7.800027779107612802e-03
7.769936565998863086e-03
7.740015226706013600e-03
7.710163639325978355e-03
7.680451684904937050e-03
7.650830273994687139e-03
7.621330113308259421e-03
7.591829584741895121e-03
7.562367319818145452e-03
7.533029249659256056e-03
7.503901726947850327e-03
7.474961889822839996e-03
7.446173978477503390e-03
7.417478693293862342e-03
7.388963835575633986e-03
7.360565675754712073e-03
7.332086238492734054e-03
7.303686809110645009e-03
7.275318751628572986e-03
7.247103655245421688e-03
7.219084025860089855e-03
7.191180437443607520e-03
7.163401929706933631e-03
7.135688296470820390e-03
7.108072558713404536e-03
7.080555325313518840e-03
7.053143128767742562e-03
7.025842238050496874e-03
6.998671264132667706e-03
6.971634527726566430e-03
6.944683367701344305e-03
6.917872492308145896e-03
6.891159810076083470e-03
6.864529914343588980e-03
6.837991397359496730e-03
6.811531599549354617e-03
6.785160949558572546e-03
6.758899668771229004e-03
6.732717062862086238e-03
6.706694655151139092e-03
6.680856104447538933e-03
6.655160325319407072e-03
6.629479612000819568e-03
6.603806412817619757e-03
6.578294172743462051e-03
6.552935916699680757e-03
6.527637079271775104e-03
6.502425087410528513e-03
6.477291121006780589e-03
6.452260679770915365e-03
6.427386683607120774e-03
6.402580027865620999e-03
6.377889963786711330e-03
6.353322676633358507e-03
6.328867036535945449e-03
6.304441792705943459e-03
6.280127341174110596e-03
6.255926247339920442e-03
6.231795864909480016e-03
6.207778217408504128e-03
6.183911462244891938e-03
6.160199898733854582e-03
6.136600155332481987e-03
6.113134241021029626e-03
6.089791759062041301e-03
6.066529528609551289e-03
6.043375869286270706e-03
6.020353456948686344e-03
5.997397937383576808e-03
5.974518313326212908e-03
5.951744042950169594e-03
5.929044670301392150e-03
5.906440152678718407e-03
5.883920059747491625e-03
5.861466554961629674e-03
5.839071996741623631e-03
5.816765641114774767e-03
5.794563493110628689e-03
5.772471533968941484e-03
5.750458704112254571e-03
5.728569417910480722e-03
5.706767423235940828e-03
5.685003662548388653e-03
5.663318200037490563e-03
5.641733093483904116e-03
5.620267568931244968e-03
5.598843203574146304e-03
5.577468932578094965e-03
5.556261754713630839e-03
5.535186934607037694e-03
5.514201400274781027e-03
5.493302813239247899e-03
5.472501574367160879e-03
5.451817366173567457e-03
5.431241845291673309e-03
5.410773661264264497e-03
5.390411613226120391e-03
5.370113785012405917e-03
5.349875051642683649e-03
5.329701018969021722e-03
5.309662013998173863e-03
5.289756636346364116e-03
5.269958654672599919e-03
5.250217383004835911e-03
5.230516314044797270e-03
5.210896106408560366e-03
5.191360586235154069e-03
5.171922157272319104e-03
5.152589300278746266e-03
5.133357968950525568e-03
5.114180426173607977e-03
5.095096047113557326e-03
5.076080618795143773e-03
5.057167342570289409e-03
5.038314526099069157e-03
5.019530309288149257e-03
5.000791545263338911e-03
4.982102625685221053e-03
4.963509580780019192e-03
4.944969988266444821e-03
4.926525629638999967e-03
4.908180192237115817e-03
4.889920545468634527e-03
4.871777351750840139e-03
4.853775138539998327e-03
4.835853840614938969e-03
4.817996608511508280e-03
4.800226712606447260e-03
4.782547447395969938e-03
4.764963189243610030e-03
4.747449942617457987e-03
4.730016488586353748e-03
4.712653966593114384e-03
4.695393729205288996e-03
4.678249242048547647e-03
4.661207842733028871e-03
4.644231053551290539e-03
4.627318182663819023e-03
4.610489015535736493e-03
4.593742495638390190e-03
4.577058130276249158e-03
4.560442175754401105e-03
4.543904034783699877e-03
4.527478139236916846e-03
4.511122260345116347e-03
4.494829926706065716e-03
4.478605834513611945e-03
4.462438676715150057e-03
4.446342581401773776e-03
4.430350601084188066e-03
4.414454485022509950e-03
4.398645478706577489e-03
4.382902302534416941e-03
4.367232666218401164e-03
4.351610860065658996e-03
4.336029954090969349e-03
4.320504582642653059e-03
4.305049765263720477e-03
4.289662410495775034e-03
4.274366681246714351e-03
4.259114468721752859e-03
4.243950090769242622e-03
4.228853632321462851e-03
4.213804851394935269e-03
4.198779952914777173e-03
4.183806031848283542e-03
4.168904817464957890e-03
4.154089225541350919e-03
4.139386389850460181e-03
4.124760278147947268e-03
4.110212701867109811e-03
4.095740104303432702e-03
4.081329874682863325e-03
4.066987228078883243e-03
4.052688121566886369e-03
4.038447643901988716e-03
4.024248380286176915e-03
4.010101966611673806e-03
3.996029044931384902e-03
3.982013315114120086e-03
3.968048327060896656e-03
3.954163470577806011e-03
3.940349727538679583e-03
3.926612797126350501e-03
3.912976782890534820e-03
3.899378677415196639e-03
3.885844273494657754e-03
3.872387747691949291e-03
3.858986854907957807e-03
3.845642274547479179e-03
3.832365865248405380e-03
3.819161810988081548e-03
3.806034654614482652e-03
3.792962179886424316e-03
3.779945549661123307e-03
3.766993022233139105e-03
3.754126914963714159e-03
3.741328939856145529e-03
3.728583541266876529e-03
3.715899420541787096e-03
3.703293151235079010e-03
3.690731949144398973e-03
3.678235463046827195e-03
3.665789180735813928e-03
3.653423242206286971e-03
3.641139136363131992e-03
3.628919738489173440e-03
3.616788109072509392e-03
3.604736918480801709e-03
3.592762750451455964e-03
3.580863888430412673e-03
3.569012283942183013e-03
3.557188480924343074e-03
3.545415854533721673e-03
3.533679347219304163e-03
3.521972012901124563e-03
3.510301827652584014e-03
3.498691224712413995e-03
3.487136191045439072e-03
3.475630785062228285e-03
3.464170948939162414e-03
3.452773502789769581e-03
3.441436520077501438e-03
3.430172113648103076e-03
3.418959079070983762e-03
3.407810410578722329e-03
3.396717870053846729e-03
3.385693172360765800e-03
3.374734148697100099e-03
3.363854091071713862e-03
3.353021576179938262e-03
3.342231052014378676e-03
3.331511816551912131e-03
3.320854547391187319e-03
3.310253457203651221e-03
3.299738058289089677e-03
3.289296259715015266e-03
3.278912552620562304e-03
3.268596583507429355e-03
3.258336754233318727e-03
3.248144235514719390e-03
3.238001681836108307e-03
3.227925624004413224e-03
3.217889143320320708e-03
3.207899774002459948e-03
3.197945528373419884e-03
3.188040580626596340e-03
3.178198180985510133e-03
3.168393759927010892e-03
3.158647184281502922e-03
3.148956595082221845e-03
3.139316391662144625e-03
3.129717187405162745e-03
3.120197648181799802e-03
3.110737740606826437e-03
3.101313496035475355e-03
3.091952682810172361e-03
3.082643833446997543e-03
3.073392502346441665e-03
3.064190643718571125e-03
3.055045243669063815e-03
3.045943637661311081e-03
3.036884163513815446e-03
3.027870980662950798e-03
3.018896868808042949e-03
3.009987368916929550e-03
3.001123367421529905e-03
2.992297548320771265e-03
2.983516452017835781e-03
2.974781073794528340e-03
2.966078131566298251e-03
2.957425575551313711e-03
2.948809955397491741e-03
2.940232911478651758e-03
