2.563824947263426343e-02
2.534222764241121986e-02
2.505019269532878651e-02
2.476105310088061104e-02
2.447529636256686944e-02
2.419054420684204482e-02
2.391372153248664395e-02
2.364158127429075509e-02
2.337421776306939508e-02
2.311633943799982355e-02
2.286745978920364311e-02
2.262668134706333559e-02
2.239127723277203885e-02
2.216082575982058003e-02
2.193166415813757250e-02
2.170300448135915189e-02
2.146833978691325279e-02
2.124038756398190925e-02
2.101745884264122344e-02
2.079628851524212632e-02
2.057850923479068866e-02
2.036761661526773071e-02
2.016050400930554515e-02
1.995098302246730085e-02
1.974614405495157127e-02
1.954610660006173006e-02
1.935036092847783329e-02
1.915918059454721142e-02
1.897080940388414308e-02
1.878800797475649320e-02
1.860923662738887471e-02
1.843054331830096954e-02
1.825445547498584509e-02
1.807664327608019678e-02
1.790239303217824873e-02
1.773225630834380714e-02
1.756482238162895143e-02
1.739907929156979394e-02
1.723540692876732866e-02
1.707569964636666479e-02
1.691690724642249191e-02
1.676129259974143415e-02
1.660452058293107949e-02
1.645108383253980275e-02
1.629685448758174532e-02
1.614517676644075875e-02
1.599013860383505931e-02
1.583680881192153431e-02
1.568491250862965106e-02
1.553479804043341253e-02
1.538697089057786474e-02
1.524071610087620807e-02
1.509603194014588583e-02
1.495402932345679323e-02
1.481423009643297040e-02
1.467695600307809649e-02
1.454326133285939980e-02
1.441083719521954985e-02
1.428072123624956474e-02
1.415236022635784664e-02
1.402515340347196444e-02
1.390057034663178155e-02
1.377683974315186029e-02
1.365367831545079985e-02
1.353320166339799964e-02
1.341579046240677295e-02
1.330127416288089462e-02
1.318806681313363510e-02
1.307573656939458803e-02
1.296489088740331030e-02
1.285512403194366028e-02
1.275032728510600878e-02
1.264734016837104798e-02
1.254602536624994415e-02
1.244663145102507286e-02
1.234841066517421149e-02
1.225269451282405900e-02
1.215941751013728880e-02
1.206643038269345283e-02
1.197329476546368614e-02
1.188078992875772621e-02
1.179064363884599689e-02
1.170274170038821358e-02
1.161704785970814162e-02
1.153143832008809121e-02
1.144688467489388128e-02
1.136312318440599149e-02
1.127977966209246612e-02
1.119746273911349961e-02
1.111548624468489295e-02
1.103522835976510248e-02
1.095533370313037103e-02
1.087763279177083459e-02
1.080162044248174011e-02
1.072794913921337225e-02
1.065407921895143717e-02
1.057973378947113519e-02
1.050577075905541856e-02
1.043314822236330805e-02
1.036123625196283364e-02
1.028964756771731312e-02
1.021971987604979384e-02
1.015019529557971943e-02
1.008089264762037848e-02
1.001174023894131800e-02
9.942729733025981037e-03
9.873567541367761144e-03
9.805379144442610134e-03
9.737918108912455364e-03
9.671810860217382871e-03
9.607352511830345027e-03
9.544248942639334612e-03
9.483510621346996974e-03
9.424236567216861052e-03
9.366149393990974223e-03
9.309815342866820803e-03
9.253623381802095899e-03
9.198678691784561989e-03
9.145052609355950116e-03
9.092430885608956265e-03
9.041505549815521264e-03
8.991637028804701920e-03
8.941883324611956535e-03
8.892992232427296764e-03
8.845388586922743948e-03
8.798125200328660300e-03
8.750675431945683508e-03
8.703461836294307252e-03
8.656893457656498342e-03
8.610852054241136325e-03
8.565400660375203229e-03
8.521214656452832242e-03
8.477735925487190488e-03
8.433771849658992098e-03
8.390198869278834432e-03
8.347160419051206232e-03
8.305128954722974452e-03
8.263843540421901557e-03
8.221729591953975957e-03
8.179333349634878778e-03
8.137437212648446563e-03
8.095977549323571734e-03
8.054975072951584686e-03
8.014200255642747392e-03
7.974004163431783546e-03
7.934473245229920618e-03
7.895830792240054324e-03
7.857890442263655573e-03
7.821129178332247855e-03
7.784977359613890098e-03
7.749148960868547896e-03
7.713593624818689334e-03
7.678620036837277736e-03
7.643957439587387159e-03
7.610071549149078143e-03
7.577246045588847956e-03
7.545763407815581254e-03
7.514957490040326087e-03
7.484040437686817308e-03
7.453800411843120380e-03
7.424729788408652303e-03
7.396663883720001192e-03
7.369268212016138152e-03
7.342229818376612600e-03
7.315171600950062802e-03
7.288560560202723103e-03
7.262200215688993481e-03
7.235412112900882313e-03
7.208739676010570037e-03
7.182181411095039242e-03
7.155464762794292409e-03
7.129028124482032248e-03
7.102860943119015946e-03
7.077268938415093302e-03
7.052472203978034718e-03
7.028264472624005249e-03
7.004297194276134716e-03
6.980668476836563059e-03
6.957061452890531128e-03
6.933453209744049398e-03
6.910480953164464986e-03
6.888053436460144820e-03
6.865872127227948089e-03
6.843927692660125087e-03
6.822085824912440741e-03
6.800715251791903879e-03
6.779438934644024112e-03
6.758690365648884792e-03
6.738012054355870320e-03
6.717698431866090877e-03
6.697706672120025753e-03
6.677808310345281946e-03
6.657875140147305817e-03
6.637388620591785568e-03
6.616483629909751356e-03
6.596013412945956472e-03
6.575989454022241644e-03
6.555745654162292886e-03
6.535785375784434505e-03
6.516367112870086881e-03
6.496916161428919860e-03
6.477851567013812387e-03
6.458942427140484076e-03
6.440174062657782507e-03
6.421648695220881151e-03
6.403843807246443511e-03
6.386538022946481284e-03
6.369536850010400902e-03
6.353186533387288580e-03
6.337444151773325915e-03
6.322120939567223152e-03
6.306914921316248389e-03
6.292138924419367514e-03
6.277709048261036033e-03
6.263695789592294873e-03
6.249783981484653174e-03
6.236359764327004812e-03
6.223384749158070856e-03
6.209974709599960438e-03
6.197022176576552806e-03
6.184789437490028144e-03
6.172946293064180030e-03
6.161209729425499992e-03
6.149587305759832145e-03
6.137728031939828667e-03
6.125501457257892350e-03
6.113346439900687462e-03
6.100931765872492571e-03
6.088249459101120406e-03
6.075702946443502228e-03
6.063117937409942884e-03
6.050595020904065563e-03
6.038174630048737460e-03
6.025919298070043714e-03
6.013912841020977416e-03
6.002002077067065608e-03
5.990012518702378212e-03
5.978068320565146053e-03
5.966028463708404964e-03
5.954336440524988193e-03
5.942866218364120830e-03
5.931634135698768059e-03
5.920702740190192902e-03
5.909992165031852963e-03
5.899459474219891780e-03
5.889252966487315728e-03
5.877653977770415893e-03
5.866259636730660788e-03
5.855546504696572396e-03
5.844933375718354938e-03
5.834501813950599379e-03
5.824290983160747455e-03
5.814435137483764567e-03
5.804982982702759642e-03
5.795911526364727791e-03
5.786732566833394618e-03
5.777740906477128562e-03
5.768824579810518695e-03
5.759588603267680115e-03
5.750446974637075243e-03
5.741411750622495667e-03
5.732660557954370739e-03
5.724259885455052800e-03
5.716158998603782827e-03
5.708219329869927000e-03
5.700381611787801867e-03
5.692947087665232997e-03
5.685573555040214500e-03
5.678526598943326939e-03
5.671836433548897716e-03
5.665511991298072085e-03
5.659396877240553334e-03
5.653507831825501165e-03
5.647751078877715457e-03
5.641759542832922372e-03
5.635577165289597235e-03
5.629536669425877667e-03
5.623959343675708974e-03
5.618442181375308403e-03
5.612975854537309052e-03
5.607641836038484116e-03
5.602462489841619417e-03
5.597668046408485650e-03
5.593086783485303262e-03
5.588514839598654645e-03
5.583737237042709321e-03
5.579048314624175317e-03
5.574627709816565302e-03
5.570400398444019623e-03
5.566307805949780377e-03
5.562118814340375091e-03
5.558084085492474673e-03
5.554241044705036240e-03
5.550541134376411889e-03
5.546945102550614008e-03
5.543238257367716360e-03
5.540093556046119146e-03
5.537322955797546915e-03
5.534822993595264230e-03
5.532480172694016415e-03
5.529989034528550070e-03
5.527154808488861197e-03
5.524116216614164895e-03
5.521144416007815400e-03
5.518055955390617322e-03
5.514871110930924351e-03
5.511849632939980898e-03
5.509154717508546982e-03
5.507008825224723493e-03
5.505041363742230361e-03
5.503003291941097400e-03
5.501218308516617195e-03
5.499570771061753141e-03
5.498194639962903502e-03
5.497076808840394013e-03
5.495789108780994685e-03
5.494697831477345085e-03
5.493740502587279514e-03
5.492820259858686473e-03
5.491871098413507978e-03
5.490857836633650409e-03
5.489871538811563409e-03
5.488826328720902530e-03
5.487852889590066202e-03
5.487083937391593405e-03
5.486519312120146166e-03
5.485917361329917252e-03
5.485260422082066829e-03
5.484969931771774450e-03
5.485101756348849909e-03
5.485623842450392668e-03
5.486044300103494822e-03
5.486460160283106527e-03
5.487114952075084102e-03
5.487750401291927212e-03
5.488421886246770687e-03
5.489220209850056986e-03
5.489891810967594508e-03
5.490560375810187022e-03
5.491091505677917102e-03
5.491587306045332337e-03
5.492199098888601860e-03
5.492973671498621417e-03
5.493752567429610427e-03
5.494431200676688949e-03
5.495235204720559305e-03
5.496112434748204496e-03
5.497039458985198378e-03
5.497854582154698515e-03
5.498140123015683028e-03
5.498431832368906244e-03
5.499004933633392864e-03
5.499470212897141982e-03
5.499783121284793248e-03
5.499989914170950144e-03
5.500351800331984391e-03
5.500935739894716008e-03
5.501477009936367110e-03
5.502044747061791974e-03
5.502612519503719164e-03
5.503376229576593774e-03
5.504290424700982072e-03
5.505102492704444517e-03
5.505950091916052801e-03
5.506634666629399086e-03
5.507221000298979235e-03
5.507950066059650110e-03
5.508772415249366464e-03
5.509619761380752170e-03
5.510580510411935973e-03
5.511801484626025274e-03
5.512851027229520758e-03
5.513814886616064115e-03
5.514854452668483016e-03
5.516019121784886473e-03
5.517258774951725765e-03
5.518601559900858898e-03
5.519996181222632491e-03
5.521497460661475322e-03
5.523240032574259703e-03
5.524835009865758026e-03
5.526523907204232075e-03
5.528289722935118486e-03
5.529897842891323342e-03
5.531512908437742279e-03
5.533359950394334259e-03
5.535278518071879914e-03
5.537083902203611234e-03
5.539020704701879717e-03
5.541219654740483190e-03
5.543525736701407879e-03
5.545926402441669033e-03
5.548597846719627302e-03
5.551092812869907328e-03
5.553631105163258155e-03
5.556193853947049427e-03
5.558447277920188813e-03
5.561019199723042303e-03
5.563694680920958612e-03
5.566549670896548015e-03
5.569243525431777711e-03
5.572089238370722154e-03
5.575272109795647441e-03
5.578512391015312023e-03
5.582081119623045866e-03
5.586020510255099158e-03
5.590343262645830653e-03
5.594527023086997772e-03
5.599173302911553303e-03
5.603923901738427221e-03
5.608740858356177882e-03
5.613651175688114114e-03
5.618824214066260939e-03
5.624166335427985622e-03
5.629530138223715237e-03
5.634878712641342921e-03
5.640099423492156254e-03
5.645126705648644862e-03
5.650352822919491209e-03
5.655350146542090922e-03
5.660150878114957561e-03
5.665097950613935673e-03
5.670021419281153115e-03
5.674970182425111143e-03
5.680089216540310133e-03
5.685327696409976997e-03
5.690655994295228809e-03
5.696181041173060434e-03
5.701566519697196661e-03
5.706734461075212497e-03
5.711967049346520012e-03
5.717297052275654816e-03
5.722770113029018724e-03
5.728505292662747390e-03
5.734326170249595331e-03
5.740658816112573400e-03
5.747301166805753037e-03
5.754244608123770463e-03
5.760994203948353182e-03
5.768110202442127202e-03
5.775673243661455861e-03
5.783598349240993801e-03
5.791471299434707357e-03
5.799052709680624015e-03
5.806985105852193081e-03
5.815166562753341407e-03
5.823354014496928167e-03
5.832142437117104027e-03
5.841757443382993020e-03
5.851732862544469990e-03
5.861790476347945866e-03
5.871719244891540276e-03
5.880926081231633261e-03
5.889979474431483730e-03
5.899285096534042684e-03
5.908660637761657328e-03
5.918203202780374442e-03
5.927759917356595527e-03
5.937710331490902993e-03
5.947749117150315928e-03
5.957666151337550481e-03
5.967730595193214242e-03
5.977952194705560621e-03
5.988789686999341534e-03
6.000138839867445902e-03
6.011486698578421585e-03
6.023132635522233415e-03
6.035025153869172029e-03
6.046902964674131208e-03
6.059029145790790528e-03
6.071122026580692485e-03
6.083528851402293658e-03
6.096166278518629252e-03
6.109328108307833863e-03
6.122989421117043703e-03
6.137256328811549824e-03
6.151413230320839330e-03
6.165416099592225044e-03
6.180398790572410629e-03
6.195678670418675905e-03
6.210845567269268445e-03
6.225579634071198507e-03
6.240367921495390546e-03
6.255532093139127767e-03
6.270990496830448901e-03
6.286595397674780115e-03
6.302208082329143618e-03
6.318365329073475332e-03
6.334927886378538889e-03
6.351694538363507163e-03
6.368635719221683172e-03
6.385755729324245865e-03
6.403224038996032860e-03
6.421685230489943864e-03
6.439684481979657781e-03
6.455867561395050788e-03
6.471736853279667911e-03
6.487688273157922632e-03
6.503376145451157143e-03
6.517503412546699938e-03
