1.706214906820369484e-02
1.701627973829393167e-02
1.696900902231882058e-02
1.691968606822015844e-02
1.687048487937750640e-02
1.682136987579476578e-02
1.677168519999426566e-02
1.672195683807587221e-02
1.667232036918722682e-02
1.662206799383128195e-02
1.657003855754768731e-02
1.651714867561804301e-02
1.646425624743369162e-02
1.641142219278602515e-02
1.635862001606105259e-02
1.630540730484665579e-02
1.625217189919403102e-02
1.619811740285569124e-02
1.614380129057716232e-02
1.608891326651791173e-02
1.603362042437299351e-02
1.597825708929979591e-02
1.592323166658876632e-02
1.586874605926012413e-02
1.581429408479163509e-02
1.576057236588723764e-02
1.570738190765514838e-02
1.565499437666558608e-02
1.560326162278792214e-02
1.555179521060608486e-02
1.549973324134827461e-02
1.544743146392277972e-02
1.539448471188415574e-02
1.534111862401631339e-02
1.528841698812732040e-02
1.523567638174060275e-02
1.518315591020347535e-02
1.513060968181533655e-02
1.507780625580013023e-02
1.502487998566468669e-02
1.497254356671231731e-02
1.492062376352995892e-02
1.486900807993445962e-02
1.481752551406951592e-02
1.476568338986199852e-02
1.471393682884968197e-02
1.466206814295994455e-02
1.461044833835837588e-02
1.455926835974773702e-02
1.450906346192536341e-02
1.445913604242543733e-02
1.440883284182849569e-02
1.435848193320994094e-02
1.430764846596729693e-02
1.425724185732319370e-02
1.420678423123959699e-02
1.415606228116900872e-02
1.410519761170151223e-02
1.405530762210822730e-02
1.400569184796758397e-02
1.395675473798375921e-02
1.390822550624605872e-02
1.385957878341659115e-02
1.381063455758370188e-02
1.376195509644295191e-02
1.371347006660583387e-02
1.366485671574207104e-02
1.361676082629910411e-02
1.356841154415870145e-02
1.352019305084362251e-02
1.347260921423560492e-02
1.342515716873804443e-02
1.337726214098985088e-02
1.332882371102988087e-02
1.328049272903940141e-02
1.323249961473994991e-02
1.318535781815946203e-02
1.313880150024622495e-02
1.309266184540184945e-02
1.304647999097483489e-02
1.300080834923230885e-02
1.295564875131542844e-02
1.291069717448735561e-02
1.286603486841064910e-02
1.282186949380193300e-02
1.277777010559226663e-02
1.273381864265600225e-02
1.269008499767650296e-02
1.264656971796901744e-02
1.260320397244657845e-02
1.256023628427749804e-02
1.251746826782420934e-02
1.247453835341689500e-02
1.243149899998377897e-02
1.238883975136310066e-02
1.234632310501837180e-02
1.230389373856406211e-02
1.226153977398285883e-02
1.221955972031719614e-02
1.217793883609245842e-02
1.213628005347724276e-02
1.209466799461711602e-02
1.205333779710611279e-02
1.201249716145195642e-02
1.197189273850218436e-02
1.193133907772827608e-02
1.189093643317001674e-02
1.185077663366585973e-02
1.181073620594580084e-02
1.177097317321212228e-02
1.173134606535814958e-02
1.169191463209184011e-02
1.165300995935020061e-02
1.161444501847486328e-02
1.157608429450947794e-02
1.153771687062458799e-02
1.149965691928941068e-02
1.146163557357512096e-02
1.142385771557866136e-02
1.138656172474216376e-02
1.134943788482369043e-02
1.131249003679009324e-02
1.127562669490726581e-02
1.123872343317124448e-02
1.120193118896626455e-02
1.116545923004365337e-02
1.112944947472299141e-02
1.109331802659614154e-02
1.105733919383650177e-02
1.102137920253583488e-02
1.098559203259560739e-02
1.094998076519798462e-02
1.091451600898833522e-02
1.087909281983306595e-02
1.084384342504312974e-02
1.080896682814423172e-02
1.077407149076565172e-02
1.073876982736904871e-02
1.070350245526260381e-02
1.066837561329205680e-02
1.063336273864902252e-02
1.059857252634090023e-02
1.056417164399771347e-02
1.052992531514838730e-02
1.049575189184402506e-02
1.046162122970228578e-02
1.042734851372601607e-02
1.039333820275486001e-02
1.035984948659836313e-02
1.032654623861360525e-02
1.029328001774449872e-02
1.026034942425268007e-02
1.022785679633039617e-02
1.019552331965040831e-02
1.016305838032419140e-02
1.013076717530127756e-02
1.009856476635966581e-02
1.006644665447787960e-02
1.003450638551767193e-02
1.000274946116103819e-02
9.971162920397180773e-03
9.939750632347026105e-03
9.908293957705547120e-03
9.876856677656802030e-03
9.845664527647032468e-03
9.814498462201727905e-03
9.783352004381674211e-03
9.752191242976744959e-03
9.721059667777075600e-03
9.690150759604665431e-03
9.659327144583318078e-03
9.628727546858751110e-03
9.598350984229073526e-03
9.567915371051012585e-03
9.537754525145498985e-03
9.507825593567614461e-03
9.478174242417630041e-03
9.448370426430898611e-03
9.418626167015156300e-03
9.388982671791069531e-03
9.359310903116894662e-03
9.329776146445176860e-03
9.300379457929186869e-03
9.271088817749680716e-03
9.241981671202662701e-03
9.213074411468583080e-03
9.184438841578761170e-03
9.156034165525132190e-03
9.127612441239529514e-03
9.099131137859674950e-03
9.070645293978009047e-03
9.042199153726226957e-03
9.013712426275783882e-03
8.985356916624945983e-03
8.957135376083946721e-03
8.929077988075444922e-03
8.901157652517427063e-03
8.873257174311317830e-03
8.845407383578925142e-03
8.817558181360582448e-03
8.789597951851120181e-03
8.761714940246566677e-03
8.733959819380517769e-03
8.706203538754196669e-03
8.678566342458848143e-03
8.650953025888363790e-03
8.623605848679742267e-03
8.596347871094187076e-03
8.569095971879967660e-03
8.541850375237381235e-03
8.514544250614309445e-03
8.487218726330769333e-03
8.459975929611122242e-03
8.432808408305852640e-03
8.405849486796443393e-03
8.379117050664033894e-03
8.352552377965243371e-03
8.325841103563123846e-03
8.299096272551478512e-03
8.272567189045787472e-03
8.246169262714590775e-03
8.219855658828812556e-03
8.193581548543505885e-03
8.167468793307779487e-03
8.141475254914879583e-03
8.115475005716233509e-03
8.089554212296215865e-03
8.063786172104537089e-03
8.037967080219237531e-03
8.012263698258035097e-03
7.986658036704320784e-03
7.961034664077819289e-03
7.935410552594494848e-03
7.909807476828505102e-03
7.884114292954311209e-03
7.858535229026188465e-03
7.833024937577632782e-03
7.807515362087250922e-03
7.782084552999462938e-03
7.756733812698400794e-03
7.731512004977453625e-03
7.706461241602003548e-03
7.681496088697525350e-03
7.656592308372375637e-03
7.631723182923824504e-03
7.606963033296125845e-03
7.582263877528498328e-03
7.557473446384643974e-03
7.532793736544018785e-03
7.508107459272281639e-03
7.483535303307396920e-03
7.459042789172663779e-03
7.434625900876718971e-03
7.410335334679695948e-03
7.386128957618538771e-03
7.362145196766529780e-03
7.338329016639912744e-03
7.314376444158604031e-03
7.290398024967856792e-03
7.266558188718399633e-03
7.242723794910068714e-03
7.218920024994928200e-03
7.195224176706425598e-03
7.171672759395008277e-03
7.148156539747329424e-03
7.124678911455807270e-03
7.101351265163383976e-03
7.078112304295007713e-03
7.054982533781549783e-03
7.031920136830235174e-03
7.008898266217852835e-03
6.985871234552611976e-03
6.962911338852568847e-03
6.939998495125495465e-03
6.917071196203845168e-03
6.894172441938159306e-03
6.871364627827493583e-03
6.848636210782473033e-03
6.825986659934518523e-03
6.803314993930195502e-03
6.780661256336403819e-03
6.758067300628330804e-03
6.735543093730419345e-03
6.713017944433441117e-03
6.690456874786900043e-03
6.667941625788913890e-03
6.645458577154053637e-03
6.623074632335899416e-03
6.600717079952906144e-03
6.578404312336135623e-03
6.556115967096461453e-03
6.533832229130686481e-03
6.511692802962269072e-03
6.489535547778943134e-03
6.467396917233005950e-03
6.445263130924447185e-03
6.423165911776038128e-03
6.401148208051840247e-03
6.379253181822668560e-03
6.357467881057701081e-03
6.335710409588799115e-03
6.314111642944111868e-03
6.292571858333687387e-03
6.271116769368566442e-03
6.249719364564095860e-03
6.228247286085847843e-03
6.206742432050819935e-03
6.185318520587753006e-03
6.164076414286802016e-03
6.142925463132438250e-03
6.121872315487014542e-03
6.100846873488470837e-03
6.079924943413900391e-03
6.059125175685135117e-03
6.038421330919614173e-03
6.017824957180598414e-03
5.997253513782744780e-03
5.976786491409870686e-03
5.956383952459983269e-03
5.936026755515882991e-03
5.915743742687222702e-03
5.895534893984606846e-03
5.875281666051782731e-03
5.855062966853563644e-03
5.834903449477974596e-03
5.814745427031075067e-03
5.794634271831208480e-03
5.774597649423291422e-03
5.754543480121911830e-03
5.734572383635521201e-03
5.714631133174508278e-03
5.694758490356806660e-03
5.674852796371509731e-03
5.654995921939575364e-03
5.635259244810328361e-03
5.615583935236666269e-03
5.595876328505576536e-03
5.576162181937303723e-03
5.556516472425031446e-03
5.536893493710806809e-03
5.517328257691316365e-03
5.497902381017506432e-03
5.478595488361106929e-03
5.459343825832848468e-03
5.440165190897476924e-03
5.421065741455730232e-03
5.402166228486609753e-03
5.383327114179847252e-03
5.364568837500725135e-03
5.345895738543885584e-03
5.327242306397443269e-03
5.308670995733870066e-03
5.290119532550684352e-03
5.271578033432542179e-03
5.253079461891079979e-03
5.234611323912451673e-03
5.216241746605600194e-03
5.197914611393567377e-03
5.179658293054724763e-03
5.161425870212892932e-03
5.143291645365540878e-03
5.125200491560419000e-03
5.107165306540836433e-03
5.089222411840218195e-03
5.071343685879191841e-03
5.053507548282210049e-03
5.035701900359725210e-03
5.017997720885529825e-03
5.000333638541366518e-03
4.982722300449400794e-03
4.965220626205271021e-03
4.947813280385984953e-03
4.930486500671730186e-03
4.913245292047931957e-03
4.896091986631149161e-03
4.879002599068872105e-03
4.861999718142361211e-03
4.845029890478871892e-03
4.828071922753962401e-03
4.811144757782746979e-03
4.794312568517665463e-03
4.777575334752302318e-03
4.760906293838583318e-03
4.744282454072285687e-03
4.727731004019876219e-03
4.711239429009454575e-03
4.694824424143153978e-03
4.678446480387083578e-03
4.662137864907249345e-03
4.645900967965707271e-03
4.629685759706391249e-03
4.613535859986870116e-03
4.597469944017757056e-03
4.581499253346534885e-03
4.565633437961921434e-03
4.549833465982974952e-03
4.534112742809132644e-03
4.518420848669425956e-03
4.502767531272150806e-03
4.487078608975613239e-03
4.471390694811313085e-03
4.455750100125503016e-03
4.440142274527634353e-03
4.424581267830969555e-03
4.409066279842390260e-03
4.393700804000227889e-03
4.378454897647566894e-03
4.363299322204501965e-03
4.348231502463084305e-03
4.333205198710124439e-03
4.318193477934590893e-03
4.303243483962861972e-03
4.288409374731518356e-03
4.273599780048880845e-03
4.258838263298698849e-03
4.244082682040112471e-03
4.229395169843946575e-03
4.214776789752421385e-03
4.200258917584466858e-03
4.185759761646297948e-03
4.171333611400956931e-03
4.156996729991522567e-03
4.142755524244761886e-03
4.128567370179520371e-03
4.114441817076873974e-03
4.100369942538894565e-03
4.086337311411355686e-03
4.072384484920782421e-03
4.058466485247201952e-03
4.044577890880651089e-03
4.030693582861216880e-03
4.016831739086708722e-03
4.003032375965972882e-03
3.989285973733892529e-03
3.975574293058849705e-03
3.961961161118694730e-03
3.948446372265126264e-03
3.934981485351703862e-03
3.921576558408434478e-03
3.908237314575521183e-03
3.894951299969309604e-03
3.881712414670330027e-03
3.868548493048982150e-03
3.855452326046776047e-03
3.842417760493080717e-03
3.829441502146455761e-03
3.816548589407661903e-03
3.803685429824649623e-03
3.790856849379554538e-03
3.778099433437913206e-03
3.765417527986195199e-03
3.752762689873264182e-03
3.740117277877402346e-03
3.727523132853404007e-03
3.715003932454828336e-03
3.702521121214451955e-03
3.690066774756228015e-03
3.677642032140765373e-03
3.665292930670121380e-03
3.653001461661470241e-03
3.640732851090745879e-03
3.628500222638272616e-03
3.616310918113410135e-03
3.604161922040769513e-03
3.592129170380877704e-03
3.580187780554057453e-03
3.568313466949520323e-03
3.556502429848704388e-03
3.544736400271695717e-03
3.533013466400512607e-03
3.521371079823550684e-03
3.509777189864810021e-03
3.498229336678130089e-03
3.486736470910553002e-03
3.475286081133763944e-03
3.463921902347347898e-03
3.452582168208801969e-03
3.441264506249958489e-03
3.430054583445517682e-03
3.418942621487681532e-03
3.407901110989787746e-03
3.396882699699141448e-03
3.385930725759329473e-03
3.375036579358835307e-03
3.364202966882893359e-03
3.353385927490855345e-03
3.342595681980411234e-03
3.331844355805263329e-03
3.321138413588684522e-03
3.310465010250338187e-03
3.299856566700766058e-03
3.289292045311603945e-03
3.278791435837465160e-03
3.268342772025228504e-03
3.257940207428448084e-03
3.247594966075748827e-03
3.237321241354500223e-03
3.227116119147472196e-03
3.216961268999838416e-03
3.206862162267658072e-03
