6.171247928353149927e-03
6.166957436434751007e-03
6.162634303430507450e-03
6.158345353886281355e-03
6.154113753070296344e-03
6.149964752280170401e-03
6.145782286240525014e-03
6.141569588540925564e-03
6.137545848898430176e-03
6.133620446284552066e-03
6.129804173658470398e-03
6.126061189003506775e-03
6.122472729875895296e-03
6.118935156051271557e-03
6.115605765952010671e-03
6.112316831290298333e-03
6.109219027805029914e-03
6.105951187960734737e-03
6.102690018192615841e-03
6.099551912897210881e-03
6.096463787375836288e-03
6.093417762053176916e-03
6.090486076160988964e-03
6.087450897759491206e-03
6.084464186225784291e-03
6.081597257525601756e-03
6.078616272531112488e-03
6.075689367764243974e-03
6.072855465860758223e-03
6.070200490059890659e-03
6.067443793579611368e-03
6.064610445372968332e-03
6.061712073449060552e-03
6.058836142952061382e-03
6.056236125035234334e-03
6.053683605485957187e-03
6.051029547883380461e-03
6.048189166037581943e-03
6.045282720650616351e-03
6.042357532907043950e-03
6.039298937258336282e-03
6.036158493203772762e-03
6.032993111394159037e-03
6.029931255878747537e-03
6.026818842773802760e-03
6.023609267509865903e-03
6.020521747864223706e-03
6.017358840797959463e-03
6.014131962601513073e-03
6.010954577395111534e-03
6.007782266304119954e-03
6.004538310970862144e-03
6.001326495017800591e-03
5.998079991177512373e-03
5.994915368589502636e-03
5.991751640925746525e-03
5.988576928667393648e-03
5.985561079165769779e-03
5.982433915389224165e-03
5.979238443253122141e-03
5.976132096037866347e-03
5.973239231426764884e-03
5.970311165961156991e-03
5.967339154234019977e-03
5.964503314391582552e-03
5.961769467572325051e-03
5.959165006191406537e-03
5.956482206654924866e-03
5.953759620903298702e-03
5.951051825614369142e-03
5.948422953898105554e-03
5.945885025856048785e-03
5.943427962704098989e-03
5.941053181343094146e-03
5.938814540709609624e-03
5.936675771220385929e-03
5.934633617888760045e-03
5.932712867563928391e-03
5.930949493648265090e-03
5.929189533695952523e-03
5.927323375064469900e-03
5.925328685752419798e-03
5.923222131471706474e-03
5.921068356422640351e-03
5.919156612962358892e-03
5.917396771632556576e-03
5.915534075201742473e-03
5.913664856597501164e-03
5.911910400767200063e-03
5.910242216348216698e-03
5.908568518047141969e-03
5.906910836037266785e-03
5.905471393168971149e-03
5.904286351476941211e-03
5.903539857017325344e-03
5.902851022482344737e-03
5.902360197070919204e-03
5.901866425804592510e-03
5.901247645369622416e-03
5.900536753804729202e-03
5.899965478681981276e-03
5.899665732925039353e-03
5.899506878426839622e-03
5.899484535163812549e-03
5.899585744565189610e-03
5.899859671907560325e-03
5.900445749130021726e-03
5.901562643128427203e-03
5.902801497396654301e-03
5.904125078168159096e-03
5.905447991312656394e-03
5.906873080669528334e-03
5.908405730612110128e-03
5.909886511548262562e-03
5.911334696445093295e-03
5.912820135004014967e-03
5.914330823077462718e-03
5.915999280966379413e-03
5.917831687739840904e-03
5.919638475617288245e-03
5.921584967402215328e-03
5.923631628201534577e-03
5.925705605775391516e-03
5.927828421475466077e-03
5.929994061778650835e-03
5.932290798161880124e-03
5.934891827748533209e-03
5.938044466459913191e-03
5.941257482152033711e-03
5.944601025587233599e-03
5.948043249624634411e-03
5.951634383014151562e-03
5.955239284310296852e-03
5.959003157037907027e-03
5.962959009599681608e-03
5.967195178977705711e-03
5.971622226802411268e-03
5.976406337204346990e-03
5.981276374411700208e-03
5.986292344146785550e-03
5.991419506718874757e-03
5.996400762101901372e-03
6.001410507345998104e-03
6.006539981743178047e-03
6.011714311215487008e-03
6.016913993621631623e-03
6.022266860857992607e-03
6.027719279971383709e-03
6.033206792578400639e-03
6.038791942397533224e-03
6.044496883121024122e-03
6.050126950141948047e-03
6.056031227547560569e-03
6.062178187088826734e-03
6.068358498137141170e-03
6.074708560249838553e-03
6.081176345256109061e-03
6.087615708534174254e-03
6.094294265094697162e-03
6.101121770423044953e-03
6.108109821558830969e-03
6.115253451184442419e-03
6.122532269366697324e-03
6.129900250383956382e-03
6.137364950039652170e-03
6.144987058200163631e-03
6.152744353040380705e-03
6.160646007533907183e-03
6.168685957855684666e-03
6.176871515994842785e-03
6.185364541803428998e-03
6.194076495214618193e-03
6.202944221191068232e-03
6.212181278728327524e-03
6.221664620058436034e-03
6.231319702758461587e-03
6.241327095252167771e-03
6.251412046596592498e-03
6.261382106784486867e-03
6.271549824169976584e-03
6.281724714838841581e-03
6.291875968283310895e-03
6.302162664234196333e-03
6.312714899864899261e-03
6.323521234672470175e-03
6.334378332406642026e-03
6.345315501461342746e-03
6.356301881214544008e-03
6.367287578700617061e-03
6.378590511631518356e-03
6.390036607292076849e-03
6.401448167472810480e-03
6.412859457749795454e-03
6.424302122179170217e-03
6.435703047438940012e-03
6.447341373129559898e-03
6.459150303703863581e-03
6.471195109884217943e-03
6.483247719248492504e-03
6.495313536253266573e-03
6.507503332738249699e-03
6.519728512703849670e-03
6.531936070469711135e-03
6.544151311107738317e-03
6.556179972989691074e-03
6.568281380501393880e-03
6.580350322984078286e-03
6.592606759793415670e-03
6.605225506349119043e-03
6.617960624215014735e-03
6.630728632424182263e-03
6.643553291891261987e-03
6.656677154116989736e-03
6.669796702011991478e-03
6.682868333732943852e-03
6.695923896045338081e-03
6.709203311609916211e-03
6.722619961030969205e-03
6.736022230851152794e-03
6.749380226884047276e-03
6.762883709296403645e-03
6.776533173975361410e-03
6.790129424070712356e-03
6.803829549946204848e-03
6.817561700145568018e-03
6.831474425525672564e-03
6.845679191642680371e-03
6.859946113890386284e-03
6.874318935070192205e-03
6.888767111387278375e-03
6.903166754956033095e-03
6.917746246016492559e-03
6.932336357545488756e-03
6.947056393757241287e-03
6.961803834396556971e-03
6.976747208640886842e-03
6.991863047251825787e-03
7.007152267676890200e-03
7.022535336150721730e-03
7.038194699349393721e-03
7.054073992060414834e-03
7.070122459240326188e-03
7.086349038119260819e-03
7.102645693996855955e-03
7.119015627428559000e-03
7.135322234833827229e-03
7.151860082182556234e-03
7.168494578722998424e-03
7.185196629281433850e-03
7.201841082229589082e-03
7.218599853492659382e-03
7.235398520959467061e-03
7.252464001608830389e-03
7.269730137489578171e-03
7.287217561035338326e-03
7.304892564308450124e-03
7.322690154185745523e-03
7.340583272722498581e-03
7.358623161464615016e-03
7.376688848350367554e-03
7.394941286482838681e-03
7.413494158645583289e-03
7.432351569327607863e-03
7.451287916908561244e-03
7.470271165427555017e-03
7.489332942799058895e-03
7.508582653513119244e-03
7.527950517127350756e-03
7.547443514351244789e-03
7.566973905069144905e-03
7.586616892574010382e-03
7.606297757447614757e-03
7.626273143619979877e-03
7.646502738957807604e-03
7.666895289716659477e-03
7.687440024146756888e-03
7.708156046853829706e-03
7.728978833949321989e-03
7.749713451110252539e-03
7.770625375514385834e-03
7.791817676984493131e-03
7.812958489152819000e-03
7.834109752114447670e-03
7.855221212719259646e-03
7.876419227965402586e-03
7.897651390352804224e-03
7.918873844088370265e-03
7.940209485471125261e-03
7.961461892516671218e-03
7.982724712441362919e-03
8.004130913571346970e-03
8.025592019280320191e-03
8.047229851507738813e-03
8.069134559607459706e-03
8.091353087687104886e-03
8.113577410626527861e-03
8.135798779640213141e-03
8.157956782085595132e-03
8.179985995020596160e-03
8.202136186023526940e-03
8.224586279507759695e-03
8.247313690648291201e-03
8.270059030680305262e-03
8.292951710005418836e-03
8.315943332891812326e-03
8.338987759312289222e-03
8.362093016557223604e-03
8.385028467555784987e-03
8.408047397644330748e-03
8.431101976800282893e-03
8.454213393031054236e-03
8.477590142666104750e-03
8.500974716131400391e-03
8.524593090434981132e-03
8.548422727299914703e-03
8.572296991379646861e-03
8.596072134715113805e-03
8.619973901573985131e-03
8.644101014789578805e-03
8.668309541712082220e-03
8.692565281895185333e-03
8.716931949140806560e-03
8.741462533175326996e-03
8.766338579744360412e-03
8.791553012039168835e-03
8.816894415466385720e-03
8.842340485240218415e-03
8.867714602203103855e-03
8.893104620588555137e-03
8.918416821105782516e-03
8.943695591096851791e-03
8.969111220682869645e-03
8.994738496851848245e-03
9.020469555704820411e-03
9.046316538030469562e-03
9.072240335939210990e-03
9.098217310517402179e-03
9.124334908327523877e-03
9.150503330627828003e-03
9.176864926682846632e-03
9.203454171347292059e-03
9.230143745128979033e-03
9.256708928944019574e-03
9.283372088946258149e-03
9.310240181347226307e-03
9.337236215633169800e-03
9.364421726855852793e-03
9.391665981747432043e-03
9.418763686035447336e-03
9.445797880732447610e-03
9.472849325995373257e-03
9.500102659262859434e-03
9.527786806964030214e-03
9.555716613625237985e-03
9.583664201650564721e-03
9.611484436398816389e-03
9.639361091916938407e-03
9.667239059790425429e-03
9.695107368187861827e-03
9.723104193564214778e-03
9.751254096785294187e-03
9.779397294831446152e-03
9.807637454767259566e-03
9.835863175790948015e-03
9.864116352670312254e-03
9.892375850327608799e-03
9.920639487009580426e-03
9.949131469020532428e-03
9.977794986688947459e-03
1.000685571183267467e-02
1.003635472312667566e-02
1.006607637310598727e-02
1.009590819336623514e-02
1.012581956653661047e-02
1.015576943721619059e-02
1.018588551530035489e-02
1.021597139945102858e-02
1.024608544068158524e-02
1.027638663820217881e-02
1.030687089878543246e-02
1.033731139441941040e-02
1.036772422548215555e-02
1.039819750072003626e-02
1.042863525001767183e-02
1.045896476603485475e-02
1.048920358763525719e-02
1.051940636450962585e-02
1.054976357813215866e-02
1.058018185456874143e-02
1.061076091781166034e-02
1.064132081150677943e-02
1.067182015666898361e-02
1.070236178925451469e-02
1.073318288070772980e-02
1.076431220599664840e-02
1.079545812267070776e-02
1.082666755494198635e-02
1.085786253178408316e-02
1.088910672495549577e-02
1.092055717038875433e-02
1.095223328163366129e-02
1.098404385224462272e-02
1.101614723726651764e-02
1.104824866276466790e-02
1.108055326985336007e-02
1.111313627346257119e-02
1.114610370710088748e-02
1.117914850814220006e-02
1.121224297072262802e-02
1.124558922384562981e-02
1.127918919400083125e-02
1.131294637802233126e-02
1.134674872043221240e-02
1.138053929819187772e-02
1.141437161681038877e-02
1.144828778652808715e-02
1.148208590507567538e-02
1.151615556105990527e-02
1.155028476929811747e-02
1.158464369378115616e-02
1.161917588145580833e-02
1.165396399419305756e-02
1.168874216741503866e-02
1.172355592288541921e-02
1.175846970453517729e-02
1.179338099886609835e-02
1.182841481035447860e-02
1.186350971731563869e-02
1.189868759246413485e-02
1.193399967171505753e-02
1.196940942684302824e-02
1.200505437324528822e-02
1.204067641198912873e-02
1.207635916969189253e-02
1.211212234069337403e-02
1.214791613394569994e-02
1.218375929405780649e-02
1.221956925863644863e-02
1.225531898400163480e-02
1.229113554714509823e-02
1.232700461126017000e-02
1.236310953221190535e-02
1.239927170316492029e-02
1.243551365075912761e-02
1.247188651105649200e-02
1.250854126348454817e-02
1.254536830159467230e-02
1.258231371108060534e-02
1.261939217598263135e-02
1.265663219498343144e-02
1.269397532397348663e-02
1.273167174082984882e-02
1.276934113953258169e-02
1.280698023619016891e-02
1.284468609254539595e-02
1.288236924470232900e-02
1.292020845002682383e-02
1.295797588723111154e-02
1.299560730946275507e-02
1.303339253779124338e-02
1.307122703425254995e-02
1.310925321417943760e-02
1.314743170090473465e-02
1.318577354208817082e-02
1.322405049000156298e-02
1.326245823274637727e-02
1.330107439374001409e-02
1.333964590386942616e-02
1.337829497810498480e-02
1.341699887395885089e-02
1.345597688165813682e-02
1.349511730910021336e-02
1.353423802043001237e-02
1.357356771909637438e-02
1.361318757067494188e-02
1.365293579208045130e-02
1.369263375132654184e-02
1.373245438276520652e-02
1.377243151933821123e-02
1.381246353533922833e-02
1.385264642866233104e-02
1.389288278995572980e-02
1.393328170538071092e-02
1.397374951796083974e-02
1.401440158508415919e-02
1.405520273217330043e-02
1.409610080361333243e-02
1.413709251926661796e-02
1.417829155853821826e-02
1.421956758006504527e-02
1.426093983898328761e-02
1.430216187675713117e-02
1.434353381584506197e-02
1.438509550590274556e-02
1.442688646249080248e-02
1.446882339083460471e-02
1.451089894159394988e-02
1.455300690407726125e-02
1.459515152542086719e-02
1.463749417728512671e-02
