5.337133525607529703e-03
5.349607751095069100e-03
5.362314929795523530e-03
5.375429732792065887e-03
5.388770029860419884e-03
5.402153800764901252e-03
5.415737840251475498e-03
5.429286512962179859e-03
5.442796164310152902e-03
5.456336852524680189e-03
5.470115777346172027e-03
5.484147068179604304e-03
5.498486310557243462e-03
5.513197892289616389e-03
5.528277405574462747e-03
5.543601823102431263e-03
5.559133216452051551e-03
5.574817681827911112e-03
5.590429250105076464e-03
5.606220205273276108e-03
5.622373641176988193e-03
5.638868840732658844e-03
5.655490007258683234e-03
5.671994903078398167e-03
5.688346815275675469e-03
5.704992642145250044e-03
5.721685356814302723e-03
5.738524582858928712e-03
5.755404795796232285e-03
5.772112092963204225e-03
5.788892072507110902e-03
5.805831667084701726e-03
5.822943012604621903e-03
5.840052768545366327e-03
5.857239460380967919e-03
5.874428261144613861e-03
5.891796018980389668e-03
5.909224325536781806e-03
5.926460582812258238e-03
5.943666883962340185e-03
5.960636008975683971e-03
5.977516313132196814e-03
5.994365864402942216e-03
6.011259461037575004e-03
6.028280783333891252e-03
6.045356020499558641e-03
6.062526675022246805e-03
6.079534884838841240e-03
6.096500765188681871e-03
6.113543810982952596e-03
6.130502569665223327e-03
6.147558917322305805e-03
6.164789984675267918e-03
6.182209550329286624e-03
6.199797713105954441e-03
6.217571748346784576e-03
6.235520335672890130e-03
6.253459205525545642e-03
6.271342331432329560e-03
6.289265016257017046e-03
6.307425423970614009e-03
6.325732558720011806e-03
6.344201678700971125e-03
6.362853119415460071e-03
6.381545557721176286e-03
6.400362714833176744e-03
6.419229172361341600e-03
6.438042450404642125e-03
6.456701010346680564e-03
6.475270308351352248e-03
6.493709361092160799e-03
6.512174922210120682e-03
6.530384767168696813e-03
6.548527594162892665e-03
6.566607503364756473e-03
6.584654775610035947e-03
6.602622419116860840e-03
6.620607919440733326e-03
6.638577898046687034e-03
6.656544408070379920e-03
6.674495547657393300e-03
6.692356777950966666e-03
6.710158043251782285e-03
6.727846664279072721e-03
6.745379809672742179e-03
6.762857284508832882e-03
6.780134063759333043e-03
6.797213681323959790e-03
6.814218147962198407e-03
6.831344846087883393e-03
6.848858088426204062e-03
6.866405771271268978e-03
6.883898087435089824e-03
6.901609399709800370e-03
6.919340070164627099e-03
6.937062991303664938e-03
6.954906046451428923e-03
6.972834285324690760e-03
6.990915253682923949e-03
7.008936446994570163e-03
7.026819268837324918e-03
7.044782321540388366e-03
7.062595092849305138e-03
7.080490138816812259e-03
7.098546045729747095e-03
7.116459412868875699e-03
7.134486771360256697e-03
7.152263727117318462e-03
7.169620866173800032e-03
7.186818057040022210e-03
7.204015740977976270e-03
7.221272354401743129e-03
7.238560361498065643e-03
7.255733038421936093e-03
7.272771992114992513e-03
7.289741533057897925e-03
7.306737272683108513e-03
7.323704204493870079e-03
7.340650759134629937e-03
7.357504180277077074e-03
7.374223610349592110e-03
7.390999039631609285e-03
7.407670388359484208e-03
7.424146141894317867e-03
7.440571872954764021e-03
7.456848421380832433e-03
7.472864873060863257e-03
7.488751280309446749e-03
7.504632033468635645e-03
7.520295870352433978e-03
7.535885284374269771e-03
7.551307006708567887e-03
7.566762210058673027e-03
7.582322396394928880e-03
7.597957721082085336e-03
7.613609224227925638e-03
7.629262169425579838e-03
7.644854940164143992e-03
7.660535389267103361e-03
7.676242095237460067e-03
7.691846367291779035e-03
7.707599262465123294e-03
7.723384904208257552e-03
7.739145286489087887e-03
7.755021808465923511e-03
7.770923165341585802e-03
7.786668064006347159e-03
7.802208349351886542e-03
7.817586943582120057e-03
7.833002668910368435e-03
7.848110894285801817e-03
7.863004430561012018e-03
7.877726056917206884e-03
7.892263831896565579e-03
7.906694502010851860e-03
7.920992263485611765e-03
7.935207102945708926e-03
7.949305798955924249e-03
7.963502496304328271e-03
7.977690499673820504e-03
7.991810940766782417e-03
8.005778601322045829e-03
8.019561215641454049e-03
8.033280170590148192e-03
8.046830041913748122e-03
8.060215529090751160e-03
8.073536606121657286e-03
8.086692971292514659e-03
8.099761678557604663e-03
8.112623588497890406e-03
8.125343505041151410e-03
8.137845195956758954e-03
8.150152058408683189e-03
8.162416658588252105e-03
8.174558775770619790e-03
8.186531046915496157e-03
8.198562957404308127e-03
8.210657401100761657e-03
8.222786423258935870e-03
8.234827334418402811e-03
8.246776830416708420e-03
8.258852670649997896e-03
8.270952751918787468e-03
8.283116466656541624e-03
8.295348248567268462e-03
8.307614355177638660e-03
8.319808182389759263e-03
8.331977563980087417e-03
8.344032011619671729e-03
8.356203467226989284e-03
8.368290462856278061e-03
8.380243803575309486e-03
8.391969886463467726e-03
8.403592997505026155e-03
8.415296585661218368e-03
8.426855554958881389e-03
8.438398179876500579e-03
8.449789620780271890e-03
8.460943814411335528e-03
8.472071295454344439e-03
8.483262073243558882e-03
8.494526780259923152e-03
8.505809980750858590e-03
8.516999375611821951e-03
8.528134096006442094e-03
8.539083945471257972e-03
8.549821498556989946e-03
8.560581792629010436e-03
8.571209283920832797e-03
8.581809088868934052e-03
8.592480616515338343e-03
8.603222221160413546e-03
8.613930264269022141e-03
8.624453513026915027e-03
8.634738452915713056e-03
8.645112599559887784e-03
8.655462508922438097e-03
8.665906202893251808e-03
8.676354184542264120e-03
8.686761339026061873e-03
8.697118230599655900e-03
8.707406913479116134e-03
8.717628372681739471e-03
8.727952853282138282e-03
8.738378379239507623e-03
8.748798779653352634e-03
8.759234619012129172e-03
8.769694718926567337e-03
8.779904834663961044e-03
8.789900583008382687e-03
8.799701010380472574e-03
8.809537249738232795e-03
8.819286481737095493e-03
8.828938272851591731e-03
8.838535760382782575e-03
8.848137885453501161e-03
8.857775430605143580e-03
8.867478254925384440e-03
8.877181108525863257e-03
8.886813245842437037e-03
8.896443830555522334e-03
8.905976584731816262e-03
8.915546606647246214e-03
8.925054570220462835e-03
8.934530338293018153e-03
8.943947000822932702e-03
8.953342928438374343e-03
8.962665085615661997e-03
8.971950737090825245e-03
8.981247680978493575e-03
8.990278463731984221e-03
8.999123184075140044e-03
9.007988041715563055e-03
9.016878309348755685e-03
9.025604267537502140e-03
9.034325222559107596e-03
9.043013726065649363e-03
9.051651050716020760e-03
9.060276173764902560e-03
9.068921817757270507e-03
9.077494047179012621e-03
9.086010007487502205e-03
9.094607664920623114e-03
9.103148180088721855e-03
9.111618153152804822e-03
9.119913642264476303e-03
9.128045170291478397e-03
9.136051797824553886e-03
9.143952709427013992e-03
9.151780703472150308e-03
9.159495207307601777e-03
9.167145215033175101e-03
9.174735123940281484e-03
9.182111612932945463e-03
9.189367182793528946e-03
9.196541424160195599e-03
9.203704802557876111e-03
9.210945697762863010e-03
9.218199679733515839e-03
9.225254422435123780e-03
9.232143506548924280e-03
9.238924475253991464e-03
9.245630465523313815e-03
9.252223669810257997e-03
9.258775784160603109e-03
9.265098843699198436e-03
9.271143514224988030e-03
9.276979846084113662e-03
9.282787598176812580e-03
9.288464274648078334e-03
9.293941044410985314e-03
9.299324808870475245e-03
9.304686231005403554e-03
9.309968320958152480e-03
9.315256914127250515e-03
9.320575104363418295e-03
9.325795073659597090e-03
9.331098864023957759e-03
9.336449247508460045e-03
9.341714188249956516e-03
9.346872432548190834e-03
9.351887172138560050e-03
9.356871036842162245e-03
9.361759926207748397e-03
9.366538873528099454e-03
9.371160917052361039e-03
9.375688698475218713e-03
9.380008018104249445e-03
9.384151152523858425e-03
9.388225392040636108e-03
9.392217643882710618e-03
9.396071339377457324e-03
9.399842805447828492e-03
9.403532002302731826e-03
9.407125554878752877e-03
9.410640250513411728e-03
9.413956440761961017e-03
9.417188989002256774e-03
9.420298137548613684e-03
9.423453196009515948e-03
9.426566993357031118e-03
9.429592275413295130e-03
9.432383018994428339e-03
9.435084243122237452e-03
9.437681612491602423e-03
9.440272780831706137e-03
9.442822384745169773e-03
9.445317199323658222e-03
9.447828541471383484e-03
9.450249789447232387e-03
9.452577010314369352e-03
9.454767907640160285e-03
9.456852323244446801e-03
9.458901134452454840e-03
9.460915971197537619e-03
9.462823357345485215e-03
9.464678439224967835e-03
9.466415564907411373e-03
9.468043633333407191e-03
9.469525414677973721e-03
9.470905918300590032e-03
9.472172060063302479e-03
9.473307841693520692e-03
9.474390437644975016e-03
9.475299510261121078e-03
9.476047005879818796e-03
9.476693257186068892e-03
9.477316245341753376e-03
9.477858431672449985e-03
9.478353618338137762e-03
9.478736971755403334e-03
9.479068455603150908e-03
9.479283297110776760e-03
9.479397902597290829e-03
9.479454856417688507e-03
9.479536931557721799e-03
9.479600187386668167e-03
9.479710787861913429e-03
9.479866336508440891e-03
9.479910074429807182e-03
9.479908623180996821e-03
9.479912943517927043e-03
9.479839293579218548e-03
9.479768987218669188e-03
9.479629298326677431e-03
9.479346647912808080e-03
9.479044370353543678e-03
9.478686515895926729e-03
9.478323937559615317e-03
9.477970761183398055e-03
9.477532937510692659e-03
9.476974311451478311e-03
9.476277874940276444e-03
9.475548302957634977e-03
9.474889555370557062e-03
9.474253087418295013e-03
9.473653544476207458e-03
9.473074444021579651e-03
9.472410947404828752e-03
9.471632894477350489e-03
9.470831788241025270e-03
9.469973640718970520e-03
9.469082731611615233e-03
9.468161272327847017e-03
9.467121681916376014e-03
9.466036888069993133e-03
9.464942282340156957e-03
9.463819926826077741e-03
9.462675977135102251e-03
9.461489478375577009e-03
9.460285903605397673e-03
9.459069178253646723e-03
9.457711575532476433e-03
9.456253669971185702e-03
9.454764743497318449e-03
9.453154786025838238e-03
9.451339148758706316e-03
9.449497297606067672e-03
9.447571922129216829e-03
9.445407508968070229e-03
9.443093619056290230e-03
9.440727939344875641e-03
9.438240729557914599e-03
9.435547825147489256e-03
9.432805118052167703e-03
9.429995877430279519e-03
9.427104795347196475e-03
9.424146092239408384e-03
9.421143588895895468e-03
9.418225567865982223e-03
9.415307730025260224e-03
9.412307973205785022e-03
9.409161602905285679e-03
9.405933970366795599e-03
9.402658453374511047e-03
9.399366521616990197e-03
9.395989377979894336e-03
9.392530683056286508e-03
9.388965590310324044e-03
9.385280089147234051e-03
9.381422064493948748e-03
9.377553066132306506e-03
9.373658218949686496e-03
9.369736059497176320e-03
9.365743916705224908e-03
9.361638100514395669e-03
9.357463299327687528e-03
9.353212347181782960e-03
9.348799080026231820e-03
9.344372351843486732e-03
9.339969059677339508e-03
9.335586829200649001e-03
9.331282253673935795e-03
9.326975199086914858e-03
9.322593478762094751e-03
9.318190644193542760e-03
9.313823369725521620e-03
9.309402616400952457e-03
9.304945519729436801e-03
9.300510572433209888e-03
9.295962546727593381e-03
9.291315971242370894e-03
9.286639593353015337e-03
9.282003804069996825e-03
9.277217635792032666e-03
9.272369874464895384e-03
9.267532462388691772e-03
9.262627589766021449e-03
9.257662412049344133e-03
9.252625482917203187e-03
9.247494590867648412e-03
9.242360816591405417e-03
9.237121183924917878e-03
9.231876501543218386e-03
9.226586210683288686e-03
9.221163427301089580e-03
9.215658383149642058e-03
9.210077482906029941e-03
9.204357160858768830e-03
9.198541359703209241e-03
9.192655673935172522e-03
9.186740173750594304e-03
9.180767419060077705e-03
9.174719756319008740e-03
9.168633688038713495e-03
9.162542525559765061e-03
9.156363091979259974e-03
9.150084912854468400e-03
9.143592333677974873e-03
9.137013601149580888e-03
9.130400021194185617e-03
9.123734031674077954e-03
9.117049846174144975e-03
9.110316516794713174e-03
9.103510322787619971e-03
9.096592614987034087e-03
9.089532914915585127e-03
9.082260059202630631e-03
9.074926078548954320e-03
9.067491027950413257e-03
9.059999901375587888e-03
9.052370362602304640e-03
9.044700851421578341e-03
9.037036139947862354e-03
9.029355151663885637e-03
9.021599453346363859e-03
9.013785021120015312e-03
9.005866182503008757e-03
8.997822629208984332e-03
8.989629327946719109e-03
8.981333231457763744e-03
8.972968407301192342e-03
8.964625590811056699e-03
8.956253096733191726e-03
8.947835649416313597e-03
8.939420418576052296e-03
8.930930853840710060e-03
8.922279508460098651e-03
8.913448960503809332e-03
8.904522686434122869e-03
