6.737370611589188485e-03
6.780186340205920405e-03
6.823218645348804595e-03
6.866462296131142437e-03
6.909935175154431619e-03
6.953829097199664896e-03
6.998330045517369910e-03
7.043089164678127678e-03
7.087929477662499589e-03
7.132983953617867690e-03
7.178654276517967836e-03
7.224778442432175374e-03
7.271245497504616462e-03
7.318347371310670799e-03
7.365528588279024978e-03
7.412214198757291310e-03
7.458972268819927601e-03
7.505940442950692626e-03
7.552896715086262688e-03
7.599617674368727011e-03
7.646209901950447654e-03
7.692813452632621223e-03
7.739397324365889473e-03
7.785807340451826944e-03
7.832307544791217505e-03
7.878684540931265440e-03
7.924742742828932290e-03
7.970514386479837440e-03
8.016394398363126811e-03
8.062590798300624945e-03
8.108868276676946957e-03
8.155068736666937212e-03
8.201219806429238535e-03
8.247395906010432723e-03
8.293748178131785456e-03
8.339765477317446704e-03
8.385581705576671332e-03
8.430786923362710086e-03
8.475731528197612621e-03
8.520330170622180885e-03
8.564755919001913048e-03
8.609157804361538407e-03
8.653618592695247122e-03
8.697757703433719664e-03
8.741728494648676878e-03
8.785387988911132207e-03
8.828568210552695250e-03
8.871586569667485808e-03
8.914261110539507815e-03
8.956573937311387151e-03
8.998541052197293888e-03
9.040149756019346880e-03
9.081381524896566665e-03
9.122219123653912617e-03
9.161772616282426451e-03
9.200411689178329341e-03
9.238616762569607996e-03
9.275983721471842136e-03
9.312838611960668270e-03
9.349479129988706380e-03
9.385893190418491058e-03
9.422113559246138303e-03
9.458136158447471090e-03
9.493778557957225153e-03
9.529155112972214139e-03
9.563462476754373831e-03
9.597401573575015804e-03
9.630916073789602683e-03
9.664091966799496017e-03
9.696240958533773255e-03
9.727788808455709729e-03
9.758951154364150019e-03
9.789810760704807657e-03
9.820287888562909476e-03
9.849897544174542052e-03
9.879189712549881972e-03
9.908432158479427501e-03
9.937364669973016915e-03
9.965992056216203474e-03
9.993883716089124042e-03
1.002105988355138713e-02
1.004749656363411285e-02
1.007236663892450111e-02
1.009678305143379626e-02
1.012108244884294544e-02
1.014472179869718889e-02
1.016781718138132055e-02
1.019041452933316418e-02
1.021265200436764081e-02
1.023441027186406532e-02
1.025560775163104378e-02
1.027633866804355221e-02
1.029671708396524311e-02
1.031666217035549088e-02
1.033592293605967508e-02
1.035460751281593560e-02
1.037293748803647456e-02
1.039111747916985837e-02
1.040889794931337993e-02
1.042607157710093504e-02
1.044271403506014106e-02
1.045874506023500815e-02
1.047433399339126221e-02
1.048956130263426628e-02
1.050445470189875080e-02
1.051844975074534352e-02
1.053238770537652004e-02
1.054621285037584885e-02
1.055912662332137916e-02
1.057118480156851205e-02
1.058252540334637601e-02
1.059360433475290027e-02
1.060469758438441386e-02
1.061576912853657607e-02
1.062602687046501626e-02
1.063553088965576293e-02
1.064435500459662634e-02
1.065278067928878900e-02
1.066097395164938150e-02
1.066874484153436387e-02
1.067588552699815126e-02
1.068290946745323669e-02
1.068925879925258955e-02
1.069543182421683891e-02
1.070105097740676157e-02
1.070619517376114431e-02
1.071093585744065796e-02
1.071520619948859547e-02
1.071908236175042606e-02
1.072243760283094274e-02
1.072491018807752300e-02
1.072661570893249962e-02
1.072777640185338874e-02
1.072857537907873603e-02
1.072891519409332507e-02
1.072877738307820121e-02
1.072810442368828804e-02
1.072696455371029145e-02
1.072571420056566034e-02
1.072393190504481071e-02
1.072129356342186625e-02
1.071829738085512164e-02
1.071480412623782366e-02
1.071073750915421847e-02
1.070653027972484801e-02
1.070202623162389184e-02
1.069715605796049858e-02
1.069169435663275616e-02
1.068611071661991832e-02
1.068051273736038073e-02
1.067470784909811850e-02
1.066863680045235067e-02
1.066199124628475908e-02
1.065475919202015648e-02
1.064743388751163318e-02
1.063937944609451985e-02
1.063084351252987017e-02
1.062223186326802064e-02
1.061326076677844565e-02
1.060402494726483263e-02
1.059447491699254049e-02
1.058467157735894400e-02
1.057452282248949604e-02
1.056384898582926439e-02
1.055298707355444010e-02
1.054209512200583905e-02
1.053113758084299294e-02
1.051978501808714314e-02
1.050834055929846834e-02
1.049675774011478262e-02
1.048508324412468322e-02
1.047308745456095556e-02
1.046113069743391175e-02
1.044922886628298422e-02
1.043711368916890730e-02
1.042518722169923258e-02
1.041323291660458360e-02
1.040120795266031781e-02
1.038907196818193712e-02
1.037640366706581163e-02
1.036351668910594215e-02
1.035031658075316781e-02
1.033649824641270920e-02
1.032268593929701155e-02
1.030879002733641088e-02
1.029469271237203748e-02
1.028054351620110753e-02
1.026639363682457957e-02
1.025239096948480505e-02
1.023863794096549658e-02
1.022497998163116387e-02
1.021057030656942477e-02
1.019588647761869755e-02
1.018089903247608279e-02
1.016544285761663592e-02
1.014984280566467827e-02
1.013416980387202813e-02
1.011811433420152333e-02
1.010200531923082998e-02
1.008576799599670594e-02
1.006924454475703785e-02
1.005265871759714567e-02
1.003617224692504410e-02
1.001965416448012680e-02
1.000311671127959885e-02
9.986501397791995582e-03
9.970224509821445230e-03
9.953764353075680166e-03
9.937339509800746651e-03
9.921022236496275515e-03
9.904644938324685954e-03
9.887756779174194932e-03
9.870820939780793751e-03
9.853816304962268596e-03
9.836515690463648598e-03
9.819045978825911153e-03
9.801688787771498448e-03
9.784438225590606428e-03
9.767089474753028189e-03
9.749718798646606413e-03
9.732432967666015955e-03
9.715120115528681072e-03
9.697402646888970273e-03
9.679763833982852478e-03
9.662004314226344676e-03
9.644326528945573046e-03
9.626524265481979301e-03
9.608680130149210505e-03
9.590863654319955675e-03
9.572935093544791135e-03
9.555109226266291292e-03
9.537439536033373924e-03
9.519765186113053265e-03
9.502058178965199289e-03
9.484164954747209900e-03
9.466141133527040952e-03
9.447974031517708191e-03
9.429546002029278243e-03
9.410956702047387074e-03
9.392184612660363016e-03
9.373423218631726089e-03
9.354325579337744584e-03
9.335197221130572126e-03
9.316151810089068688e-03
9.297138271151745084e-03
9.278023139166768213e-03
9.258737484132532197e-03
9.239767153256868426e-03
9.220719506969361073e-03
9.201593734807987993e-03
9.182290677551191438e-03
9.162867380989373617e-03
9.143343174022421430e-03
9.123923723870577124e-03
9.104378915251775187e-03
9.085004621799092073e-03
9.065693056567980870e-03
9.046233645833387516e-03
9.026832430701696788e-03
9.007470503458011452e-03
8.988215397098651624e-03
8.969072655536723671e-03
8.950035653367185290e-03
8.930978578467052911e-03
8.911993057528487180e-03
8.893186614724650496e-03
8.874270591186186885e-03
8.855473853280315319e-03
8.836592798794477496e-03
8.817624394408441271e-03
8.798680690344753280e-03
8.779776117069322539e-03
8.760757175740048475e-03
8.741775069609457327e-03
8.722963765065792213e-03
8.704161826726548520e-03
8.685433364990774799e-03
8.666910848825218339e-03
8.648411306198634102e-03
8.629906752427920005e-03
8.611250842434194433e-03
8.592368363539765533e-03
8.573504972640168947e-03
8.554702378498629106e-03
8.535880751825788287e-03
8.517133803935497682e-03
8.498275729464070324e-03
8.479345242800967811e-03
8.460385808679186936e-03
8.441467563127136309e-03
8.422652738666942807e-03
8.403943536853565599e-03
8.385119633266687258e-03
8.366204005856085063e-03
8.347161868852171276e-03
8.328157884563890112e-03
8.309247889564044462e-03
8.290394414624143588e-03
8.271749750307158533e-03
8.253267466411190814e-03
8.234844468056284547e-03
8.216400911312959562e-03
8.197988288016893124e-03
8.179521113006238409e-03
8.161097192229928993e-03
8.142782058149432636e-03
8.124533030122794638e-03
8.106274408219101002e-03
8.087937493206326378e-03
8.069618564050124940e-03
8.051333163959367711e-03
8.033121950799439887e-03
8.014881417139312417e-03
7.996660300313635991e-03
7.978363245561248887e-03
7.959971245220283029e-03
7.941565326066829175e-03
7.923118027552852188e-03
7.904641017947784329e-03
7.886029991558674707e-03
7.867336946900737454e-03
7.848697526092861948e-03
7.830070566654766251e-03
7.811495675178603895e-03
7.793014780780173172e-03
7.774666632947684237e-03
7.756438119013717332e-03
7.738233677847727345e-03
7.720038930364995361e-03
7.701811495952179745e-03
7.683480355669019754e-03
7.665117582403640009e-03
7.646707580674434734e-03
7.628452620396122472e-03
7.610207460692713054e-03
7.591923431189338128e-03
7.573539349041700716e-03
7.555152983457665006e-03
7.536936259747208273e-03
7.518739299964044900e-03
7.500604204213066721e-03
7.482593190376279901e-03
7.464655228063327499e-03
7.446687727337622000e-03
7.428656486392053865e-03
7.410511466000540941e-03
7.392523657082313709e-03
7.374614846673562679e-03
7.356764038496129039e-03
7.339010986434913765e-03
7.321459463554657113e-03
7.304102409610597861e-03
7.286573147267319181e-03
7.268943653876777308e-03
7.251390811274171892e-03
7.233898747833323803e-03
7.216421152115614149e-03
7.198903355895498388e-03
7.181453826460788663e-03
7.164064717364128539e-03
7.146633969467126694e-03
7.128882646535461033e-03
7.111006367974754411e-03
7.093178715633939591e-03
7.075396305439910632e-03
7.057632175828714750e-03
7.040246628738928113e-03
7.022980104041114981e-03
7.005644013951102533e-03
6.988309042047174610e-03
6.971125799407774243e-03
6.954003164706423247e-03
6.936970677669729995e-03
6.920119661301211457e-03
6.903354268377979996e-03
6.886544786287794075e-03
6.869846854990295341e-03
6.853200981800804115e-03
6.836604852641901126e-03
6.820043937053780515e-03
6.803291526632288498e-03
6.786694794882294768e-03
6.770115543717043771e-03
6.753532892360475902e-03
6.736885966677746279e-03
6.720252349990201227e-03
6.703621781685320524e-03
6.686922579184332097e-03
6.670225070033753215e-03
6.653437646944278423e-03
6.636639972486206747e-03
6.619883832024927271e-03
6.603113519458316504e-03
6.586267885938125628e-03
6.569478758095838831e-03
6.552685910888851259e-03
6.536036351884934661e-03
6.519484831687628358e-03
6.503078481793427013e-03
6.486700581218441189e-03
6.470315208528011619e-03
6.454058473480248428e-03
6.437853315903477314e-03
6.421698278120372208e-03
6.405597101901586848e-03
6.389546210177817279e-03
6.373532311737871089e-03
6.357555442008963262e-03
6.341598634077480999e-03
6.325706913514974120e-03
6.309838926369972824e-03
6.293955129866227530e-03
6.278070617709310963e-03
6.262098460550548015e-03
6.245931044499115035e-03
6.229636364090496668e-03
6.213337482952850654e-03
6.197077064999916528e-03
6.180767809319588114e-03
6.164554875023723658e-03
6.148529930190976996e-03
6.132520986751238690e-03
6.116291682173574835e-03
6.099928506649987710e-03
6.083547506123452089e-03
6.067172686449090295e-03
6.050786895858313585e-03
6.034416050636317967e-03
6.018094178163977369e-03
6.001826651107227198e-03
5.985513013725810884e-03
5.969110783887476325e-03
5.952688061306647509e-03
5.936344933491717601e-03
5.920121866590538455e-03
5.903987142314037588e-03
5.887849817973351933e-03
5.871792282732079746e-03
5.855797091514809878e-03
5.839807679191612484e-03
5.823770490432407174e-03
5.807778807236567073e-03
5.791943702270172488e-03
5.776297126961511298e-03
5.760743451061782136e-03
5.745160999103045979e-03
5.729616926840452353e-03
5.714125883626127583e-03
5.698725066849221442e-03
5.683364835382296101e-03
5.667963874937482528e-03
5.652540023926106924e-03
5.637216832865892154e-03
5.621987026778587325e-03
5.606833660851530052e-03
5.591719828773532644e-03
5.576585452032230446e-03
5.561516127162304847e-03
5.546426280304836767e-03
5.531424102251142512e-03
5.516538194645723668e-03
5.501759071042788135e-03
5.487118212850045779e-03
5.472544948923930078e-03
5.458026064679264051e-03
5.443474443812567655e-03
5.428999147474979602e-03
5.414582509522931041e-03
5.400087609566189654e-03
5.385611569796742992e-03
5.371263249829462058e-03
5.356987798490094044e-03
5.342813903439711139e-03
5.328707282667276106e-03
5.314653668771773982e-03
5.300570869486315520e-03
5.286467810134211007e-03
5.272530191275593553e-03
5.258609908459861183e-03
5.244753155230439182e-03
5.230907756581246355e-03
5.217092213119228425e-03
5.203311364424608940e-03
5.189607732127462549e-03
5.175892082438598128e-03
5.162313588220641437e-03
5.148846293227203261e-03
5.135351214611830716e-03
5.121768827318519748e-03
5.108214396208171984e-03
5.094663206189280202e-03
5.081051226873161374e-03
5.067398414690610711e-03
5.053715705353714095e-03
5.040017864848726423e-03
5.026272129766186543e-03
5.012508562665640363e-03
4.998761239341243008e-03
4.985106388586510624e-03
4.971446749527167787e-03
