6.780622512379529468e-03
6.802308379429188555e-03
6.823981936073594302e-03
6.845935427049112260e-03
6.867850851929767179e-03
6.890167837891003969e-03
6.912866734583796718e-03
6.935792748982021888e-03
6.958432402341496563e-03
6.981753934629845136e-03
7.005354980029123921e-03
7.029216974538819891e-03
7.052588024733521047e-03
7.076019653644592677e-03
7.099628252067081806e-03
7.123828114748174088e-03
7.147543765657299840e-03
7.171082974075863002e-03
7.194704483277560882e-03
7.218665295218174537e-03
7.242745077266113732e-03
7.266910559056758909e-03
7.291158571191841929e-03
7.315665795295614796e-03
7.340519172623450467e-03
7.365314658459426282e-03
7.390397585042995758e-03
7.415758492158596588e-03
7.441328546079937004e-03
7.466785965441035365e-03
7.492170440111400702e-03
7.517711226485712835e-03
7.543395097262555263e-03
7.569222781210204615e-03
7.594991791616126538e-03
7.620658254574810657e-03
7.646215569327770301e-03
7.671873302892070860e-03
7.697299415318668674e-03
7.722502411191644114e-03
7.747631680605560241e-03
7.772838663741002060e-03
7.797876820861342033e-03
7.823100750252314634e-03
7.847630239749610326e-03
7.871299343464983889e-03
7.894425974370809784e-03
7.917071007329154128e-03
7.939590379293447187e-03
7.961981990215910923e-03
7.984494955813886338e-03
8.006668022569024545e-03
8.029125532976438828e-03
8.051745100431589169e-03
8.074351702124964517e-03
8.096765268300332163e-03
8.119128248133865647e-03
8.141279230878121706e-03
8.163265786939847765e-03
8.184410470883024882e-03
8.205425863457797148e-03
8.226373211570625968e-03
8.247257016260686399e-03
8.268080494049132034e-03
8.287833108758633702e-03
8.307282121658749949e-03
8.326623350207004032e-03
8.345270860661722565e-03
8.363796365037709860e-03
8.381786069871116282e-03
8.399598927217566055e-03
8.417196196645135992e-03
8.434747639482547896e-03
8.452414500884351464e-03
8.469889802991967601e-03
8.487218190897993092e-03
8.504123219980860501e-03
8.520531698321851324e-03
8.537014231328051220e-03
8.553246466251263752e-03
8.568980054549278635e-03
8.584709039925553578e-03
8.600153599245850128e-03
8.615185575938752449e-03
8.629774328374055156e-03
8.644391171433863166e-03
8.658617408129159337e-03
8.672207963239739192e-03
8.685308660993840482e-03
8.698005364310505347e-03
8.710514369124991788e-03
8.722098882286720423e-03
8.733442060579453894e-03
8.744469805124350376e-03
8.755195040460924880e-03
8.764875487323473338e-03
8.773660646557653736e-03
8.782011679043173411e-03
8.790016338257057235e-03
8.798061516724357128e-03
8.805654821649754743e-03
8.813346912696388633e-03
8.821148054500450170e-03
8.828580794086673955e-03
8.835507860998422988e-03
8.841954106393471249e-03
8.848071556244898120e-03
8.853844969695174455e-03
8.859070624419724399e-03
8.863627004842486445e-03
8.868418025634412435e-03
8.872774576444289810e-03
8.876701162041703702e-03
8.880748927688969854e-03
8.884832576950529512e-03
8.888862037872867147e-03
8.892944580843442637e-03
8.896812164716442345e-03
8.900722862827574813e-03
8.904677457039014005e-03
8.907951618995352261e-03
8.911166260981106396e-03
8.914262920328585096e-03
8.917216428043942683e-03
8.920323999090410197e-03
8.923690221874631262e-03
8.926952773300873140e-03
8.930225482366079340e-03
8.933364667508025478e-03
8.936498212614159969e-03
8.939494464060001450e-03
8.941942790248751452e-03
8.944442471561595692e-03
8.947037889193581311e-03
8.949287654063678432e-03
8.951491704150497247e-03
8.953741220115095725e-03
8.956108450573849883e-03
8.958566687795318367e-03
8.961267305481267209e-03
8.964221049925487003e-03
8.967384505336222639e-03
8.970368856828057555e-03
8.972979348410814807e-03
8.975646199246730544e-03
8.978683569299360581e-03
8.981820670828470632e-03
8.985151385503396815e-03
8.988396424835816759e-03
8.991357946304122037e-03
8.994256151459208842e-03
8.996904486696162551e-03
8.999553028490191522e-03
9.002055339182649107e-03
9.004523372568198902e-03
9.006256320465233153e-03
9.007650230682253539e-03
9.009055959511461792e-03
9.010541818972376410e-03
9.012147636901212192e-03
9.013383528045492560e-03
9.013955663978577559e-03
9.014407890291063416e-03
9.015022666089549108e-03
9.015826573045603379e-03
9.016553837894677320e-03
9.017069267387914713e-03
9.017685812294737660e-03
9.018129123571895500e-03
9.017895087741145677e-03
9.017106277094894332e-03
9.016525510904968566e-03
9.016017691130213257e-03
9.015814189334172071e-03
9.015705918561980545e-03
9.015773712358792977e-03
9.015902146189211028e-03
9.015918106172240640e-03
9.015957733786047340e-03
9.015662117059371553e-03
9.015257850606630749e-03
9.014645318641139465e-03
9.013775465546483220e-03
9.013230826996312256e-03
9.012807179277134220e-03
9.012232160272743223e-03
9.011456879396540984e-03
9.010580774360676948e-03
9.009415042143349359e-03
9.007302265719890552e-03
9.004875646699704930e-03
9.002107341639351001e-03
8.998986951267501019e-03
8.995790076873812907e-03
8.992462696697352265e-03
8.988638539807356984e-03
8.984913114666035969e-03
8.980985158199700225e-03
8.976722931570861597e-03
8.972388868125940470e-03
8.968186079633169369e-03
8.964240824832840973e-03
8.960336936066713026e-03
8.956584286777794293e-03
8.953044497418488623e-03
8.949697498355183023e-03
8.946464907512030260e-03
8.942989757754473898e-03
8.939319052501344676e-03
8.935584008425853653e-03
8.931584900601358470e-03
8.927841196144165742e-03
8.924236836348294760e-03
8.920746458989090022e-03
8.917559904847624161e-03
8.914586609015957841e-03
8.911405825709449446e-03
8.907886937373645994e-03
8.904392381386369223e-03
8.900870159983264446e-03
8.897543448372279354e-03
8.894131127721640120e-03
8.890501931900808563e-03
8.886716351632932206e-03
8.883053740864564271e-03
8.879646415873304263e-03
8.876219443278040439e-03
8.872810051777547599e-03
8.869163075343388866e-03
8.865506650401070235e-03
8.861951829955572874e-03
8.858422960999558921e-03
8.855017167214688026e-03
8.851506500620070009e-03
8.848127700400908180e-03
8.844770362409843517e-03
8.841232478143064288e-03
8.837464522327236754e-03
8.833892039703229726e-03
8.830336484060943500e-03
8.826889461258377936e-03
8.823357839959820870e-03
8.819660089149786511e-03
8.816152045388960662e-03
8.812712227402331663e-03
8.809417502201027234e-03
8.806123163836740084e-03
8.802861705492529346e-03
8.799646369907631813e-03
8.796297534072359051e-03
8.792814972754095515e-03
8.789193717884459175e-03
8.785365245068342196e-03
8.781329173474936717e-03
8.777247451547624119e-03
8.773383282365284849e-03
8.769563041050436672e-03
8.765947440082492645e-03
8.762311340318958836e-03
8.758744114061082359e-03
8.754932441533341131e-03
8.751250548225496598e-03
8.747330195142975773e-03
8.743393688377378015e-03
8.739446770234195541e-03
8.735488730479919195e-03
8.731661650352133194e-03
8.727655973149214819e-03
8.723546472720533282e-03
8.719455224767504176e-03
8.715351020496047221e-03
8.710904273643561152e-03
8.706410693422863764e-03
8.701833166848438675e-03
8.697067450729543264e-03
8.692286709155273156e-03
8.687535542500162550e-03
8.682799670078013635e-03
8.677947835049134098e-03
8.673076851118797018e-03
8.668443990521919329e-03
8.663678866014023691e-03
8.658777362595250146e-03
8.653891719024841764e-03
8.648897907773085009e-03
8.644054210304702446e-03
8.638937525746535895e-03
8.633573670260802010e-03
8.628284890717680122e-03
8.622768469134640262e-03
8.617297928279699093e-03
8.612098510339276369e-03
8.606843907593008866e-03
8.601678841380102497e-03
8.596591291692875364e-03
8.591203016862515238e-03
8.585692802690317663e-03
8.580186294626937493e-03
8.574573899174731464e-03
8.569091632803753009e-03
8.563671448424341193e-03
8.558560694944752564e-03
8.553532065733967724e-03
8.548595846883930149e-03
8.543486749239442499e-03
8.538423454101645022e-03
8.533258782468125178e-03
8.528169649489467791e-03
8.523209623833669091e-03
8.518117854507263956e-03
8.513072350915961220e-03
8.508016230281542289e-03
8.502871112358178704e-03
8.497572007729719754e-03
8.492314159897641074e-03
8.486972401139047939e-03
8.481775691057727093e-03
8.476574010468002074e-03
8.471264101196430626e-03
8.465741102211056177e-03
8.460478073231155957e-03
8.455192912613060038e-03
8.449986549343443606e-03
8.444906672721371951e-03
8.439989149679848549e-03
8.435199980135777223e-03
8.430187354734537328e-03
8.425043461795053701e-03
8.419945428890423036e-03
8.415022356351909219e-03
8.410059890206888350e-03
8.405129663999011055e-03
8.400246531537631720e-03
8.395412872217622446e-03
8.390821968045933041e-03
8.386162395424114416e-03
8.381646515954618848e-03
8.376750987581707900e-03
8.371693573408233585e-03
8.366594350290008572e-03
8.361156345271557669e-03
8.355568673978783223e-03
8.350003593376424324e-03
8.344470914925614102e-03
8.338974803975085157e-03
8.333497233704108623e-03
8.328037253208740373e-03
8.322626100281765166e-03
8.317110589483107247e-03
8.311414688194627629e-03
8.305618497767792985e-03
8.299653697079930822e-03
8.293570983552440989e-03
8.287749556937368256e-03
8.281794721901131195e-03
8.275801712001448415e-03
8.269914469788841246e-03
8.263864235789687360e-03
8.257996613730859622e-03
8.252169094338958691e-03
8.246222597109090571e-03
8.240294315660730631e-03
8.234407064039968652e-03
8.228602000738535760e-03
8.222617004028718105e-03
8.216664801727122450e-03
8.210913617985074811e-03
8.205092629001662155e-03
8.199109580882419854e-03
8.193038318884878282e-03
8.186921953305602642e-03
8.180724075620999375e-03
8.174343340351750836e-03
8.167897754630181612e-03
8.161489993910730698e-03
8.155201704405980537e-03
8.148942521148859475e-03
8.142664628334649046e-03
8.136507761192101826e-03
8.130170763163781233e-03
8.123820534080167591e-03
8.117602452607773980e-03
8.111452269524588310e-03
8.105103379026553853e-03
8.098614623298316245e-03
8.092067499124697832e-03
8.085618947464989423e-03
8.079207119936074669e-03
8.072673475629402878e-03
8.066251342910698077e-03
8.059788160023074674e-03
8.053189344237220854e-03
8.046494392391259631e-03
8.039725458107027309e-03
8.033012977134029037e-03
8.026271562028657741e-03
8.019547394415708561e-03
8.012816183286221999e-03
8.005943099658170345e-03
7.999107810379485831e-03
7.992197707401681867e-03
7.985216309198387222e-03
7.978287611508667193e-03
7.971203108231451201e-03
7.964117340413879101e-03
7.957135788571441382e-03
7.950228561708542682e-03
7.943266722893143825e-03
7.936394911418780118e-03
7.929553823174522245e-03
7.922662475281295677e-03
7.915665196301773995e-03
7.908672931035431314e-03
7.901745434527665535e-03
7.894954074559366528e-03
7.888139040918897352e-03
7.881499680845959616e-03
7.874953882576855857e-03
7.868471903441046078e-03
7.861915328201940154e-03
7.855140048211693357e-03
7.848275442644235544e-03
7.841339823697055997e-03
7.834541485600064054e-03
7.827966505853290249e-03
7.821250406213346024e-03
7.814461764462503693e-03
7.807535589436714711e-03
7.800531437096856410e-03
7.793549228466731087e-03
7.786479275791195233e-03
7.779415547266446164e-03
7.772221307844267603e-03
7.764966589734806877e-03
7.757672538866839350e-03
7.750434594850730795e-03
7.743100312065161195e-03
7.735693342714818413e-03
7.728267642597982240e-03
7.720763010391948865e-03
7.713365476727928639e-03
7.705893886392721492e-03
7.698333391677023192e-03
7.690719109113844203e-03
7.683104103847246402e-03
7.675377662809263792e-03
7.667708773947862037e-03
7.659929281924973167e-03
7.652355770406504658e-03
7.644762050372708000e-03
7.637231008539978154e-03
7.629685869415532389e-03
7.622358749801326147e-03
7.615205560512874720e-03
7.608200528739370722e-03
7.601044686075821531e-03
7.593687945833137512e-03
7.586219202971925674e-03
7.578826495509070720e-03
7.571292794646965717e-03
7.563686930774472274e-03
7.555966870347693119e-03
7.548233472161668817e-03
7.540529662872131993e-03
7.532522136059953063e-03
7.524342549338107825e-03
7.516250941366961306e-03
7.508321859226525959e-03
7.500339574189410392e-03
7.492523197504701027e-03
7.484647788304986046e-03
7.476622167187343439e-03
7.468661668200064427e-03
7.460692006371725735e-03
7.452376249410568726e-03
7.443853756075482879e-03
7.435357946479289985e-03
7.426865765882004027e-03
7.418261349031344404e-03
7.409656424606671579e-03
7.401119262528362171e-03
7.392607922278281347e-03
7.384127520480091196e-03
7.375539831443053695e-03
7.366646285962442225e-03
7.357809530232815864e-03
7.348870948859028210e-03
7.340136164511968861e-03
7.331537532205251173e-03
7.323100999023416866e-03
7.314612062010389729e-03
7.306119628692139822e-03
7.297670450284160677e-03
7.289403694886521443e-03
7.281224570498607759e-03
7.273217057908636443e-03
7.265245927821733542e-03
7.257307644216364449e-03
7.249322531685115957e-03
7.241264381104509790e-03
