5.556269519261845292e-03
5.549978797784315722e-03
5.543655297265874006e-03
5.537305755821735238e-03
5.530943266669574414e-03
5.524674044090907392e-03
5.518412199663470102e-03
5.512221152463095408e-03
5.506012460023514306e-03
5.499797302375569741e-03
5.493566933502208767e-03
5.487336254370921672e-03
5.481060273312257647e-03
5.474853234314686588e-03
5.468606274009215479e-03
5.462327044486240540e-03
5.456068010211060845e-03
5.449725957305593185e-03
5.443334332672376819e-03
5.436909943591444749e-03
5.430572762748978391e-03
5.424246370924151392e-03
5.417836677661335559e-03
5.411332718730683944e-03
5.404876638106981615e-03
5.398372846364623591e-03
5.391689496647818214e-03
5.384999852758667188e-03
5.378381357084071300e-03
5.371800003816143074e-03
5.365203610874973682e-03
5.358793573710107783e-03
5.352584102481836893e-03
5.346426290043032603e-03
5.340223454120673202e-03
5.334107619082002066e-03
5.328065661091786233e-03
5.322080647068191429e-03
5.316203214417700856e-03
5.310395365412790177e-03
5.304651706436186095e-03
5.298891565546830738e-03
5.293132662169923799e-03
5.287429182861798360e-03
5.281810476323719680e-03
5.276258078173614099e-03
5.270642407583491125e-03
5.265209513025722460e-03
5.259929124738420107e-03
5.254905210753540307e-03
5.249993457402364790e-03
5.245226302592240729e-03
5.240544860288326445e-03
5.236088004040912423e-03
5.231768111136601146e-03
5.227699268464110899e-03
5.223846733751826531e-03
5.220272113140727449e-03
5.216754440203202545e-03
5.213228227758779157e-03
5.209900015616849775e-03
5.206752517455762522e-03
5.203700534393517624e-03
5.200847360735011936e-03
5.198246790334130722e-03
5.195742485525934283e-03
5.193320482592152405e-03
5.190997667691156850e-03
5.189001883133054910e-03
5.187309169845363659e-03
5.185808079023287998e-03
5.184530252283034435e-03
5.183343924227942420e-03
5.182336755860956351e-03
5.181518754079461608e-03
5.180768338599488383e-03
5.180079962410967520e-03
5.179501910788027880e-03
5.179033265063141996e-03
5.178735107664536423e-03
5.178582175188270291e-03
5.178578410143571537e-03
5.178608083602112555e-03
5.178836531037178670e-03
5.179260211416677334e-03
5.179938454014467765e-03
5.180761751577819818e-03
5.181713386591281674e-03
5.182858582666244503e-03
5.184313564242790801e-03
5.185940877768416973e-03
5.187587674947545351e-03
5.189238950407986349e-03
5.190937486334160945e-03
5.192831823166343432e-03
5.194812840301127332e-03
5.196880810176128518e-03
5.199108188246615372e-03
5.201475646457282345e-03
5.203946874870591863e-03
5.206645429717473607e-03
5.209546302012994269e-03
5.212545397501088321e-03
5.215763302908351176e-03
5.219230286119734726e-03
5.222935877947910283e-03
5.226817815182668685e-03
5.230959143998370822e-03
5.235379158383886809e-03
5.239900617632990351e-03
5.244595290898402054e-03
5.249525315729301755e-03
5.254655873040366999e-03
5.259991889607355982e-03
5.265521573282868663e-03
5.271172956897177131e-03
5.276854848363018817e-03
5.282597776835175167e-03
5.288433813185678886e-03
5.294387747829981325e-03
5.300496696756839751e-03
5.306697674040892522e-03
5.313042060590866984e-03
5.319560488605468672e-03
5.326101345565400699e-03
5.332646569973428612e-03
5.339206798533637638e-03
5.345850049618781387e-03
5.352619010909429043e-03
5.359528307040806530e-03
5.366652510936300614e-03
5.373971002643865985e-03
5.381431719550728784e-03
5.388950370884636361e-03
5.396660980749990073e-03
5.404541431679397642e-03
5.412540781873882018e-03
5.420617537010345884e-03
5.428881492545419366e-03
5.437435100977101692e-03
5.446245207126013989e-03
5.455203122366132466e-03
5.464307948863946461e-03
5.473574409606255312e-03
5.483107937481635809e-03
5.492851209475742291e-03
5.502816999750175658e-03
5.512854783659168999e-03
5.522968707453621354e-03
5.533269007295313173e-03
5.543732489386494003e-03
5.554295032535573953e-03
5.565035613057409819e-03
5.575833295114850617e-03
5.586694721943871560e-03
5.597648552611625937e-03
5.608555177620250416e-03
5.619421783485557126e-03
5.630468394787438435e-03
5.641656515142748005e-03
5.652987126377992215e-03
5.664471274932920963e-03
5.676037317878925535e-03
5.687765249957667420e-03
5.699803951147591058e-03
5.711986985057157865e-03
5.724254540883946807e-03
5.736641872975306415e-03
5.749192699920254758e-03
5.761913749229304049e-03
5.774785668446948995e-03
5.788034435708021806e-03
5.801398013042202012e-03
5.814882170721388799e-03
5.828810796436570581e-03
5.842749822173897052e-03
5.856721433252086613e-03
5.870822927345358856e-03
5.884961555445999276e-03
5.899193961398169032e-03
5.913555116319206030e-03
5.927951201064933680e-03
5.942304373085171079e-03
5.956687884595560437e-03
5.971320275329980616e-03
5.986183260623216540e-03
6.001344836793993942e-03
6.016778085166346601e-03
6.032351313450365522e-03
6.048098258770198861e-03
6.064019717510834087e-03
6.080053188466265357e-03
6.096141884206538950e-03
6.112459987248204836e-03
6.128962538252080879e-03
6.145576929918577722e-03
6.162265827501759927e-03
6.179078821498759817e-03
6.196036609848417677e-03
6.213276077297034440e-03
6.230621799920964959e-03
6.248058279745518327e-03
6.265687848018470368e-03
6.283542923596241621e-03
6.301555757259053557e-03
6.319616659315756627e-03
6.337712125287998412e-03
6.355834704668572067e-03
6.373976124569686978e-03
6.392056934280290412e-03
6.410198504524175674e-03
6.428443932623728076e-03
6.446807306315928063e-03
6.465312522124284748e-03
6.484076484315990166e-03
6.502943402963669121e-03
6.521825216338017137e-03
6.540851487999190840e-03
6.559948819987276337e-03
6.579310242565579274e-03
6.598797594575799182e-03
6.618424087224654070e-03
6.638242362254280320e-03
6.658111676495988979e-03
6.678091721097374235e-03
6.698072008199208900e-03
6.718225849606292849e-03
6.738474236345042001e-03
6.758838509393409917e-03
6.779417159407699102e-03
6.800166773176780262e-03
6.821155698476105700e-03
6.842493356688472868e-03
6.864067035407194275e-03
6.885783862591238376e-03
6.907652685753105579e-03
6.929762401765868739e-03
6.952102165491426920e-03
6.974758802225877047e-03
6.997608296451447371e-03
7.020654345361511395e-03
7.043799880268341619e-03
7.067027250067298497e-03
7.090202049072392293e-03
7.113337660793292438e-03
7.136471622122207183e-03
7.159726099604833867e-03
7.183162567292606868e-03
7.206693581438207603e-03
7.230263140391968678e-03
7.253888086485746518e-03
7.277644519438519755e-03
7.301603058496661768e-03
7.325810231275283954e-03
7.350228401779829342e-03
7.374774517735887755e-03
7.399361978516896116e-03
7.423982298859476206e-03
7.448795918524490217e-03
7.473529235629934424e-03
7.498230379570199750e-03
7.523067051605652512e-03
7.548180250919387518e-03
7.573434057699162704e-03
7.598821118475489363e-03
7.624426933425913072e-03
7.650035594190426370e-03
7.675588141252044465e-03
7.701281389626626027e-03
7.726950562136227114e-03
7.752717090692833567e-03
7.778551201797084987e-03
7.804605918112140182e-03
7.830841484579922906e-03
7.857429969158119185e-03
7.884221791113312297e-03
7.911126319468988685e-03
7.938257048939786897e-03
7.965384811346272118e-03
7.992536313270364248e-03
8.019726052184709270e-03
8.046930943623220242e-03
8.074197546545881440e-03
8.101525047112177053e-03
8.128940551691920743e-03
8.156481011197133646e-03
8.184142311003329145e-03
8.212065932103704280e-03
8.240164765784457890e-03
8.268320737601116480e-03
8.296375500016116983e-03
8.324394378746304002e-03
8.352416912626441092e-03
8.380549799601625521e-03
8.408834101454487620e-03
8.437323639019901275e-03
8.465989902353476815e-03
8.494703048231225587e-03
8.523550056608975717e-03
8.552350097980320268e-03
8.581091463252388599e-03
8.609669074653360232e-03
8.638380365740527464e-03
8.667139870121234532e-03
8.696008822537262123e-03
8.724872640775836741e-03
8.753670023276162102e-03
8.782300098860893259e-03
8.811072300354876041e-03
8.839881640454726533e-03
8.868577238834838075e-03
8.897498797331173520e-03
8.926485875619788110e-03
8.955651259683358387e-03
8.984867755033447770e-03
9.014216957815608319e-03
9.043656466863930071e-03
9.073181068418763318e-03
9.102677807197586540e-03
9.132408798031349181e-03
9.162166831419016333e-03
9.191616468051866037e-03
9.221025984749801549e-03
9.250402457570810685e-03
9.279919689889873716e-03
9.309540091509730178e-03
9.339329214130618131e-03
9.369104643359296020e-03
9.398944797684509814e-03
9.428964406471014581e-03
9.458882994675871236e-03
9.488783864206302640e-03
9.518871466214587698e-03
9.549046025280047423e-03
9.579247905437080282e-03
9.609513421315571055e-03
9.640062086874300745e-03
9.670544418800237213e-03
9.701145465582046434e-03
9.731708746109769825e-03
9.762463389147130188e-03
9.793442318446999098e-03
9.824659400830696235e-03
9.855994062897889887e-03
9.887303787960738388e-03
9.918555689054369892e-03
9.949971191611693688e-03
9.981655174449051426e-03
1.001313728467218521e-02
1.004444218938168806e-02
1.007567894245580548e-02
1.010683422551463331e-02
1.013808534242337765e-02
1.016949223133473308e-02
1.020076328771148469e-02
1.023212332035580360e-02
1.026336086136868560e-02
1.029454770101840937e-02
1.032583358070432097e-02
1.035731349603562224e-02
1.038875473780078579e-02
1.042028364122582311e-02
1.045170343671678742e-02
1.048289140778501174e-02
1.051409553966874133e-02
1.054544647066309355e-02
1.057686948622967547e-02
1.060833549119468214e-02
1.063979745248347722e-02
1.067121612331291616e-02
1.070250427897440071e-02
1.073378065421935236e-02
1.076520087990461005e-02
1.079672978295426015e-02
1.082847310069629497e-02
1.086037855889312662e-02
1.089228517703792407e-02
1.092434037137867547e-02
1.095651819023810841e-02
1.098877975658995622e-02
1.102097739779643593e-02
1.105309080162956460e-02
1.108503314804867336e-02
1.111708565085967743e-02
1.114926225308760302e-02
1.118148937912030912e-02
1.121374944204445168e-02
1.124591932032804539e-02
1.127788292908138597e-02
1.130977766245187290e-02
1.134170478577392963e-02
1.137367105940449187e-02
1.140530357921706352e-02
1.143697696561066755e-02
1.146844981689639116e-02
1.149995894302090552e-02
1.153160603575904830e-02
1.156338017470748963e-02
1.159516842410386606e-02
1.162708841843827258e-02
1.165942111024679574e-02
1.169186546713034749e-02
1.172440377229144216e-02
1.175705815708681483e-02
1.178964688845189103e-02
1.182210380768453778e-02
1.185447843405207369e-02
1.188688487039719736e-02
1.191937827693806580e-02
1.195192922440583248e-02
1.198458674443920492e-02
1.201728898328209734e-02
1.205005766311866532e-02
1.208302120220121866e-02
1.211622841594515478e-02
1.214953114821334772e-02
1.218250935106529251e-02
1.221521361737710684e-02
1.224780529816327408e-02
1.228040391986785600e-02
1.231295028460268476e-02
1.234545966914525270e-02
1.237801218986283452e-02
1.241069096922733754e-02
1.244351106554061719e-02
1.247656565753544819e-02
1.250991334285508037e-02
1.254342308717038001e-02
1.257695983349771569e-02
1.261056141303324232e-02
1.264418794684094537e-02
1.267791205817439364e-02
1.271184146640858686e-02
1.274576264764613540e-02
1.277989716208412750e-02
1.281379796314851931e-02
1.284768404563691423e-02
1.288159155563012651e-02
1.291577022954997975e-02
1.294995094257577264e-02
1.298412828086622020e-02
1.301827154596668819e-02
1.305249904243430646e-02
1.308695925111655160e-02
1.312153374545530111e-02
1.315612107429921934e-02
1.319082864695307958e-02
1.322565445809583372e-02
1.326052950658975112e-02
1.329533619022807422e-02
1.333020674270361111e-02
1.336511079402595732e-02
1.340009361482454205e-02
1.343504213307126875e-02
1.346998997486937438e-02
1.350493200604140596e-02
1.353970712971034468e-02
1.357447791352218297e-02
1.360921835099304297e-02
1.364383790649488677e-02
1.367843483062358700e-02
1.371288892499111442e-02
1.374703009242516337e-02
1.378133229554803427e-02
1.381566850429109816e-02
1.385000250950841304e-02
1.388409302325353811e-02
1.391807835712139362e-02
1.395172817585221305e-02
1.398535931641766566e-02
1.401914265229180744e-02
1.405291767483013432e-02
1.408670614713405760e-02
1.412044679842457996e-02
1.415427385758008354e-02
1.418804489124880081e-02
1.422175323216994143e-02
1.425542904799994431e-02
1.428924117423308222e-02
1.432333978433993765e-02
1.435763235238693251e-02
1.439199890934791254e-02
1.442649227227106763e-02
1.446083987403056804e-02
1.449535698810834952e-02
1.452994232326824085e-02
1.456476841745331374e-02
1.459975741337942237e-02
1.463485267668094419e-02
1.467005672733545131e-02
1.470518606532850332e-02
1.474007630350996668e-02
1.477473396011171926e-02
1.480946471445707818e-02
1.484420896699304576e-02
1.487907455083709897e-02
1.491402515586400142e-02
1.494899281024907566e-02
1.498388935231604289e-02
1.501881860754338167e-02
