1.958960929146343413e-02
1.947367658547980926e-02
1.935795851369265588e-02
1.924291518070948143e-02
1.912820609713932266e-02
1.901371766379696127e-02
1.889927970436943230e-02
1.878465525957489710e-02
1.867048846635394749e-02
1.855691527126946891e-02
1.844368764056311671e-02
1.833072296681111102e-02
1.821811314357410852e-02
1.810562018314144928e-02
1.799368912403243037e-02
1.788233527424329394e-02
1.777160574455535075e-02
1.766126244762916339e-02
1.755129847158314743e-02
1.744211876557089438e-02
1.733354916654191238e-02
1.722561520010256614e-02
1.711811831143839405e-02
1.701107999528378781e-02
1.690433166729952280e-02
1.679824439665806093e-02
1.669304849614555025e-02
1.658846057369594076e-02
1.648444553392686834e-02
1.638117213556274099e-02
1.627889034868638951e-02
1.617745615094474260e-02
1.607685906730558362e-02
1.597697637906028700e-02
1.587775252910038348e-02
1.577918554731501735e-02
1.568117762933879042e-02
1.558383509267887226e-02
1.548703485257378783e-02
1.539069883532846045e-02
1.529496904021145250e-02
1.519987874337079548e-02
1.510574932024438648e-02
1.501238630993141122e-02
1.491983553610117322e-02
1.482799763336788840e-02
1.473705225264362005e-02
1.464672117469589981e-02
1.455715176753526012e-02
1.446821139520591479e-02
1.437974995246412910e-02
1.429231286910849150e-02
1.420581743067839652e-02
1.411995936462790563e-02
1.403474646592935311e-02
1.395041085567884538e-02
1.386678285036973927e-02
1.378385141324026120e-02
1.370168538642792429e-02
1.362008667929102794e-02
1.353923577532220417e-02
1.345901297423780611e-02
1.337920509218323145e-02
1.330013062933195142e-02
1.322200715261217553e-02
1.314462556824107925e-02
1.306791781362061020e-02
1.299207535904342223e-02
1.291693816235475051e-02
1.284235812281075279e-02
1.276832420565562724e-02
1.269469255817341422e-02
1.262166189352765221e-02
1.254932874348426916e-02
1.247771037369511775e-02
1.240678591518535982e-02
1.233657151009495169e-02
1.226708463727248753e-02
1.219820268578374403e-02
1.212996451742828601e-02
1.206242876637922401e-02
1.199539771284270119e-02
1.192904059590152444e-02
1.186345243296075928e-02
1.179852442831514324e-02
1.173416132072184481e-02
1.167029815145247638e-02
1.160716422823663066e-02
1.154472912050574958e-02
1.148294999521041679e-02
1.142191644871166055e-02
1.136152915431795987e-02
1.130131630460203158e-02
1.124155143110735534e-02
1.118227281178833278e-02
1.112356758210505947e-02
1.106542652319277009e-02
1.100767159345576209e-02
1.095048579645808463e-02
1.089409253517480483e-02
1.083846600841220989e-02
1.078347002260671150e-02
1.072893545978494817e-02
1.067491614697564650e-02
1.062145666315637144e-02
1.056847349188590711e-02
1.051612429496220739e-02
1.046444926289303266e-02
1.041337551256275862e-02
1.036287395733767602e-02
1.031295918309421862e-02
1.026362430165594745e-02
1.021482351225221248e-02
1.016656429354428730e-02
1.011876211197801183e-02
1.007149834306474666e-02
1.002476549012461075e-02
9.978603271709187220e-03
9.933021011697950112e-03
9.887891735298226167e-03
9.843305217133273277e-03
9.799280008205858358e-03
9.755861531083535876e-03
9.712836340982064498e-03
9.670169540923208296e-03
9.628116606630973684e-03
9.586518285695913577e-03
9.545483131416685266e-03
9.504944874821088380e-03
9.464778235334944320e-03
9.425135836208768311e-03
9.385959041134433675e-03
9.347202351434533152e-03
9.309083933425837606e-03
9.271582379686792857e-03
9.234651771293470035e-03
9.198073492590030584e-03
9.161886758263933575e-03
9.126051943892054402e-03
9.090623476466495531e-03
9.055663756964690836e-03
9.021137696960682129e-03
8.986982234419311349e-03
8.953315273265082322e-03
8.920022312181368970e-03
8.887155413030126475e-03
8.854642056352548737e-03
8.822442914469484296e-03
8.790670869838141180e-03
8.759294800191212704e-03
8.728278213246620787e-03
8.697834685549686237e-03
8.667855433689095404e-03
8.638011848535472048e-03
8.608377457369722346e-03
8.579066673198517540e-03
8.550051279865283210e-03
8.521487796300148548e-03
8.493139593728145018e-03
8.464928988012768857e-03
8.437063655777923138e-03
8.409492797778155351e-03
8.382276418938188964e-03
8.355360656426702101e-03
8.328835995898163994e-03
8.302757332875436436e-03
8.277123692898995938e-03
8.251840939622155993e-03
8.226761287415573082e-03
8.201920234159332246e-03
8.177333964646810519e-03
8.153130217678479161e-03
8.129215132489139850e-03
8.105649116184504219e-03
8.082350116077278296e-03
8.059329004356923301e-03
8.036538213866009292e-03
8.014136614540850329e-03
7.991899481361317351e-03
7.969876464581526765e-03
7.948224259821902102e-03
7.926893414868794660e-03
7.905795052979378013e-03
7.884934771395282413e-03
7.864291217900408471e-03
7.843838710815098300e-03
7.823655477297615166e-03
7.803729902899719101e-03
7.784073418270450254e-03
7.764676179665309409e-03
7.745497062013685478e-03
7.726436390886011647e-03
7.707628525642966875e-03
7.689090018746712503e-03
7.670757561133527067e-03
7.652651532824047802e-03
7.634760325716432108e-03
7.617083059045580244e-03
7.599590770020530663e-03
7.582294881512762798e-03
7.565196473301507088e-03
7.548226156520535142e-03
7.531273612868648847e-03
7.514465226073005488e-03
7.497719657322252096e-03
7.481109846773350766e-03
7.464550121816844290e-03
7.448178139418313443e-03
7.432026454611903241e-03
7.416023313759027326e-03
7.400097594810890224e-03
7.384367000050153645e-03
7.368809376388672436e-03
7.353395602651206266e-03
7.338193856122617043e-03
7.323094084868597871e-03
7.308232299222490111e-03
7.293520619201365913e-03
7.278966144474503103e-03
7.264462420917073941e-03
7.250188486136838542e-03
7.236088375066881961e-03
7.222164972523485021e-03
7.208493595812028032e-03
7.195147034585402945e-03
7.181945042563734997e-03
7.168907453915834144e-03
7.155918885589243258e-03
7.142882250226653337e-03
7.129983325407439169e-03
7.117156161112829157e-03
7.104360566945036592e-03
7.091689312700252823e-03
7.079164930144820310e-03
7.066797380672088132e-03
7.054596529326878120e-03
7.042514517537997419e-03
7.030520629631398406e-03
7.018487083691279937e-03
7.006514965201678276e-03
6.994634831386375984e-03
6.982909014601645231e-03
6.971268830778979547e-03
6.959775572985966476e-03
6.948434535238963254e-03
6.937169893050093919e-03
6.925913756795845297e-03
6.914730083774360721e-03
6.903564875292567647e-03
6.892454535129026276e-03
6.881397131326056835e-03
6.870435811994055585e-03
6.859484584754840797e-03
6.848500600077131635e-03
6.837443479947014763e-03
6.826409350018862281e-03
6.815500298502118366e-03
6.804694829625680674e-03
6.794018064113885834e-03
6.783243108076770188e-03
6.772414339209309984e-03
6.761819522697526397e-03
6.751413833158860858e-03
6.741032656928388524e-03
6.730750673691301283e-03
6.720485377878880964e-03
6.710354920593029730e-03
6.700345765667407860e-03
6.690348227143397448e-03
6.680463651906657328e-03
6.670583787619741023e-03
6.660681325627837088e-03
6.650703691742510491e-03
6.640779632682749373e-03
6.630868658595503486e-03
6.620991787237989756e-03
6.611218141993024412e-03
6.601569663388222667e-03
6.591944055665803319e-03
6.582370942749968083e-03
6.572930061103936412e-03
6.563710320595381349e-03
6.554588820429924599e-03
6.545460036259397735e-03
6.536413643795885124e-03
6.527431872512354238e-03
6.518396358918210343e-03
6.509408297632661954e-03
6.500501854621220689e-03
6.491625608758684086e-03
6.482893397343742099e-03
6.474180668443750390e-03
6.465534517426581827e-03
6.456999909119636068e-03
6.448571071927264656e-03
6.440215138637936203e-03
6.431723512961905025e-03
6.423291248001789487e-03
6.414851683629074416e-03
6.406309453711735505e-03
6.397797039728209643e-03
6.389307655377339523e-03
6.380908053430912712e-03
6.372575620348508788e-03
6.364101753162130365e-03
6.355585204489760595e-03
6.347226011258021508e-03
6.338939473394308161e-03
6.330704501543944762e-03
6.322543468815063940e-03
6.314440517002401984e-03
6.306481928709278817e-03
6.298337516604934384e-03
6.290115941195629015e-03
6.281999776798157832e-03
6.273905590913439467e-03
6.265786184870546574e-03
6.257712303037610106e-03
6.249658144881332575e-03
6.241429882211632467e-03
6.233073552112540147e-03
6.224758853846673427e-03
6.216539722753744099e-03
6.208434643287318901e-03
6.200364018903984156e-03
6.192287321981197225e-03
6.184159825870741423e-03
6.176117027257461110e-03
6.168246260220812405e-03
6.160447033312064363e-03
6.152742671960207202e-03
6.145162402104898010e-03
6.137623097743222407e-03
6.130104552768608599e-03
6.122686518919695856e-03
6.115270781612897576e-03
6.107923248428200232e-03
6.100643170549321405e-03
6.093356681223977694e-03
6.086152921975286970e-03
6.078769328926700473e-03
6.071393719705118000e-03
6.063955580171705162e-03
6.056590887446631523e-03
6.049198798071094008e-03
6.041752793901082087e-03
6.034318113600114879e-03
6.026879147447999734e-03
6.019475494418984746e-03
6.012160239158056106e-03
6.004835546711244885e-03
5.997495856232478405e-03
5.990155594794669726e-03
5.982809692074836198e-03
5.975452803948801649e-03
5.968140688802427672e-03
5.960723699503880403e-03
5.953284711037918307e-03
5.945844418377581320e-03
5.938341763550047600e-03
5.930680298787332355e-03
5.922966920872622075e-03
5.915265427781793775e-03
5.907539926293353498e-03
5.899892665634328369e-03
5.892289760848856348e-03
5.884655140108964282e-03
5.876912497210840837e-03
5.869273316180879593e-03
5.861540308108174543e-03
5.853700184123475890e-03
5.845882449797693177e-03
5.838154724312320971e-03
5.830448321834044885e-03
5.822676446411813485e-03
5.815004131620612332e-03
5.807368854304552699e-03
5.799805764460896386e-03
5.792181964187985074e-03
5.784609393325264304e-03
5.776891107748162099e-03
5.769026606928422465e-03
5.761126174738185821e-03
5.753218620169115761e-03
5.745332270970618035e-03
5.737476279811836929e-03
5.729478498194696089e-03
5.721381776827811488e-03
5.713246691790905760e-03
5.705169174700991039e-03
5.697187882157879121e-03
5.689194498412257495e-03
5.681218273145323232e-03
5.673267245807352838e-03
5.665246185329937678e-03
5.657332598608813719e-03
5.649263026230019746e-03
5.641175230896128615e-03
5.633103620954911170e-03
5.624927018116739931e-03
5.616800507699565466e-03
5.608639337698641085e-03
5.600442857504767460e-03
5.592161407558146960e-03
5.583908546210713218e-03
5.575620285475658619e-03
5.567305500977082558e-03
5.558862894223685902e-03
5.550024513598238347e-03
5.541034981184687555e-03
5.531925487571380876e-03
5.522460886915240771e-03
5.513068316207209163e-03
5.503674719248618195e-03
5.493981454110640796e-03
5.483382243108577726e-03
5.472818207684404350e-03
5.462305345692210733e-03
5.451736236381459974e-03
5.441215224491884397e-03
5.430723957354560358e-03
5.420275194267371727e-03
5.409836521101578019e-03
5.399450690197048902e-03
5.389096538235543278e-03
5.378843876896166262e-03
5.368624011091119134e-03
5.358469982889223389e-03
5.348072907502905010e-03
5.337228333488313638e-03
5.326433474611093691e-03
5.315642938048756490e-03
5.304856310200316977e-03
5.294122325670049152e-03
5.283363729111005200e-03
5.271789217949761353e-03
5.259782373131315081e-03
5.247672929895595521e-03
5.235491101323854791e-03
5.223149818426160891e-03
5.210583845726929862e-03
5.197923995568463733e-03
5.185307021251053111e-03
5.172321755040983418e-03
5.159281112580012957e-03
5.146074105341365452e-03
5.132687265491259546e-03
5.119382872585200722e-03
5.106089253196287141e-03
5.092760079550127765e-03
5.079276175766287565e-03
5.065367149911988512e-03
5.051229997856605466e-03
5.037153624120132255e-03
5.022983307104828508e-03
5.008841898148609292e-03
4.994642734348365629e-03
4.980404407978639494e-03
4.966013013079946005e-03
4.951618667118917912e-03
4.937346147472838204e-03
4.923021692506683589e-03
4.908549209810738993e-03
4.893985436623018125e-03
4.879332167690057266e-03
4.864511059423238214e-03
4.849740768421392442e-03
4.835070254391829123e-03
4.820244120673019758e-03
4.805145657988688958e-03
4.789907473412635848e-03
4.774505201170662662e-03
4.758930638884397400e-03
4.743237458780342683e-03
4.727547572693030498e-03
4.711897710806860033e-03
4.695967857408332377e-03
4.679895260984574118e-03
4.663897594469956949e-03
4.647978299025274686e-03
4.632087116348577484e-03
4.616008360286834658e-03
4.600049584528218515e-03
4.583998421391445761e-03
4.567825017678002475e-03
4.551271195760262997e-03
4.534757195138278303e-03
4.517975336954091828e-03
4.501081265430779445e-03
4.484291304707711812e-03
4.467486642056196951e-03
4.450819190111830748e-03
4.434179362614674297e-03
4.417330067586123891e-03
4.400588437999471310e-03
4.383948655331585363e-03
4.367309705012764956e-03
4.350679756702218771e-03
4.334201813738152581e-03
4.317837235968640178e-03
