2.204639827786548587e-02
2.174372702300549076e-02
2.145105885439019949e-02
2.116625606910084792e-02
2.089025064621524014e-02
2.062387437052850409e-02
2.036537939530963515e-02
2.011345005383955928e-02
1.986820170202821881e-02
1.963019911577046708e-02
1.939923257550087154e-02
1.917367845687964131e-02
1.895275780143879790e-02
1.873719547750612655e-02
1.852878011795501198e-02
1.832799920176808248e-02
1.813283599382998004e-02
1.794368666579230706e-02
1.776092368311651265e-02
1.758458293097713010e-02
1.741356445715020254e-02
1.724766309992206356e-02
1.708604406222251695e-02
1.692792963814672771e-02
1.677252028485443427e-02
1.661309141460919417e-02
1.645329078932370598e-02
1.629920234586073463e-02
1.614996851729414915e-02
1.600554426566462574e-02
1.586534625763434680e-02
1.572985701360782307e-02
1.559843628940873507e-02
1.547099927140867769e-02
1.534756458809274395e-02
1.522825918123097734e-02
1.511266404940630158e-02
1.500051260564246210e-02
1.489146635542166336e-02
1.478356265217335361e-02
1.467850378312668923e-02
1.457631765079004348e-02
1.447655824504778983e-02
1.437923033232647689e-02
1.428415849040392920e-02
1.419163404805908260e-02
1.410123063089696420e-02
1.401273767777986949e-02
1.392624998870455044e-02
1.384155432383712796e-02
1.375939429587970386e-02
1.367925441321191614e-02
1.360039169180046748e-02
1.352285943430429731e-02
1.344664496607476945e-02
1.336919436808232248e-02
1.328551172259443379e-02
1.320378838899093944e-02
1.312413788747732180e-02
1.304675591176238103e-02
1.297164945752419390e-02
1.289881151064376473e-02
1.282758431337285322e-02
1.275785948932618881e-02
1.268996517874982494e-02
1.262379773626955137e-02
1.255979113262564034e-02
1.249729858511552591e-02
1.243597398580770404e-02
1.237613312971402348e-02
1.231757431627743607e-02
1.226031489055598618e-02
1.220438076138575557e-02
1.214989055815119019e-02
1.209630603863806955e-02
1.204386913264643942e-02
1.199258533521861854e-02
1.194252167072402428e-02
1.189362146918229030e-02
1.184581081818834349e-02
1.179897688319405009e-02
1.175311146779688468e-02
1.170809629542990220e-02
1.166428108019818347e-02
1.162140551664019548e-02
1.157967145752096354e-02
1.153905460732685198e-02
1.149781163371575016e-02
1.145686116076183141e-02
1.141667533350576927e-02
1.137703772717201835e-02
1.133766401193263447e-02
1.129934010152084355e-02
1.126216198578333487e-02
1.122574190106065233e-02
1.119013900575469879e-02
1.115520859555935856e-02
1.112034348726701621e-02
1.108619618705770395e-02
1.105262469885979343e-02
1.101979862731299400e-02
1.098764551761917049e-02
1.095624954162282075e-02
1.092562555522140835e-02
1.089591422331488701e-02
1.086698927564313903e-02
1.083868293429680538e-02
1.081056606639139647e-02
1.078145927691046869e-02
1.075300112362056158e-02
1.072519549044695202e-02
1.069728198858819340e-02
1.066914065314774306e-02
1.063978124419785905e-02
1.061150759686703068e-02
1.058384189032309831e-02
1.055577041098910637e-02
1.052827356074952092e-02
1.050148255411918578e-02
1.047548477818509467e-02
1.044944578003717366e-02
1.042369635930864673e-02
1.039862571382764098e-02
1.037433654516159431e-02
1.035076100961053111e-02
1.032686510412745250e-02
1.030350956507196207e-02
1.028083190397010259e-02
1.025801934059164706e-02
1.023401338889327536e-02
1.020791683435734280e-02
1.017795051787518182e-02
1.014853752955870679e-02
1.011966612821943098e-02
1.009068365602069917e-02
1.006147252553698211e-02
1.003266103848965071e-02
1.000423209589902489e-02
9.976617344550568756e-03
9.949938121077833708e-03
9.923848580496663629e-03
9.898491665864518618e-03
9.873808056318740881e-03
9.849584889383925651e-03
9.826064382805942132e-03
9.803451768108836437e-03
9.780958500490521609e-03
9.758744471786139421e-03
9.736490167959343037e-03
9.714225121076468239e-03
9.689561214058622571e-03
9.665298035054316339e-03
9.639913511619475905e-03
9.614316266198075223e-03
9.588545585223470780e-03
9.562369222455130088e-03
9.536618845578962930e-03
9.510911085171025112e-03
9.485384859329171539e-03
9.460962615181396987e-03
9.437086493485956004e-03
9.414094383541835032e-03
9.391758759344765936e-03
9.369907710576922191e-03
9.347143602974720966e-03
9.323812489821430710e-03
9.301098990357057478e-03
9.278550192224246929e-03
9.256253193039151381e-03
9.234035276919561747e-03
9.212264109379433852e-03
9.191326473753270651e-03
9.171108005764641233e-03
9.151482025948584273e-03
9.132197687780471348e-03
9.112883689726515926e-03
9.094228143477446277e-03
9.076141853765358133e-03
9.058441384380510469e-03
9.040343569506753552e-03
9.022993889401852499e-03
9.005116424025934665e-03
8.987349883243178628e-03
8.969936488585588188e-03
8.952562211736028730e-03
8.935704062976659520e-03
8.918918749284620098e-03
8.902849188895773161e-03
8.887409129660888557e-03
8.872105760986504636e-03
8.856994711502605075e-03
8.841376344900810785e-03
8.825613919612800354e-03
8.809751524497566252e-03
8.791147989839192406e-03
8.772681229526088295e-03
8.754928462710417220e-03
8.737554508405399184e-03
8.719975539236618500e-03
8.700940217340594196e-03
8.678292284376219398e-03
8.655273206793042545e-03
8.630730294588927556e-03
8.606237523649595128e-03
8.580045622320750173e-03
8.553777159413581549e-03
8.528213929799067367e-03
8.502736659480062895e-03
8.476805215051624529e-03
8.451326567628742945e-03
8.426201957980170368e-03
8.400184202434372860e-03
8.374643978720609089e-03
8.349515960754897576e-03
8.324327358518197190e-03
8.298898815736340320e-03
8.272329931799654937e-03
8.244429307131716927e-03
8.216217977022025401e-03
8.187854686376821317e-03
8.158501564401279479e-03
8.130027846073202558e-03
8.101606548697197832e-03
8.073315580093755328e-03
8.044796128418265496e-03
8.016862322936536486e-03
7.989743947866775192e-03
7.962915422516550490e-03
7.935575558755271486e-03
7.908323013625149708e-03
7.881089518494310830e-03
7.854615494325516839e-03
7.827981161009793520e-03
7.800777821209830230e-03
7.774270611904421889e-03
7.748401833240738806e-03
7.722851896603270122e-03
7.695867389335843411e-03
7.665761723700871902e-03
7.636221962050886332e-03
7.607076653304768732e-03
7.577746447093580695e-03
7.548955162493898099e-03
7.520041296053231288e-03
7.491934433604391548e-03
7.464259088902506882e-03
7.437310965248580645e-03
7.411302999035387223e-03
7.386139833907482029e-03
7.361632005737191869e-03
7.332001946715408641e-03
7.302580934992991372e-03
7.274227604553688657e-03
7.246695771128829240e-03
7.218162417836750631e-03
7.189231845635512055e-03
7.159812651364053614e-03
7.129195905678238632e-03
7.098024127140553814e-03
7.067672557362071097e-03
7.038079361384791920e-03
7.009279095842060187e-03
6.980746048823469919e-03
6.952469998249078201e-03
6.924899582614597177e-03
6.897903013678821464e-03
6.871077718487388249e-03
6.844275225437599502e-03
6.817481099242903193e-03
6.790600130847643419e-03
6.764238319311367820e-03
6.734458694628111565e-03
6.704862402215371921e-03
6.675874910461403362e-03
6.647344503766752614e-03
6.619377196993947270e-03
6.592050629144846803e-03
6.565339689113453697e-03
6.539293400297884959e-03
6.513185407676331390e-03
6.487516485914605023e-03
6.462445155885516990e-03
6.437954060041856108e-03
6.413724475059050245e-03
6.389771125121131157e-03
6.366228038052904395e-03
6.343127499906007702e-03
6.320500317448488233e-03
6.298287088176385100e-03
6.276353346696537938e-03
6.254091606097636306e-03
6.231108631776477447e-03
6.208420280274813859e-03
6.185825884500398969e-03
6.163394906604374029e-03
6.140866237313956713e-03
6.118088173473601628e-03
6.095114322974592817e-03
6.072585850883590285e-03
6.050466962799318574e-03
6.028305030418333946e-03
6.005977758406846022e-03
5.982493169735218254e-03
5.959572325875388092e-03
5.937081316962313469e-03
5.914860660160995397e-03
5.892980817912159795e-03
5.871475066329553960e-03
5.850481551378701635e-03
5.829724299488915976e-03
5.808818033939026383e-03
5.788310132595120283e-03
5.768046524418527464e-03
5.747905883113304040e-03
5.727820312907159171e-03
5.708129999913620807e-03
5.688701807312835507e-03
5.669402380327370761e-03
5.650268830613528435e-03
5.631325494293191840e-03
5.612772241269496816e-03
5.594420488697343131e-03
5.576227731332560923e-03
5.558232347278608404e-03
5.540654046937687136e-03
5.523398933369769170e-03
5.506103550587198268e-03
5.488714910910660709e-03
5.471625773641023566e-03
5.454997634817537570e-03
5.438743680275069138e-03
5.422560391228448823e-03
5.406684277544148397e-03
5.390835557135197423e-03
5.374639439415089884e-03
5.358555361882028772e-03
5.342729341565357649e-03
5.327046693217457607e-03
5.311131429088750827e-03
5.294461765447631800e-03
5.277475866757102077e-03
5.260823335334042193e-03
5.244289838349885241e-03
5.227823796682566637e-03
5.211733924154611855e-03
5.195947416814043589e-03
5.180382571752248713e-03
5.165079983170254782e-03
5.150146534293570735e-03
5.135406113325840377e-03
5.120882300868765009e-03
5.106509530799395284e-03
5.092431421202851805e-03
5.078476834393695800e-03
5.064742149095122214e-03
5.051338913457511723e-03
5.038194467938983748e-03
5.025418542734201577e-03
5.012968596746037592e-03
5.000818937514761760e-03
4.988855716192776464e-03
4.977056100769585052e-03
4.965661808995890797e-03
4.954254251941307176e-03
4.941707268552024412e-03
4.929448865278769978e-03
4.917515763807382700e-03
4.905864948904253148e-03
4.894493299486215969e-03
4.883295880146153178e-03
4.872658203716989656e-03
4.862366334424107241e-03
4.852296041923589466e-03
4.842488015105804455e-03
4.832884362684509126e-03
4.823544081478387327e-03
4.814437716586617705e-03
4.805390078938670366e-03
4.796429846984802230e-03
4.787703930345359703e-03
4.779144600676572645e-03
4.770780920751836393e-03
4.762660057287801396e-03
4.754530690580040936e-03
4.746403751904061316e-03
4.738480122507141359e-03
4.730683806628274007e-03
4.723111424183281705e-03
4.715835399072209125e-03
4.708724271738815546e-03
4.701797379869321510e-03
4.695099010827515421e-03
4.688558660741946188e-03
4.682163006843977245e-03
4.676044316991450310e-03
4.670118410620819477e-03
4.664425732218091536e-03
4.658914775238167175e-03
4.653658450834098105e-03
4.648606743632570891e-03
4.643752535218708885e-03
4.639179853980645099e-03
4.634845052212516713e-03
4.630712880668850714e-03
4.626874251956282665e-03
4.623126296501751942e-03
4.619234980073161356e-03
4.615394828272427301e-03
4.611762489533217067e-03
4.608342600894176945e-03
4.605099544787356371e-03
4.602187715673813385e-03
4.599598252366365533e-03
4.597224113532623856e-03
4.595275403081713200e-03
4.593515092056000247e-03
4.591937478573335403e-03
4.590520197865655128e-03
4.589337722182570446e-03
4.588327937167148256e-03
4.587707910478692336e-03
4.587302785446555585e-03
4.587019667019449562e-03
4.586719793702749744e-03
4.586491185467502299e-03
4.586291272287906784e-03
4.585732888609142348e-03
4.585310866649395037e-03
4.585153324207851336e-03
4.585153307568676923e-03
4.585511681735232083e-03
4.586012928881533744e-03
4.586747450134679056e-03
4.587237548921774440e-03
4.586997727574996554e-03
4.586312267511987763e-03
4.585788550130563863e-03
4.585435396252361337e-03
4.585236529715448067e-03
4.585280692054760458e-03
4.585578077872752394e-03
4.586160672809872635e-03
4.586933113607022730e-03
4.587847877931962304e-03
4.588877207871211450e-03
4.589932982307092131e-03
4.591045064592051521e-03
4.592370776481390603e-03
4.594013700022567780e-03
4.595864715615740129e-03
4.597693414636947092e-03
4.599760065491914456e-03
4.601982904851718847e-03
4.604285129001130586e-03
4.606729456178857221e-03
4.609354162224837265e-03
4.612286689207570518e-03
4.614754469550307915e-03
4.616544300350809531e-03
4.618252208917339799e-03
4.620102059723118874e-03
4.622220414530326532e-03
4.624532834284705331e-03
4.626814758988915914e-03
4.629466924803942243e-03
4.632473505449550069e-03
4.635693149457095763e-03
4.639119858731000946e-03
4.642921770811537369e-03
4.647030547374807717e-03
4.651333119801275354e-03
4.655857491718310391e-03
4.660731188598127121e-03
4.665915383901536942e-03
4.671328941114142111e-03
4.677056774986831401e-03
4.683056108731981429e-03
4.689223746074516579e-03
4.695716280387126663e-03
4.702392902798593378e-03
4.709306155593157191e-03
4.716542175508432223e-03
4.724154790628394725e-03
4.732050965582865198e-03
4.740346854149046080e-03
4.748874779010697246e-03
4.757803146730633405e-03
4.767047279933281367e-03
4.776638200398614954e-03
4.786133132418970461e-03
4.795274787332225869e-03
4.804761990580683727e-03
4.814680541823153186e-03
4.824872055853223103e-03
4.835298163092892516e-03
4.846000779050004675e-03
4.857027637399573966e-03
4.868794860080100095e-03
4.880885764776633252e-03
4.893131515006299108e-03
