1.775253487283883283e-02
1.768480218135144375e-02
1.761738568510972172e-02
1.754849918418566190e-02
1.748084486858032804e-02
1.741337053204015939e-02
1.734630133491737308e-02
1.727952867980540527e-02
1.721213786496176082e-02
1.714453273659321750e-02
1.707720258590191692e-02
1.701037237409690553e-02
1.694402566970819313e-02
1.687835141680976703e-02
1.681263081760859396e-02
1.674676474816956875e-02
1.668135971506429574e-02
1.661597686530690010e-02
1.655123257553754029e-02
1.648665450443446284e-02
1.642239975587544282e-02
1.635857362554460695e-02
1.629578399824945650e-02
1.623293596701124580e-02
1.617086668035254068e-02
1.610950442683664607e-02
1.604814435451093133e-02
1.598689191935006096e-02
1.592542130905112013e-02
1.586382329423463231e-02
1.580267364191268592e-02
1.574199612407386692e-02
1.568132674576634342e-02
1.562183260721566359e-02
1.556291486276221124e-02
1.550411428731784252e-02
1.544553676386072570e-02
1.538723448967384451e-02
1.532886620055847610e-02
1.527070196993937819e-02
1.521266151290039115e-02
1.515535739796124159e-02
1.509864708928965356e-02
1.504147835041335507e-02
1.498427177358400975e-02
1.492710270924658446e-02
1.487011133767559418e-02
1.481380446491204622e-02
1.475756663120022204e-02
1.470190989875957283e-02
1.464684940847721037e-02
1.459170590158246315e-02
1.453713927434892132e-02
1.448288302629186647e-02
1.442940230142484952e-02
1.437629939751141998e-02
1.432228272375542753e-02
1.426826312685548943e-02
1.421509122518298078e-02
1.416196113156373455e-02
1.410874005785763864e-02
1.405613276066885499e-02
1.400375049601277656e-02
1.395144100288822978e-02
1.389871602015690065e-02
1.384580990010168475e-02
1.379347728234462528e-02
1.374128577300814426e-02
1.368989609928648876e-02
1.363828592189691991e-02
1.358655904248055185e-02
1.353523288886079347e-02
1.348417732426078833e-02
1.343389921403279758e-02
1.338437656777821325e-02
1.333513908891203852e-02
1.328627421198438907e-02
1.323758953184676380e-02
1.318906406901960808e-02
1.314059182377918210e-02
1.309216668368771985e-02
1.304462674812481224e-02
1.299704304611105921e-02
1.294983339934927501e-02
1.290306376157975346e-02
1.285664477570432583e-02
1.281082824296421799e-02
1.276539504111821877e-02
1.272079937012715253e-02
1.267647576755872793e-02
1.263262578206711569e-02
1.258937887942367453e-02
1.254670393585959227e-02
1.250385528727251082e-02
1.246131603960159290e-02
1.241897121854188685e-02
1.237694801651689769e-02
1.233476591494711908e-02
1.229255844261257884e-02
1.225069095909708805e-02
1.220943383607092474e-02
1.216845698106072855e-02
1.212717748886977739e-02
1.208628168738203751e-02
1.204549524120859978e-02
1.200485649620206159e-02
1.196448304837499990e-02
1.192416237029715609e-02
1.188421322054903848e-02
1.184475572713320629e-02
1.180543720130195623e-02
1.176641411271555325e-02
1.172739347954003530e-02
1.168859559898008556e-02
1.165009141968460955e-02
1.161203768346995117e-02
1.157429232599077422e-02
1.153673438156689254e-02
1.149942104051296550e-02
1.146251756125356465e-02
1.142554388712374060e-02
1.138856791355661972e-02
1.135137357678219459e-02
1.131406554821486402e-02
1.127690383187997594e-02
1.123952299837160940e-02
1.120236351277807164e-02
1.116539733908200084e-02
1.112884265992921534e-02
1.109223168313369992e-02
1.105540612478647655e-02
1.101882119370278974e-02
1.098260193734088008e-02
1.094669861213939770e-02
1.091102678158202034e-02
1.087568811416931430e-02
1.084036050943184941e-02
1.080506961216740232e-02
1.077025261764979862e-02
1.073558000437035802e-02
1.070126915202063156e-02
1.066695250162032899e-02
1.063266454153813725e-02
1.059834315111746715e-02
1.056395457024175352e-02
1.052962882175768888e-02
1.049565485114309533e-02
1.046198554029813266e-02
1.042835702151964812e-02
1.039487509839131206e-02
1.036149742755701486e-02
1.032807184129942366e-02
1.029477338327404110e-02
1.026156015608533333e-02
1.022864844179124932e-02
1.019587872952814125e-02
1.016314771804668893e-02
1.013047864403262936e-02
1.009822466959754347e-02
1.006597968475917912e-02
1.003376140706575478e-02
1.000185830450194858e-02
9.970120237007039712e-03
9.938363658582027860e-03
9.906502688406449222e-03
9.874472894186319197e-03
9.842386649540667623e-03
9.810493334835506535e-03
9.778469895178202101e-03
9.746407254159759545e-03
9.714176568589303826e-03
9.682077868955467348e-03
9.650405620061286091e-03
9.619016984450475330e-03
9.587740980725427062e-03
9.556381790525066491e-03
9.524995486447201606e-03
9.493757171083206867e-03
9.462450162399549392e-03
9.431296832744066883e-03
9.400161490352859639e-03
9.368944736131647535e-03
9.337934641092626026e-03
9.306979191990498099e-03
9.276183097403039104e-03
9.245543599732274423e-03
9.215012674317091604e-03
9.184527622403858976e-03
9.154191213317546677e-03
9.123910698144502979e-03
9.093692454533900543e-03
9.063552529558730961e-03
9.033587844379133494e-03
9.003615514241523898e-03
8.973676939715827597e-03
8.943820020271359139e-03
8.914011127552636318e-03
8.884393922428839019e-03
8.854778114873416983e-03
8.825104732794032333e-03
8.795546157221301523e-03
8.766017273125649781e-03
8.736574548951209565e-03
8.707285410521103594e-03
8.678005371113229477e-03
8.648811440761532479e-03
8.619860147686760413e-03
8.591057381444111574e-03
8.562321091669117951e-03
8.533664389152260596e-03
8.505175430126486746e-03
8.476795080707370117e-03
8.448488348943640133e-03
8.420097859927613143e-03
8.391793802050403345e-03
8.363455637198403958e-03
8.335220681813438129e-03
8.307057348522895943e-03
8.278979334097442966e-03
8.250863480217390800e-03
8.222891928368699158e-03
8.194799481412707448e-03
8.166734439447371000e-03
8.138849894769907556e-03
8.111165951831166010e-03
8.083459060316735417e-03
8.055902654219704653e-03
8.028389757620641928e-03
8.001050031117120168e-03
7.973755550091941521e-03
7.946602472729765582e-03
7.919453382360249274e-03
7.892431658218738294e-03
7.865604865960270503e-03
7.838867097643397938e-03
7.812216047261537864e-03
7.785629626252201646e-03
7.759155749663294334e-03
7.732798313268270628e-03
7.706557320445618989e-03
7.680455631554919567e-03
7.654401197592872533e-03
7.628335162086555092e-03
7.602252120767078944e-03
7.576132803295042642e-03
7.550077539538505543e-03
7.524141268987536053e-03
7.498350365255108257e-03
7.472622680188263297e-03
7.447099093033396518e-03
7.421605776203429178e-03
7.396111983944951042e-03
7.370685866579330080e-03
7.345390570885405174e-03
7.320126100151692211e-03
7.294938743997397487e-03
7.269840996263331884e-03
7.244901882674958070e-03
7.220051932297012059e-03
7.195291356472764861e-03
7.170609987075841733e-03
7.145911052913488277e-03
7.121352637062266719e-03
7.096877260346690086e-03
7.072512154703688644e-03
7.048146237097112701e-03
7.023702875320726215e-03
6.999334945260741493e-03
6.974977268915524657e-03
6.950541661334968743e-03
6.926156883312348765e-03
6.901968718346545087e-03
6.877801603433184724e-03
6.853701371156959571e-03
6.829709817840268378e-03
6.805761956084576542e-03
6.781850106677745488e-03
6.757985939859993858e-03
6.734113036081438089e-03
6.710366024664965977e-03
6.686712975884394165e-03
6.663012548203384872e-03
6.639363903095811363e-03
6.615850394178355263e-03
6.592415916663712724e-03
6.569167250706629824e-03
6.546181553399182257e-03
6.523306283513282712e-03
6.500406418788978562e-03
6.477574555357129039e-03
6.454789714395103677e-03
6.432031322874369114e-03
6.409404357024125164e-03
6.386763478742987256e-03
6.364234578891488428e-03
6.341639017600050367e-03
6.319080871105884831e-03
6.296700161269903374e-03
6.274258224856965951e-03
6.251872795177703529e-03
6.229488795631695983e-03
6.207161685433265803e-03
6.184984265205717771e-03
6.162868815948915370e-03
6.140820402112038938e-03
6.118841148014029716e-03
6.096882686264812855e-03
6.074965660747351677e-03
6.052906041212524103e-03
6.030854954052209185e-03
6.008860754925615492e-03
5.986977581963937207e-03
5.965152358163135042e-03
5.943375457832046453e-03
5.921711802582512243e-03
5.900145382880305454e-03
5.878712399518906152e-03
5.857274692560349334e-03
5.835894137251519502e-03
5.814520188766044567e-03
5.793126106361784836e-03
5.771828774597803115e-03
5.750586310014833488e-03
5.729281181073130579e-03
5.708015765005219205e-03
5.686834058374596809e-03
5.665721606268232964e-03
5.644475798529414827e-03
5.623277344164671031e-03
5.602226171377233666e-03
5.581264538126384442e-03
5.560413284529000348e-03
5.539647856100853376e-03
5.518999667207752716e-03
5.498312368876573375e-03
5.477672578391503365e-03
5.457115660229173645e-03
5.436563397953446397e-03
5.416134135255335977e-03
5.395978491987958245e-03
5.375853326775642885e-03
5.355885987968554522e-03
5.336085092684979443e-03
5.316495256549639246e-03
5.297022898085911383e-03
5.277701251351436286e-03
5.258423698358947844e-03
5.239092978926301880e-03
5.219831668630720532e-03
5.200637157448514437e-03
5.181552570105269276e-03
5.162588699607095419e-03
5.143686213067166953e-03
5.124910826183058481e-03
5.106096342014048231e-03
5.087326269775016216e-03
5.068623459549305259e-03
5.049923278022820476e-03
5.031255619030070361e-03
5.012696343895203625e-03
4.994179625618196637e-03
4.975776196624643981e-03
4.957467476983491890e-03
4.939234081134780997e-03
4.921139850324576966e-03
4.903048303583283640e-03
4.885073736561831685e-03
4.867190479827627689e-03
4.849368978943561365e-03
4.831723511846955019e-03
4.814187653498268674e-03
4.796698658924260922e-03
4.779294532163570926e-03
4.761979897593696803e-03
4.744727196197719328e-03
4.727550242430347133e-03
4.710440020089257281e-03
4.693503226040052038e-03
4.676787728712180833e-03
4.660135604240384435e-03
4.643528332919874026e-03
4.626945632342571030e-03
4.610390806201692879e-03
4.594032908396368173e-03
4.577838000618186798e-03
4.561751444578781081e-03
4.545704564249785154e-03
4.529643075638425075e-03
4.513641027720544270e-03
4.497730058898017670e-03
4.481898981033999481e-03
4.466133768307051395e-03
4.450451667552690442e-03
4.434807271652978569e-03
4.419279623964479826e-03
4.403859137343657700e-03
4.388509889745850420e-03
4.373198220121653559e-03
4.357932237713265863e-03
4.342817684751933659e-03
4.327786189965439345e-03
4.312782540546286798e-03
4.297820937234846962e-03
4.282879938789510392e-03
4.268004089089029278e-03
4.253165744149826552e-03
4.238408888757612576e-03
4.223722287934196518e-03
4.209081058707658460e-03
4.194477458530917503e-03
4.179970772909835826e-03
4.165499336896750539e-03
4.151010463057929790e-03
4.136530407134614458e-03
4.122121065899827554e-03
4.107749266272967166e-03
4.093450186116059410e-03
4.079113566732589340e-03
4.064793282062934346e-03
4.050589604071602907e-03
4.036489055660113547e-03
4.022476036079701382e-03
4.008544541590801022e-03
3.994755376670369382e-03
3.981069396077728181e-03
3.967467870630023499e-03
3.953935730036491764e-03
3.940445571406301500e-03
3.927021726079159628e-03
3.913708366663661356e-03
3.900516717087522747e-03
3.887390429042405452e-03
3.874367224668388149e-03
3.861438066981920467e-03
3.848546889860629625e-03
3.835750532074468002e-03
3.823036046724874112e-03
3.810427187077973683e-03
3.797810676167721194e-03
3.785194178114496648e-03
3.772719284867554791e-03
3.760300403423213946e-03
3.748038187626707117e-03
3.735812347982522385e-03
3.723610348453925030e-03
3.711446211853387019e-03
3.699378236100410184e-03
3.687454878924462456e-03
3.675661747304558285e-03
3.663927717438241177e-03
3.652303635277331581e-03
3.640779632776855457e-03
3.629287265622364519e-03
3.617830376651781209e-03
3.606435547489786862e-03
3.595036109147629975e-03
3.583694748108456375e-03
3.572440550319673589e-03
3.561302853701811631e-03
3.550269122740159610e-03
3.539324744325102797e-03
3.528465468264419154e-03
3.517680469641113784e-03
3.506987874454540934e-03
3.496322430376304097e-03
3.485733269027161199e-03
3.475141404044956514e-03
3.464593657923454185e-03
3.454074094032822013e-03
3.443562573398272712e-03
3.433000355424370344e-03
3.422456728385073112e-03
3.411927750809343012e-03
3.401486164804768363e-03
3.391110117534733813e-03
3.380737853920406585e-03
3.370401937175228780e-03
3.360191816270575223e-03
3.350101241109909242e-03
3.340101799604851783e-03
3.330114670314550732e-03
3.320195181489949982e-03
3.310276236742883127e-03
3.300371406212257702e-03
3.290577408555613211e-03
3.280878423844698581e-03
3.271238846372301334e-03
3.261601554779255344e-03
3.252045674736140507e-03
3.242552934964167393e-03
3.233108261883531082e-03
3.223690303301620774e-03
3.214352781785192320e-03
3.205107692702728953e-03
3.196010761466817549e-03
3.186975950421190844e-03
3.178015802209993926e-03
3.169163103334891873e-03
3.160329037813203873e-03
3.151492062513424220e-03
