2.296157217400729769e-02
2.282531333128741749e-02
2.269052136006349460e-02
2.255670893968457838e-02
2.242340088106206317e-02
2.229100622993834130e-02
2.216002298437451390e-02
2.203096266007202944e-02
2.190336537513199594e-02
2.177780977035819257e-02
2.165235206599015055e-02
2.152547461678362001e-02
2.139642485586727358e-02
2.126592820730664399e-02
2.113458480579522361e-02
2.100477258393767047e-02
2.087432688067751563e-02
2.074568110457950670e-02
2.061786430832670755e-02
2.048918098995214723e-02
2.036076180143015293e-02
2.023358596542304544e-02
2.010713644339663653e-02
1.998071289628626165e-02
1.985503318369663886e-02
1.973059294295780725e-02
1.960736249122662853e-02
1.948517436747967263e-02
1.936299905014242026e-02
1.923918679679618993e-02
1.911649922356335393e-02
1.899708099506735789e-02
1.887879109382252160e-02
1.876138052956124319e-02
1.864538655427174299e-02
1.853029867151227000e-02
1.841467199358097495e-02
1.829935242411987253e-02
1.818416117810181185e-02
1.806969776415573090e-02
1.795688283177147154e-02
1.784530821522684052e-02
1.773550930267497883e-02
1.762616299120178809e-02
1.751721516004953877e-02
1.740960078440560721e-02
1.730358204655256874e-02
1.719822293316839237e-02
1.709328618564849578e-02
1.698919076788275861e-02
1.688554803576350349e-02
1.678171888341917564e-02
1.667815532138495344e-02
1.657572350891761345e-02
1.647432605860213103e-02
1.637378938950475107e-02
1.627369394035301647e-02
1.617478855048886180e-02
1.607717017725032727e-02
1.598013199778271567e-02
1.588418344825697631e-02
1.578892576143866786e-02
1.569450478020817732e-02
1.560068429467682816e-02
1.550748470564057395e-02
1.541493050846005734e-02
1.532277522430517888e-02
1.523102871824712906e-02
1.514031899080534559e-02
1.505081349116681698e-02
1.496222295200595222e-02
1.487413434053491863e-02
1.478662672339598090e-02
1.469937706427848143e-02
1.461242430073982253e-02
1.452612731012193660e-02
1.444068551253676475e-02
1.435598906114684409e-02
1.427206780415358860e-02
1.418866053446125527e-02
1.410586390632924576e-02
1.402466113505508247e-02
1.394397172746903932e-02
1.386395639966372245e-02
1.378431378669445033e-02
1.370535787953009593e-02
1.362700018193038591e-02
1.354914159224895019e-02
1.347183124117976374e-02
1.339524596457285395e-02
1.331904810148238846e-02
1.324352893267275594e-02
1.316871997710213071e-02
1.309445346453320599e-02
1.302090111353101584e-02
1.294808460348544771e-02
1.287577895272902680e-02
1.280406376803997631e-02
1.273293301431040192e-02
1.266201037992710325e-02
1.259141045066867332e-02
1.252129506733616095e-02
1.245171973137495537e-02
1.238283489178971554e-02
1.231426167963860577e-02
1.224608946393827488e-02
1.217864670122224130e-02
1.211210921158836946e-02
1.204615056573743632e-02
1.198120452006318226e-02
1.191689012179977802e-02
1.185322949512459742e-02
1.179030528159072562e-02
1.172763315285633642e-02
1.166536112442846315e-02
1.160378786357507686e-02
1.154289021333341873e-02
1.148281138833042760e-02
1.142306989346286890e-02
1.136385160954717088e-02
1.130538673933049500e-02
1.124742656477170991e-02
1.119002013792106884e-02
1.113314907144488143e-02
1.107686626413183391e-02
1.102105038453346682e-02
1.096578333647220405e-02
1.091079814633430164e-02
1.085617825215167385e-02
1.080188007422889021e-02
1.074806429736060998e-02
1.069468468781350524e-02
1.064157585394744608e-02
1.058866291258135812e-02
1.053612920503394293e-02
1.048430988283124976e-02
1.043267189625082803e-02
1.038131018740882580e-02
1.033011551290349134e-02
1.027911094945846426e-02
1.022884571155321769e-02
1.017943416039065498e-02
1.013067980411743590e-02
1.008224299209219479e-02
1.003436754265516623e-02
9.987109739231220598e-03
9.940380752986593613e-03
9.894328790547577898e-03
9.848742593106793453e-03
9.803388901979738848e-03
9.758391662673974662e-03
9.713680394555262304e-03
9.669352801091598421e-03
9.625598378082866197e-03
9.582260124789200237e-03
9.539186384583741435e-03
9.495975046958893620e-03
9.452975367835465825e-03
9.410325866772709796e-03
9.368087687762236687e-03
9.326270101847678948e-03
9.284973345894707158e-03
9.243917154984550300e-03
9.203054652297846389e-03
9.162522264607475889e-03
9.122284082139294967e-03
9.082449594033224771e-03
9.042807293819857262e-03
9.003479393560252092e-03
8.964292977484182579e-03
8.925493624406300591e-03
8.887074648765688756e-03
8.848868572282814204e-03
8.810806271068396048e-03
8.772740525578071741e-03
8.734756928052943292e-03
8.696827473163613181e-03
8.659120855258039054e-03
8.621557106716574992e-03
8.584335593126105751e-03
8.547469490876098697e-03
8.510883028336666684e-03
8.474390903069964343e-03
8.438176811136063188e-03
8.402227787488763394e-03
8.366412824921117680e-03
8.330861723862496154e-03
8.295529822093217556e-03
8.260276807390115258e-03
8.225089432790835819e-03
8.190226485032066697e-03
8.155636213636062795e-03
8.121129754674272228e-03
8.086627863054508814e-03
8.052309212431087160e-03
8.018255441274258627e-03
7.984463484074298678e-03
7.950824351895383058e-03
7.917577129438970254e-03
7.884615599725789195e-03
7.851900961651860772e-03
7.819369919691027820e-03
7.786999964189681399e-03
7.754817846400788653e-03
7.722909959455088319e-03
7.691362096519940676e-03
7.660041975196415186e-03
7.628896377240900438e-03
7.597948745520804147e-03
7.567098100090523076e-03
7.536401744537901681e-03
7.505799270912744126e-03
7.475412949648893232e-03
7.445223456632679530e-03
7.415161851445553794e-03
7.385174734813191623e-03
7.355340137448600386e-03
7.325696793542904595e-03
7.296325119397884147e-03
7.267122624226328605e-03
7.238068130156303549e-03
7.209147076180847172e-03
7.180285143795818795e-03
7.151626193670373478e-03
7.123080384643992388e-03
7.094740132192128325e-03
7.066526985824487204e-03
7.038560096409360659e-03
7.010935793871187795e-03
6.983499654694290751e-03
6.956163386473914953e-03
6.928941273274754481e-03
6.901783990655862774e-03
6.874741673332516664e-03
6.847889622104593767e-03
6.821253772882999999e-03
6.794786630209463316e-03
6.768551079499087256e-03
6.742553781724894106e-03
6.716683980344275579e-03
6.690964592775720636e-03
6.665442220585566027e-03
6.640106125808931635e-03
6.614787415236232128e-03
6.589570750991718788e-03
6.564510086797334040e-03
6.539521146521220900e-03
6.514590880467256186e-03
6.489694883930922226e-03
6.464864193591059703e-03
6.440172359439359437e-03
6.415630535182568692e-03
6.391255405865048367e-03
6.366951759654597073e-03
6.342817876427008818e-03
6.318857273189554084e-03
6.294977945797843033e-03
6.271213299720889041e-03
6.247532239813218848e-03
6.223945187587887756e-03
6.200481643918851274e-03
6.177110727068535131e-03
6.153842636977413169e-03
6.130652973070230619e-03
6.107511465960585584e-03
6.084545045394332621e-03
6.061664867334506761e-03
6.038844483559849090e-03
6.016155655808942335e-03
5.993580302407521855e-03
5.971102830595558311e-03
5.948721269212288443e-03
5.926449647715708625e-03
5.904411268292728346e-03
5.882595578607681744e-03
5.860918286105499218e-03
5.839252619547777301e-03
5.817580429221234223e-03
5.795912648573887591e-03
5.774311411588534809e-03
5.752826169399467490e-03
5.731426564591869319e-03
5.710193997780968651e-03
5.689073913779893119e-03
5.668032787887114857e-03
5.647098996502761953e-03
5.626291035916801929e-03
5.605586650143854627e-03
5.584889986987241935e-03
5.564234083472958947e-03
5.543619226256431623e-03
5.523112782928709004e-03
5.502724725006853668e-03
5.482450302288111033e-03
5.462294820126705613e-03
5.442247860763459524e-03
5.422288462690518646e-03
5.402392818820567558e-03
5.382636553959985193e-03
5.363015650944326709e-03
5.343588926783833515e-03
5.324269544827213256e-03
5.305087860002339305e-03
5.286024921706289695e-03
5.267103283184573423e-03
5.248299582559673784e-03
5.229571384223995201e-03
5.210894021170870381e-03
5.192364600189562640e-03
5.173954127273346949e-03
5.155709837877598539e-03
5.137664751619708432e-03
5.119782001674617715e-03
5.102012706652700284e-03
5.084332778488956026e-03
5.066759029296478110e-03
5.049269205905296612e-03
5.031828411431103938e-03
5.014447551214764806e-03
4.997168317033168564e-03
4.979991022804271944e-03
4.962893745980809582e-03
4.945894099753209323e-03
4.928975374911526673e-03
4.912159848369003663e-03
4.895361715039720125e-03
4.878634814340068217e-03
4.862068015786454381e-03
4.845592516352224995e-03
4.829201883769307715e-03
4.812904319742575092e-03
4.796691592676910650e-03
4.780601152702918660e-03
4.764551331788566789e-03
4.748600972282765974e-03
4.732701890547758548e-03
4.716899427644940385e-03
4.701200296632376645e-03
4.685590130484692389e-03
4.670066717980698827e-03
4.654657393866605541e-03
4.639328991795357501e-03
4.624105031166529309e-03
4.608958809152162613e-03
4.593893486281992906e-03
4.578934999733858847e-03
4.564091362486474152e-03
4.549360926071720733e-03
4.534760564447815404e-03
4.520282044283471454e-03
4.505848006058870217e-03
4.491494515099429645e-03
4.477204840751182469e-03
4.463006287541631395e-03
4.448836972528497254e-03
4.434716709237154254e-03
4.420709230825419639e-03
4.406773235708446798e-03
4.392836254917245956e-03
4.378897903914052633e-03
4.365031861026223529e-03
4.351245010441686691e-03
4.337501438163187707e-03
4.323752473323210638e-03
4.310048502029473899e-03
4.296465331339081352e-03
4.282885865420188801e-03
4.269376717968054874e-03
4.255921725492590665e-03
4.242486024401683105e-03
4.229158233311991477e-03
4.215976081032558886e-03
4.202804818914251603e-03
4.189670563429457109e-03
4.176563862151901410e-03
4.163557584659625423e-03
4.150596836157208029e-03
4.137716155338714598e-03
4.124888584511408191e-03
4.112150125302105677e-03
4.099428474498944923e-03
4.086691247288580173e-03
4.074030067113628209e-03
4.061425155500543449e-03
4.048790978581011391e-03
4.036187858247598965e-03
4.023706933939151867e-03
4.011261686676211025e-03
3.998853845318514101e-03
3.986481020101101391e-03
3.974076321172413315e-03
3.961747394999777516e-03
3.949499405357604666e-03
3.937306270426487419e-03
3.925153976632021584e-03
3.913064866251831503e-03
3.901035811285873296e-03
3.889114043928340071e-03
3.877285521524014358e-03
3.865493343921241106e-03
3.853752647995162522e-03
3.842114372459371711e-03
3.830497806450061226e-03
3.818859721974873951e-03
3.807219391637252284e-03
3.795601947326324166e-03
3.784008669724118774e-03
3.772437471610558344e-03
3.760873334950031767e-03
3.749365781801643985e-03
3.737896854855899276e-03
3.726422837265956720e-03
3.714966285473982662e-03
3.703571129107120080e-03
3.692234529630290980e-03
3.680956031786208633e-03
3.669759911714972917e-03
3.658601074404222407e-03
3.647620589058131121e-03
3.636676798380785239e-03
3.625795012107096375e-03
3.614942414425861578e-03
3.604150710252934132e-03
3.593396127353400398e-03
3.582688793563968115e-03
3.572058415770183824e-03
3.561530599266110510e-03
3.551023090948673012e-03
3.540597523719688205e-03
3.530257187318505945e-03
3.519998731310279138e-03
3.509809695873715874e-03
3.499685730852029712e-03
3.489619208443605920e-03
3.479624267009926927e-03
3.469711483650515793e-03
3.459862579122807615e-03
3.450072915476697696e-03
3.440323644478661749e-03
3.430627488721374463e-03
3.420980185170252943e-03
3.411424624646190382e-03
3.401964583156366021e-03
3.392510674428026504e-03
3.383088486073888412e-03
3.373712876979846446e-03
3.364390137144970816e-03
3.355125860144983051e-03
3.345854732662776471e-03
3.336541559635975741e-03
3.327265972122764922e-03
3.318011285788499253e-03
3.308825291786975705e-03
3.299729629956002670e-03
3.290695215392244570e-03
3.281712841249229129e-03
3.272770463824385950e-03
3.263873471764018076e-03
3.254956689339404824e-03
3.246071724454284001e-03
3.237229207259551857e-03
3.228422763647298931e-03
3.219637695734825240e-03
3.210907702226119525e-03
3.202125469223886418e-03
3.193151070822884425e-03
3.184162923454742725e-03
3.175230164889290396e-03
3.166319219513042196e-03
3.157471619939972423e-03
3.148671638428848871e-03
3.139910316053306453e-03
3.131238853503556189e-03
3.122653037513211261e-03
3.114116827445927421e-03
3.105656480010719148e-03
3.097278309662579183e-03
3.088962573210736907e-03
3.080710435290369680e-03
3.072531997450049512e-03
3.064352777710896772e-03
3.056187186755434607e-03
3.048038792628996168e-03
3.039920782586029609e-03
3.031843485120428415e-03
3.023659174616102983e-03
3.015506358372816494e-03
3.007396182873303160e-03
2.999327517564214559e-03
2.991279476541659332e-03
2.983169171656566490e-03
2.975092826735763109e-03
2.967057118116772380e-03
2.959102982391030416e-03
2.951234561780603869e-03
2.943454661990277561e-03
2.935698869613549179e-03
2.928000456093562704e-03
2.920348616310633732e-03
2.912721511477344479e-03
