1.555711441845328107e-02
1.550446480719269889e-02
1.545254580103795107e-02
1.540059781869268854e-02
1.534793669760853470e-02
1.529448133533941635e-02
1.524111767627119550e-02
1.518778992558705854e-02
1.513441511890039476e-02
1.508064710476078596e-02
1.502610197923876130e-02
1.497183884727567790e-02
1.491781921520122199e-02
1.486375173501221919e-02
1.480936706104907415e-02
1.475438077295647063e-02
1.469965023134186394e-02
1.464482096477350004e-02
1.459068727825517907e-02
1.453659028986919143e-02
1.448219233367482525e-02
1.442823770679172411e-02
1.437440231252947592e-02
1.432064643941611051e-02
1.426698494769538909e-02
1.421352642004581994e-02
1.416018207873316788e-02
1.410750851197219678e-02
1.405441490166765318e-02
1.400092011534449614e-02
1.394763593424677532e-02
1.389486092903039101e-02
1.384267219448482959e-02
1.379102358892880451e-02
1.374021626292877898e-02
1.368990171331842774e-02
1.363964583913271876e-02
1.358969167193480911e-02
1.353985920051687351e-02
1.349028569138837827e-02
1.344109766276486116e-02
1.339263210444048557e-02
1.334493104585928944e-02
1.329762083362751209e-02
1.325126363840305882e-02
1.320578724824009870e-02
1.316098627589887791e-02
1.311702755318876548e-02
1.307319868102245659e-02
1.302973276853970110e-02
1.298660610189593563e-02
1.294385582164428276e-02
1.290096126591401375e-02
1.285838077056457480e-02
1.281624813037929474e-02
1.277415659780905925e-02
1.273284811949814722e-02
1.269203627452706457e-02
1.265176332116797926e-02
1.261222384557196367e-02
1.257316226876018135e-02
1.253463122407537204e-02
1.249662667370676078e-02
1.245867467278174122e-02
1.242040123890856586e-02
1.238216133616548004e-02
1.234414046049120070e-02
1.230630532686919493e-02
1.226855133201788101e-02
1.223080510206095081e-02
1.219303810792102434e-02
1.215550165627789919e-02
1.211805242801762203e-02
1.208083770879991165e-02
1.204353689429801637e-02
1.200652355462241902e-02
1.196960359889918078e-02
1.193300783720613670e-02
1.189669664183556387e-02
1.186061934974913176e-02
1.182504306477355667e-02
1.178941150140318944e-02
1.175383948761222173e-02
1.171858919721390294e-02
1.168352511012548008e-02
1.164869023777586644e-02
1.161406320875728315e-02
1.157978513210038141e-02
1.154589762710882435e-02
1.151212534011926934e-02
1.147854723094109651e-02
1.144553139281357171e-02
1.141287429656043240e-02
1.138042296428378591e-02
1.134803842093815712e-02
1.131569172169256607e-02
1.128362551332605553e-02
1.125163648288567304e-02
1.121959590986187395e-02
1.118758192658052611e-02
1.115588564750966821e-02
1.112481480161230107e-02
1.109377655729125271e-02
1.106299333029866876e-02
1.103253538802521916e-02
1.100225659966795090e-02
1.097192910952054026e-02
1.094164469663565578e-02
1.091135275180791196e-02
1.088112555398983855e-02
1.085101234372330518e-02
1.082107718814394846e-02
1.079157550054386447e-02
1.076244385241571962e-02
1.073350722372989202e-02
1.070468378346559231e-02
1.067597073259143013e-02
1.064744495815499528e-02
1.061908827546153948e-02
1.059092745565961766e-02
1.056301812709919789e-02
1.053526839773591232e-02
1.050768748146062997e-02
1.048049649792911174e-02
1.045359887736751342e-02
1.042680693332090347e-02
1.040027160124966897e-02
1.037367470923371802e-02
1.034705985688755096e-02
1.032067851229593811e-02
1.029417342842520351e-02
1.026775178568344916e-02
1.024140349693418439e-02
1.021516758795098026e-02
1.018897274621691044e-02
1.016280259230009815e-02
1.013676325637155248e-02
1.011094325705415645e-02
1.008524458864576770e-02
1.005970790753369162e-02
1.003400917017127636e-02
1.000846518159818031e-02
9.983156070733556139e-03
9.957969320513298736e-03
9.932994857850671253e-03
9.908317748693348456e-03
9.884023150771295216e-03
9.859772045196708509e-03
9.835261207166181435e-03
9.810698779347233958e-03
9.786018781206244285e-03
9.761320047606379322e-03
9.736662236966005940e-03
9.712032991545809651e-03
9.687334932564546988e-03
9.662766206608233710e-03
9.638406130139746605e-03
9.614367048295630047e-03
9.590314875580034648e-03
9.566488724004200070e-03
9.542848328686714607e-03
9.519467685650331856e-03
9.496263146927457627e-03
9.473189060917165324e-03
9.450411624044099956e-03
9.427807177690570445e-03
9.405102097592597452e-03
9.382642193377846787e-03
9.360376346439838735e-03
9.338319990374242124e-03
9.316303090698816250e-03
9.294493741282210120e-03
9.273079356728285844e-03
9.251794081609017104e-03
9.230745082165439652e-03
9.209780682203407357e-03
9.188963889326802817e-03
9.168387393935764282e-03
9.147806629213594068e-03
9.127377721106281344e-03
9.106794847831454001e-03
9.086268993272212519e-03
9.065492252009886565e-03
9.044781843347914074e-03
9.024117769680156317e-03
9.003775283796245504e-03
8.983288468289909318e-03
8.962846977046433350e-03
8.942521674534065906e-03
8.922249441705703416e-03
8.901876668839049656e-03
8.881577302988399869e-03
8.861475551822865782e-03
8.841310754013127771e-03
8.821155464679750202e-03
8.800967391143941707e-03
8.780771390358573306e-03
8.760446370982373152e-03
8.740405538388222595e-03
8.720592295702453076e-03
8.700749649555796980e-03
8.680841488543946521e-03
8.660938346090133952e-03
8.640924455211319508e-03
8.621137727612776525e-03
8.601544942046953496e-03
8.581938163201104433e-03
8.562451745098237019e-03
8.543237263750910401e-03
8.524136504180634608e-03
8.504830796539011514e-03
8.485599602603227654e-03
8.466369748473034917e-03
8.446945441032086693e-03
8.427321831726047180e-03
8.407939398969697248e-03
8.388970077363923361e-03
8.370046304408998786e-03
8.351123398787333243e-03
8.332208663056447223e-03
8.313407246077004348e-03
8.294392304121329940e-03
8.275385837340472686e-03
8.256216005590476248e-03
8.236950818891591516e-03
8.217748261687337144e-03
8.198553609913231816e-03
8.179648647213180052e-03
8.160989063668787694e-03
8.142354289872264297e-03
8.123809844818068865e-03
8.105271741798137503e-03
8.086771174121869243e-03
8.068405674784458192e-03
8.050363324749841218e-03
8.032352776434220284e-03
8.014251637402585587e-03
7.996439480871524175e-03
7.978644762975637544e-03
7.961142286837023796e-03
7.943768448505354740e-03
7.926503693331966166e-03
7.909283291387327053e-03
7.891893784701909872e-03
7.874451897075052456e-03
7.856959771970470352e-03
7.839410820771108845e-03
7.821955156932160202e-03
7.804711237277159493e-03
7.787574998332027522e-03
7.770693903267936534e-03
7.753778896993719985e-03
7.736946773646983903e-03
7.720153804644098311e-03
7.703389030025272789e-03
7.686781964503096483e-03
7.670205870013883237e-03
7.653626913850455557e-03
7.637121643663009364e-03
7.620771321032666738e-03
7.604650401151710065e-03
7.588362330939063885e-03
7.572275129365884164e-03
7.556205888545232917e-03
7.540348976199470754e-03
7.524601238512740493e-03
7.508528378016281028e-03
7.492708072398882729e-03
7.477058803783477245e-03
7.461299801697539313e-03
7.445526668517370855e-03
7.429880153182983477e-03
7.414348414793523606e-03
7.399039564628542322e-03
7.383793462252237830e-03
7.368575829184553956e-03
7.353053513823830725e-03
7.337450875491983299e-03
7.322111734214994429e-03
7.306789067577590391e-03
7.291255718258778801e-03
7.275595053201546619e-03
7.260081943660857615e-03
7.244667977387786797e-03
7.229293580261963829e-03
7.213632422883775076e-03
7.197827257590413801e-03
7.182189003553707089e-03
7.166416438710502927e-03
7.150508018809687179e-03
7.133973793843490126e-03
7.117474168454596996e-03
7.101223965475255556e-03
7.085046123916429427e-03
7.068758056706884486e-03
7.052367168931903546e-03
7.036029015150484234e-03
7.019818712410334435e-03
7.003611652644444428e-03
6.987526633669145781e-03
6.971497802535705536e-03
6.955445677845278375e-03
6.939556413509087585e-03
6.923798286639551609e-03
6.908063231191335918e-03
6.892284539270242434e-03
6.876430926816900352e-03
6.860557010112599760e-03
6.844603062441874039e-03
6.828558241763592850e-03
6.812684141963946081e-03
6.796939567246974324e-03
6.781211806144671513e-03
6.765392843289042175e-03
6.749303764402020747e-03
6.733378138700247401e-03
6.717562902693612406e-03
6.701906876583615252e-03
6.686553184247416397e-03
6.670867588098243310e-03
6.655063906712423150e-03
6.639242077490234775e-03
6.623453374354817610e-03
6.607794009452851863e-03
6.592137590030401791e-03
6.576224436490805611e-03
6.560147498110938460e-03
6.543997639170590769e-03
6.527868237451685089e-03
6.511804359278813674e-03
6.495635057508410831e-03
6.479459566345762735e-03
6.463229758930435880e-03
6.447004892274047286e-03
6.430865807335811937e-03
6.414630258647295580e-03
6.398461260940922768e-03
6.382360441334638222e-03
6.366209710368685160e-03
6.349859650697418922e-03
6.333107849524109191e-03
6.316011058992159963e-03
6.298645959639007433e-03
6.280979960962270597e-03
6.263054995831637307e-03
6.244943931314844016e-03
6.226885243516377781e-03
6.208508885480007629e-03
6.190158053994302377e-03
6.171954732321689729e-03
6.153831959932055083e-03
6.135800773786588905e-03
6.118007558286087458e-03
6.100403100855066388e-03
6.082803863189885363e-03
6.065175931124240118e-03
6.047605358203896400e-03
6.029754530312172664e-03
6.012032017628596986e-03
5.994418613254277710e-03
5.977010025284075663e-03
5.959812398157558234e-03
5.942848635638520692e-03
5.926133347956655771e-03
5.909498991749362329e-03
5.892792438119051450e-03
5.876050174420800569e-03
5.859249019244695648e-03
5.842493059526547572e-03
5.825683946225244762e-03
5.808739062234715908e-03
5.791732874853496027e-03
5.774776370033147047e-03
5.757831227494345991e-03
5.740773587693139175e-03
5.723521815725347156e-03
5.706344736101012088e-03
5.689226097207761290e-03
5.672236317271728626e-03
5.655238216398295915e-03
5.638314188478630445e-03
5.621510570524656733e-03
5.604787363617145038e-03
5.588036218903059092e-03
5.571227166461485865e-03
5.554407576371276148e-03
5.537725292352871365e-03
5.521201795732258617e-03
5.504762107839019682e-03
5.488342407322605553e-03
5.472052551015326068e-03
5.455799443661421728e-03
5.439512987052763822e-03
5.423332638326474470e-03
5.407374261479847705e-03
5.391540666880116454e-03
5.375788709366507642e-03
5.360057386280792611e-03
5.344418997949139209e-03
5.328858234794586236e-03
5.313363640407121197e-03
5.297825635600554757e-03
5.282109396155335208e-03
5.266368002942890293e-03
5.250836435448676294e-03
5.235342472439846392e-03
5.219821789757498470e-03
5.204186402134275066e-03
5.188333730590179334e-03
5.172591757638369397e-03
5.157122634572655802e-03
5.141682326477240925e-03
5.126418200212891178e-03
5.111154828595108023e-03
5.096057429717829219e-03
5.080957342618912069e-03
5.065847163808472053e-03
5.050710020595203416e-03
5.035770110156997416e-03
5.020962976268875111e-03
5.006362387187104739e-03
4.991726018004128719e-03
4.977175314685279919e-03
4.962747479300337258e-03
4.948544347397435504e-03
4.934385809745642400e-03
4.920156835731797317e-03
4.905881896926385551e-03
4.891827894305997813e-03
4.877947947203486317e-03
4.864097342819442490e-03
4.850340775843879453e-03
4.836565910783023788e-03
4.822769991223717009e-03
4.808766533523573319e-03
4.794602309933082909e-03
4.780675336970503439e-03
4.766845159847272161e-03
4.753103497370160524e-03
4.739278243221875346e-03
4.725512772730677477e-03
4.711721163032641518e-03
4.698090267573951963e-03
4.684617354505882410e-03
4.671314390507624696e-03
4.658162137992341925e-03
4.645066395014438472e-03
4.631924619112101800e-03
4.618880409391577617e-03
4.605788992193728636e-03
4.592532585665547173e-03
4.579315704364254024e-03
4.566227577603746042e-03
4.553187887879482816e-03
4.540107879405677442e-03
4.527238493457400210e-03
4.514566180990766883e-03
4.502151308698602514e-03
4.489969330190963018e-03
4.478126491657119339e-03
4.466340295459915281e-03
4.454467081146544494e-03
4.442385547094106213e-03
4.430336013575371726e-03
4.418456776582948414e-03
4.406795426747684742e-03
4.395364344731010793e-03
4.383983562670650674e-03
4.372479766116819586e-03
4.361027938041336406e-03
4.349402751806863768e-03
4.337944969232118003e-03
4.326680038939626112e-03
4.315389831600242865e-03
4.304057372159132526e-03
4.292727976667546838e-03
4.281551194173553732e-03
4.270296557480776634e-03
4.259147717174834730e-03
4.248048789589342622e-03
4.236898955397565975e-03
4.225708765897004567e-03
4.214644993879044198e-03
4.203424266572244189e-03
4.192216197015777301e-03
4.181041583385754559e-03
4.169685572270494245e-03
4.159332294121201312e-03
4.149238010427379851e-03
4.139189507998670622e-03
4.129390652965779680e-03
4.119645533801005038e-03
4.109945953922917485e-03
4.100303135819275552e-03
4.090675236094631038e-03
4.080921249894280123e-03
4.071231662044687977e-03
4.061665313006173825e-03
4.052052326862603387e-03
4.042585896581089334e-03
