8.951229438160698479e-03
8.990542156475390609e-03
9.029165689267516781e-03
9.067458840655158794e-03
9.105714914648687514e-03
9.144032960715645780e-03
9.181759044044154883e-03
9.219457977504874266e-03
9.257122037355302452e-03
9.294344952806595297e-03
9.331582491250753342e-03
9.368541841373749512e-03
9.405370166224188630e-03
9.441336977638851644e-03
9.477143676631143848e-03
9.512404250818940615e-03
9.547292560260310992e-03
9.581909693716424148e-03
9.615793871867573880e-03
9.649493224792369053e-03
9.682885609031782054e-03
9.715614114603627824e-03
9.747944852574748353e-03
9.779536365093386210e-03
9.811150964330375354e-03
9.841999026642690371e-03
9.871504643966477061e-03
9.900320137016929700e-03
9.927976352546240280e-03
9.955461234798951634e-03
9.982478327258872269e-03
1.000893517151552579e-02
1.003494054215842840e-02
1.006101286216361246e-02
1.008755429065162114e-02
1.011386785360300980e-02
1.013983089327760885e-02
1.016546701128491319e-02
1.019054803032882518e-02
1.021539978237309861e-02
1.023977070238927742e-02
1.026406481695782413e-02
1.028863509993329164e-02
1.031303190640306573e-02
1.033723250270091737e-02
1.036102492053660520e-02
1.038404751769687537e-02
1.040592349174889603e-02
1.042655661477977572e-02
1.044647811677353218e-02
1.046626630733677073e-02
1.048572271064516538e-02
1.050457081237203549e-02
1.052289731825226983e-02
1.054071778106712050e-02
1.055813671982354894e-02
1.057468162202315591e-02
1.059098042849911103e-02
1.060638865151654169e-02
1.062101220079995738e-02
1.063482622962582010e-02
1.064831270406843382e-02
1.066170683022993858e-02
1.067427969540232953e-02
1.068645185739533141e-02
1.069773473533429733e-02
1.070846582574546020e-02
1.071830179848403015e-02
1.072779963212649144e-02
1.073654670465274200e-02
1.074450547898297970e-02
1.075197556986388567e-02
1.075870412750263259e-02
1.076459107476095481e-02
1.077012575464435414e-02
1.077548105983682121e-02
1.078093606987681578e-02
1.078575856460924076e-02
1.079004897732143732e-02
1.079361186147389205e-02
1.079578005065979888e-02
1.079730667750710207e-02
1.079772803348490531e-02
1.079733602888292669e-02
1.079599030793294660e-02
1.079501256245579514e-02
1.079331822271155025e-02
1.079152583508104397e-02
1.078968817100272107e-02
1.078735858951011123e-02
1.078408696904207924e-02
1.078026530669285062e-02
1.077551147431058363e-02
1.077027267969716054e-02
1.076493033270007477e-02
1.075927492137844152e-02
1.075296482416454417e-02
1.074629584374306966e-02
1.073956003755571244e-02
1.073250161342708363e-02
1.072385820280385288e-02
1.071417352190924543e-02
1.070413196312810025e-02
1.069306956605218378e-02
1.068204566817471980e-02
1.067124145449378086e-02
1.066073765813840314e-02
1.064963275460043685e-02
1.063653998873837457e-02
1.062300319554663683e-02
1.060929375142058428e-02
1.059508170184192410e-02
1.058032700570726153e-02
1.056561131948600442e-02
1.055075916332220282e-02
1.053558732437348197e-02
1.051930595690807498e-02
1.050222349709569250e-02
1.048515834603433276e-02
1.046826610980483227e-02
1.045079902326014228e-02
1.043234124880920190e-02
1.041367523892321525e-02
1.039509574951829121e-02
1.037673366101426499e-02
1.035706502852118578e-02
1.033738331752097166e-02
1.031676926061858394e-02
1.029617432784208850e-02
1.027628869723910474e-02
1.025632673530314093e-02
1.023553920349045722e-02
1.021529162295015808e-02
1.019374796047574014e-02
1.017172479052869463e-02
1.014843527986347173e-02
1.012406171674256304e-02
1.009973075299215768e-02
1.007508458220426548e-02
1.005020692033851623e-02
1.002559408247598663e-02
1.000154908493891721e-02
9.976504685245751389e-03
9.951311735634162103e-03
9.926932300698999845e-03
9.903169444174700353e-03
9.879745463632547825e-03
9.855804384669831705e-03
9.832627551499942969e-03
9.809884173991589851e-03
9.786597835727739794e-03
9.762884952314346623e-03
9.739223289049768473e-03
9.715638304727172714e-03
9.691677177809459101e-03
9.667477260775634434e-03
9.643216270416895067e-03
9.619033295755703705e-03
9.594814735092230262e-03
9.570460315241986413e-03
9.545354910919854122e-03
9.519976755908028318e-03
9.495132294080398799e-03
9.470358285765293274e-03
9.445093001198076252e-03
9.420094686725506705e-03
9.395106649992513229e-03
9.369983285997106337e-03
9.345705255289547472e-03
9.320880256938279818e-03
9.296570580673025816e-03
9.272144036459647326e-03
9.247393651667289161e-03
9.222180756956929390e-03
9.197316865813216780e-03
9.173251616485635432e-03
9.150151396940269313e-03
9.126728970127768667e-03
9.103472695913271059e-03
9.079755991053189285e-03
9.055368052460675832e-03
9.030495234222295567e-03
9.006516729482227229e-03
8.982128775498816886e-03
8.957042956278658818e-03
8.932215948477085360e-03
8.907372474294470224e-03
8.882173491451919242e-03
8.857171638574979841e-03
8.832768363518371177e-03
8.809186573369631387e-03
8.785472493595670312e-03
8.762465991088782755e-03
8.740314785034434056e-03
8.718630747459328589e-03
8.696605931812647489e-03
8.674518892277782028e-03
8.652702039159297295e-03
8.630565783295110829e-03
8.608504434918394163e-03
8.586492691772647234e-03
8.565533343887871479e-03
8.545027476345593356e-03
8.524946568690638243e-03
8.505238324913072176e-03
8.485247957765958138e-03
8.464615068413915144e-03
8.443737418029156200e-03
8.422861019562345036e-03
8.401630805809471442e-03
8.380197960033605384e-03
8.359191819697827167e-03
8.338250319245408063e-03
8.317164713089431408e-03
8.296225376747047575e-03
8.275774730235588642e-03
8.255861374999336894e-03
8.236531837902509590e-03
8.217482573326221479e-03
8.198656558378742895e-03
8.180558558868839328e-03
8.162884677063978259e-03
8.145210837490229894e-03
8.127966058726631554e-03
8.111080900244342293e-03
8.094718225119035271e-03
8.078332595036456440e-03
8.062678832995320496e-03
8.047339191619694646e-03
8.032235143370914515e-03
8.017610298155345566e-03
8.003140557314969081e-03
7.989427742207455552e-03
7.975978192868861394e-03
7.962623388943322264e-03
7.949271176882091380e-03
7.935907115708410592e-03
7.922784937094636687e-03
7.909742255645930628e-03
7.896176083487374542e-03
7.882355452530506734e-03
7.868536355595433934e-03
7.854821500068130680e-03
7.841398913513486502e-03
7.828270237314177010e-03
7.815514670014366005e-03
7.802933683329291333e-03
7.790585362497853827e-03
7.778534792050131354e-03
7.766771794662755309e-03
7.754849382698723696e-03
7.743178001117226837e-03
7.731583874510122509e-03
7.720074449255333836e-03
7.708687607038562303e-03
7.697621971117651549e-03
7.686945421159425626e-03
7.676568312894154963e-03
7.666142501454534935e-03
7.655551275804496451e-03
7.645108395298897200e-03
7.634832037898953323e-03
7.624646370411151085e-03
7.614534142269561642e-03
7.604523085239818861e-03
7.594210605596278529e-03
7.583847701625827213e-03
7.573834641527368329e-03
7.563882368896096900e-03
7.554335223857380245e-03
7.544926089164596256e-03
7.535788003529104821e-03
7.527210674277966251e-03
7.519063137279891756e-03
7.511221196643651232e-03
7.503568341227121602e-03
7.495988352690576700e-03
7.488745384594823647e-03
7.481486341084307365e-03
7.473935828739993424e-03
7.466365569126222693e-03
7.458667002750623935e-03
7.450692412680058607e-03
7.442722111789245101e-03
7.434470952773092507e-03
7.426338868984683032e-03
7.418604371813210079e-03
7.410709207396357599e-03
7.402920696816264745e-03
7.395242890130724993e-03
7.387738457939273772e-03
7.380168049484283309e-03
7.372424828490577176e-03
7.364812015866683929e-03
7.357499122428887324e-03
7.350306575093861448e-03
7.343386153803412204e-03
7.336193993493095485e-03
7.328991370377069270e-03
7.321677193113372041e-03
7.314699063285572123e-03
7.307838737622796704e-03
7.301059067946889802e-03
7.294226474988216302e-03
7.287235985708402468e-03
7.280308886083245064e-03
7.273402897135637472e-03
7.266411616163184241e-03
7.259424436113555423e-03
7.252564117770839494e-03
7.245824613451649389e-03
7.238849760195306335e-03
7.231856578259587831e-03
7.224999169171473883e-03
7.218022660455415337e-03
7.211108494250052271e-03
7.204307400447874585e-03
7.197452918632970056e-03
7.190823941025343419e-03
7.184545711786347391e-03
7.178510459925457887e-03
7.172647670178874946e-03
7.166733845537303152e-03
7.160874077849322707e-03
7.155154752081040181e-03
7.149368970679137458e-03
7.143775530422078433e-03
7.138186483139468026e-03
7.132589425458930182e-03
7.127195032647804830e-03
7.122061282021030504e-03
7.117106918848370434e-03
7.112317084346567002e-03
7.107686513515567954e-03
7.102915171737560381e-03
7.098167689788852618e-03
7.093269384386174069e-03
7.088432753116407324e-03
7.083836669527918822e-03
7.079315501685431132e-03
7.074581555278372687e-03
7.070031683416132771e-03
7.065643338437082102e-03
7.061269284467408189e-03
7.057164665200264114e-03
7.053174130381518678e-03
7.049410355348028658e-03
7.045517894692683060e-03
7.041453359135433666e-03
7.037412962977466699e-03
7.033432366453980060e-03
7.029567875935452230e-03
7.025644013912105135e-03
7.021642862660239064e-03
7.017776789413360944e-03
7.013833179088240465e-03
7.009792604621120464e-03
7.005773985735394213e-03
7.001760660942266297e-03
6.997605896542806632e-03
6.993677103708299120e-03
6.989818421094270637e-03
6.986057291699375969e-03
6.982480553770356070e-03
6.978746839407730905e-03
6.974878202169080416e-03
6.971093281265444350e-03
6.967354684328976554e-03
6.963736392578019456e-03
6.960103985968360378e-03
6.956380832387630900e-03
6.952611158887359900e-03
6.948800986029173878e-03
6.944969284593092637e-03
6.941269859831358802e-03
6.937623372804817799e-03
6.933991119822570728e-03
6.930269650606408344e-03
6.926578773046999753e-03
6.923037105619115825e-03
6.919762605645958173e-03
6.916676545694918146e-03
6.913741419186442659e-03
6.910882703405444270e-03
6.908041862553949454e-03
6.905093788736335961e-03
6.902171535116389048e-03
6.899219709111116018e-03
6.896433601380289741e-03
6.893805201807525797e-03
6.891109909884487496e-03
6.888231989175397710e-03
6.885224251566724601e-03
6.882140194496707067e-03
6.878886400157780030e-03
6.875843210794848996e-03
6.872761156558929684e-03
6.869518050258326819e-03
6.866465494690976966e-03
6.863373124332089632e-03
6.860098107919316950e-03
6.857023987736853531e-03
6.854068586820756537e-03
6.851171599889327099e-03
6.848344796238206578e-03
6.845638112190308502e-03
6.843092971730351838e-03
6.840572283649165412e-03
6.837930746821091824e-03
6.835291630398998911e-03
6.832594778458566699e-03
6.829857817751110692e-03
6.826990120397306502e-03
6.824228327700279130e-03
6.821476498496408143e-03
6.818823464387997572e-03
6.816179742756642117e-03
6.813417119795889786e-03
6.810474786266069135e-03
6.807398378142555558e-03
6.804198037086890000e-03
6.800835027828685403e-03
6.797557446954905457e-03
6.794328318590343863e-03
6.791009058655908016e-03
6.787578974092853094e-03
6.783937793781322223e-03
6.780323152628731261e-03
6.776634672905118909e-03
6.772943031713301275e-03
6.769308558594405896e-03
6.765626688744170482e-03
6.761852821318774763e-03
6.757900524147109241e-03
6.753842482562287357e-03
6.749761401417192844e-03
6.745792821382141577e-03
6.741808939934822859e-03
6.737761163654861461e-03
6.733571468867721385e-03
6.729459105446369653e-03
6.725424400541178162e-03
6.721503607171430521e-03
6.717756010784317958e-03
6.714136282846980969e-03
6.710505640277925586e-03
6.707069203873607631e-03
6.703635291857661625e-03
6.700243624564696659e-03
6.696863938332955554e-03
6.693429687670388387e-03
6.689762638525022925e-03
6.685898912037753494e-03
6.682148677496337411e-03
6.678531142902351982e-03
6.674902936106712030e-03
6.671104548521606357e-03
6.667221795321551757e-03
6.663391119726181505e-03
6.659642697204608622e-03
6.655895831228094382e-03
6.652237737003008182e-03
6.648676139562247241e-03
6.645057069773378268e-03
6.641438494417021589e-03
6.637873501641523323e-03
6.634410578444847016e-03
6.631187765696637364e-03
6.627958311941333641e-03
6.624753448730931471e-03
6.621606749637765424e-03
6.618563492259276794e-03
6.615597704928866118e-03
6.612624573748295508e-03
6.609774331734404387e-03
6.607067558555391497e-03
6.604490112934645329e-03
6.601869814439397660e-03
6.599302509283642634e-03
6.596749364338115942e-03
6.594349848494158832e-03
6.591821716686226303e-03
6.589309749025321593e-03
6.586788613317775577e-03
6.584311747057105223e-03
6.581915509661543685e-03
6.579544401046445723e-03
6.577244241690240190e-03
6.574888031016028374e-03
6.572544873041049653e-03
6.570429651973275741e-03
6.568328810506373835e-03
6.566278470461628033e-03
6.564359443846417598e-03
6.562501394409947508e-03
6.560714343126617006e-03
6.559107197848571512e-03
6.557485151532691826e-03
6.555921698050251427e-03
6.554455947566632627e-03
