6.481848503740312607e-03
6.477150934070422666e-03
6.472515287134198228e-03
6.467977176102748457e-03
6.463410366635321223e-03
6.458823230581300402e-03
6.454289743293900594e-03
6.449736730215700591e-03
6.445218721148234832e-03
6.440817559805361511e-03
6.436470602849816633e-03
6.432221229285590633e-03
6.428065525226759822e-03
6.424070053151938187e-03
6.420114054125247889e-03
6.416097837938871881e-03
6.412377975695219418e-03
6.408723697341391946e-03
6.405181272835842703e-03
6.401832215504335392e-03
6.398527449697374164e-03
6.395378411503658579e-03
6.392298079721513496e-03
6.389276614172597485e-03
6.386425097236557609e-03
6.383602131772214174e-03
6.380791593470491740e-03
6.378202901083142480e-03
6.375693372892304693e-03
6.373166629984992546e-03
6.370812448341970323e-03
6.368590185347827726e-03
6.366602996508014846e-03
6.364843797459082513e-03
6.363089019069459278e-03
6.361204706822039777e-03
6.359378085328214712e-03
6.357564397582700713e-03
6.355747277949059734e-03
6.353879162319770249e-03
6.352020615698137328e-03
6.350367463062194483e-03
6.348894074629574981e-03
6.347481241064793431e-03
6.345991496333504289e-03
6.344448446549949723e-03
6.342908189228512600e-03
6.341500934159451097e-03
6.340334541300619332e-03
6.339400748697378643e-03
6.338357447855854157e-03
6.337416341433439911e-03
6.336643465615205556e-03
6.335953298873305516e-03
6.335319375390060896e-03
6.334857177135791440e-03
6.334463685996943524e-03
6.334157623636958896e-03
6.333985082925145359e-03
6.333856823743180993e-03
6.333918350161289734e-03
6.334122184927276807e-03
6.334326602341885937e-03
6.334548073103184705e-03
6.334836068100476586e-03
6.335290174497657141e-03
6.335669301708010508e-03
6.336132052532962751e-03
6.336706304482532179e-03
6.337488534445893419e-03
6.338306468189569727e-03
6.339151902835563589e-03
6.340100650555989710e-03
6.341224896527083814e-03
6.342548109142727777e-03
6.343996198509537984e-03
6.345629448418515194e-03
6.347465695791231974e-03
6.349393144636040175e-03
6.351406255450614199e-03
6.353650371780017979e-03
6.356067085927086593e-03
6.358641074660080147e-03
6.361381687572550264e-03
6.364184522684215514e-03
6.367037610383129327e-03
6.369862560991435170e-03
6.372785012546537328e-03
6.375698755857961246e-03
6.378711698088559631e-03
6.381848117718854491e-03
6.385238188971122282e-03
6.388668240514139979e-03
6.392183008425327342e-03
6.395983540873988009e-03
6.399956323437464359e-03
6.403909713660465956e-03
6.408003409444161524e-03
6.412199979286384993e-03
6.416431026517333686e-03
6.420671997966542928e-03
6.424957675649851409e-03
6.429524457995518076e-03
6.434161869253895299e-03
6.438812624324713810e-03
6.443446875944888047e-03
6.448023501894308007e-03
6.452610753098503814e-03
6.457164825380000070e-03
6.461778989629386738e-03
6.466410528041170377e-03
6.471158527481298516e-03
6.476019606175901534e-03
6.480990299390429824e-03
6.486139888865013851e-03
6.491360835035197077e-03
6.496689817783141488e-03
6.502009665940835896e-03
6.507167924243391355e-03
6.512208167224862662e-03
6.517322009092618024e-03
6.522635306078158196e-03
6.528244593537288649e-03
6.533962730100840825e-03
6.539731182316771939e-03
6.545603425287974640e-03
6.551770717917365476e-03
6.557982007391963304e-03
6.564133895142790394e-03
6.570091295281159892e-03
6.576125108211953660e-03
6.582327201626566801e-03
6.588695520934314230e-03
6.595062144991245198e-03
6.601448511625367284e-03
6.607986111074359500e-03
6.614771071492227261e-03
6.621806831993311097e-03
6.629073768059849311e-03
6.636391250829891744e-03
6.643728619387531502e-03
6.651253737911636509e-03
6.658878827996633949e-03
6.666743318579111156e-03
6.674772268574091609e-03
6.682778550407901877e-03
6.690692982005842782e-03
6.698552364312606970e-03
6.706467233800289703e-03
6.714508101791409611e-03
6.722494765676741493e-03
6.730606956766262659e-03
6.738808661115576124e-03
6.747034248380630143e-03
6.755312076661537657e-03
6.763695756576144739e-03
6.772035177718782432e-03
6.780378598054196543e-03
6.788823993770002306e-03
6.797407720976478274e-03
6.806075799298900476e-03
6.814952776930355977e-03
6.823844302148734768e-03
6.832666252824581843e-03
6.841629138867824471e-03
6.850585408515300762e-03
6.859558259975602652e-03
6.868618415539129961e-03
6.877546026400954346e-03
6.886675235656590684e-03
6.895967330699524431e-03
6.905484487743959732e-03
6.915098428744700931e-03
6.924777916378038571e-03
6.934485259091979423e-03
6.944159386752156438e-03
6.953956355342198227e-03
6.963965985564416449e-03
6.974069388195182004e-03
6.984223956731450481e-03
6.994318771805678632e-03
7.004405338110763352e-03
7.014520876650223551e-03
7.024682643057792754e-03
7.035036879181278714e-03
7.045416170556268419e-03
7.055809119286268923e-03
7.066144368675681027e-03
7.076530612230727199e-03
7.086746107503265509e-03
7.097023172926578485e-03
7.107431442729840627e-03
7.117885580029027423e-03
7.128452862557075644e-03
7.139169777246873530e-03
7.150014923621487127e-03
7.160926969713633794e-03
7.172078721118064701e-03
7.183372209530307535e-03
7.194649288244981712e-03
7.206198598489291576e-03
7.217908301383542564e-03
7.229601638500584432e-03
7.241028911332383737e-03
7.252115632449989899e-03
7.263059289188904255e-03
7.274000851639886300e-03
7.284966164119365158e-03
7.295764015398662969e-03
7.306546967915852203e-03
7.317378158877628318e-03
7.328259337590635296e-03
7.339156198124476352e-03
7.350035773181263360e-03
7.360867148833783943e-03
7.371843965069084861e-03
7.382842803798726067e-03
7.393848802673203685e-03
7.405083312423604153e-03
7.416405199665522877e-03
7.427882556347803131e-03
7.439399349384067002e-03
7.450975706686974002e-03
7.462580844588839746e-03
7.474128058668276856e-03
7.485824879007713269e-03
7.497599847181485311e-03
7.509239419020951635e-03
7.520941504172768376e-03
7.532686469485255602e-03
7.544543746290541426e-03
7.556456694967491131e-03
7.568555986470143666e-03
7.580871094738524628e-03
7.593291365616496556e-03
7.605703204911518425e-03
7.618238794513088399e-03
7.630836245378589192e-03
7.643384753196804868e-03
7.656124905441097361e-03
7.668814636736762634e-03
7.681425277974984582e-03
7.694123350009777866e-03
7.706710633124252974e-03
7.719500977706068683e-03
7.732458404346498337e-03
7.745423015531965882e-03
7.758357058897671910e-03
7.771317872285858804e-03
7.784326449628589835e-03
7.797457438645359444e-03
7.810704254660663128e-03
7.823998212237717395e-03
7.837428086436417501e-03
7.851079817388811541e-03
7.864847301388365117e-03
7.878621564514246695e-03
7.892573737756718513e-03
7.906761242669476525e-03
7.921143148855520205e-03
7.935631872735490061e-03
7.950137081015178422e-03
7.964679182021851267e-03
7.979140561911559834e-03
7.993683136657499244e-03
8.008414985631628555e-03
8.023171779117890812e-03
8.037940636438412750e-03
8.052802136813610318e-03
8.067649112312839238e-03
8.082491340283928447e-03
8.097451955772997506e-03
8.112485224922140817e-03
8.127715404435905538e-03
8.142939615285367874e-03
8.158264322300021881e-03
8.173521821779236238e-03
8.189006517151287481e-03
8.204583967068157860e-03
8.220290450122565845e-03
8.236223921855804347e-03
8.252342829853471715e-03
8.268489405800976549e-03
8.284616442443725609e-03
8.300653020412778957e-03
8.316675752206813266e-03
8.332726900849131771e-03
8.348711612251554989e-03
8.364556680558713972e-03
8.380314312813873581e-03
8.396309347377827262e-03
8.412256357092791001e-03
8.428119011187156645e-03
8.443879289925544998e-03
8.459364907249767099e-03
8.474976642075325584e-03
8.490551364049837846e-03
8.506057014313631037e-03
8.521292946643777011e-03
8.536502557915119985e-03
8.551694727172742469e-03
8.567050161546926543e-03
8.582549829632461769e-03
8.598298276526184641e-03
8.614133963144143813e-03
8.630265715031691653e-03
8.646558717705445790e-03
8.662958523433003655e-03
8.679391167700473142e-03
8.696016719948988435e-03
8.712653894575837776e-03
8.729167544128753689e-03
8.745677103081989437e-03
8.762248422695252323e-03
8.778906416698888451e-03
8.795526447745231208e-03
8.812051994460268906e-03
8.828525384809379067e-03
8.845040661292552162e-03
8.861730646210689080e-03
8.878447390640449924e-03
8.894950626938789504e-03
8.911562978679116523e-03
8.928184390026001546e-03
8.944741384469550791e-03
8.961177742822843892e-03
8.977786178894156185e-03
8.994557756204089177e-03
9.011309830997260920e-03
9.028270271485861267e-03
9.045293695647591004e-03
9.062405061133153167e-03
9.079548062791847896e-03
9.096583820691585970e-03
9.113675892751329360e-03
9.130608805685088217e-03
9.147369461840897803e-03
9.164066255540991371e-03
9.180744177000257564e-03
9.197538392440347474e-03
9.214422349563638343e-03
9.231341851021323403e-03
9.248317450415703689e-03
9.265522089607262576e-03
9.282780242942033702e-03
9.300002483311696141e-03
9.317166794603502777e-03
9.334257201443443841e-03
9.351260135443392740e-03
9.368334595814178239e-03
9.385498346276771944e-03
9.402661484482040949e-03
9.419748305243362194e-03
9.436778182319516955e-03
9.453852094624272395e-03
9.471063896212994493e-03
9.488337872514370983e-03
9.505833115459987048e-03
9.523472600750872499e-03
9.541149719784045372e-03
9.558876178273905191e-03
9.576725677212188578e-03
9.594733628046045112e-03
9.612740444082909161e-03
9.630603958120672811e-03
9.648511672933009903e-03
9.666426081283280985e-03
9.684356533515816462e-03
9.702412188242186264e-03
9.720566634310544990e-03
9.738978477337725467e-03
9.757642609611096376e-03
9.776279204757239508e-03
9.794926740765359449e-03
9.813637584593880303e-03
9.832308327444508680e-03
9.850908132532200726e-03
9.869350996284392483e-03
9.887732293264299768e-03
9.906097596663892765e-03
9.924492305119872113e-03
9.943048908527336166e-03
9.961625785122494789e-03
9.980263937376783467e-03
9.998855721367968033e-03
1.001744851515204253e-02
1.003596442972448828e-02
1.005436792412939782e-02
1.007250337933441806e-02
1.009043855150409778e-02
1.010841043189771200e-02
1.012659619656121508e-02
1.014470612202468883e-02
1.016273265905395275e-02
1.018075204438460141e-02
1.019890585098002719e-02
1.021724916491939875e-02
1.023545087060893574e-02
1.025354451982516540e-02
1.027172880752579530e-02
1.028985111008455522e-02
1.030832265420719360e-02
1.032692593557260792e-02
1.034545908363091078e-02
1.036398878544250897e-02
1.038252666789038318e-02
1.040122912086551867e-02
1.041987254487686081e-02
1.043851196124920278e-02
1.045706829625446706e-02
1.047547633059812446e-02
1.049379028077375778e-02
1.051208568191736546e-02
1.053051319118679038e-02
1.054885006647646867e-02
1.056724967092642110e-02
1.058578192030659032e-02
1.060420408574452508e-02
1.062270737565349996e-02
1.064160021738288359e-02
1.066073724411357310e-02
1.067987490018172843e-02
1.069921831957013937e-02
1.071866236284940536e-02
1.073825874051872152e-02
1.075781730791968739e-02
1.077749107241864068e-02
1.079722080055934078e-02
1.081696607641362100e-02
1.083658042351636625e-02
1.085626389816874912e-02
1.087587750228540505e-02
1.089551805567216293e-02
1.091511701882420804e-02
1.093472827338929851e-02
1.095441902671518211e-02
1.097421510125195718e-02
1.099415305844696732e-02
1.101411485163425637e-02
1.103394440108692622e-02
1.105369147035590444e-02
1.107351247532777604e-02
1.109324081359554584e-02
1.111288335681861333e-02
1.113259052237593194e-02
1.115248877134242256e-02
1.117242893206318519e-02
1.119252364308754438e-02
1.121274359864916047e-02
1.123284091401947904e-02
1.125287436928025693e-02
1.127281609489846036e-02
1.129265921386542020e-02
1.131255241640131970e-02
1.133248486440656053e-02
1.135264222669824831e-02
1.137297281652045397e-02
1.139313678807554048e-02
1.141271430523489380e-02
1.143210304940247245e-02
1.145145625758803472e-02
1.147071675890301394e-02
1.148995394470074885e-02
1.150923441307476029e-02
1.152883275364631824e-02
1.154856326296880599e-02
1.156821082559454997e-02
1.158784910385035442e-02
1.160753805756764220e-02
1.162737004760338970e-02
1.164726141261653719e-02
1.166715162856795870e-02
1.168709900940174268e-02
1.170704952885201836e-02
1.172705117817057947e-02
1.174726025213455004e-02
1.176755482862236468e-02
1.178773163275878035e-02
1.180800258957147297e-02
1.182827612801917033e-02
1.184880724891413349e-02
1.186944140481509605e-02
1.189006260364678692e-02
1.191079729916406753e-02
1.193144775148936160e-02
1.195198153791847927e-02
1.197251539853358936e-02
1.199306802337171858e-02
1.201363794982857232e-02
1.203423814754891151e-02
1.205507377383648222e-02
1.207605378150353875e-02
1.209712572898335309e-02
1.211815177227309678e-02
1.213924278569378755e-02
1.216026822521935197e-02
1.218125703188006198e-02
1.220225208508581363e-02
1.222322626246585484e-02
1.224410514439563773e-02
