2.062130312632299081e-02
2.036776006707391104e-02
2.010891555774284994e-02
1.985021928517263778e-02
1.960282190063434085e-02
1.936410566657092644e-02
1.912777180409537189e-02
1.889461340719264873e-02
1.867235512670780209e-02
1.845630195272527849e-02
1.824489674629800606e-02
1.803625725423206247e-02
1.783031927341349049e-02
1.762848226638674340e-02
1.743327484912472053e-02
1.724051113689688622e-02
1.705373315637999376e-02
1.686634397344874414e-02
1.667986726392867505e-02
1.649978693523046838e-02
1.632738296560806712e-02
1.616318322566371452e-02
1.600274387828592645e-02
1.584450551966934059e-02
1.569077219754816399e-02
1.553950229034075856e-02
1.538756668235824986e-02
1.523621575440723894e-02
1.508752391770152787e-02
1.493657464418805120e-02
1.477833604854016797e-02
1.462286075684237664e-02
1.447332401060836757e-02
1.432760131395112956e-02
1.418049290164380763e-02
1.403332886018552640e-02
1.388478501630449093e-02
1.373873798996008179e-02
1.359692316946977016e-02
1.346193056043137881e-02
1.332761462815828905e-02
1.319640468158329513e-02
1.306605619677200791e-02
1.293821023724152190e-02
1.281247929357178829e-02
1.268949000082167031e-02
1.256920027054161081e-02
1.245227873991735720e-02
1.233910752754913999e-02
1.222821362704925620e-02
1.212044126775248948e-02
1.201650796862285646e-02
1.191493979101272173e-02
1.181527369088208705e-02
1.171350835701001278e-02
1.161085873889690714e-02
1.151201429335577640e-02
1.141562832848817648e-02
1.132173776691560579e-02
1.123055604518700609e-02
1.114106438427237521e-02
1.105288987000140229e-02
1.096247817368458354e-02
1.087327000198633035e-02
1.078515329860747773e-02
1.069776124621197276e-02
1.061213822932187238e-02
1.052796213183918722e-02
1.044848134762659669e-02
1.037132888051147013e-02
1.029489584114004659e-02
1.022035800326739387e-02
1.014825454439836731e-02
1.007747524958984252e-02
1.000620414105582966e-02
9.935715691826279769e-03
9.867961609664424594e-03
9.798227796027641004e-03
9.723066318199769312e-03
9.651329383065234205e-03
9.581317098487102807e-03
9.512988536499736997e-03
9.446659855384969065e-03
9.383824854622012726e-03
9.322499335569629092e-03
9.262675128774015484e-03
9.205257980820183428e-03
9.148792647278044740e-03
9.093332003902797334e-03
9.040260258934014470e-03
8.989774095708197299e-03
8.940868442907975305e-03
8.894011253265231981e-03
8.848926838083141094e-03
8.805718755748702040e-03
8.764622420856875082e-03
8.724499205044691438e-03
8.684837201417966446e-03
8.644995361827903513e-03
8.603437549565606801e-03
8.560647425918383249e-03
8.518780421387912513e-03
8.476719707594438519e-03
8.434570065923392354e-03
8.391723182346407309e-03
8.348407348523935803e-03
8.305506470600954733e-03
8.263377584344078902e-03
8.219827921831131257e-03
8.170748758188860900e-03
8.120178112388378583e-03
8.069951191649556155e-03
8.020147014553398457e-03
7.971973368292624082e-03
7.925979932696156083e-03
7.881101934430501457e-03
7.837163443042395594e-03
7.794541007724857529e-03
7.754237511745455669e-03
7.714774731800516649e-03
7.675842712446959495e-03
7.635590644443348771e-03
7.595095534465464565e-03
7.556033443036591982e-03
7.518375000096552858e-03
7.481212462493452495e-03
7.443856335654630389e-03
7.405233114828618617e-03
7.367864003646308092e-03
7.330418038160192891e-03
7.295094627798114073e-03
7.259700351557155790e-03
7.224766091991573734e-03
7.188934460813681607e-03
7.152268857159649502e-03
7.116364195121824103e-03
7.081067474092843025e-03
7.046898756292331936e-03
7.014059399011863052e-03
6.981574471508275072e-03
6.950183614163300480e-03
6.920024289894064796e-03
6.890273514578044815e-03
6.861610865271665707e-03
6.833613766614457345e-03
6.805333836849746833e-03
6.777657233431370887e-03
6.751056593340114091e-03
6.724832487547343675e-03
6.698805674547472083e-03
6.672501444044375007e-03
6.647349224247766503e-03
6.623587337178661952e-03
6.600194183597233102e-03
6.574513094738694031e-03
6.548693919326764416e-03
6.522004626702790873e-03
6.496341520885650679e-03
6.471315631568155466e-03
6.447298506779729904e-03
6.423861120244057227e-03
6.400268784757295361e-03
6.377012088404625245e-03
6.354555471435239383e-03
6.332801908111625709e-03
6.311572762701077310e-03
6.291122807412026681e-03
6.271384899685246948e-03
6.252475307151504277e-03
6.234310142762816177e-03
6.215966854683383815e-03
6.198413605365283782e-03
6.182041385840359761e-03
6.166213942283644590e-03
6.150008737828269179e-03
6.132755824812924708e-03
6.116290127710689167e-03
6.100440498539691676e-03
6.084582598366139461e-03
6.068936053815874969e-03
6.054009515152410266e-03
6.040231284073783666e-03
6.027208873437559303e-03
6.014912257624579518e-03
6.003187588732724136e-03
5.992517942415092301e-03
5.982337010158704504e-03
5.972768927540578025e-03
5.963927337401106997e-03
5.955190196893373096e-03
5.946834020941785433e-03
5.939042315201753866e-03
5.931605370295097053e-03
5.924323935983238400e-03
5.916512750197633688e-03
5.908344853304008451e-03
5.899591570178707237e-03
5.890932619519553479e-03
5.883021983268320494e-03
5.875465818591023813e-03
5.868130819307655621e-03
5.861247866261288381e-03
5.855131579308630110e-03
5.850211266979175873e-03
5.845739776024922243e-03
5.841832341799733409e-03
5.838594657537883419e-03
5.835161191138837564e-03
5.831219555815329858e-03
5.826696322813218129e-03
5.822401571494410441e-03
5.818233973575762455e-03
5.812915650459684475e-03
5.807599057282246749e-03
5.802131178860419833e-03
5.796746506674430033e-03
5.791366887202516363e-03
5.786467970376613264e-03
5.781664452955104574e-03
5.777076466788262470e-03
5.772880605613191739e-03
5.769035639971325548e-03
5.765677306145648197e-03
5.762385869363052110e-03
5.759272440465645036e-03
5.756446219516715701e-03
5.753488529425720456e-03
5.750142434159680183e-03
5.746447635822352247e-03
5.742820943094173979e-03
5.738424683558365075e-03
5.734320922573202944e-03
5.731041074952862580e-03
5.728296299144815598e-03
5.726345393719147435e-03
5.724234968368990817e-03
5.722447524222583175e-03
5.721169329041873516e-03
5.720205279973101034e-03
5.719942775784796207e-03
5.720301244954856430e-03
5.719862790690690910e-03
5.719270424124136241e-03
5.719128337558186670e-03
5.719598626090439258e-03
5.719678261353288579e-03
5.719641291493417212e-03
5.719842835461330481e-03
5.720358703404249817e-03
5.721242020494354125e-03
5.722508204449571270e-03
5.724040636109921365e-03
5.725540330953682311e-03
5.727366066187915619e-03
5.729547469554255486e-03
5.731531155131963477e-03
5.733393977349170167e-03
5.735760027641698296e-03
5.738492033942681550e-03
5.741099231717633304e-03
5.743744036540958040e-03
5.746578266610908280e-03
5.749424968179643602e-03
5.752085445896015087e-03
5.755359626165162078e-03
5.759340580469643651e-03
5.763822815340892934e-03
5.768842920514482935e-03
5.773947076525181785e-03
5.775888144720076924e-03
5.776714495827825480e-03
5.777875812328422435e-03
5.779372909189764776e-03
5.779962012118022331e-03
5.779588956790814545e-03
5.779888878393358437e-03
5.780620750571383026e-03
5.782029508569276263e-03
5.784371388725353946e-03
5.787380166205143353e-03
5.790028552480854483e-03
5.792020381536073723e-03
5.793608031772444489e-03
5.795432146130841469e-03
5.797514759022921911e-03
5.799673719293030501e-03
5.801812625632758215e-03
5.804087260974625899e-03
5.806406731176021706e-03
5.809252754595733113e-03
5.811775322222803922e-03
5.814074408690971495e-03
5.816777012384216454e-03
5.819850586607825359e-03
5.823573034256247435e-03
5.827502507330487545e-03
5.832090263733167960e-03
5.836526265521816206e-03
5.841190465030569184e-03
5.845891435479095254e-03
5.850580340104364133e-03
5.855351711580851493e-03
5.859960893897347631e-03
5.863930360702386199e-03
5.868216709052834559e-03
5.872658153703326327e-03
5.877324859626596211e-03
5.882695292901524500e-03
5.887990741163676503e-03
5.892810903254232756e-03
5.897787056532564909e-03
5.902991903288667616e-03
5.908199897771276854e-03
5.913247240992240000e-03
5.918205499493365239e-03
5.923274487689166035e-03
5.928586799581670418e-03
5.933858309466494285e-03
5.939228356864178354e-03
5.944525728738375182e-03
5.950305984233112029e-03
5.956583625947278922e-03
5.962462233833000676e-03
5.968139450637445671e-03
5.973893476384374741e-03
5.979899044346137331e-03
5.985468852647011888e-03
5.990821915875676855e-03
5.996627264304566114e-03
6.002945229917869448e-03
6.009877578059191067e-03
6.016574633772273605e-03
6.023546025341317868e-03
6.030509317715300986e-03
6.037296661636677893e-03
6.043991450714881510e-03
6.050649135417751623e-03
6.057415231243574658e-03
6.064645685910669860e-03
6.071942200402088465e-03
6.080091727985444637e-03
6.088421494030225693e-03
6.097198966477332914e-03
6.106108777055479706e-03
6.115285444803838545e-03
6.124835653017572656e-03
6.134910204639814138e-03
6.145049825819446331e-03
6.155724289000528808e-03
6.166937218212577287e-03
6.178666366854511371e-03
6.190956978637112383e-03
6.203661890052713894e-03
6.216391873323855004e-03
6.229302956654661667e-03
6.242595685458274431e-03
6.256705878045162178e-03
6.271118848730348160e-03
6.285299554597922542e-03
6.299455451147684994e-03
6.313740931357084314e-03
6.328324918860833530e-03
6.343464703663037607e-03
6.358862937016525850e-03
6.374297451721515351e-03
6.390179277116155715e-03
6.406226983587674957e-03
6.422680073913957476e-03
6.439860285812376746e-03
6.457293482598628828e-03
6.475250901367430451e-03
6.493158600506656296e-03
6.511256353729888251e-03
6.529499975356759141e-03
6.548264990529539288e-03
6.567828184618105039e-03
6.587328909751504098e-03
6.606823140846668913e-03
6.626581186321611229e-03
6.646650279835659460e-03
6.667072050452091739e-03
6.687729583318857522e-03
6.708628944736049274e-03
6.729567535824638666e-03
6.750308154886363286e-03
6.771359303587698615e-03
6.792834880227165660e-03
6.814743272684345432e-03
6.837253628282306990e-03
6.860279494100183020e-03
6.883567346279017771e-03
6.907119181282683068e-03
6.930817946401667679e-03
6.954931179143585517e-03
6.979864763418918046e-03
7.005854841509831163e-03
7.032300140661713189e-03
7.059071542581103406e-03
7.086470410315227203e-03
7.114329193431821741e-03
7.142134974273818375e-03
7.170223100192853888e-03
7.198984008589891237e-03
7.228303196009012131e-03
7.257816068825973833e-03
7.287533038568497039e-03
7.317759867636182587e-03
7.348575238781573926e-03
7.380150130434985113e-03
7.412727177128041432e-03
7.446052533653792042e-03
7.480280063030111254e-03
7.514987802272812302e-03
7.550036233517764574e-03
7.585772959297915584e-03
7.622096998713117494e-03
7.658835598776830324e-03
7.696391849758295323e-03
7.734429299022459701e-03
7.772397725380760999e-03
7.811104197398184741e-03
7.850102860827641235e-03
7.889583648001879945e-03
7.929647561243252998e-03
7.970877566766614020e-03
8.013116607899318372e-03
8.056170057728488307e-03
8.099196792323910821e-03
8.142021568056521247e-03
8.185573090907831417e-03
8.230573464811716602e-03
8.276153127810796303e-03
8.322467023079028331e-03
8.369512926938141653e-03
8.417285495482982813e-03
8.466209208840100309e-03
8.515333856893713901e-03
8.564833822545756328e-03
8.614726249365127139e-03
8.665010701279085917e-03
8.715113767231384354e-03
8.765439603708883101e-03
8.816779068752835305e-03
8.869839123882602983e-03
8.924108326240741060e-03
8.979351693298755210e-03
9.035900687779702470e-03
9.093566276723285755e-03
9.152179904643625505e-03
9.212302064030637033e-03
9.273590791647605067e-03
9.335872397538844125e-03
9.399800468058818956e-03
9.464648744642525577e-03
9.530541605045798198e-03
9.597749437999545524e-03
9.665700187736936400e-03
9.734265240500963520e-03
9.804322315754374767e-03
9.874931647835448467e-03
9.947017202701842128e-03
1.002017469527716892e-02
1.009497406663705660e-02
1.017140962620985065e-02
1.024885903109424776e-02
1.032826699490687651e-02
1.040967718056363088e-02
1.049252032456073069e-02
1.057697555306772765e-02
1.066226618815538200e-02
1.074873267395734695e-02
1.083658881618043343e-02
1.092526082476777925e-02
1.101488458472973248e-02
1.110590668578969632e-02
1.119823019123365737e-02
1.129204404214632050e-02
1.138815310901188267e-02
1.148586784072132792e-02
1.158462561734355072e-02
1.168045043940036699e-02
1.177615956881521500e-02
1.187375075830906027e-02
1.197331893698753633e-02
1.207516294024135045e-02
1.217925060258837240e-02
1.228592053048993722e-02
1.239463258505095131e-02
1.250603537287555724e-02
1.261928808844992034e-02
1.273455271361291843e-02
1.285083701429734840e-02
1.296832224238345967e-02
1.308728053923871766e-02
1.320930349058197124e-02
1.333391720185801189e-02
1.346101552670431190e-02
1.359108676597567920e-02
1.372298178942938339e-02
1.385694954181574366e-02
