1.748311052574818419e-02
1.739382283841308177e-02
1.730564637916087375e-02
1.721824766661253503e-02
1.713182421527116583e-02
1.704607363313160803e-02
1.696089716601579742e-02
1.687670864924319114e-02
1.679350330961854390e-02
1.671099370105679632e-02
1.662966668154318775e-02
1.654930600252348463e-02
1.646945945035466208e-02
1.638955319047450537e-02
1.631052131963898685e-02
1.623223929552113781e-02
1.615455061078140825e-02
1.607747255671527348e-02
1.600091659644681252e-02
1.592510002107571515e-02
1.585016980117034263e-02
1.577601344552165621e-02
1.570254242804613662e-02
1.562992436000426935e-02
1.555812985510921995e-02
1.548672710480739588e-02
1.541595945473188574e-02
1.534599452177399376e-02
1.527678555993700754e-02
1.520832529542750361e-02
1.514037230375274781e-02
1.507296436270984426e-02
1.500619821214651227e-02
1.494006590463612012e-02
1.487457173893079986e-02
1.480972493671069493e-02
1.474538576281747906e-02
1.468116900191148572e-02
1.461773384613173320e-02
1.455506524627957904e-02
1.449311777162293029e-02
1.443178739519438390e-02
1.437102521364417261e-02
1.431074769748662094e-02
1.425095409116015725e-02
1.419183908761323214e-02
1.413307204921626474e-02
1.407480214865565113e-02
1.401711386664947212e-02
1.395990480391134762e-02
1.390321754291927274e-02
1.384705057330088036e-02
1.379156348456326252e-02
1.373680263990153735e-02
1.368260899290074835e-02
1.362907967597029070e-02
1.357598800590431934e-02
1.352327374302021712e-02
1.347100251935091919e-02
1.341924193555625242e-02
1.336803975925052700e-02
1.331723871369020623e-02
1.326697109535115472e-02
1.321725882593599403e-02
1.316794291149019948e-02
1.311899110912045918e-02
1.307041257256174628e-02
1.302231898866112320e-02
1.297475416581893651e-02
1.292759510863395953e-02
1.288082841097947309e-02
1.283454742511083192e-02
1.278860211072684570e-02
1.274301370660608189e-02
1.269797488930201647e-02
1.265328208306728923e-02
1.260887552599396916e-02
1.256472051442858971e-02
1.252060154852766699e-02
1.247651573836907127e-02
1.243281214420250032e-02
1.238932455599586584e-02
1.234624014205137205e-02
1.230361205107201837e-02
1.226144001259097706e-02
1.221955549104941641e-02
1.217780835032843990e-02
1.213626589237311836e-02
1.209497373129243304e-02
1.205402481326610896e-02
1.201329543866561794e-02
1.197283642616256416e-02
1.193272463882648696e-02
1.189309642478643403e-02
1.185380902297775325e-02
1.181486686353827240e-02
1.177608272448533999e-02
1.173726892905412912e-02
1.169880355064580740e-02
1.166067346927292074e-02
1.162287175190022254e-02
1.158549458073701750e-02
1.154836454962566983e-02
1.151131026349162291e-02
1.147448561345684043e-02
1.143789457056000082e-02
1.140153910033104602e-02
1.136533276055736938e-02
1.132941068348729090e-02
1.129364306850385094e-02
1.125810104312807008e-02
1.122244267553479044e-02
1.118686029091460650e-02
1.115168242650912793e-02
1.111674740190182406e-02
1.108220290211767503e-02
1.104795151836809701e-02
1.101396037964232771e-02
1.098014536118366129e-02
1.094635190874778188e-02
1.091272898123779242e-02
1.087942157158585527e-02
1.084638662395009424e-02
1.081354190477698887e-02
1.078093758632054332e-02
1.074851434287332069e-02
1.071639823187393176e-02
1.068459172112104678e-02
1.065305024477581318e-02
1.062181479874015587e-02
1.059081662719247446e-02
1.055911290565993317e-02
1.052789442114165745e-02
1.049704558463554656e-02
1.046649803935711769e-02
1.043614746600580664e-02
1.040600438820011263e-02
1.037611735370381344e-02
1.034622414839697115e-02
1.031661812912536454e-02
1.028746153976244082e-02
1.025865239141441482e-02
1.022997916118883847e-02
1.020125712361889640e-02
1.017131609467113174e-02
1.014158432408957498e-02
1.011218805344049967e-02
1.008303210467666883e-02
1.005398383474553556e-02
1.002512372864476295e-02
9.996524874920665119e-03
9.968205644108316110e-03
9.940143334261779956e-03
9.912292618631354107e-03
9.884453058021522992e-03
9.856845518161254718e-03
9.829474981008279322e-03
9.802442366915320796e-03
9.775669846001850891e-03
9.748527262460511544e-03
9.721074508834151584e-03
9.693981600158128875e-03
9.667070392262607642e-03
9.639092933172568878e-03
9.611200362377796472e-03
9.583302994503732977e-03
9.555611602605918603e-03
9.528048045232035898e-03
9.500594851463610782e-03
9.473129029653295716e-03
9.445678903553073394e-03
9.418306159871254676e-03
9.390801087148691745e-03
9.363381368952903433e-03
9.336024608903535291e-03
9.308737347755696723e-03
9.281650434771858069e-03
9.254529467367562240e-03
9.227642007998857962e-03
9.201136113699924859e-03
9.174719766632876555e-03
9.148499446266741483e-03
9.122458508662122795e-03
9.096375548657942289e-03
9.070084125358679125e-03
9.043841651863410852e-03
9.017717348911385641e-03
8.991901343610581021e-03
8.966208713227955679e-03
8.940422734813083597e-03
8.914827809587621069e-03
8.889361350288185748e-03
8.864119407363006339e-03
8.839131548223478838e-03
8.814360006240281112e-03
8.789680313366283679e-03
8.765207694852915343e-03
8.740889417739042960e-03
8.716562657238765763e-03
8.692255748928777795e-03
8.668123244801068106e-03
8.643995315523135201e-03
8.619954349495926108e-03
8.596046599362878321e-03
8.572215163482563641e-03
8.548528248859776218e-03
8.525043964945838021e-03
8.501467200332912116e-03
8.477774454813137225e-03
8.454093019724459243e-03
8.430143559514408080e-03
8.405738834557112057e-03
8.381328831461202361e-03
8.357143579169157982e-03
8.333241210781727054e-03
8.309165014995203297e-03
8.284153509246616059e-03
8.259194488703287124e-03
8.234431339638062855e-03
8.209824947592116867e-03
8.184946168982921641e-03
8.159868694103254716e-03
8.134925090169270803e-03
8.110228305518362921e-03
8.085569616711781385e-03
8.060765824609059105e-03
8.036124986613298396e-03
8.011608089432655649e-03
7.987105063953321357e-03
7.962520365937366187e-03
7.937857706467493432e-03
7.913226156126263594e-03
7.888809361891653896e-03
7.864392903065946239e-03
7.840195710817648989e-03
7.816086779347622762e-03
7.792016592579545028e-03
7.767807126092255397e-03
7.743602796973197110e-03
7.719554897535353330e-03
7.695033112243906438e-03
7.670368766438684545e-03
7.645737238526868068e-03
7.620960993686691498e-03
7.596339748957559729e-03
7.571900466091068850e-03
7.547544295372988002e-03
7.523329624416917952e-03
7.498794547867380401e-03
7.473230517893422568e-03
7.447861771258904896e-03
7.422716325680995403e-03
7.397583946879338936e-03
7.372483790981598784e-03
7.347435631158956079e-03
7.322456625162707816e-03
7.297587089067672853e-03
7.272789833778489817e-03
7.248188300656957690e-03
7.223689549341859480e-03
7.199410654244385935e-03
7.175365859919667112e-03
7.151429463013530240e-03
7.127621982780191212e-03
7.104030931568713556e-03
7.080664457731989866e-03
7.057240617148488777e-03
7.033859383067797046e-03
7.010550054405266691e-03
6.987322088396817447e-03
6.964056242861198752e-03
6.940865749459664523e-03
6.917646884444217902e-03
6.894106673676833608e-03
6.870610229172527395e-03
6.847257354599493688e-03
6.823891952119237082e-03
6.800481786721586895e-03
6.777265702155836277e-03
6.754149734894698137e-03
6.731195087349440762e-03
6.708198972931477856e-03
6.685004781116575534e-03
6.661258133209166550e-03
6.637635033508277119e-03
6.613898952248182216e-03
6.590327762189374973e-03
6.566910131597505050e-03
6.543624095741135994e-03
6.520444851113271247e-03
6.497386743905257667e-03
6.474379124558450951e-03
6.451570481286712962e-03
6.428973135205575187e-03
6.406329366852684185e-03
6.383896251055882695e-03
6.361606967398655658e-03
6.339474402518088629e-03
6.317491289706204070e-03
6.295754992751982811e-03
6.274184911976824278e-03
6.252612094953869694e-03
6.231201191979357339e-03
6.209950459471313966e-03
6.188883323404683300e-03
6.167944717408452814e-03
6.147129406091280703e-03
6.126433548204782489e-03
6.105853595725283835e-03
6.085276031133803575e-03
6.064855050554803471e-03
6.044538773720286966e-03
6.024301651556383634e-03
6.004026552452204624e-03
5.983766309128161175e-03
5.963655145769751302e-03
5.943673854727350540e-03
5.923816204330687937e-03
5.903992778827416021e-03
5.884254696565827808e-03
5.864483979600027160e-03
5.844896372760887727e-03
5.825496074548564690e-03
5.806115983784055669e-03
5.786966849240007468e-03
5.768138543163658927e-03
5.749597475559512297e-03
5.731208502988000865e-03
5.712988137463211394e-03
5.694950995056777265e-03
5.677116350847337574e-03
5.659524051417019058e-03
5.642144294901349846e-03
5.625045375113526570e-03
5.608156609742327367e-03
5.591554083138988197e-03
5.575128909001113471e-03
5.558609956167465463e-03
5.542231840818096465e-03
5.526042142967318646e-03
5.509875173104999101e-03
5.493620987614121834e-03
5.477431402156764974e-03
5.461367467581417987e-03
5.445318492217246335e-03
5.429412701132152116e-03
5.413559231243086391e-03
5.397821986016519864e-03
5.382252227738461466e-03
5.366833798971962048e-03
5.351198054717301589e-03
5.335816223177085489e-03
5.320608741082930374e-03
5.305564679338977026e-03
5.290820435214868382e-03
5.276223547299583282e-03
5.261745068721035770e-03
5.247342580036795830e-03
5.232980547658138380e-03
5.218715647512913586e-03
5.204642552869221533e-03
5.190685093177428884e-03
5.176704697297780135e-03
5.162694746335873101e-03
5.148976951178557346e-03
5.135290043272296157e-03
5.121626565599283337e-03
5.108098405381491548e-03
5.094721496805774442e-03
5.081573074845291242e-03
5.068497975743425227e-03
5.055606984812644443e-03
5.042855846753558496e-03
5.030266498706610113e-03
5.017855038392779292e-03
5.005517777890133510e-03
4.993389103457805678e-03
4.981414844511254311e-03
4.969438590109320417e-03
4.957452037198326229e-03
4.945696507502764065e-03
4.934175518915582224e-03
4.922790401498060298e-03
4.911565800566476507e-03
4.900564084175397170e-03
4.889666240062665037e-03
4.878968581201540908e-03
4.868515802136069714e-03
4.858177971151007683e-03
4.847933083823532767e-03
4.837822634077727259e-03
4.827794382956792849e-03
4.818023340231333829e-03
4.808398521480904651e-03
4.798990152791645161e-03
4.789679974019960852e-03
4.780446511846229291e-03
4.771475041815133669e-03
4.762742890879724522e-03
4.754103222344279248e-03
4.745454378629839799e-03
4.736914557155062593e-03
4.728484818841809274e-03
4.720162065175568036e-03
4.711966695902362369e-03
4.703844442525983299e-03
4.695924392966398762e-03
4.688148596256277480e-03
4.680479782339690836e-03
4.672913824603225873e-03
4.665424846863696837e-03
4.658052766733621237e-03
4.650880206433548672e-03
4.643833763909792182e-03
4.636875855018368978e-03
4.630050203920280973e-03
4.623527827610160630e-03
4.617269161515883368e-03
4.611208609999523436e-03
4.605246976951996203e-03
4.599397351678678227e-03
4.593685743654714326e-03
4.588075793332882513e-03
4.582513306367773029e-03
4.576948748840416713e-03
4.571239589681509730e-03
4.565555386489789612e-03
4.559885705141527266e-03
4.554172952633814275e-03
4.548394655658210758e-03
4.542732817971210577e-03
4.537137844503775184e-03
4.531602572527384035e-03
4.526167995266391214e-03
4.520886203839365527e-03
4.515641050371120395e-03
4.510562559247802659e-03
4.505558941126039732e-03
4.500671409790981889e-03
4.495850640030417573e-03
4.491069449878015360e-03
4.486349645592952948e-03
4.481648353633935905e-03
4.476943955942991153e-03
4.472472954172825726e-03
4.468082923014155515e-03
4.463822263333930285e-03
4.459713746568800402e-03
4.455867734552861753e-03
4.452138980096246798e-03
4.448530870735594757e-03
4.445100246405051317e-03
4.441865521838660527e-03
4.438746278699402456e-03
4.435738873808687567e-03
4.432861685423434769e-03
4.430197251263839897e-03
4.427715398054504758e-03
4.425339109838991557e-03
4.423037999189089430e-03
4.420739355148643919e-03
4.418506733717362037e-03
4.416413983655882551e-03
4.414494689331822236e-03
4.412731480399811543e-03
4.410942481323181126e-03
4.409202644203243787e-03
4.407442831692536152e-03
4.405690535258677092e-03
4.404291056274182645e-03
4.403089998255812869e-03
4.401891503383123169e-03
4.400780849760702745e-03
4.399704546573927552e-03
4.398715791755838933e-03
4.397900063431077824e-03
4.397214345237997028e-03
4.396702489264149756e-03
4.396333039213269449e-03
4.396037214269684669e-03
4.395902519292301143e-03
4.395903511132564709e-03
4.396007950181804284e-03
4.396366019316681577e-03
4.396904285052122621e-03
4.397559823063256976e-03
4.398238372898467807e-03
4.399057693652628012e-03
4.400090678789228549e-03
4.401136895698902138e-03
4.402300618667217766e-03
4.403560512954929340e-03
4.404960515774616024e-03
4.406412580313855305e-03
4.407972960187147259e-03
4.409627771947656136e-03
4.411340060620231630e-03
4.413159682096504978e-03
4.415060697249865648e-03
4.417157003174904464e-03
