1.502369264548066366e-02
1.495995061201613706e-02
1.489646298958235797e-02
1.483320154602183957e-02
1.477024669660426115e-02
1.470748105684779698e-02
1.464443047897045352e-02
1.458160560819789404e-02
1.451893064305670618e-02
1.445625507551212205e-02
1.439351861435935603e-02
1.433085749952242409e-02
1.426820419575257175e-02
1.420579773754378390e-02
1.414373331035752648e-02
1.408187277405729444e-02
1.402027660435091992e-02
1.395888065855590762e-02
1.389774065837652388e-02
1.383682152936998970e-02
1.377627662641747915e-02
1.371604578650910747e-02
1.365623047168238423e-02
1.359691567712451379e-02
1.353787569817073433e-02
1.347908502750896735e-02
1.342059252456878626e-02
1.336233744139243493e-02
1.330434571360934910e-02
1.324663024779912726e-02
1.318934677645473320e-02
1.313259244033827301e-02
1.307600357323917065e-02
1.301974518601410613e-02
1.296380286480805152e-02
1.290789416538825653e-02
1.285218061726595314e-02
1.279689941074924585e-02
1.274201999134469930e-02
1.268733968573626525e-02
1.263288447722761554e-02
1.257875082966300115e-02
1.252483269113960698e-02
1.247110491650063255e-02
1.241768974830770485e-02
1.236419043668224825e-02
1.231025393456838639e-02
1.225597932582876519e-02
1.220191317278333971e-02
1.214826003037896250e-02
1.209483770635817225e-02
1.204166178681790808e-02
1.198868670654327888e-02
1.193600419123509726e-02
1.188356909517421928e-02
1.183162274103029959e-02
1.177977762650668503e-02
1.172799513716082584e-02
1.167644705743874599e-02
1.162538294460834648e-02
1.157476860272789107e-02
1.152459437870290496e-02
1.147467942078536640e-02
1.142511107240018475e-02
1.137580990883195128e-02
1.132690240992471203e-02
1.127843194675229831e-02
1.123039476553164620e-02
1.118281402768330629e-02
1.113572396284005610e-02
1.108899013303264389e-02
1.104254134964546136e-02
1.099608029474080304e-02
1.094990409368248700e-02
1.090398495483048749e-02
1.085837790945725495e-02
1.081319737798340508e-02
1.076825889752518021e-02
1.072360835209546642e-02
1.067937809119409200e-02
1.063542097945700121e-02
1.059162386330318728e-02
1.054780813383224616e-02
1.050409541384072706e-02
1.046063694064783799e-02
1.041748839579136228e-02
1.037462908227094333e-02
1.033193674147712439e-02
1.028945854838106584e-02
1.024728208027420387e-02
1.020533769607668076e-02
1.016362988504989663e-02
1.012229394198550791e-02
1.008126095020805621e-02
1.004037783759714406e-02
9.999630594402595524e-03
9.959149953610992728e-03
9.919011758645322058e-03
9.879202188856952768e-03
9.839661461503732345e-03
9.800337265090875577e-03
9.761395485785310383e-03
9.722652475482266438e-03
9.684134238319427185e-03
9.645790036239519638e-03
9.607516563394537593e-03
9.569535936869077650e-03
9.531710800617673382e-03
9.494023119607933672e-03
9.456567446960760862e-03
9.419298973961310467e-03
9.382182090207028674e-03
9.345422358279174488e-03
9.308961529832782827e-03
9.272627613113971351e-03
9.236469137023452236e-03
9.200564801215308994e-03
9.164906917186540700e-03
9.129580719903235969e-03
9.094399680347786327e-03
9.059371916466708169e-03
9.024563182200313199e-03
8.989877115246722172e-03
8.955411105531619828e-03
8.921153132953437565e-03
8.887156888932113905e-03
8.853463623319486955e-03
8.820075597920242969e-03
8.786928724295407778e-03
8.753931410663729970e-03
8.720949905546199199e-03
8.688231156984718012e-03
8.655665006804365985e-03
8.623336847727910981e-03
8.591170699315860831e-03
8.559367858806836427e-03
8.527697739900688342e-03
8.496341162437481137e-03
8.465092504618545316e-03
8.434020051717242006e-03
8.403186232114329482e-03
8.372615290411536751e-03
8.342269589769708144e-03
8.312178650864575705e-03
8.282297280302757664e-03
8.252463129852467133e-03
8.222734203668976422e-03
8.193219970246174919e-03
8.163996437567620779e-03
8.134896303081706401e-03
8.106060888101002462e-03
8.077454260844168718e-03
8.049003720258586167e-03
8.020747141413823306e-03
7.992741006643456006e-03
7.965064974951731325e-03
7.937648520188467227e-03
7.910597354014455018e-03
7.883821185319868016e-03
7.857292408985442830e-03
7.830820806917951349e-03
7.804506706498690397e-03
7.778326586451082478e-03
7.752302356090032438e-03
7.726408280993911012e-03
7.700859781518594634e-03
7.675583585975250672e-03
7.650289991353188997e-03
7.624858375874057556e-03
7.599703922782093113e-03
7.574728438634254976e-03
7.549972521374733597e-03
7.525259306998956926e-03
7.500665904549510925e-03
7.476309345503018115e-03
7.452216633466894613e-03
7.428356495267973009e-03
7.404791274777853226e-03
7.381509150709675282e-03
7.358435036703581990e-03
7.335454902695233599e-03
7.312640395038609055e-03
7.289998163492040877e-03
7.267646659811483230e-03
7.245561552539876889e-03
7.223738686745485513e-03
7.202186261223948900e-03
7.180778724840373994e-03
7.159484256120943711e-03
7.138487930722900443e-03
7.117700174010749628e-03
7.097159202563013691e-03
7.076795600860916885e-03
7.056579895949887521e-03
7.036522237140008934e-03
7.016632722078634810e-03
6.996927118362653887e-03
6.977544878718559308e-03
6.958421063891176428e-03
6.939450044007301928e-03
6.920575562575981450e-03
6.901863958485398957e-03
6.883307132136110180e-03
6.864967566856245568e-03
6.846798290383999258e-03
6.828822065900504688e-03
6.811061304801704040e-03
6.793437599485140609e-03
6.775949910877685639e-03
6.758802181387324817e-03
6.741897584216832197e-03
6.724984609706927997e-03
6.708165855067504089e-03
6.691511755511076256e-03
6.675107862784022614e-03
6.658963113600336985e-03
6.643051354652649773e-03
6.627273189192676647e-03
6.611652172469579397e-03
6.596243133703385067e-03
6.581193332699173705e-03
6.566295364848282433e-03
6.551767273856547689e-03
6.537586989461591398e-03
6.523607003304761690e-03
6.509774142939604019e-03
6.496068804963953808e-03
6.482494216491946001e-03
6.469053679058324978e-03
6.455717363981757634e-03
6.442484872975903429e-03
6.429413589680183297e-03
6.416457373879609107e-03
6.403652594259873210e-03
6.390910355543353086e-03
6.378290779353442894e-03
6.365750826646720574e-03
6.353294201467382489e-03
6.340916073983546113e-03
6.328783318664084855e-03
6.317173399379404260e-03
6.305793397078616157e-03
6.294593864662714928e-03
6.283586282895002421e-03
6.272687826141438126e-03
6.262016159486145234e-03
6.251475796875962179e-03
6.241063864718111170e-03
6.230761852645537967e-03
6.220749085516825636e-03
6.210903952078591569e-03
6.201286829780942172e-03
6.191797543415368879e-03
6.182521270325952445e-03
6.173423981806175354e-03
6.164478792964980282e-03
6.155619827204124837e-03
6.146816208322924274e-03
6.138036251910994161e-03
6.129388987540161128e-03
6.120777170184389139e-03
6.112407393051845668e-03
6.104312116197730884e-03
6.096503120883195459e-03
6.088968933758842975e-03
6.081635087479119600e-03
6.074572334083752287e-03
6.067880953232873166e-03
6.061607827376782644e-03
6.055454414813906359e-03
6.049673885637128941e-03
6.044129503847602176e-03
6.038854672005173480e-03
6.033812070191745154e-03
6.028929126488060189e-03
6.024313252451151020e-03
6.019849579541346196e-03
6.015595855617974358e-03
6.011693173054040960e-03
6.008075042712438495e-03
6.004689339290679440e-03
6.001492338568957356e-03
5.998320688341106897e-03
5.995332342738292526e-03
5.992526682652366682e-03
5.989974022890242993e-03
5.987577783049791678e-03
5.985250221701308472e-03
5.983164314865200770e-03
5.981262871569779233e-03
5.979540503312431865e-03
5.978184893803307511e-03
5.977336980004906847e-03
5.976756057511100652e-03
5.976380019366844820e-03
5.976024384763616720e-03
5.975806296152028421e-03
5.975804440798364314e-03
5.976163637549241313e-03
5.976821301487234700e-03
5.977623765596307322e-03
5.978597894778121813e-03
5.979915137600570404e-03
5.981295662529231318e-03
5.982871703632219179e-03
5.984610610157386004e-03
5.986528335330832187e-03
5.988614801869987687e-03
5.990808232316353031e-03
5.993210634521143644e-03
5.995718168459669532e-03
5.998440686928965815e-03
6.001245894954264880e-03
6.004151166791774075e-03
6.007427952225696810e-03
6.010688219287347971e-03
6.014310520843128317e-03
6.018188527766413741e-03
6.022267655589949933e-03
6.026578447920928096e-03
6.031101863312558244e-03
6.035799149836544759e-03
6.040702662908770636e-03
6.045834898762796755e-03
6.051078458652065645e-03
6.056557155478767621e-03
6.062260599731619272e-03
6.068242671462872016e-03
6.074341645772000572e-03
6.080497441108247830e-03
6.086692072365784689e-03
6.093177402443710269e-03
6.099817745021007126e-03
6.106620833647195649e-03
6.113604513502342991e-03
6.120884619374036481e-03
6.128448098281477456e-03
6.136263847665200492e-03
6.144193059761691306e-03
6.152361628528652156e-03
6.160674746144631855e-03
6.169057258023059875e-03
6.177724961409058156e-03
6.186693405611573028e-03
6.195787823917062523e-03
6.205028464643745807e-03
6.214409380618276212e-03
6.224033867177805601e-03
6.233666269819121593e-03
6.243372331877833012e-03
6.253190120856627274e-03
6.263243193361747556e-03
6.273548609074516835e-03
6.284183079220413692e-03
6.295114597775649384e-03
6.306433477200223958e-03
6.317928798599759671e-03
6.329643044599272440e-03
6.341685742346973506e-03
6.353942154219651382e-03
6.366414463565964188e-03
6.379147823143575813e-03
6.392034924157837493e-03
6.405099529963459437e-03
6.418247218262149861e-03
6.431675618473244385e-03
6.445324462853689942e-03
6.459107784712939115e-03
6.473252794489630854e-03
6.487780103501880960e-03
6.502428027582426995e-03
6.517176653071175656e-03
6.532064829872610487e-03
6.547216828768057453e-03
6.562585977524323759e-03
6.578186518538108908e-03
6.593924792861991478e-03
6.609830781866247659e-03
6.626006575705844365e-03
6.642296777484414314e-03
6.658849626581217138e-03
6.675531406615991918e-03
6.692392172815804334e-03
6.709555458512860351e-03
6.727040745483713925e-03
6.744711630698397610e-03
6.762776122295134813e-03
6.780996195854370988e-03
6.799313650705375404e-03
6.817966031334539087e-03
6.836754196542447690e-03
6.855959468058809604e-03
6.875457566092992544e-03
6.895095890386930375e-03
6.914075105875650690e-03
6.933139462389690394e-03
6.952562540695332062e-03
6.972447454535927666e-03
6.992716468065295239e-03
7.013215329882608803e-03
7.034050625035049784e-03
7.055230788202498070e-03
7.076626488846786758e-03
7.098063192619353569e-03
7.119689912010408392e-03
7.141475144672595511e-03
7.163255538493596385e-03
7.185357370506856821e-03
7.207891441457179096e-03
7.230697315149981971e-03
7.253699232436817794e-03
7.277120291196474688e-03
7.300941469971556491e-03
7.325190706521747010e-03
7.349650884677273385e-03
7.374419546114295392e-03
7.399317867210644314e-03
7.424702230811063876e-03
7.450435367303103774e-03
7.476563217383191615e-03
7.502993790139111593e-03
7.529597674981269514e-03
7.556365627800073863e-03
7.583432810030703297e-03
7.610719298912132190e-03
7.638231990973177316e-03
7.666007757543647459e-03
7.694168757849105013e-03
7.722496773206126430e-03
7.751158452194041940e-03
7.779962324097827210e-03
7.809005894744115543e-03
7.838295963717852380e-03
7.867992861729679668e-03
7.898113031886633967e-03
7.928546276785783387e-03
7.959175732326486535e-03
7.990191658880008499e-03
8.021498757993184014e-03
8.053015698825761320e-03
8.084887455541010098e-03
8.116950421232218757e-03
8.149331114596050640e-03
8.182119794881308195e-03
8.215236801441417464e-03
8.248583633672363150e-03
8.282375339920823934e-03
8.316400552422586676e-03
8.350635115730496716e-03
8.385160034379056035e-03
8.420051260372140092e-03
8.455334596264246425e-03
8.491016951441219748e-03
8.527132333212476475e-03
8.563666092824145232e-03
8.600530906277629659e-03
8.637623828190959044e-03
8.675140663223898999e-03
8.712803495163876782e-03
8.750441095514035345e-03
8.788412611755615569e-03
8.826528512707947430e-03
8.865060936334719088e-03
8.904217320372557337e-03
8.943653120766028447e-03
8.983267361886222019e-03
9.022861223302505035e-03
9.062805448221902468e-03
9.102945577184957254e-03
9.143174910369705408e-03
9.183440105466757902e-03
9.224072637221384860e-03
9.265083167582486429e-03
9.306425445408010935e-03
9.348294986121512620e-03
9.390420887347887893e-03
9.433003643559177004e-03
9.476120385382756292e-03
9.519704677925044586e-03
9.563757737254464930e-03
9.607982220845422833e-03
9.652271906462941628e-03
9.696840979718936160e-03
9.741686640408923209e-03
9.786705104253284535e-03
9.831711648130746911e-03
9.876869153980543520e-03
9.922475635052229598e-03
9.968582294508428199e-03
1.001521189923722417e-02
1.006226469746742888e-02
1.010957883103588348e-02
1.015748433310527561e-02
1.020562096738236203e-02
1.025415169388702204e-02
1.030322567751686645e-02
1.035268554908859613e-02
1.040233238531535452e-02
1.045189528156970950e-02
1.050162143712177719e-02
