4.681997787098706766e-03
4.676935636358432215e-03
4.671137428045825900e-03
4.645661898207631250e-03
4.617969208982551296e-03
4.592828156020610682e-03
4.569949611709904318e-03
4.549591204526290400e-03
4.531254084464707982e-03
4.514710234645120945e-03
4.499966108304543494e-03
4.487235054327577168e-03
4.476315682080207227e-03
4.466805131735729004e-03
4.458925980082149854e-03
4.452480594242352353e-03
4.447029172926824682e-03
4.442689242053567827e-03
4.439430750307003445e-03
4.436955348224948248e-03
4.435445064293284771e-03
4.434941987135412877e-03
4.435285722078059420e-03
4.436547238563254107e-03
4.438646380277196102e-03
4.441481924527162020e-03
4.444801970285669479e-03
4.448805673075630941e-03
4.453774526132161030e-03
4.459336885983295785e-03
4.465425776215208725e-03
4.472111861026945891e-03
4.479396572865677710e-03
4.487338660289301104e-03
4.495836472985723954e-03
4.504888708911006581e-03
4.514607815198840197e-03
4.524756545270960766e-03
4.535443849847311561e-03
4.546438838120748019e-03
4.557650047915499589e-03
4.568899427767115530e-03
4.580656909241142237e-03
4.592795523812008736e-03
4.605432600398361685e-03
4.618413560067662418e-03
4.631686378869136027e-03
4.645265330271619933e-03
4.659106544011875142e-03
4.673352563090065435e-03
4.687974755059306879e-03
4.703060817144518076e-03
4.718607985037663946e-03
4.734596451433600341e-03
4.751248255565158896e-03
4.768166232251578977e-03
4.785159941530742027e-03
4.801992412725538360e-03
4.819378083056856561e-03
4.837167789439420808e-03
4.855049955558287181e-03
4.873360253380414932e-03
4.891865676988443185e-03
4.910619239579425491e-03
4.929711012825670029e-03
4.949119586267310827e-03
4.968823084972595616e-03
4.988802974121470633e-03
5.008993782411192038e-03
5.029313054644937546e-03
5.049673449661812308e-03
5.070409489111848793e-03
5.092120574482043860e-03
5.114296722296296505e-03
5.136825381893097252e-03
5.160032677159628010e-03
5.183288923661513031e-03
5.206301677348035284e-03
5.229733298245845853e-03
5.253576502209004670e-03
5.278069344902359093e-03
5.302760602783712814e-03
5.327476481094411097e-03
5.351497161090813630e-03
5.374512431311899950e-03
5.397435892155860379e-03
5.420390475759852278e-03
5.443104970059640078e-03
5.465875956470710173e-03
5.487969888884626155e-03
5.509712004141590659e-03
5.531363000899013581e-03
5.552481253263249518e-03
5.573796432567519783e-03
5.595585416936815944e-03
5.617680658257227268e-03
5.640021886310455854e-03
5.662648863122709750e-03
5.685376388525241291e-03
5.708290669879077968e-03
5.731463070343417732e-03
5.753939629084824613e-03
5.776197693690236605e-03
5.798779397386122705e-03
5.821563908751770100e-03
5.844484411652165964e-03
5.867678993775192649e-03
5.891202669442236785e-03
5.915168366274433688e-03
5.939475587696165654e-03
5.964082791299517988e-03
5.988760835252592007e-03
6.013547452188812599e-03
6.037883464286272588e-03
6.062036567581452137e-03
6.086290159428339730e-03
6.110922036572529262e-03
6.135721945623247471e-03
6.160758286405792865e-03
6.185838460059444460e-03
6.210890681442313328e-03
6.236137735172284265e-03
6.261017127487201149e-03
6.286010103612671256e-03
6.311237884176056946e-03
6.336473806452697609e-03
6.361807340368433664e-03
6.387348354732990535e-03
6.413136364755171216e-03
6.439335420709836784e-03
6.465567541961990232e-03
6.492046825344477239e-03
6.518624460325583847e-03
6.545614665641667600e-03
6.573183200930636516e-03
6.600733534890457568e-03
6.628193603782923070e-03
6.655882233430603090e-03
6.683828541835562694e-03
6.711916360959726581e-03
6.740114607998390524e-03
6.768457710601360165e-03
6.796774137216506605e-03
6.825270671021744714e-03
6.854013692385635750e-03
6.883125939100088846e-03
6.912510267704845453e-03
6.942136293499000070e-03
6.971432430373005959e-03
7.000701908620870183e-03
7.030251348897455579e-03
7.059991749268067565e-03
7.089541625252454397e-03
7.119007922856586401e-03
7.148239325202442908e-03
7.177419264546977193e-03
7.207004161880265630e-03
7.236544764146353101e-03
7.265945092971067693e-03
7.295459386167338356e-03
7.324159439459517612e-03
7.351805278570403175e-03
7.379500687508635734e-03
7.407305923295288627e-03
7.434937986311365016e-03
7.462971233966043255e-03
7.490880696098302371e-03
7.518535911478712620e-03
7.545844007127778738e-03
7.573311857783625485e-03
7.601182318026289929e-03
7.629213620234256456e-03
7.656868343270247998e-03
7.684645873451025413e-03
7.711395715212870927e-03
7.737279302390167278e-03
7.763044939915942147e-03
7.788879468731621514e-03
7.814481963447085858e-03
7.840092974770800430e-03
7.865582009401147698e-03
7.891039046219294750e-03
7.916045999729491925e-03
7.938193290019679785e-03
7.959769322253970256e-03
7.981197552740583109e-03
8.002775071392824111e-03
8.024289612953046380e-03
8.045793110431423423e-03
8.067662551386547282e-03
8.089191493111885442e-03
8.110304504195864350e-03
8.131468970046098338e-03
8.152856667929418363e-03
8.174557857118135845e-03
8.196384578390891740e-03
8.217770462905314016e-03
8.239008682841067466e-03
8.259938060976447505e-03
8.280821651702591907e-03
8.301692049862360173e-03
8.322883583077277103e-03
8.344065015207692212e-03
8.365301057601562743e-03
8.386440242181748828e-03
8.407192307970514505e-03
8.427867685174329077e-03
8.448724454508572609e-03
8.469602000390182364e-03
8.490483161020643058e-03
8.511527136519208767e-03
8.532622655428312441e-03
8.553935623581771647e-03
8.575305225789984012e-03
8.596616781418214490e-03
8.615888722585240272e-03
8.635083660217044224e-03
8.654559957674695658e-03
8.674085243753971650e-03
8.693215913552505142e-03
8.712206994094792711e-03
8.731116055816719873e-03
8.749693539027826941e-03
8.768145144463888527e-03
8.786695776991124834e-03
8.805444598224408323e-03
8.824373569242555809e-03
8.843525589708738088e-03
8.863047334641542541e-03
8.882830237676966195e-03
8.902073422032339561e-03
8.921482927447241945e-03
8.941051122741544566e-03
8.960572503574683670e-03
8.979810361131792401e-03
8.999308204373644010e-03
9.018616442811804718e-03
9.037923845944900725e-03
9.057523013811897422e-03
9.077171735065432331e-03
9.096837941323350843e-03
9.116284470959383143e-03
9.135658931246919481e-03
9.155220031992461135e-03
9.175014435821644831e-03
9.195022751024559127e-03
9.215246350297211231e-03
9.235262180031462986e-03
9.254154237054624740e-03
9.271731632701911766e-03
9.289681786344284112e-03
9.307242022697597567e-03
9.324810669615069339e-03
9.342697465429924270e-03
9.360121243005189648e-03
9.377463210892098000e-03
9.394972136076679137e-03
9.412823253564317830e-03
9.431123038419529300e-03
9.449561851534612339e-03
9.467867040290667974e-03
9.485994803396081629e-03
9.504370148334329027e-03
9.523030899701488694e-03
9.541965855833537194e-03
9.560811253741521507e-03
9.579082767558748379e-03
9.590391107068114984e-03
9.602080559180502933e-03
9.613775283828569773e-03
9.625476469331383650e-03
9.635702883516613498e-03
9.645869542732478374e-03
9.656223809834682190e-03
9.666818251792825070e-03
9.677383207912955421e-03
9.687894688735251836e-03
9.698745929134278132e-03
9.709591578924006011e-03
9.720563418431551334e-03
9.731583122755549028e-03
9.742593724810776415e-03
9.753442979417712919e-03
9.764313204071171579e-03
9.774980746481282123e-03
9.785236375857328875e-03
9.794814193341671443e-03
9.804450631779957487e-03
9.813981599348063634e-03
9.823681997042135391e-03
9.833029590189387020e-03
9.841914973912350290e-03
9.850835729688700582e-03
9.858623200902028039e-03
9.866244615302367793e-03
9.873932066081236164e-03
9.881882086989387734e-03
9.889761126872748803e-03
9.897666439471973845e-03
9.905401971088247451e-03
9.912942177444051747e-03
9.920205839560956862e-03
9.927204030182242359e-03
9.933794650893610842e-03
9.940349907156129095e-03
9.946993104872852917e-03
9.953581721338748689e-03
9.960387915108991422e-03
9.967183860552574631e-03
9.974086746386709446e-03
9.980985683303628467e-03
9.987812235356500340e-03
9.994816272450452940e-03
1.000193117894049299e-02
1.000900988762907021e-02
1.001600379123493770e-02
1.002277603244222659e-02
1.002926220813072852e-02
1.003559179756699851e-02
1.004179753870092402e-02
1.004809283519584803e-02
1.005440156205645100e-02
1.006058537050097748e-02
1.006657994506664384e-02
1.007256433207226812e-02
1.007852983929561318e-02
1.008444513224259279e-02
1.009048564949822750e-02
1.009617778145790665e-02
1.010192689515025839e-02
1.010797229546218055e-02
1.011382928106230664e-02
1.011966731119700799e-02
1.012565331372682065e-02
1.013164631091927406e-02
1.013772931007776885e-02
1.014380478387440568e-02
1.015010148827993029e-02
1.015647052531269169e-02
1.016293001823659857e-02
1.016918134143755988e-02
1.017536139990348441e-02
1.018166525233145207e-02
1.018813652268931759e-02
1.019497528043265128e-02
1.020191045174619927e-02
1.020713147975398430e-02
1.021094696497374006e-02
1.021429809124283286e-02
1.021698485672460285e-02
1.021974280692078060e-02
1.022252051021010563e-02
1.022538118858841091e-02
1.022828149276678276e-02
1.023106253294768335e-02
1.023365043265380900e-02
1.023597327049806729e-02
1.023841380146841597e-02
1.024064105820278979e-02
1.024266288666026738e-02
1.024453248665324091e-02
1.024659984919998150e-02
1.024872166269843142e-02
1.025092410138383689e-02
1.025257895031433421e-02
1.025418345216260775e-02
1.025583013928121380e-02
1.025742139779925975e-02
1.025885246595171704e-02
1.026027350684933885e-02
1.026157211090160393e-02
1.026292106583542689e-02
1.026412452210497504e-02
1.026541257740898501e-02
1.026698253484575191e-02
1.026844040935627131e-02
1.026995083506350610e-02
1.027153241044138909e-02
1.027327454344819334e-02
1.027491226488636000e-02
1.027630836455066185e-02
1.027745020712089209e-02
1.027837860097318909e-02
1.027934072976695833e-02
1.027977022260619273e-02
1.027981613914732972e-02
1.027995116201393423e-02
1.028010415320904092e-02
1.028016464646261570e-02
1.028016396680780410e-02
1.028024858913389669e-02
1.028011750794069826e-02
1.027963757764758373e-02
1.027894955150591635e-02
1.027851624175762923e-02
1.027810702400792399e-02
1.027767139419580485e-02
1.027749931736226044e-02
1.027750427599464882e-02
1.027716307162621079e-02
1.027710659824838772e-02
1.027720471091640893e-02
1.027753116456774606e-02
1.027806031765401799e-02
1.027885548793157008e-02
1.027946257363906817e-02
1.028007886428460201e-02
1.028088016164591979e-02
1.028175676878000100e-02
1.028268762329568285e-02
1.028336266023139114e-02
1.028416702950896155e-02
1.028508009397303621e-02
1.028601710347581445e-02
1.028690388550793436e-02
1.028749760357982462e-02
1.028815501716905459e-02
1.028880400304726418e-02
1.028952008068450413e-02
1.029015814383813822e-02
1.029075404828818339e-02
1.029117163351237971e-02
1.029121480268338322e-02
1.029118208963372173e-02
1.029107171144196149e-02
1.029100810919453095e-02
1.029094003701816647e-02
1.029145195340141518e-02
1.029222036728119280e-02
1.029319614641709471e-02
1.029415179974679274e-02
1.029503583817438853e-02
1.029607180257659411e-02
1.029699202220354416e-02
1.029753814617509304e-02
1.029811176762423890e-02
1.029875547475454269e-02
1.029938578372479284e-02
1.030016845810786952e-02
1.030114195667483114e-02
1.030200095577414425e-02
1.030291697126204005e-02
1.030386921682887279e-02
1.030504072725762013e-02
1.030618915425919775e-02
1.030745667469439540e-02
1.030880036156932821e-02
1.031067958552684891e-02
1.031228403128618860e-02
1.031361558640077336e-02
1.031507279845466328e-02
1.031654714151354450e-02
1.031809372550462206e-02
1.031962953604271920e-02
1.032132809924857231e-02
1.032315773642874558e-02
1.032528634588510651e-02
1.032752659178364819e-02
1.032978114437613573e-02
1.033198640900977530e-02
1.033417828692572218e-02
1.033613352052676487e-02
1.033778410432724219e-02
1.033960630936524468e-02
1.034160188503979727e-02
1.034360883633611214e-02
1.034566178591459808e-02
1.034759600532000542e-02
1.034966921112552389e-02
1.035177831161280919e-02
1.035400353247859645e-02
1.035630144463916408e-02
1.035893132845804032e-02
1.036182870905841789e-02
1.036483212856570239e-02
1.036747859542765451e-02
1.037009575591257143e-02
1.037317418638401822e-02
1.037560949814353255e-02
1.037768294249399870e-02
1.037978083282081222e-02
1.038202995529030614e-02
1.038434154134345103e-02
1.038665214217143751e-02
1.038895950596830688e-02
1.039129708021434284e-02
1.039377305662160349e-02
1.039634376527793537e-02
1.039901712721994984e-02
1.040176142883582344e-02
1.040441805565069273e-02
1.040729149376529855e-02
1.041047093075198049e-02
1.041362269231190484e-02
1.041693574479201322e-02
1.042065364855545608e-02
1.042447552862954194e-02
1.042835404492235829e-02
1.043215001664199101e-02
1.043607976355135150e-02
