7.468140560151255089e-03
7.511178853942044979e-03
7.553234367930008325e-03
7.589599320866170264e-03
7.622306361522277959e-03
7.651970752793621836e-03
7.679312233030292749e-03
7.704762408818172439e-03
7.729623944672416383e-03
7.756159543275220267e-03
7.781753537761727270e-03
7.803748472038991336e-03
7.824922143970640745e-03
7.847102481647303535e-03
7.869298431228384863e-03
7.889590466660221027e-03
7.908559602550734036e-03
7.927697457830219091e-03
7.946723086103403208e-03
7.967159438896743301e-03
7.987653115821590974e-03
8.003457200906583316e-03
8.017034695143799433e-03
8.027337228171314149e-03
8.037820379611454458e-03
8.049779047311130670e-03
8.062015581262130942e-03
8.074017391338079302e-03
8.086879774464456050e-03
8.100252283279433391e-03
8.112959573692783699e-03
8.125210436068256922e-03
8.139339046161642860e-03
8.153211732916146662e-03
8.167475368029112823e-03
8.182939905078706611e-03
8.197536769998670786e-03
8.211585977048178886e-03
8.226697597794959196e-03
8.242320675805069052e-03
8.257070452785128870e-03
8.269546650824641590e-03
8.282089615165326088e-03
8.293840572790972879e-03
8.305215860505575989e-03
8.314442060005601196e-03
8.323831172145051971e-03
8.333742820387790573e-03
8.342262926303809292e-03
8.347795645295180006e-03
8.350895918149666211e-03
8.353293131105984926e-03
8.353867964458317960e-03
8.354567890672584540e-03
8.355951366288723661e-03
8.357951228947920266e-03
8.359534173906208940e-03
8.360347955830535124e-03
8.361840221852259378e-03
8.364663158543618818e-03
8.368498707051787167e-03
8.372296039401320306e-03
8.373615085090218776e-03
8.372653985746250985e-03
8.370830285040853011e-03
8.370144538962252800e-03
8.370764105062508328e-03
8.372683951875950145e-03
8.374939326551788729e-03
8.376540250355698006e-03
8.377679438522699779e-03
8.379887310089696034e-03
8.383192428254568340e-03
8.387297081866378415e-03
8.392018446374840956e-03
8.396570392512842443e-03
8.396483064155718656e-03
8.396662287446404402e-03
8.396338729826259908e-03
8.391005678797124404e-03
8.383447897267175958e-03
8.374633081875425961e-03
8.366358961413817436e-03
8.358283046359717486e-03
8.349177119315783976e-03
8.335351051539881262e-03
8.321407835876971221e-03
8.307338291552996204e-03
8.294118605433366265e-03
8.280822891454842419e-03
8.267788526632876070e-03
8.253994072798864767e-03
8.241198048203963317e-03
8.230821448869756612e-03
8.222592514123759980e-03
8.212609723079333443e-03
8.196313018827349611e-03
8.180729211779817073e-03
8.166305296631625951e-03
8.152791532362910210e-03
8.139460643638313925e-03
8.127067773778378149e-03
8.115564656043385006e-03
8.104557883095683465e-03
8.092888138833857076e-03
8.079295073973443916e-03
8.063060784230647801e-03
8.048166025574130314e-03
8.035671972749821104e-03
8.021083769899751623e-03
8.006403581306619638e-03
7.990090689249364220e-03
7.974150336022362007e-03
7.959117837173573448e-03
7.946563320248827694e-03
7.934301534989930335e-03
7.923744669705221760e-03
7.914647272985535567e-03
7.908307029346311676e-03
7.903077822607955383e-03
7.899251623297210215e-03
7.896269063552995363e-03
7.894269704503020790e-03
7.893190445903178545e-03
7.891236434963120466e-03
7.887917966901638114e-03
7.885099217433636648e-03
7.884469817034165870e-03
7.884907401922904707e-03
7.884697575658848254e-03
7.886072420200293878e-03
7.887250774302211054e-03
7.888819385696525105e-03
7.891098919365150885e-03
7.894608752024849518e-03
7.898587207733714227e-03
7.902930066280894686e-03
7.907175378932601237e-03
7.911536317595687859e-03
7.917416141930260984e-03
7.919000020496219996e-03
7.920001916977210607e-03
7.920600397222154337e-03
7.920630380319535965e-03
7.919035726095837585e-03
7.917414632661963839e-03
7.916447753427608564e-03
7.915074844305433968e-03
7.912590165807848949e-03
7.906582810647015333e-03
7.900889749912334836e-03
7.895991960887284444e-03
7.892408743026392212e-03
7.889006126606930291e-03
7.886140994394153642e-03
7.884603573622873604e-03
7.880703706407619219e-03
7.875989084833445730e-03
7.869074985856913673e-03
7.862243182111958856e-03
7.857277777678368935e-03
7.852593946264032135e-03
7.847371443802099791e-03
7.839075089726411233e-03
7.828655515515361638e-03
7.814227808382791240e-03
7.800174301659657319e-03
7.785456165885892323e-03
7.772421041446576917e-03
7.760329210405237342e-03
7.748176155055804849e-03
7.735393389389672546e-03
7.723713446469055409e-03
7.713243502683114587e-03
7.703551299384157544e-03
7.692368807331642286e-03
7.681043331999651974e-03
7.670749975571604547e-03
7.661629835938705071e-03
7.653479731633878839e-03
7.646617147216120021e-03
7.639691136772880885e-03
7.631464607990589427e-03
7.623060264581615376e-03
7.615729553904722338e-03
7.608959215663070944e-03
7.604046749819561198e-03
7.599476778987415346e-03
7.596320565267596775e-03
7.594817741817441042e-03
7.593969228772376803e-03
7.591716961116620407e-03
7.587800719764107270e-03
7.582731363706489945e-03
7.577765018277352917e-03
7.574660700983704663e-03
7.573076167020451922e-03
7.572260208823745550e-03
7.571035974104816171e-03
7.570286927464259762e-03
7.570157218816318465e-03
7.568166279221371154e-03
7.561213097467351686e-03
7.553803079955288477e-03
7.547440898183524829e-03
7.542074439508285842e-03
7.534141339576822666e-03
7.524559927630420503e-03
7.514075089098689632e-03
7.500677920303174678e-03
7.487126368987009548e-03
7.474620863710269500e-03
7.457240055541895264e-03
7.439895456622638327e-03
7.423776229048901359e-03
7.408985363060048915e-03
7.394237981540640985e-03
7.379519927347124621e-03
7.364407051664481618e-03
7.349061916271740387e-03
7.332589830530084410e-03
7.316320237697470502e-03
7.300951194111980798e-03
7.286173159193020700e-03
7.269328278730948292e-03
7.252723420754060915e-03
7.237406415981942516e-03
7.223018257614161226e-03
7.209524439297867321e-03
7.196487670492668007e-03
7.183823505188916513e-03
7.171913370617483130e-03
7.159989775838350445e-03
7.148065601949524402e-03
7.135576113932916298e-03
7.123135549936578971e-03
7.111012248792686861e-03
7.100095012652763229e-03
7.090538342528380188e-03
7.081761492474120297e-03
7.073058522260814579e-03
7.064290045373208642e-03
7.056444280818781681e-03
7.049235450152165593e-03
7.040901362464026259e-03
7.031150543657199020e-03
7.021029220505654346e-03
7.010674189213470138e-03
7.000721652347051058e-03
6.988515235468354715e-03
6.977199494595426148e-03
6.966594387272550398e-03
6.956526615436175315e-03
6.947089974599413367e-03
6.939082834100249869e-03
6.930430241201878359e-03
6.922203563563688808e-03
6.913730387363771143e-03
6.905450443721569513e-03
6.896813041583987891e-03
6.885883875339903620e-03
6.875929732717458130e-03
6.866236882692703172e-03
6.855943726938568995e-03
6.845682934031839355e-03
6.835037558449441608e-03
6.825308464714393251e-03
6.816470469718693449e-03
6.808539615038793069e-03
6.800731825538081435e-03
6.792819696792196278e-03
6.785399718176754295e-03
6.778761727145741524e-03
6.772636451665930632e-03
6.766828479574420879e-03
6.761522846973700221e-03
6.756638941753434491e-03
6.752578274711634049e-03
6.750168841920737087e-03
6.747181765214160798e-03
6.745315343762963399e-03
6.743565098233803880e-03
6.741896708167786391e-03
6.740091020670363996e-03
6.736535558207647732e-03
6.732757867751787764e-03
6.729483864629549027e-03
6.725485005971292701e-03
6.722196909605073281e-03
6.719494180106181172e-03
6.717447354396992309e-03
6.715144690717910966e-03
6.713174910685858893e-03
6.711711051804639984e-03
6.710889625478663051e-03
6.709623671553131309e-03
6.708581659469734816e-03
6.708192149765463026e-03
6.707523163717728568e-03
6.707185001890671704e-03
6.707137881845898555e-03
6.707908116406815016e-03
6.709197008883917984e-03
6.711549723286589289e-03
6.714757688561976551e-03
6.718907530827260277e-03
6.723857162782573629e-03
6.726420196854075023e-03
6.728501173355997539e-03
6.731382715861421520e-03
6.734851049062814607e-03
6.739178166488209686e-03
6.744371848029133767e-03
6.750394951528439214e-03
6.758128784320435387e-03
6.766504430375499569e-03
6.775117695175622567e-03
6.784672133486913635e-03
6.793753592284831021e-03
6.803013285992606449e-03
6.813541912385146816e-03
6.822804268677476122e-03
6.829602827826902235e-03
6.836332739007001946e-03
6.843309609286116896e-03
6.850970395175809240e-03
6.859385818907270949e-03
6.868812818379213536e-03
6.874843705968228594e-03
6.880722085314766243e-03
6.884977928206637010e-03
6.889877966565986084e-03
6.895720346959723253e-03
6.902878711553483981e-03
6.910433759019757316e-03
6.918419300743253522e-03
6.926989124339013627e-03
6.936126021646054664e-03
6.945935319772865608e-03
6.955744706731653050e-03
6.965740849581173420e-03
6.975969316060389933e-03
6.987216057751589188e-03
6.999519877512394399e-03
7.013311958245809462e-03
7.028695521059869465e-03
7.043705941050905535e-03
7.058917954127052162e-03
7.074971712620320603e-03
7.091402448281740843e-03
7.106641321748511861e-03
7.120161341742266281e-03
7.134835211316921388e-03
7.149742760351953871e-03
7.165058973247358763e-03
7.178760593420954045e-03
7.193875370597873319e-03
7.208206488988291687e-03
7.223139596320161601e-03
7.237406565619003938e-03
7.252599625521398766e-03
7.268074188301727745e-03
7.284771659256558847e-03
7.302298200214484350e-03
7.320346830783136874e-03
7.333890618118860810e-03
7.348709948419982450e-03
7.365914117561667314e-03
7.384164527660303824e-03
7.402705255866344480e-03
7.419511941738943933e-03
7.436981509759041029e-03
7.454226679729150998e-03
7.470995790844382409e-03
7.487753090535179817e-03
7.506022433375701859e-03
7.525572079070025171e-03
7.545831184871502027e-03
7.566994264461440224e-03
7.588455419715108181e-03
7.611300242107290476e-03
7.636054042830993718e-03
7.661750012185634603e-03
7.688818365339785375e-03
7.715296924595276169e-03
7.742642686747104597e-03
7.771653977868860433e-03
7.800224033734654526e-03
7.829057896926340868e-03
7.858542618842724939e-03
7.888230409386914541e-03
7.917489868873301209e-03
7.946327422345557390e-03
7.974711537515676713e-03
8.003607934374473015e-03
8.032155377535842022e-03
8.060770922977109759e-03
8.086697306213603414e-03
8.114635875040633953e-03
8.144808186749388432e-03
8.176487122773665878e-03
8.208956611131747530e-03
8.241645303755300994e-03
8.273370656621297642e-03
8.305862433231534642e-03
8.337812517945623891e-03
8.370182420955945765e-03
8.404736963592845597e-03
8.439680622036857538e-03
8.475803927072735056e-03
8.511852923827606734e-03
8.547168646626340099e-03
8.582615270024986781e-03
8.619033131124996180e-03
8.652869293311039184e-03
8.689334083077752957e-03
8.726848338726811080e-03
8.763479097232872161e-03
8.797605945006854028e-03
8.832881448947111150e-03
8.869278105870070927e-03
8.907789941475110704e-03
8.948243652269486509e-03
8.990066302923272953e-03
9.033499580769677531e-03
9.078928856947646522e-03
9.127073673534611201e-03
9.178158473693799960e-03
9.230152150923919344e-03
9.283017680637301039e-03
9.336414728473182295e-03
9.391417100584008998e-03
9.446515337437006235e-03
9.503341301707119576e-03
9.563360792306820762e-03
9.626178837219202811e-03
9.686429156433220417e-03
9.748521711076842816e-03
9.812560693483388455e-03
9.878138243779250108e-03
9.944461352257119233e-03
1.001212246949619369e-02
1.008094184693198760e-02
1.015282506883996572e-02
1.022765927491920031e-02
1.030423253395478488e-02
1.038368307824334875e-02
1.046527944459687241e-02
1.054656345894761788e-02
1.062158071771794089e-02
1.069779067132396559e-02
1.077403534523295806e-02
1.085042145701698921e-02
1.092868979994440076e-02
1.100904649614782224e-02
1.109337281452267392e-02
1.117659686658831544e-02
1.125875655482436351e-02
1.134387769608020090e-02
1.143126448741139077e-02
1.151981922493183937e-02
1.161111512263124368e-02
1.170590437576004596e-02
1.180331113479430108e-02
1.190301113699723107e-02
1.200556568695581618e-02
1.211152644656381117e-02
1.222108742755690335e-02
1.233356924865733339e-02
1.244867526033430899e-02
1.256696929472903707e-02
1.269084920243999590e-02
1.281926124598600433e-02
1.295051342973151109e-02
1.308586271034611719e-02
1.322501725755504710e-02
1.336806605631727513e-02
1.351397282463171444e-02
1.366444931948711770e-02
1.381471600897182621e-02
1.397087577473889349e-02
1.412951983564425008e-02
1.429111431671946549e-02
1.445647849282136535e-02
1.462077016412260781e-02
1.478759203354444197e-02
1.495823397444320281e-02
1.512809942374666525e-02
1.530332015188316103e-02
1.548216564733093971e-02
1.566421067688452892e-02
1.585108106886183935e-02
1.604169881347278226e-02
1.623959314536631629e-02
1.644454828916849104e-02
1.665425348646802292e-02
1.687045579457356267e-02
1.709281039562814131e-02
1.732318074574356812e-02
1.755911589592256891e-02
