1.212823440663675714e-02
1.208228074410647862e-02
1.203672915674382053e-02
1.199185438324558775e-02
1.194766271879005304e-02
1.190406946768918749e-02
1.186105927002005164e-02
1.181922320458824414e-02
1.177817204108454197e-02
1.173775617032518995e-02
1.169778352451958901e-02
1.165840835373213417e-02
1.161974440685822722e-02
1.158209354714880707e-02
1.154510643198777137e-02
1.150890168192221334e-02
1.147347605814305442e-02
1.143867030816879057e-02
1.140423280808273293e-02
1.137031662621342497e-02
1.133674761580725880e-02
1.130426512856358423e-02
1.127274998784536658e-02
1.124145192996974831e-02
1.121006373623781825e-02
1.117870647511886965e-02
1.114758107711993906e-02
1.111636791081287330e-02
1.108502917468498668e-02
1.105340436870217401e-02
1.102113782382196927e-02
1.098851223436771857e-02
1.095643928516687113e-02
1.092487134568886388e-02
1.089365969257838004e-02
1.086283447827400377e-02
1.083246448713443000e-02
1.080272754718492392e-02
1.077359261934903584e-02
1.074487012805045057e-02
1.071635411049016821e-02
1.068814221773916467e-02
1.065941205312024437e-02
1.062913756680037777e-02
1.059846568081571419e-02
1.056757943180718085e-02
1.053582966916708288e-02
1.050448769283194618e-02
1.047349630624760421e-02
1.044291577617177148e-02
1.041321415247927103e-02
1.038419944032862099e-02
1.035591471540171088e-02
1.032797984189665931e-02
1.030051632224705804e-02
1.027341722703287337e-02
1.024634109004307451e-02
1.021924688222266599e-02
1.019278266487611516e-02
1.016687515737705987e-02
1.014152433339557575e-02
1.011641232146470726e-02
1.009154474507683794e-02
1.006717163851522136e-02
1.004328804543058555e-02
1.001973056833546476e-02
9.996375903098111970e-03
9.973244934591642824e-03
9.950416533195364718e-03
9.927724350716187612e-03
9.905172741340466727e-03
9.882964699947996423e-03
9.860962653299136169e-03
9.836873191997072205e-03
9.813395799502072983e-03
9.790634145870421093e-03
9.768259154855124873e-03
9.745398999056223768e-03
9.722981498132807904e-03
9.701123871953449412e-03
9.679662420679358004e-03
9.658803541921386765e-03
9.638313478860585648e-03
9.618255349796357712e-03
9.598479923569151750e-03
9.578297187713365191e-03
9.558160169723333918e-03
9.538360029343023738e-03
9.519034868627759133e-03
9.500095160504748448e-03
9.481629035672022726e-03
9.463323882894100758e-03
9.445688453935759468e-03
9.428730250441986344e-03
9.411601799330428578e-03
9.394903244913122356e-03
9.378762537987972436e-03
9.363223105728788950e-03
9.347730632062064421e-03
9.332463983008422101e-03
9.317587826654682645e-03
9.302810498633176314e-03
9.288199124624221120e-03
9.273884649218811990e-03
9.259884771735454531e-03
9.246269878551137758e-03
9.233223570140574113e-03
9.220570742721229118e-03
9.208205932608034758e-03
9.196132234168657646e-03
9.184382356533928732e-03
9.172898019535916797e-03
9.161665059239805162e-03
9.150721811233783823e-03
9.139676904457671308e-03
9.128821204847115470e-03
9.117935172714532535e-03
9.107344412835916350e-03
9.096273482950348321e-03
9.085430085389789231e-03
9.074768976602564860e-03
9.064474535784622714e-03
9.054644661861056126e-03
9.044906544951004587e-03
9.034805465464921734e-03
9.024455943626804102e-03
9.014392896852631634e-03
9.003747447618108690e-03
8.993370394219086725e-03
8.982724961803693203e-03
8.971931881030421191e-03
8.961398877128948226e-03
8.951252188959209211e-03
8.941314837897102949e-03
8.930853763386134569e-03
8.920120622525210333e-03
8.908677667729635735e-03
8.897306519270717362e-03
8.886295209044874077e-03
8.875551687916576754e-03
8.864831732665629654e-03
8.854476482027150847e-03
8.844024763312419157e-03
8.833043016462685873e-03
8.821829798896245814e-03
8.809781311825632191e-03
8.797739500303667151e-03
8.785316498766539833e-03
8.773203123032976419e-03
8.761291165732732270e-03
8.749439324536568974e-03
8.736764427420839335e-03
8.724492373547472826e-03
8.711603344174525740e-03
8.696263061429202954e-03
8.680882010351761990e-03
8.665478248667974129e-03
8.649743972201700756e-03
8.634325207087173784e-03
8.619313233809629618e-03
8.604626016216317119e-03
8.590131384119419414e-03
8.575717276574086612e-03
8.561147291914596516e-03
8.546568750459842753e-03
8.532066679337320381e-03
8.517784271431332738e-03
8.502371312781359727e-03
8.486286802103362031e-03
8.468969633393380950e-03
8.451751566462105056e-03
8.434932042839156721e-03
8.418446239616021037e-03
8.402025562165949674e-03
8.385636271074334985e-03
8.369699647116599431e-03
8.353808561369347602e-03
8.338031889045360856e-03
8.322621878144833424e-03
8.307711374154575987e-03
8.293067402399354610e-03
8.278757879169960227e-03
8.262996449932426268e-03
8.247182431131625663e-03
8.231654076645335619e-03
8.215184212143102072e-03
8.198837624677251384e-03
8.182593186918205030e-03
8.165518325951141160e-03
8.147527310236492640e-03
8.129121572775309390e-03
8.111129487399297913e-03
8.092818376171730804e-03
8.074765308965505331e-03
8.056827988301547283e-03
8.038436911729835224e-03
8.019928155621457513e-03
8.001279999199955445e-03
7.982222834221432139e-03
7.962931940231975092e-03
7.944011735276770847e-03
7.925367240263639715e-03
7.906552979304986781e-03
7.887895044597201602e-03
7.869444043656538199e-03
7.851451725733716788e-03
7.833911020354644011e-03
7.815767051617059091e-03
7.797669909731383235e-03
7.779904861271272863e-03
7.762431535495899551e-03
7.745184480458417418e-03
7.727830519112170553e-03
7.710465654466188389e-03
7.693455682622511553e-03
7.676754788592620067e-03
7.660143734691256083e-03
7.643381863365130563e-03
7.626820547206741158e-03
7.610427088000823979e-03
7.593504524618055647e-03
7.576508575252559156e-03
7.559172155796602469e-03
7.541671619223242785e-03
7.524575609822776838e-03
7.507787777246982194e-03
7.491338367807757505e-03
7.475064026624140406e-03
7.458964070807264785e-03
7.442930945577857713e-03
7.426950807329975313e-03
7.411001347089838168e-03
7.395373112068416403e-03
7.379756558501951620e-03
7.364223217207200613e-03
7.348817283902684024e-03
7.333434275653531904e-03
7.318297553825720177e-03
7.303572600141293794e-03
7.288526898954182827e-03
7.273474917753877493e-03
7.258573368308538117e-03
7.243201168861135471e-03
7.227472992603217912e-03
7.211477657289067783e-03
7.195611258784314485e-03
7.179874922495391859e-03
7.164500695567336229e-03
7.149447971263634370e-03
7.134582875652506657e-03
7.119940289769989203e-03
7.105346945039453174e-03
7.090742488434396799e-03
7.076404524601746272e-03
7.062334332053324913e-03
7.048499148564404439e-03
7.034549416489187940e-03
7.020121238759178053e-03
7.005821442153337998e-03
6.991902310005226710e-03
6.978320609354310596e-03
6.965055940436878923e-03
6.951840155029604534e-03
6.938799352421515416e-03
6.926191324065490533e-03
6.913969077546053624e-03
6.902014764240779754e-03
6.890337321195067789e-03
6.878965999679491870e-03
6.867629649806222814e-03
6.856394758040725707e-03
6.845551041890392263e-03
6.834951805754767296e-03
6.824604961964701212e-03
6.814372917226637488e-03
6.804334534019144433e-03
6.794563262765526343e-03
6.785069505749054958e-03
6.775686916328049411e-03
6.765938857365900484e-03
6.755956455091389513e-03
6.745922685319442370e-03
6.735652435896449103e-03
6.725634391321660271e-03
6.715865250457711544e-03
6.706138973218265034e-03
6.696680827780402377e-03
6.687510789825318672e-03
6.678668907311750488e-03
6.670056077702888123e-03
6.661521915079188748e-03
6.653252661005322650e-03
6.645156253016568787e-03
6.637209453340551547e-03
6.629505147840230456e-03
6.621974214381302730e-03
6.614338288187560609e-03
6.606575155272974113e-03
6.599169244853366097e-03
6.592058742771631126e-03
6.585213279801326557e-03
6.578556394157621633e-03
6.572182578157502973e-03
6.566164037651311090e-03
6.560107142228129365e-03
6.554172633206169392e-03
6.548474641161403792e-03
6.543101655949900251e-03
6.537726440618775621e-03
6.532454408303333022e-03
6.527380677803757726e-03
6.522488137262755746e-03
6.517819843704275931e-03
6.513503826385181120e-03
6.509506250455136638e-03
6.505876671039070511e-03
6.502346985295974144e-03
6.499080638958697545e-03
6.496219561929182131e-03
6.493609600548753968e-03
6.491124990832441294e-03
6.488887686352126649e-03
6.486951320575857875e-03
6.485160288408450130e-03
6.483435831393317972e-03
6.482022624566406883e-03
6.480948166514625269e-03
6.480054259910415088e-03
6.479366190793897466e-03
6.479008729182091954e-03
6.478800681912798634e-03
6.478862335577735901e-03
6.479228788927902244e-03
6.479842805299466414e-03
6.480672228735684728e-03
6.481652133100823839e-03
6.482821710956513869e-03
6.484295240425519934e-03
6.485965420027646131e-03
6.488011138765013494e-03
6.490364302864521859e-03
6.492901553612174040e-03
6.495745695952170710e-03
6.498814579969681114e-03
6.501936117449398124e-03
6.505131141836510353e-03
6.508593496668347092e-03
6.512120429594705009e-03
6.515727798011163897e-03
6.519576267969236227e-03
6.523619701291946855e-03
6.527943770210449699e-03
6.532526748762420427e-03
6.537191320241319929e-03
6.542055991492645543e-03
6.547219392805318609e-03
6.552677109297395594e-03
6.558495088384767510e-03
6.564634574164810929e-03
6.571230358032037998e-03
6.578116883187411397e-03
6.585310748301635535e-03
6.592863142606614039e-03
6.600690920806590034e-03
6.608990602490635857e-03
6.617652443787550888e-03
6.626717150435616939e-03
6.635881066690391648e-03
6.645091835273169746e-03
6.654599429439165409e-03
6.664361406730901286e-03
6.674250110008220042e-03
6.684146108990369865e-03
6.694180658328175923e-03
6.704422844085270242e-03
6.714814342246680154e-03
6.725474911754453569e-03
6.736097450802184562e-03
6.746918321553118519e-03
6.758251138283414942e-03
6.770089952181502883e-03
6.782142903237330968e-03
6.794555208984933391e-03
6.807369635612451307e-03
6.820556800681786686e-03
6.834159009308834326e-03
6.848162154135500890e-03
6.862385808118906354e-03
6.876868498012726066e-03
6.891542876123825899e-03
6.906330655449967326e-03
6.921341502369057069e-03
6.936872935658730359e-03
6.952783512147764876e-03
6.969054787036720218e-03
6.985567864016446749e-03
7.002318977473617236e-03
7.019145260270289767e-03
7.036384083012940834e-03
7.054044080893235452e-03
7.071840396970330983e-03
7.089860533325471371e-03
7.108281734548124731e-03
7.127058747920916523e-03
7.146037447080225320e-03
7.165296344374677898e-03
7.184200380254106809e-03
7.203109433482543338e-03
7.222397419451840640e-03
7.242074665061258056e-03
7.262096190975424713e-03
7.282694488548228928e-03
7.303936260074809367e-03
7.325522091958210254e-03
7.347466355373754275e-03
7.369819950995904097e-03
7.392650454840651864e-03
7.415959515544554709e-03
7.439788236249028283e-03
7.463955702700736557e-03
7.488338857903242135e-03
7.513121031584641361e-03
7.538263630112255684e-03
7.563934127037447858e-03
7.589982228289393791e-03
7.616333003821314229e-03
7.643018185991111955e-03
7.669872038264686012e-03
7.697081994622027683e-03
7.724654133103294948e-03
7.752510088285023172e-03
7.780666962718749656e-03
7.809263240062851857e-03
7.838196413695501866e-03
7.867468327298487649e-03
7.897183639122083709e-03
7.927465192934485955e-03
7.958394160895458994e-03
7.989660933198063086e-03
8.021309601299181358e-03
8.053460863534723027e-03
8.086104294500859671e-03
8.119130515731726866e-03
8.152687390131935913e-03
8.186631237899569605e-03
8.220806136966742408e-03
8.255723642943432403e-03
8.291246345212768473e-03
8.327284133636045707e-03
8.363744378543626345e-03
8.400630953666530371e-03
8.437658075850146266e-03
8.474713007118005875e-03
8.512327952439774706e-03
8.550309634513759971e-03
8.588824529713181416e-03
8.627693500258935486e-03
8.667144595987207392e-03
8.707192797134727033e-03
8.747391868387993652e-03
8.787728198827143844e-03
8.828036284642818907e-03
8.868380718422077397e-03
8.909158716619737864e-03
8.950310111219324932e-03
8.992124002698456686e-03
9.034855114096787196e-03
9.078325519187290318e-03
9.122827464470224454e-03
9.168034109649168470e-03
9.213692133644304713e-03
9.259457721756075496e-03
9.305523988391933843e-03
9.352127477738041844e-03
9.399201083460777609e-03
9.446757089491069140e-03
9.495127145986034800e-03
9.544143184819539605e-03
9.594017325089410075e-03
9.644738321750351978e-03
9.695938868216928339e-03
9.747402491023553911e-03
9.799418250154536686e-03
9.851281224579453918e-03
9.903646948298379382e-03
9.956619080786158898e-03
1.000994978588128602e-02
1.006354668416736126e-02
1.011810346766898322e-02
1.017360169628572959e-02
1.022956002358958380e-02
1.028660427777027681e-02
1.034425430542893626e-02
1.040225165773936249e-02
1.046107116984762442e-02
1.052051903336824815e-02
1.058043266980961822e-02
1.064094110744823879e-02
1.070210729279675622e-02
1.076412184915730152e-02
