5.095004809244397387e-03
5.094732066911685647e-03
5.095132922070357180e-03
5.095870162444836836e-03
5.097382070772944924e-03
5.099268319916604175e-03
5.101428509714066827e-03
5.103834989403689855e-03
5.106646477901201527e-03
5.110042658916232744e-03
5.113786398903729866e-03
5.118067500850381583e-03
5.122622231048557309e-03
5.127583106202932527e-03
5.132734826100429290e-03
5.138429686222227392e-03
5.144322594091552646e-03
5.149896861005512708e-03
5.156227168631424135e-03
5.162960371718302265e-03
5.169866902260504549e-03
5.177213104515958342e-03
5.184671270556029041e-03
5.192156459721691993e-03
5.199739609027289634e-03
5.207362938773630115e-03
5.215296072585626219e-03
5.223222579752457434e-03
5.230954092716527497e-03
5.239238281918774144e-03
5.247750879373642291e-03
5.256370706525109043e-03
5.265194119360028756e-03
5.274210142264890502e-03
5.283283327723715082e-03
5.292530690895302058e-03
5.301810580171776623e-03
5.311600942080946762e-03
5.321716342283224974e-03
5.332110827743066078e-03
5.342667052487899172e-03
5.353216628151331348e-03
5.363775140405305751e-03
5.374443429520101359e-03
5.385216366015861678e-03
5.396018496978276929e-03
5.406830182543107856e-03
5.417437163102460998e-03
5.427979881743693127e-03
5.438081169274003659e-03
5.448216610798052410e-03
5.458693881633088288e-03
5.469439763114075821e-03
5.480357577737749071e-03
5.491384156455336729e-03
5.502556623887252217e-03
5.513761383659436521e-03
5.524932426292253861e-03
5.536177981846971546e-03
5.547473199407517222e-03
5.558522725357319116e-03
5.569586821524174711e-03
5.580599618303290835e-03
5.591775695066360588e-03
5.603225964634949915e-03
5.614287326972278169e-03
5.625141902588165835e-03
5.635955998968560435e-03
5.646661831727549548e-03
5.657351915610194133e-03
5.668366410290286324e-03
5.679414665510164155e-03
5.690326554594029446e-03
5.701162462549747706e-03
5.712180867568488266e-03
5.723456632115131969e-03
5.734895026117172931e-03
5.746543675719396893e-03
5.758268536421271531e-03
5.769940712130647298e-03
5.781681278953070165e-03
5.793444083930098139e-03
5.804823684055962670e-03
5.816149459260234501e-03
5.827751347921818030e-03
5.839671042535967208e-03
5.851849884005902447e-03
5.864205576612157265e-03
5.876814847911121693e-03
5.889391165679265343e-03
5.901850302371646970e-03
5.914336376362101279e-03
5.926934285489930329e-03
5.939444577157212968e-03
5.951559411530448103e-03
5.963788374966019420e-03
5.976200369546489852e-03
5.988773748403459184e-03
6.001104841318414401e-03
6.013622577587652770e-03
6.025402936320744911e-03
6.036775273048747975e-03
6.048275756283697652e-03
6.060067258502519448e-03
6.072070474034687963e-03
6.084292954569205623e-03
6.096648228141974581e-03
6.109139437694405435e-03
6.121834739797990706e-03
6.134970565196553628e-03
6.148390885825358483e-03
6.162293550480281261e-03
6.175922482202622806e-03
6.189527370716518470e-03
6.203262477695649715e-03
6.217202782038747794e-03
6.231301707925632899e-03
6.245846407397365185e-03
6.260759680167001136e-03
6.274504023446965915e-03
6.288515255724684214e-03
6.302783746544756739e-03
6.317302739428957634e-03
6.331965825211667391e-03
6.346781267876562202e-03
6.361596813029516718e-03
6.376030535853878176e-03
6.390607471869294044e-03
6.405359795179690549e-03
6.420448783066102887e-03
6.436076012213492147e-03
6.452100353099206667e-03
6.468441816870515795e-03
6.485318595790300240e-03
6.502595074625954624e-03
6.520152776950689961e-03
6.537937449372279580e-03
6.555512349497845913e-03
6.573284633818063556e-03
6.590743419374481792e-03
6.607356107638162265e-03
6.622908852002772420e-03
6.638439978166939259e-03
6.653796793153581024e-03
6.669282480301227944e-03
6.685001662894199913e-03
6.700977498533051101e-03
6.715314867965712330e-03
6.728941617938481203e-03
6.742816899744618654e-03
6.756971834783404365e-03
6.770945420697518924e-03
6.781246612584064526e-03
6.791562291574610062e-03
6.801783258840204092e-03
6.811758429782575203e-03
6.821882705620953627e-03
6.832162734220228149e-03
6.842919756998376568e-03
6.853833844331403552e-03
6.864944075034156400e-03
6.876010108612385686e-03
6.886788076375485387e-03
6.897605606652226079e-03
6.908612314025404377e-03
6.919780752095800944e-03
6.930249045548476754e-03
6.940958326863377187e-03
6.952322877975822615e-03
6.964126536906599212e-03
6.976123706939434815e-03
6.988211835205740755e-03
7.000473868363774228e-03
7.012941803104468311e-03
7.025618244414187641e-03
7.038568788841306767e-03
7.051842936416767051e-03
7.065123841968731257e-03
7.078119038386124912e-03
7.091629707649516577e-03
7.105575930266909770e-03
7.119662773115971975e-03
7.133418671403150835e-03
7.147168433251333865e-03
7.161102537022875740e-03
7.175695887759374857e-03
7.189975425984752172e-03
7.204680383328332383e-03
7.218887784027759602e-03
7.233532676739454388e-03
7.248179866150210142e-03
7.262869831622043720e-03
7.277794773275748745e-03
7.293092620421456548e-03
7.308143889087700615e-03
7.322964660312702469e-03
7.337706524989394234e-03
7.352360750606723103e-03
7.367200404204458930e-03
7.382120995674931220e-03
7.397241214086406301e-03
7.412237233021578067e-03
7.427213647808813754e-03
7.442405949338562650e-03
7.457777837290474436e-03
7.473388138194494990e-03
7.489049771910857509e-03
7.504138026277755620e-03
7.518874205990523293e-03
7.534043000724620701e-03
7.549294112049929027e-03
7.563929072312258230e-03
7.578669831238836127e-03
7.592786427674182333e-03
7.606812857188656116e-03
7.621370952303872619e-03
7.635903977808639054e-03
7.650612485206054365e-03
7.665352978002521259e-03
7.680091381035957128e-03
7.694727030088549871e-03
7.709216645266612350e-03
7.723670564336163058e-03
7.738045758059189025e-03
7.751799341308832948e-03
7.765352328007105523e-03
7.778841063578611874e-03
7.792310137426140121e-03
7.805807702035588193e-03
7.819384881458843820e-03
7.832951509949521302e-03
7.846808120357314648e-03
7.860717156851430854e-03
7.874552319381947912e-03
7.888355399030164486e-03
7.902230443308389668e-03
7.916373005514339839e-03
7.930668442575880550e-03
7.945207750713775136e-03
7.959855519573174470e-03
7.974622521368874076e-03
7.989823032391929480e-03
8.005288974442923214e-03
8.020926414879735872e-03
8.036614641566266343e-03
8.051389529068284784e-03
8.065915009650509448e-03
8.080288230958788259e-03
8.094543252307653119e-03
8.108588601195343415e-03
8.122597660284908844e-03
8.136619712978392788e-03
8.150975789718854086e-03
8.165437158075885063e-03
8.179888265767572622e-03
8.194550975625783384e-03
8.209120544183264728e-03
8.223923397995502177e-03
8.238776002083881417e-03
8.253328834679126910e-03
8.267782242121131733e-03
8.282209255630026273e-03
8.296714340652634745e-03
8.311555558992064427e-03
8.326748070953116782e-03
8.341866143534255526e-03
8.357384883274766516e-03
8.372960441623871625e-03
8.388275962077286485e-03
8.403491448636281683e-03
8.417179187504017848e-03
8.430689095527087867e-03
8.443599948378366707e-03
8.456193705135266886e-03
8.468627867550678270e-03
8.481128075481672232e-03
8.493625440466050225e-03
8.506280548658434401e-03
8.519204158921614423e-03
8.532034797910082596e-03
8.544719829576821399e-03
8.557326009932669786e-03
8.570252250524566795e-03
8.583334512524879931e-03
8.596548105008433235e-03
8.609493613739450935e-03
8.622163450977217772e-03
8.634894872101598132e-03
8.647375324629984900e-03
8.660012278089370893e-03
8.673050801061963147e-03
8.686135476549245588e-03
8.699278230025000308e-03
8.712660592789720632e-03
8.726227105404760903e-03
8.739880028328952249e-03
8.753392412561178393e-03
8.767061569171494262e-03
8.781314671954658715e-03
8.795609358087800103e-03
8.809899770941648570e-03
8.824292625803600854e-03
8.838682991946344991e-03
8.853097539244379061e-03
8.867675233340747976e-03
8.882099402256395798e-03
8.896805358588588328e-03
8.911274543446178961e-03
8.925786888996166402e-03
8.940871640053527081e-03
8.955912513002759964e-03
8.971053011720261580e-03
8.986371375502648015e-03
9.001779369348658980e-03
9.017260268510813442e-03
9.032669483456321965e-03
9.047991563490327335e-03
9.063469588561148815e-03
9.079069262866678452e-03
9.094575303178021458e-03
9.109976296816377564e-03
9.125650797559340527e-03
9.141408842788915218e-03
9.157100525762578921e-03
9.172554969305690697e-03
9.188044791159036967e-03
9.203638045447914626e-03
9.218864370463699873e-03
9.234313253221789961e-03
9.249948317646134247e-03
9.265695813428764457e-03
9.281268323051896502e-03
9.296919884703588877e-03
9.312611618882478404e-03
9.328389202789123466e-03
9.344240815283323676e-03
9.360251974813198900e-03
9.376578039269625742e-03
9.392938557347895248e-03
9.409438388367340894e-03
9.425887520405141703e-03
9.442032910273501917e-03
9.458063865468512021e-03
9.474002367373600755e-03
9.489703796866331975e-03
9.505006784268892756e-03
9.520356362562716612e-03
9.536002165957865526e-03
9.551753554449258707e-03
9.567518506695026764e-03
9.583199166315314529e-03
9.598707543714167165e-03
9.614233721011902767e-03
9.629587230400813228e-03
9.644969372919847544e-03
9.659797129665340445e-03
9.674362431843061896e-03
9.689107575482795720e-03
9.703970314220036406e-03
9.718699615044608039e-03
9.733537251606994359e-03
9.748302750644236361e-03
9.762988316198630001e-03
9.776554681748211503e-03
9.790387635341539149e-03
9.804442851035904960e-03
9.818762590962881037e-03
9.833230770068868143e-03
9.847629635034377618e-03
9.862180064492577850e-03
9.876522046585980291e-03
9.890702501561623311e-03
9.904976759633345174e-03
9.919255112199374877e-03
9.933153215616758944e-03
9.946597910203138285e-03
9.960527237758603006e-03
9.974361392850619387e-03
9.988284846011040788e-03
1.000242507840681805e-02
1.001670302421682306e-02
1.003130691875951837e-02
1.004610787593260106e-02
1.006133462785510288e-02
1.007680167789638467e-02
1.009232096780366544e-02
1.010801512713953645e-02
1.012351403753064712e-02
1.013892804554936133e-02
1.015340536023095000e-02
1.016817075598965524e-02
1.018332840323801260e-02
1.019860418445290781e-02
1.021401511511372054e-02
1.022976743948181798e-02
1.024588666158457624e-02
1.026219199388915711e-02
1.027858778932476402e-02
1.029504603162882496e-02
1.031190729675000341e-02
1.032946909423726294e-02
1.034724648384322855e-02
1.036476783283761527e-02
1.038238566822275236e-02
1.040043502489652882e-02
1.041881257021788111e-02
1.043752903508971160e-02
1.045654093781622773e-02
1.047564823910688940e-02
1.049512240631810672e-02
1.051506090130900281e-02
1.053489990690147267e-02
1.055489792350532315e-02
1.057537729993221487e-02
1.059597255337754208e-02
1.061663956149948990e-02
1.063735806523441636e-02
1.065820834609648368e-02
1.067915084049891536e-02
1.070049682763346555e-02
1.072237753693663746e-02
1.074459030572101799e-02
1.076722098716909916e-02
1.079023627162956599e-02
1.081363613742378042e-02
1.083723117964254488e-02
1.086129498221883628e-02
1.088581289043953279e-02
1.091053660315491856e-02
1.093603405014985895e-02
1.096133973620861367e-02
1.098661756172030109e-02
1.101154478796276086e-02
1.103626737491392347e-02
1.106142637529995178e-02
1.108731910034779951e-02
1.111366109222234125e-02
1.114024005689072915e-02
1.116700812280313308e-02
1.119419073558282178e-02
1.122189023421964194e-02
1.125008087524752287e-02
1.127846178416570637e-02
1.130737456652917625e-02
1.133712431579747722e-02
1.136749454858767931e-02
1.139782334595558153e-02
1.142847570396872577e-02
1.145946490701093244e-02
1.149059399748998504e-02
1.152115946436194083e-02
1.155237573185163846e-02
1.158437362244012919e-02
1.161738957155378227e-02
1.165071721285603629e-02
1.168445271050250027e-02
1.171870075599075120e-02
1.175312794904859875e-02
1.178868876611345248e-02
1.182494495098400204e-02
1.186234489729998294e-02
1.190041984507925199e-02
1.193905409880332766e-02
1.197844164517585831e-02
1.201870195364028275e-02
1.206005329267703999e-02
1.210239948726773811e-02
1.214621557413477979e-02
1.219123139752634546e-02
1.223631755488116361e-02
1.228241386723140371e-02
1.232844216045831179e-02
1.237537106637640570e-02
1.242300398700314258e-02
1.247176800440964392e-02
1.252154901695009571e-02
1.257259761045408791e-02
1.262432882475916611e-02
1.267655309904120765e-02
1.272925902675811974e-02
1.278159093503761050e-02
1.283508080747367865e-02
1.289026855883209678e-02
1.294895586432699350e-02
1.300906331948711511e-02
1.307057693547844686e-02
1.313396164390350125e-02
1.319936489423750858e-02
1.326680137729532687e-02
1.333625636128031935e-02
1.340759148562747742e-02
1.347988226110570335e-02
1.355368012969240463e-02
1.362904771084052710e-02
1.370589869490201028e-02
1.378486566129927954e-02
1.386577773796648927e-02
1.395019111913259335e-02
1.403923976338647406e-02
1.413155536518815973e-02
