4.158412481425312161e-03
4.156631277590274592e-03
4.156360558463210141e-03
4.157344878965535222e-03
4.159562784098729850e-03
4.163104697614024644e-03
4.167818410161393781e-03
4.173372055031431514e-03
4.179784742529072707e-03
4.186775515023255165e-03
4.194365190898965284e-03
4.202497245244437955e-03
4.211086121294792955e-03
4.220045794177790764e-03
4.229387874348439387e-03
4.239009272397454599e-03
4.248943762044699729e-03
4.259191703684518486e-03
4.269706486782856927e-03
4.280538472656069196e-03
4.291680145398601987e-03
4.303056879116150951e-03
4.314751791156987495e-03
4.326714671927864644e-03
4.338990489819984954e-03
4.351605728101961244e-03
4.364575852762399635e-03
4.377830542738446289e-03
4.391392387314737612e-03
4.405345656415570084e-03
4.419634107323770940e-03
4.434238702218563748e-03
4.449183865195001364e-03
4.464475257811273932e-03
4.480121818221200966e-03
4.496144037046282370e-03
4.512411326310833415e-03
4.528972762932741321e-03
4.545906620759833892e-03
4.563260153330777301e-03
4.581056404268174509e-03
4.599276338141408335e-03
4.617966395523474474e-03
4.637151627562327572e-03
4.656799532466180183e-03
4.676896404026644437e-03
4.697456513049127515e-03
4.718541349064522654e-03
4.739876308938103903e-03
4.761736585030643641e-03
4.784031627743865790e-03
4.806877412143614574e-03
4.830171443762249460e-03
4.853937655984877537e-03
4.878167225385292120e-03
4.902732993761422034e-03
4.927791143218581901e-03
4.953200629772662456e-03
4.979004944748834267e-03
5.005285229457758292e-03
5.032163757033085612e-03
5.059424646275212899e-03
5.087166229554366571e-03
5.115403229519841638e-03
5.144099135876103839e-03
5.173202110552527211e-03
5.202461605385820705e-03
5.232266764585339659e-03
5.262438158844007750e-03
5.293141096516043760e-03
5.323619940819338155e-03
5.354523362601291796e-03
5.386077321424879299e-03
5.417951254827873056e-03
5.450053623270672762e-03
5.482288255709909068e-03
5.514606147763810758e-03
5.547213439177047650e-03
5.580254726644631388e-03
5.613277473860099447e-03
5.646868001267195750e-03
5.680576452238962973e-03
5.714014192605100170e-03
5.747550424442890264e-03
5.780935898796100113e-03
5.814456870510679130e-03
5.848477578032019314e-03
5.882692510149766310e-03
5.917257571087320214e-03
5.951922679489750172e-03
5.986801284337062504e-03
6.021825098071736243e-03
6.056985944792693706e-03
6.091967050031084525e-03
6.127024599191124681e-03
6.161952679177524171e-03
6.196511546798568262e-03
6.231490318514764162e-03
6.266641790306407001e-03
6.301536671198238425e-03
6.335928139076322727e-03
6.370275122050714049e-03
6.404546546189563740e-03
6.438525053798794910e-03
6.471625318948464808e-03
6.504449922746686173e-03
6.537562330317525303e-03
6.570369483048494816e-03
6.602431057719859026e-03
6.633936602634759802e-03
6.665174594967009092e-03
6.696188007377370903e-03
6.726968746269357778e-03
6.756304214578743965e-03
6.784339916325512337e-03
6.811909666325416390e-03
6.839465143649354865e-03
6.866451304844990375e-03
6.893251473254223549e-03
6.919318051288231297e-03
6.944628231638349559e-03
6.968713921495242603e-03
6.991681681921543129e-03
7.013913301881275278e-03
7.035317869199502437e-03
7.056250658291733646e-03
7.076696061214727239e-03
7.096489070462484033e-03
7.115912528358048564e-03
7.135006351900344962e-03
7.153920959587116608e-03
7.172400438388303739e-03
7.190525187730133216e-03
7.208462215369561277e-03
7.226008746593408534e-03
7.243028769740536381e-03
7.259426453585769018e-03
7.275588343820427358e-03
7.291356290823019885e-03
7.306623178702368812e-03
7.321308360287115576e-03
7.335891246618739953e-03
7.350137925245374751e-03
7.364394090411336205e-03
7.377960644950951399e-03
7.391553416828059407e-03
7.405190968949323417e-03
7.418756094278038810e-03
7.431894507404742008e-03
7.444688052970229418e-03
7.457503636317246165e-03
7.470433510603602216e-03
7.483095490306792934e-03
7.495803715940935544e-03
7.508236393184601794e-03
7.520202616228506727e-03
7.531717458243893625e-03
7.543216726609617249e-03
7.554767809040461787e-03
7.566199763578479107e-03
7.577314919953899441e-03
7.588354221633715133e-03
7.599181511261036102e-03
7.610050094306850671e-03
7.620996148107217136e-03
7.632247729641207686e-03
7.643577824038880891e-03
7.655052156399940605e-03
7.666313838016569453e-03
7.677284102668276156e-03
7.688274287213188278e-03
7.699096977032318656e-03
7.709896974478233286e-03
7.720695880453045182e-03
7.731131872130308537e-03
7.741465998471229633e-03
7.751570774757295806e-03
7.761874431564725133e-03
7.771956248403336966e-03
7.781535776330165098e-03
7.791007117055178018e-03
7.800429756428957882e-03
7.809643233650605601e-03
7.818549970912557975e-03
7.827420373607590909e-03
7.835695998854370903e-03
7.843344300175539296e-03
7.850726330246884238e-03
7.857964499999895922e-03
7.865392319170147473e-03
7.872720412299891862e-03
7.879853926778000728e-03
7.887058524052107875e-03
7.894442277323854631e-03
7.902058583566849356e-03
7.909912869895901685e-03
7.917908896264804972e-03
7.925687431922111628e-03
7.933665075477604536e-03
7.941709696368046481e-03
7.949760386390673089e-03
7.957939530185231466e-03
7.965884825854361792e-03
7.973777555701545144e-03
7.981640939389760339e-03
7.989694580115091690e-03
7.997774049933027360e-03
8.005819180862521964e-03
8.014169332396348100e-03
8.022584761238864617e-03
8.031195898134895969e-03
8.039685369724988012e-03
8.048023935432828055e-03
8.056372767183447858e-03
8.064968077904367469e-03
8.073654944999916414e-03
8.081706578199896948e-03
8.089830222512674196e-03
8.098171893348243833e-03
8.106575543697213532e-03
8.114958010174779662e-03
8.123223476104559151e-03
8.131385204580322823e-03
8.139369666634669806e-03
8.147287580023809817e-03
8.155015259861739599e-03
8.162681746860196708e-03
8.170334470494301088e-03
8.178170299811108462e-03
8.186109690749395623e-03
8.194050671039204703e-03
8.202257499728611914e-03
8.210634031130710497e-03
8.219034780450707595e-03
8.227580227475893987e-03
8.236464468461553168e-03
8.245668386295996327e-03
8.254772013077232504e-03
8.264053786066075449e-03
8.273454759795620048e-03
8.282732650751280234e-03
8.291897633110610275e-03
8.301194161275686836e-03
8.310435608756333234e-03
8.319803552988646808e-03
8.329319824226045013e-03
8.339036880005900806e-03
8.349112753455449620e-03
8.359027266261365163e-03
8.369013471145870381e-03
8.378944176548594469e-03
8.388839648935733639e-03
8.398694280371786502e-03
8.408535125996780685e-03
8.418454117751997950e-03
8.428419129204464330e-03
8.438530105353997737e-03
8.448636472030786673e-03
8.458784692254531917e-03
8.469076244883331356e-03
8.479411930438994147e-03
8.489890866718637769e-03
8.500397632134002943e-03
8.510915382302435342e-03
8.521189151112341584e-03
8.531656865077941881e-03
8.542357982183798257e-03
8.553173637558444259e-03
8.564134415047304841e-03
8.574834584611170166e-03
8.585555673258440240e-03
8.596252301023000336e-03
8.607117658809637986e-03
8.618230798722590832e-03
8.629323124095599623e-03
8.640742686492838137e-03
8.652358677316597524e-03
8.664030434904216454e-03
8.675655644673464784e-03
8.687044180318508058e-03
8.698192319011506871e-03
8.709234276677083747e-03
8.720258355540945472e-03
8.731349477521077596e-03
8.742322516939033533e-03
8.753306946605652131e-03
8.764340330252870861e-03
8.775587238819035352e-03
8.787010041855603665e-03
8.798727626680748204e-03
8.810568723469117472e-03
8.822472108413101019e-03
8.834390930871629036e-03
8.846517329664042514e-03
8.858637199374626986e-03
8.870687687146831119e-03
8.882635431770983386e-03
8.894854346742567600e-03
8.906996570463052154e-03
8.919016078454871169e-03
8.930925627513863069e-03
8.942817960780339442e-03
8.954838233622898491e-03
8.967158887044581264e-03
8.979745023899039780e-03
8.992424765182254962e-03
9.004970738643619521e-03
9.017330343751926713e-03
9.029949217465074382e-03
9.042889839359198600e-03
9.056003121735274608e-03
9.069214748536291032e-03
9.082531481209058302e-03
9.095780744901652004e-03
9.109037653360522319e-03
9.122208357321541852e-03
9.135413027721946480e-03
9.148845901732458735e-03
9.162240816699586746e-03
9.175608951083161907e-03
9.189061564477948862e-03
9.202520297510008440e-03
9.215866053358579349e-03
9.229176080285624029e-03
9.242541868157011509e-03
9.256067751758557949e-03
9.269356007043032253e-03
9.282567065609830317e-03
9.296061595319217094e-03
9.309652778884000557e-03
9.323269835187766516e-03
9.336804623480909893e-03
9.350303753518083780e-03
9.363973789037308842e-03
9.377663361089087074e-03
9.391383121051328359e-03
9.405094558273622771e-03
9.418827526459909796e-03
9.432575969156239970e-03
9.446455328111337882e-03
9.460261713239338441e-03
9.474221881584815250e-03
9.488404584084293714e-03
9.502723824079795101e-03
9.517143277396391057e-03
9.531460808948120575e-03
9.545824842177769859e-03
9.560013999768079973e-03
9.574088531589013823e-03
9.588237258919829475e-03
9.602200880732669058e-03
9.616202499831427025e-03
9.630110947639727859e-03
9.643914950507082723e-03
9.657703329219684621e-03
9.671302027858664704e-03
9.684837139134972600e-03
9.698264551529254401e-03
9.711817225274987225e-03
9.725119963673299964e-03
9.738499951164937898e-03
9.751957695294874093e-03
9.765587217834333089e-03
9.779406102452405103e-03
9.793299293982534598e-03
9.807329100740799430e-03
9.821302211690963874e-03
9.835283844907356104e-03
9.849420535399661461e-03
9.863690255050900149e-03
9.878093329753999396e-03
9.892615026155911206e-03
9.907312841910969475e-03
9.921975700661798958e-03
9.937116524200338696e-03
9.952644900102629658e-03
9.968237296090212696e-03
9.983939879634484010e-03
1.000002806060064711e-02
1.001657581751375266e-02
1.003355863898600098e-02
1.005074471206002067e-02
1.006813719174511068e-02
1.008558174903628236e-02
1.010342100048498663e-02
1.012165873210238431e-02
1.014009568073390155e-02
1.015869679169056732e-02
1.017733617469746693e-02
1.019544714103407662e-02
1.021358454003028909e-02
1.023187689820199107e-02
1.025031568580072119e-02
1.026861957326596214e-02
1.028701751326272819e-02
1.030537782634423187e-02
1.032348591160449705e-02
1.034175338178254695e-02
1.035972057613276931e-02
1.037780525197224898e-02
1.039584832325694125e-02
1.041414312604125279e-02
1.043229663054936855e-02
1.045060407872734458e-02
1.046913607585906771e-02
1.048791482173724865e-02
1.050680576914050750e-02
1.052555690847947409e-02
1.054436969852915601e-02
1.056323729553815434e-02
1.058226133278959355e-02
1.060125224078065954e-02
1.061983572317482145e-02
1.063828932684686944e-02
1.065681211251533894e-02
1.067527853117839105e-02
1.069376829233778699e-02
1.071263620443203661e-02
1.073159552658164290e-02
1.075055717238104953e-02
1.076950262412876974e-02
1.078802039586809758e-02
1.080630359910899306e-02
1.082453503816633959e-02
1.084272370876559859e-02
1.086077844734950615e-02
1.087891021804190776e-02
1.089701666261420031e-02
1.091490853163698017e-02
1.093288718752494226e-02
1.095075215541703971e-02
1.096861847676240502e-02
1.098666316628836223e-02
1.100436282707328156e-02
1.102198591341311228e-02
1.103984017672029680e-02
1.105793705359178931e-02
1.107593224625939322e-02
1.109397586000615901e-02
1.111182200030751480e-02
1.113000702435617065e-02
1.114846415527873461e-02
1.116700851347917321e-02
1.118553119252578727e-02
1.120416227877272380e-02
1.122314578620936705e-02
1.124228258241242659e-02
1.126150915068479044e-02
1.128070626160385115e-02
1.130004888101145306e-02
1.131916198180605952e-02
1.133847359961008897e-02
1.135745651574228930e-02
1.137628297791461879e-02
1.139479447995628281e-02
1.141302609817160078e-02
1.143109658644554487e-02
1.144909084902970796e-02
1.146690887878015069e-02
1.148391681188175827e-02
1.150106349077805942e-02
1.151815901508516406e-02
1.153488427327874558e-02
1.155186245223170996e-02
1.156918807336233986e-02
1.158605742361571572e-02
1.160249230310847132e-02
1.161858230620681567e-02
1.163478539311050761e-02
1.165135762857271232e-02
1.166786873624932677e-02
1.168429866749034172e-02
1.170034654643421247e-02
1.171607611632351394e-02
1.173174852359635742e-02
1.174756012850778145e-02
1.176313277014661915e-02
1.177836021116084042e-02
1.179303531916253353e-02
1.180791814275082910e-02
1.182275373659812459e-02
1.183775351334671530e-02
1.185262407874703230e-02
1.186749480896437045e-02
1.188190929345307907e-02
1.189609455695549503e-02
1.191018717521017713e-02
1.192385213860509482e-02
1.193725997497724345e-02
1.195061081188723319e-02
1.196354979849722187e-02
1.197638713582042068e-02
1.198928318416714496e-02
1.200163512455654745e-02
1.201337503117641016e-02
1.202450647845689988e-02
1.203542807688231207e-02
1.204654203589221317e-02
1.205750994499069778e-02
1.206758423366120249e-02
