2.326556347391928875e-02
2.311185737168180293e-02
2.295727428909237477e-02
2.280191908386194899e-02
2.264392104165262321e-02
2.248571176679032765e-02
2.232759958806668915e-02
2.217034346188231225e-02
2.201273559830140697e-02
2.185400741710580297e-02
2.169430008978937702e-02
2.153502222450043649e-02
2.137712528475119514e-02
2.122063276725518269e-02
2.106494014895240324e-02
2.090978033066288877e-02
2.075466901222385030e-02
2.059968448941022420e-02
2.044547450184286061e-02
2.029191425996682702e-02
2.013917636232779099e-02
1.998743812377386936e-02
1.983665335147719033e-02
1.968690978296252711e-02
1.953725114530296611e-02
1.938833052625501749e-02
1.924053286106274310e-02
1.909390148434004369e-02
1.894834551685460611e-02
1.880368814423673263e-02
1.866026481671900078e-02
1.851721091543386336e-02
1.837525730763852477e-02
1.823477666269898365e-02
1.809601071002872597e-02
1.795753257567988745e-02
1.782051565957119832e-02
1.768489850927118176e-02
1.755049575156409844e-02
1.741750139167137432e-02
1.728605017135250929e-02
1.715625953011311669e-02
1.702787199591622447e-02
1.690103769150344201e-02
1.677596328619544372e-02
1.665277401183042419e-02
1.653146684475388650e-02
1.641187626378357023e-02
1.629355894064690724e-02
1.617689040957472763e-02
1.606156729252122828e-02
1.594740172302353334e-02
1.583474467529014454e-02
1.572377729507375144e-02
1.561494121217947041e-02
1.550789628833851297e-02
1.540218209504475716e-02
1.529815051019448556e-02
1.519570578195735509e-02
1.509491491874037639e-02
1.499603050086122276e-02
1.489874964160755287e-02
1.480327170930091987e-02
1.470907968978223297e-02
1.461639135600964826e-02
1.452566656201986946e-02
1.443670043506009755e-02
1.434967480841732590e-02
1.426503085631166713e-02
1.418224888012420935e-02
1.410084176554026077e-02
1.402036880722646629e-02
1.394132743417482619e-02
1.386394325407541359e-02
1.378809664177849809e-02
1.371376364166010733e-02
1.364098654580933427e-02
1.356961874896661299e-02
1.349931170948133474e-02
1.343002013322525286e-02
1.336182571124549558e-02
1.329463756597246658e-02
1.322851961648127683e-02
1.316323130474397231e-02
1.309891410819472891e-02
1.303523598434355550e-02
1.297236968720035660e-02
1.291034258511984840e-02
1.284915468558426796e-02
1.278875645619464117e-02
1.272892867576456803e-02
1.266987224813659677e-02
1.261139407510251768e-02
1.255355411015263330e-02
1.249649730247838313e-02
1.243996867661537747e-02
1.238384167387566147e-02
1.232810309975261760e-02
1.227279296508487771e-02
1.221790978090757547e-02
1.216318961635179385e-02
1.210858015063879731e-02
1.205426965094674209e-02
1.200001456801619987e-02
1.194588225859381098e-02
1.189181392062218200e-02
1.183794756310365369e-02
1.178424814340396816e-02
1.173069991308012434e-02
1.167739182427312422e-02
1.162408094126684763e-02
1.157085216665016889e-02
1.151763308901069226e-02
1.146439316918856574e-02
1.141108179817426106e-02
1.135777479927956544e-02
1.130446517412021096e-02
1.125126584708836114e-02
1.119819271460900656e-02
1.114523397220861314e-02
1.109244355184062746e-02
1.103962011486148143e-02
1.098677524294036298e-02
1.093391567424601384e-02
1.088107948088670902e-02
1.082832868893198255e-02
1.077578108456434848e-02
1.072349289761491062e-02
1.067128432663929337e-02
1.061919245775340762e-02
1.056706400863386547e-02
1.051512737368778642e-02
1.046342133916125690e-02
1.041191593994815652e-02
1.036060085097918401e-02
1.030945526706718643e-02
1.025847608765691026e-02
1.020771428630902478e-02
1.015705180041397843e-02
1.010656256194069312e-02
1.005621819534241630e-02
1.000599377646135477e-02
9.955901246529678256e-03
9.905959251278238439e-03
9.856278240141973582e-03
9.806751875174348626e-03
9.757443248663457205e-03
9.708327406522564845e-03
9.659426363151212697e-03
9.610572814516703602e-03
9.561914103710156265e-03
9.513391887168941990e-03
9.465030288451652465e-03
9.416930968691956949e-03
9.369006003724875478e-03
9.321345782280623937e-03
9.273919150824681129e-03
9.226734260421256065e-03
9.179755284464083745e-03
9.133032533920308269e-03
9.086442167400501577e-03
9.040072084128852881e-03
8.994040217022835487e-03
8.948176837389763827e-03
8.902518759075314647e-03
8.857048833627092013e-03
8.811727293794801089e-03
8.766550530231174629e-03
8.721577297606116289e-03
8.676889094091352894e-03
8.632495757995198304e-03
8.588359490726655762e-03
8.544466628892350216e-03
8.500815357634493308e-03
8.457405572617470238e-03
8.414240232234060021e-03
8.371384332169922587e-03
8.328824657134459991e-03
8.286473806303496989e-03
8.244414349055475752e-03
8.202613490336544896e-03
8.161119320968305418e-03
8.119990283445167184e-03
8.079195522690669345e-03
8.038746903451908163e-03
7.998529472403861570e-03
7.958580123618393121e-03
7.918952739998739304e-03
7.879512239759354705e-03
7.840316979348945642e-03
7.801513305889946556e-03
7.763023279429291310e-03
7.724831566788050233e-03
7.687011953615876039e-03
7.649448347209551573e-03
7.612229665208657126e-03
7.575322895158828791e-03
7.538734861690199289e-03
7.502476322179010143e-03
7.466504544746991115e-03
7.430788142663282900e-03
7.395461871404823175e-03
7.360445601633301520e-03
7.325752664613970240e-03
7.291368662863018275e-03
7.257436349535769174e-03
7.223861064792581714e-03
7.190639126542232827e-03
7.157797312458517858e-03
7.125377878882072601e-03
7.093398970649653426e-03
7.061777880377139230e-03
7.030667603984566347e-03
6.999975288176486440e-03
6.969680252053990326e-03
6.939950266873817601e-03
6.910687321378345370e-03
6.881736440804087952e-03
6.853203381145926004e-03
6.824996857675946597e-03
6.797208540041510538e-03
6.769688590033801599e-03
6.742545634955570723e-03
6.715830551514105108e-03
6.689436696446096099e-03
6.663286640461047079e-03
6.637574184058105814e-03
6.612168538384342181e-03
6.587094480239079342e-03
6.562426767131221937e-03
6.538054240476182978e-03
6.513897635549530801e-03
6.490014585932880886e-03
6.466363622167364648e-03
6.442981003789708533e-03
6.419891603621255896e-03
6.397172170692593321e-03
6.374795818837509891e-03
6.352799408042131453e-03
6.331079486008750479e-03
6.309611340991924493e-03
6.288353410212682397e-03
6.267371602397257824e-03
6.246650762277654485e-03
6.226194479872032735e-03
6.206016804532412875e-03
6.186132327865047180e-03
6.166579358499990268e-03
6.147248951139480666e-03
6.128161566787839777e-03
6.109358067387981109e-03
6.090824216947678463e-03
6.072625784316929010e-03
6.054781600411914162e-03
6.037149822623803612e-03
6.019838715159085175e-03
6.002695618382642567e-03
5.985797925212994058e-03
5.969175424508042609e-03
5.952840472556188665e-03
5.936782040957992897e-03
5.920905528692496644e-03
5.905259855446725117e-03
5.889894455727071217e-03
5.874731891721602164e-03
5.859739037287546408e-03
5.844918414353943679e-03
5.830224506196041850e-03
5.815746800350357279e-03
5.801428483371419247e-03
5.787364855245684739e-03
5.773517526285548707e-03
5.759774359811973242e-03
5.746195808754477399e-03
5.732793408226115155e-03
5.719500639906299581e-03
5.706372364377037577e-03
5.693404477840000207e-03
5.680605533945236145e-03
5.667900353061054372e-03
5.655227133377147518e-03
5.642652086442448423e-03
5.630189691837516816e-03
5.617818466609368448e-03
5.605607266653664725e-03
5.593495302548126720e-03
5.581480141319180958e-03
5.569556312621321004e-03
5.557722821732905862e-03
5.546023533883041694e-03
5.534406357332535484e-03
5.522947491999025127e-03
5.511620489634916006e-03
5.500310253713510712e-03
5.489057184565363304e-03
5.477905950097178810e-03
5.466766802972595173e-03
5.455704849655930271e-03
5.444750493379757993e-03
5.433890505136043485e-03
5.423088378266448933e-03
5.412307138057237399e-03
5.401562584287856322e-03
5.390850288306251251e-03
5.380153075680044195e-03
5.369537433138160502e-03
5.358957163488098190e-03
5.348431953946322821e-03
5.337889825407373702e-03
5.327407482424106888e-03
5.317031815750685592e-03
5.306650278016480059e-03
5.296297485160485728e-03
5.286040142559178534e-03
5.275789903093433715e-03
5.265577560526949960e-03
5.255460749688383414e-03
5.245406690280511770e-03
5.235410418463604283e-03
5.225418225296401230e-03
5.215482528203179563e-03
5.205567820339320265e-03
5.195692015111876179e-03
5.185839787967274142e-03
5.175990231253304805e-03
5.166194258049231110e-03
5.156430621196406855e-03
5.146655822407022671e-03
5.136911684987336899e-03
5.127209980052581384e-03
5.117541129094282763e-03
5.107930271800184031e-03
5.098313100122847663e-03
5.088706854172052665e-03
5.079116966362528032e-03
5.069617912787989511e-03
5.060167188739149273e-03
5.050777129200821267e-03
5.041430308462217097e-03
5.032135474815430110e-03
5.022814987181130689e-03
5.013494865033251043e-03
5.004184740918631198e-03
4.994911989219347377e-03
4.985657360637552049e-03
4.976472682851876619e-03
4.967354503849839668e-03
4.958260766297486327e-03
4.949144030951220692e-03
4.940017668773711429e-03
4.930846642014936020e-03
4.921625029940379821e-03
4.912445381360075990e-03
4.903245015612806706e-03
4.894046506187380192e-03
4.884802198102410065e-03
4.875601352972469202e-03
4.866384874334982527e-03
4.857197548045782097e-03
4.848038910518026254e-03
4.838885436875882060e-03
4.829735364117610126e-03
4.820600696346941452e-03
4.811437097577453935e-03
4.802269805077709862e-03
4.793089712655353510e-03
4.783889772771988264e-03
4.774687971994303302e-03
4.765474960125928860e-03
4.756271083963172636e-03
4.747062884107501428e-03
4.737898052016195974e-03
4.728773590014742276e-03
4.719683722856538206e-03
4.710606039271797614e-03
4.701544745419988965e-03
4.692502477853843605e-03
4.683463732965737272e-03
4.674453371106619681e-03
4.665450376027947300e-03
4.656490934418569538e-03
4.647528958201917713e-03
4.638602248774830947e-03
4.629668216941113489e-03
4.620729184064326783e-03
4.611790453282798609e-03
4.602883508804289821e-03
4.593997773241891361e-03
4.585106446890778974e-03
4.576195057652627379e-03
4.567315976499502529e-03
4.558471841958614511e-03
4.549666629383249464e-03
4.540877428791844500e-03
4.532112303644101649e-03
4.523355985295377142e-03
4.514637057859737131e-03
4.505922784790255230e-03
4.497226532061442648e-03
4.488541622401640181e-03
4.479880826739797602e-03
4.471211170032730192e-03
4.462530868598633266e-03
4.453878701513114616e-03
4.445244907056854211e-03
4.436592298103761781e-03
4.427932471079656061e-03
4.419273734591373445e-03
4.410626957209490447e-03
4.401983059137313040e-03
4.393346783488626638e-03
4.384736480861660575e-03
4.376095027298171521e-03
4.367423144729964610e-03
4.358762832503670567e-03
4.350091252342481486e-03
4.341430155001060887e-03
4.332788954586539766e-03
4.324142338176639039e-03
4.315509516203152630e-03
4.306887738321015999e-03
4.298236002399318141e-03
4.289584006989537353e-03
4.280924430724240316e-03
4.272239642546844449e-03
4.263540430905653732e-03
4.254852634869588264e-03
4.246160809545790338e-03
4.237452666193817184e-03
4.228750028208369538e-03
4.219998191510865304e-03
4.211219467711871389e-03
4.202438355728795559e-03
4.193652391619921357e-03
4.184880159283738306e-03
4.176077678971368973e-03
4.167259930741793079e-03
4.158412318831958450e-03
4.149547993894268060e-03
4.140670183681977555e-03
4.131761679676967773e-03
4.122819359812560612e-03
4.113831332945995511e-03
4.104799129194430449e-03
4.095731353544363948e-03
4.086637573280916397e-03
4.077490688734364266e-03
4.068301613524576490e-03
4.059083405191690752e-03
4.049831370139773262e-03
4.040517100451009903e-03
4.031167335400778762e-03
4.021800933963644992e-03
4.012376445438288475e-03
4.002900341075090254e-03
3.993375696592440377e-03
3.983816355061282725e-03
3.974194476642140157e-03
3.964508356580400024e-03
3.954808111512925391e-03
3.945077393222799766e-03
3.935290782477647922e-03
3.925472439935483171e-03
3.915586620567189195e-03
3.905642362237762757e-03
3.895667792281187931e-03
3.885640787961385911e-03
3.875563759077785275e-03
3.865427585408837564e-03
3.855261780684411665e-03
3.845012208852304891e-03
3.834731313524619104e-03
3.824390876697225227e-03
3.814018234769463167e-03
3.803585888135731143e-03
3.793092730516335435e-03
3.782525165364403284e-03
3.771875449657356542e-03
3.761147971856213402e-03
3.750366195290224733e-03
3.739516108434228631e-03
3.728629886979249828e-03
3.717706051780859857e-03
3.706723300005305630e-03
3.695683176942056447e-03
3.684600561354133431e-03
3.673436100164152122e-03
3.662217595228852915e-03
3.650954433220502966e-03
3.639632191818426878e-03
3.628252953292390552e-03
3.616836862860003943e-03
3.605361023529693888e-03
3.593836748363589406e-03
3.582236976609983348e-03
3.570577405869044662e-03
3.558860134206369170e-03
3.547061153388513920e-03
3.535200580042115528e-03
3.523273825907087022e-03
