8.841427093809986482e-03
8.876929732284176422e-03
8.912648274300848106e-03
8.948036797979947235e-03
8.983335834953856333e-03
9.018589170225506033e-03
9.053422823894419907e-03
9.087646652092218336e-03
9.121423709357583121e-03
9.154815917112691520e-03
9.187593090098058329e-03
9.219643361514680627e-03
9.251174688459179452e-03
9.282416717054403632e-03
9.313096239810279148e-03
9.343184851666774468e-03
9.372392666503453346e-03
9.400913744931136198e-03
9.429049795937631886e-03
9.456491122209538525e-03
9.483407449218085594e-03
9.509760898561746625e-03
9.535203968256789758e-03
9.559843112484239097e-03
9.583914841019010311e-03
9.607430085822848964e-03
9.629598688325791828e-03
9.650836758402324758e-03
9.671231637902091144e-03
9.690989596313885970e-03
9.710038775131310529e-03
9.728351980325330994e-03
9.745738217598755304e-03
9.761713173227061155e-03
9.776337345189086911e-03
9.790224996545115674e-03
9.803439531602871695e-03
9.815803990452726460e-03
9.826975545845412219e-03
9.837241912754077222e-03
9.846968863690378979e-03
9.856062533542358367e-03
9.863965917056875463e-03
9.870862406268094899e-03
9.876457860469414415e-03
9.881481908712260939e-03
9.885925290691002787e-03
9.889608615652792020e-03
9.892731573239704063e-03
9.895188187458310233e-03
9.896703692019470991e-03
9.897355154676251016e-03
9.897585772450517155e-03
9.897416292957782191e-03
9.896867513799050345e-03
9.895886735823077388e-03
9.894225940693425481e-03
9.892320899624988673e-03
9.890408414771430581e-03
9.887639638570269729e-03
9.884669921011385654e-03
9.881818287885283866e-03
9.878540893736183909e-03
9.875381781155987901e-03
9.872332156335669393e-03
9.869684697932224263e-03
9.867011322519894656e-03
9.864846723013808577e-03
9.863063256633174819e-03
9.861827096242236496e-03
9.860605755250061860e-03
9.859699481530134757e-03
9.858857932264859444e-03
9.857834853366579872e-03
9.856739199589813205e-03
9.856081556502591448e-03
9.856207987992591027e-03
9.856431811897024137e-03
9.856542681895986979e-03
9.856530619804926632e-03
9.856475295636057260e-03
9.856515935190322472e-03
9.856184668670383425e-03
9.855746660267075687e-03
9.855106201172874128e-03
9.854394053221570207e-03
9.853831633116169261e-03
9.853385231826952695e-03
9.852075507343642860e-03
9.850722369475097343e-03
9.848919129208761128e-03
9.846833973585109381e-03
9.844854916164732725e-03
9.842841788800698113e-03
9.840872482499813181e-03
9.838611817740813142e-03
9.836127492751282550e-03
9.833484538965367103e-03
9.830489918240509217e-03
9.827264883736221840e-03
9.823779497157722473e-03
9.819934777362574266e-03
9.815673380601840428e-03
9.810282576660811146e-03
9.804827883261828594e-03
9.799319388744578974e-03
9.793301999228839344e-03
9.787290368852114356e-03
9.781472276265008522e-03
9.775557918690868861e-03
9.769160152067222352e-03
9.762527727989581822e-03
9.755637918440182577e-03
9.748607215070927492e-03
9.740991596359166102e-03
9.732572792609365392e-03
9.724186266911740220e-03
9.715666620293819319e-03
9.706824768454908395e-03
9.697625803648810341e-03
9.688194075329578311e-03
9.678676605891460907e-03
9.668837647968161336e-03
9.658784840479944442e-03
9.648711200889305978e-03
9.638054557875169737e-03
9.627066512205975646e-03
9.616315584399215063e-03
9.605473172546065766e-03
9.594501644847012664e-03
9.583356565552474116e-03
9.572138724947080665e-03
9.560614780475805777e-03
9.548844563730885665e-03
9.536877453621566553e-03
9.524699673066058803e-03
9.512196281417528709e-03
9.499693799068450323e-03
9.487528408471408020e-03
9.475306535102112973e-03
9.463220957095442448e-03
9.451151551525120362e-03
9.439388169906247003e-03
9.427895162919955677e-03
9.416559539873116391e-03
9.405500482073454738e-03
9.394659277977819231e-03
9.383888674697539109e-03
9.372911063525345837e-03
9.362147777351783121e-03
9.351532215447724838e-03
9.340984580395114006e-03
9.330462906517358879e-03
9.320052341030905449e-03
9.309899716883954929e-03
9.299929073486456685e-03
9.290066101744006918e-03
9.280065232920936547e-03
9.269798259743354529e-03
9.259306460977063946e-03
9.248922430303521680e-03
9.238592463457847084e-03
9.228525684661479864e-03
9.218423502940414904e-03
9.208349052670341400e-03
9.198280369852878877e-03
9.188117616213943573e-03
9.178114156355072356e-03
9.168418177716934278e-03
9.158428920180237270e-03
9.148708436389485499e-03
9.139110022361117067e-03
9.129878442386564139e-03
9.120730744922816643e-03
9.111609820976076732e-03
9.102484391060849597e-03
9.093517275376356013e-03
9.084618082802189618e-03
9.075612741103977060e-03
9.066703381834488248e-03
9.057655686006964302e-03
9.048736580710059832e-03
9.039920467345580538e-03
9.031429270888940292e-03
9.023253866753951774e-03
9.015080803935154527e-03
9.007047540659273224e-03
8.999092098452081759e-03
8.991265396212380634e-03
8.983723667174156949e-03
8.976478169192074821e-03
8.969352748619336541e-03
8.962402884777275272e-03
8.955712026830557962e-03
8.949207668176093269e-03
8.942937255331890808e-03
8.936776579655414388e-03
8.930769246991623195e-03
8.924842495510062340e-03
8.918834427716633428e-03
8.912917100734199863e-03
8.907188319227590453e-03
8.901622939560092582e-03
8.896168647188147996e-03
8.890717422740597106e-03
8.885205820809378985e-03
8.879765564072028203e-03
8.874216586503939908e-03
8.868850548762408081e-03
8.863632966055383020e-03
8.858483263020149392e-03
8.853566554719912579e-03
8.848811818943968024e-03
8.844217220258380682e-03
8.839575043076463093e-03
8.834774401915181791e-03
8.830104902311146017e-03
8.825587037899542200e-03
8.821235706434768509e-03
8.816942854252083489e-03
8.812764865191960451e-03
8.808608761047146199e-03
8.804459861671599247e-03
8.800225098863398432e-03
8.795779168663869427e-03
8.791308266919047043e-03
8.786708173570684580e-03
8.781758309614398975e-03
8.776919278557658924e-03
8.772006009799512491e-03
8.767119630533023664e-03
8.762261732811636381e-03
8.757359170093287695e-03
8.752450045246567070e-03
8.747555789680177760e-03
8.742685073018825401e-03
8.737832796326856083e-03
8.733006577559205078e-03
8.728247093265638010e-03
8.723523501879272904e-03
8.718547576465389415e-03
8.713558069339199033e-03
8.708596573832152674e-03
8.703700120566926213e-03
8.698851945594887614e-03
8.693976499745020500e-03
8.689176676017968878e-03
8.684315532461253651e-03
8.679508914864368999e-03
8.674737721911447361e-03
8.669825161263754881e-03
8.664834262233921808e-03
8.659774799946947516e-03
8.654748364663138530e-03
8.649544684988866305e-03
8.644337001071563178e-03
8.639065186913812144e-03
8.633668349589054478e-03
8.628194668458696870e-03
8.622696650526022813e-03
8.617110175942580691e-03
8.611473801291404453e-03
8.605740484718722369e-03
8.599963312893230821e-03
8.594153084966991984e-03
8.588310840762898579e-03
8.582307392210690097e-03
8.576237428039786351e-03
8.570120687842311402e-03
8.563951766742317409e-03
8.557670777342559973e-03
8.551350499763403501e-03
8.544930790341041804e-03
8.538390947808248421e-03
8.531661036956871003e-03
8.524930727884292778e-03
8.518175241712784562e-03
8.511366008149619244e-03
8.504482832433348655e-03
8.497406730600213023e-03
8.490265125120733530e-03
8.483081671913795391e-03
8.475761799679508435e-03
8.468423249707021649e-03
8.461103912868252544e-03
8.453590737495565027e-03
8.445910642386042846e-03
8.438113973839629287e-03
8.430224879108674796e-03
8.422268333479587810e-03
8.414169528730504680e-03
8.406004381285504812e-03
8.397682867588997235e-03
8.389294037674599816e-03
8.380905425784228313e-03
8.372483091458471013e-03
8.363965762462996500e-03
8.355297241805382386e-03
8.346503053053630841e-03
8.337644395905950342e-03
8.328671194462079416e-03
8.319673806276281502e-03
8.310556605261303076e-03
8.301362218128450696e-03
8.291987498104592957e-03
8.282546090370625919e-03
8.273094091532311178e-03
8.263493974775767276e-03
8.253809527405651242e-03
8.244099903352283126e-03
8.234235698391935768e-03
8.224219333235629689e-03
8.214063893481893253e-03
8.203842122255592187e-03
8.193564070693076795e-03
8.183216932740456154e-03
8.172812429111794494e-03
8.162339180989620219e-03
8.151815057407179460e-03
8.141066097220515246e-03
8.130121695015299355e-03
8.119131783983227213e-03
8.108131977486872019e-03
8.097120348642749404e-03
8.086029299817778029e-03
8.074779302330853739e-03
8.063429584934656696e-03
8.052035929773221010e-03
8.040615365167496156e-03
8.029142684297453300e-03
8.017596172884318070e-03
8.005811792059759624e-03
7.993936307327946175e-03
7.982018790099023112e-03
7.970066612661199160e-03
7.958050080100179460e-03
7.945951952929700135e-03
7.933782108116297499e-03
7.921543363552996375e-03
7.909102350678289678e-03
7.896503809519336142e-03
7.883847784839132303e-03
7.871060932543815641e-03
7.858191233195952613e-03
7.845277286193594324e-03
7.832350226053927389e-03
7.819439940774487036e-03
7.806488747827342901e-03
7.793428260723166828e-03
7.780162817210563297e-03
7.766865385374568595e-03
7.753564623112418550e-03
7.740218035483283944e-03
7.726794623481578368e-03
7.713318587047059659e-03
7.699796456092918712e-03
7.686292630739682656e-03
7.672684110206246834e-03
7.659004587726496449e-03
7.645237111568472382e-03
7.631410516605063345e-03
7.617579114201427151e-03
7.603683507254586395e-03
7.589736141216251938e-03
7.575728074295404353e-03
7.561622956960637083e-03
7.547485336587027825e-03
7.533316199686545048e-03
7.519105402530170540e-03
7.504876725948555344e-03
7.490580447888819070e-03
7.476127245319673376e-03
7.461537144652265717e-03
7.446972706909495837e-03
7.432420098269287151e-03
7.417882067102227195e-03
7.403271138073513023e-03
7.388695596901104744e-03
7.374128853694521951e-03
7.359509278527010673e-03
7.344836213377527873e-03
7.330101116131131946e-03
7.315257811314571437e-03
7.300356530708017495e-03
7.285426783105153001e-03
7.270469470479076594e-03
7.255509796792020648e-03
7.240505184954447102e-03
7.225418099240822102e-03
7.210280541120408365e-03
7.195088887684386592e-03
7.179845643507170097e-03
7.164539890396408664e-03
7.149061732862352359e-03
7.133510137446686869e-03
7.117895631602797792e-03
7.102238375019154920e-03
7.086515220724765550e-03
7.070687680463950790e-03
7.054802579313493652e-03
7.038838977977554361e-03
7.022805632126542970e-03
7.006704095519406504e-03
6.990403593696077611e-03
6.973962682943320168e-03
6.957517293760858389e-03
6.941015475844511395e-03
6.924470508863290324e-03
6.907827071142404532e-03
6.891146977586096178e-03
6.874420340731914915e-03
6.857696330402193383e-03
6.840914393020930059e-03
6.824097560571703962e-03
6.807238529769151468e-03
6.790304233237210406e-03
6.773302442628404557e-03
6.756182615441946870e-03
6.738711247527309940e-03
6.721159600525701203e-03
6.703536507839644859e-03
6.685804365546149826e-03
6.668012154593060646e-03
6.650169430106868569e-03
6.632294480671587986e-03
6.614340565853225190e-03
6.596307765488270899e-03
6.578228895466540528e-03
6.560111262892454748e-03
6.541933784826841312e-03
6.523750416812993010e-03
6.505521430544594988e-03
6.487247160436006299e-03
6.468956698691860976e-03
6.450522583222160003e-03
6.431898801396191724e-03
6.413221468561267243e-03
6.394158361042863621e-03
6.375014628176256699e-03
6.355796610506531108e-03
6.336460079162721006e-03
6.317071922342477192e-03
6.297640374609683733e-03
6.278180911305748270e-03
6.258625847426901520e-03
6.238979216651494887e-03
6.219257208198946535e-03
6.199484486453195331e-03
6.179676462247348304e-03
6.159793806769309557e-03
6.139867433524539425e-03
6.119884039072340763e-03
6.099852377030708095e-03
6.079773778938788592e-03
6.059615423087253566e-03
6.039360683676038219e-03
6.019052624412777990e-03
5.998751547660016378e-03
5.978422634938784438e-03
5.958045201635030208e-03
5.937591472677366741e-03
5.917113670042670540e-03
5.896552879985571607e-03
5.875919242701808584e-03
5.855242077279219567e-03
5.834535440461133780e-03
5.813774385474175001e-03
5.792962877227676374e-03
5.772117087963136994e-03
5.751213783364857168e-03
5.730019938794880634e-03
5.708739952117950454e-03
5.687396347019252688e-03
5.665994751412900370e-03
5.644567881503507849e-03
5.623081934759394281e-03
5.601577628142189250e-03
5.580068222706242864e-03
5.558505117045299711e-03
5.536915896472941780e-03
5.515271814721016755e-03
5.493609939732448967e-03
5.471923965333672438e-03
5.450197968080510227e-03
5.428438817717338126e-03
5.406658088112856371e-03
5.384826950538442770e-03
5.362964702088629868e-03
5.341081402401719712e-03
5.319189187611729312e-03
5.297296238536450957e-03
5.275392595735887112e-03
5.253479091050168408e-03
5.231530860802894971e-03
5.209548665142431194e-03
5.187544870028229678e-03
5.165555893890615667e-03
5.143528874216199073e-03
5.121450047075558343e-03
5.099325866923018653e-03
