2.188288873350045793e-02
2.170298403079564883e-02
2.152476501007183352e-02
2.134816414498498169e-02
2.117346460406306294e-02
2.100049270217339836e-02
2.082910347183450361e-02
2.065931724394296301e-02
2.049099404748789405e-02
2.032424159423749585e-02
2.015891366967103790e-02
1.999493022218225627e-02
1.983241415081469367e-02
1.967127381979880824e-02
1.951146771935476434e-02
1.935312904574486639e-02
1.919617888715672779e-02
1.904083935458255467e-02
1.888702158234266404e-02
1.873468804286921446e-02
1.858397463683697862e-02
1.843476336523530018e-02
1.828701930015750807e-02
1.814055482537976424e-02
1.799551133353769275e-02
1.785184764406982233e-02
1.770968720804239754e-02
1.756899488638342943e-02
1.742972035690237148e-02
1.729168158096628868e-02
1.715508278120501592e-02
1.701978182590433916e-02
1.688601140094931133e-02
1.675372825070513966e-02
1.662315106511968663e-02
1.649419331047666942e-02
1.636668625904009328e-02
1.624075542780457557e-02
1.611633436204846712e-02
1.599370509050587752e-02
1.587297050472261106e-02
1.575407901468489635e-02
1.563702668972501153e-02
1.552211136770931602e-02
1.540925592258562266e-02
1.529842707752722061e-02
1.518990253404201539e-02
1.508389464961255866e-02
1.498003095356745078e-02
1.487812449726453809e-02
1.477866136413314921e-02
1.468160409228285238e-02
1.458686635251179274e-02
1.449419910692491265e-02
1.440380456958750312e-02
1.431574810281482577e-02
1.422982240877824177e-02
1.414598885004498402e-02
1.406439768237430915e-02
1.398466932032020951e-02
1.390676403487489492e-02
1.383082444160381626e-02
1.375653787534392852e-02
1.368364673602868141e-02
1.361249498784357879e-02
1.354290241449569894e-02
1.347473113916874445e-02
1.340791966204369495e-02
1.334228788488067870e-02
1.327782991084676054e-02
1.321457254297222529e-02
1.315246361677387815e-02
1.309136634617908551e-02
1.303155012575162551e-02
1.297272566067536603e-02
1.291482361556799650e-02
1.285774711293832633e-02
1.280168044689762412e-02
1.274651156514974674e-02
1.269212737204237183e-02
1.263845195697090376e-02
1.258547445905483508e-02
1.253340144203236341e-02
1.248233886682857501e-02
1.243193519058476484e-02
1.238214368258343245e-02
1.233295635013434421e-02
1.228430813270573602e-02
1.223638654177014624e-02
1.218915434239827879e-02
1.214254337391880087e-02
1.209646429095759083e-02
1.205080878150489518e-02
1.200559844677460790e-02
1.196086672155174252e-02
1.191657999812850699e-02
1.187272264195814338e-02
1.182916052898113669e-02
1.178591292096574546e-02
1.174289748006707851e-02
1.170009408405979154e-02
1.165752245611666876e-02
1.161531497111683436e-02
1.157331648490717534e-02
1.153162056117991094e-02
1.149027766761349760e-02
1.144915066979567200e-02
1.140826095860636956e-02
1.136751023742373773e-02
1.132708146602704261e-02
1.128677111181482749e-02
1.124652018650511807e-02
1.120632477605739037e-02
1.116627039992934035e-02
1.112631938340250329e-02
1.108641161752229980e-02
1.104646033496042325e-02
1.100649022044314883e-02
1.096655784299630475e-02
1.092647782774127177e-02
1.088626540850952916e-02
1.084589722825592302e-02
1.080547099915657970e-02
1.076492452221913983e-02
1.072435892983271410e-02
1.068372745636269987e-02
1.064302215983179388e-02
1.060230332959958589e-02
1.056146194783210389e-02
1.052061458858981856e-02
1.047979861898817693e-02
1.043897531056054914e-02
1.039817556119843577e-02
1.035743083661187780e-02
1.031668706310058699e-02
1.027602024230302689e-02
1.023551762706145264e-02
1.019503997297319109e-02
1.015452843142466456e-02
1.011404646008651903e-02
1.007358732619384120e-02
1.003314424169631305e-02
9.992819980502378949e-03
9.952572585145107523e-03
9.912301929596061684e-03
9.872157244132553910e-03
9.832155860937441538e-03
9.792320952909749562e-03
9.752534048826635646e-03
9.712884302849531665e-03
9.673304394811555601e-03
9.633860004191615103e-03
9.594582781261561458e-03
9.555450108470512141e-03
9.516440171360865743e-03
9.477601469783138166e-03
9.438890511580762255e-03
9.400317944806214215e-03
9.361928709012952779e-03
9.323708131952841011e-03
9.285653774001426802e-03
9.247681016479027127e-03
9.209837882867166758e-03
9.172199317730705265e-03
9.134739165252727527e-03
9.097359628042757732e-03
9.060132152720556942e-03
9.023074004960223923e-03
8.986102588364059882e-03
8.949275149515885375e-03
8.912553043916377621e-03
8.876007527803968927e-03
8.839650257254534627e-03
8.803417176849945291e-03
8.767396623940930389e-03
8.731428919723976945e-03
8.695650301158770745e-03
8.660027667251135250e-03
8.624590935719720144e-03
8.589326660155972848e-03
8.554253687064077016e-03
8.519268458563584653e-03
8.484436263394436184e-03
8.449751568027798546e-03
8.415252480736119117e-03
8.380917192465631854e-03
8.346735815857800680e-03
8.312723910637030353e-03
8.278866215121296820e-03
8.245185091634113853e-03
8.211629356696498530e-03
8.178219631765170153e-03
8.144907389554749411e-03
8.111669066011560972e-03
8.078555577748192454e-03
8.045669443445721200e-03
8.012900367054945350e-03
7.980243236961979264e-03
7.947709425333425448e-03
7.915307376703404479e-03
7.883079836251975087e-03
7.851004844864981763e-03
7.819206436807365004e-03
7.787559087186601142e-03
7.756058739384007715e-03
7.724723592690403012e-03
7.693517247277112392e-03
7.662551090352682885e-03
7.631729138968744788e-03
7.601031704038258528e-03
7.570471061415601395e-03
7.540084995974375738e-03
7.509829559141645294e-03
7.479609837720880422e-03
7.449497107279624657e-03
7.419594718481974278e-03
7.389824969143611415e-03
7.360191875977959743e-03
7.330783075499686802e-03
7.301581619406182291e-03
7.272541691475393859e-03
7.243672438324542939e-03
7.215052699229904457e-03
7.186640925337741542e-03
7.158319015172345812e-03
7.130137399624513969e-03
7.102224845057461371e-03
7.074690749859970790e-03
7.047320134649462733e-03
7.020203888842487493e-03
6.993310110473108070e-03
6.966720456918465768e-03
6.940330285166119648e-03
6.914161114748889475e-03
6.888281965340316802e-03
6.862708738769239709e-03
6.837397785752143305e-03
6.812363931715153913e-03
6.787602349577172983e-03
6.763037924136806531e-03
6.738671157119512610e-03
6.714669635636044166e-03
6.690827482027632105e-03
6.667234782617549073e-03
6.643838447411636386e-03
6.620697945217656789e-03
6.597798395947597830e-03
6.575189731884396351e-03
6.552823926221089564e-03
6.530683530176648911e-03
6.508771964379737526e-03
6.487109948387498326e-03
6.465660729459148277e-03
6.444396166906968954e-03
6.423419895512166682e-03
6.402663709086472109e-03
6.382212001842500933e-03
6.361998909739536093e-03
6.342114199443122866e-03
6.322543605863438325e-03
6.303277723622617047e-03
6.284198909324036596e-03
6.265414214428608949e-03
6.246992538894106245e-03
6.228794039323332088e-03
6.210923462232985533e-03
6.193284182033805853e-03
6.175884210121615828e-03
6.158813148760619235e-03
6.142086779024686499e-03
6.125633879384643349e-03
6.109401724605311064e-03
6.093411870383648801e-03
6.077661630181432038e-03
6.062143913333484235e-03
6.046861790050438862e-03
6.031819701039066971e-03
6.016962969863443728e-03
6.002318762857954300e-03
5.987965079210099024e-03
5.973819214029767871e-03
5.959915714876667936e-03
5.946241199356924745e-03
5.932823633572763093e-03
5.919571929620553487e-03
5.906553617585449945e-03
5.893770367460849507e-03
5.881095999450780196e-03
5.868677301714021917e-03
5.856440373041890864e-03
5.844312455968532841e-03
5.832392244921325887e-03
5.820607038551184158e-03
5.809012732482738209e-03
5.797527522188215647e-03
5.786225391388731196e-03
5.775113087397988273e-03
5.764157723089040689e-03
5.753312029646951570e-03
5.742536948347524116e-03
5.731875493731295422e-03
5.721377012388434609e-03
5.710999816316408156e-03
5.700714919023124050e-03
5.690542114658681677e-03
5.680478242290340658e-03
5.670520188268932636e-03
5.660707503067798421e-03
5.650991536152509716e-03
5.641382260927309614e-03
5.631851464376201773e-03
5.622430916278964470e-03
5.613140518134990611e-03
5.603968619480086122e-03
5.594902978649530893e-03
5.585950257015239936e-03
5.577072556638720119e-03
5.568248000814326505e-03
5.559500277676134895e-03
5.550793342905577243e-03
5.542194040924063037e-03
5.533717729331717912e-03
5.525336018344730732e-03
5.517008314237511341e-03
5.508757889256544679e-03
5.500541222355521433e-03
5.492422252042634435e-03
5.484392499074503338e-03
5.476450890997372131e-03
5.468608899533144822e-03
5.460797241779077535e-03
5.452992230120694457e-03
5.445279667509283876e-03
5.437598204290134372e-03
5.429884629914212210e-03
5.422206638140574832e-03
5.414556163015432806e-03
5.406941604283414284e-03
5.399340953676234206e-03
5.391800123853643899e-03
5.384234698052403970e-03
5.376609045867055889e-03
5.368940165481780186e-03
5.361326661641047965e-03
5.353606741498061206e-03
5.345813743815814971e-03
5.338016547456332118e-03
5.330168883314475095e-03
5.322263557948249055e-03
5.314240827889495263e-03
5.306147937843726931e-03
5.297973092482356067e-03
5.289689873902388151e-03
5.281233039296492036e-03
5.272735580620381383e-03
5.264162180683293162e-03
5.255505415237050199e-03
5.246796315086755050e-03
5.238005512146305838e-03
5.229104795478106173e-03
5.220155550277484797e-03
5.211047314015501003e-03
5.201811172055223996e-03
5.192475836644030313e-03
5.183048239553511571e-03
5.173533810704322375e-03
5.163904068759187990e-03
5.154169615006615190e-03
5.144321778990536449e-03
5.134416572414152689e-03
5.124414949439342996e-03
5.114418754618548120e-03
5.104387165498396398e-03
5.094293905922684697e-03
5.084177252410239899e-03
5.074043565484756546e-03
5.063924996935703290e-03
5.053830407600471211e-03
5.043729057130184532e-03
5.033681921587380113e-03
5.023643484559025228e-03
5.013559506488613100e-03
5.003494286382602352e-03
4.993408683108288212e-03
4.983344688010500796e-03
4.973362845156596886e-03
4.963375642320156170e-03
4.953404808432673029e-03
4.943452286796979483e-03
4.933546232026065487e-03
4.923667062278267240e-03
4.913839908719912393e-03
4.904012043621745233e-03
4.894254718649724591e-03
4.884559258567465305e-03
4.874867839411976302e-03
4.865237093392406342e-03
4.855600045875665093e-03
4.845977128560666897e-03
4.836448596113238768e-03
4.826972634787719471e-03
4.817556175212583773e-03
4.808220839801390090e-03
4.798945041161598209e-03
4.789693822600706551e-03
4.780435256172792594e-03
4.771221927548558762e-03
4.762067521321056672e-03
4.752983823154318700e-03
4.743964761318156774e-03
4.734969817117172866e-03
4.726013341790819000e-03
4.717076366313300607e-03
4.708180897809784160e-03
4.699296207986107879e-03
4.690450748146682280e-03
4.681613348857210748e-03
4.672812874711697317e-03
4.664017792244300881e-03
4.655244602174461559e-03
4.646521468364045275e-03
4.637813229813951901e-03
4.629164047613389642e-03
4.620530226961910500e-03
4.611898278739865950e-03
4.603255783683362669e-03
4.594604447222495544e-03
4.585927912359099787e-03
4.577208765541005732e-03
4.568500161608412061e-03
4.559737236542161197e-03
4.550923648064252557e-03
4.542093543226954390e-03
4.533231441181096409e-03
4.524365506879702084e-03
4.515448296402739189e-03
4.506527662906953911e-03
4.497606863035349262e-03
4.488613283147265855e-03
4.479616354127435342e-03
4.470548778775283380e-03
4.461450244530626268e-03
4.452288237391054289e-03
4.443105362972149010e-03
4.433907859068159443e-03
4.424701979840726419e-03
4.415464622536780827e-03
4.406180271545931566e-03
4.396839247609317207e-03
4.387457254432417832e-03
4.378049309381482415e-03
4.368578564473106843e-03
4.359086770893147791e-03
4.349587853601471869e-03
4.340052219265513357e-03
4.330485979936397022e-03
4.320888051053694418e-03
4.311274079738478329e-03
4.301622925090218576e-03
4.291920489589993830e-03
4.282203605581256199e-03
4.272425364695371826e-03
4.262593929479711365e-03
4.252709763053476658e-03
4.242801935460389744e-03
4.232840130292957713e-03
4.222852239454570784e-03
4.212807686270253135e-03
4.202718176229807909e-03
4.192594390744010940e-03
4.182406147566011118e-03
4.172158770098527078e-03
4.161850506615133449e-03
4.151503125900618887e-03
4.141091745053386564e-03
4.130619583461140817e-03
4.120090907712795417e-03
4.109518924265770194e-03
4.098913471636229239e-03
4.088243671001978892e-03
4.077520566246539517e-03
4.066717814029469774e-03
4.055867603655336114e-03
4.044979499395586278e-03
4.034045353355561817e-03
4.023059613924358235e-03
4.011992427138207432e-03
4.000863226077383712e-03
3.989720104940930497e-03
3.978510421006099980e-03
3.967230303982659766e-03
3.955899537264993479e-03
3.944493881943355457e-03
3.933041568284453317e-03
3.921523387311354539e-03
3.909965882462341537e-03
3.898344919059363537e-03
3.886646210553132332e-03
3.874900559228807058e-03
3.863082479241311019e-03
