5.457539927859847081e-03
5.469369166038942111e-03
5.482151267116631976e-03
5.496008533428139477e-03
5.511438068488485297e-03
5.528097804962898466e-03
5.546000979133815408e-03
5.564852705500401495e-03
5.585101559045270447e-03
5.606718345644307565e-03
5.629020852938973127e-03
5.652487009968783054e-03
5.676825619351483221e-03
5.701791630911856937e-03
5.727686109749821272e-03
5.754372704385966875e-03
5.782112276933597424e-03
5.810724613386090802e-03
5.840188055997116295e-03
5.870260215981055497e-03
5.901028694519767220e-03
5.931958273278840725e-03
5.962892120133666922e-03
5.993854649202997632e-03
6.025192500714532731e-03
6.057010291388935375e-03
6.088954682423254779e-03
6.120984999657881100e-03
6.153266442019428989e-03
6.186191792370160543e-03
6.219253190026645568e-03
6.251686546709602291e-03
6.284139743683102297e-03
6.316876627329296064e-03
6.350008325368607792e-03
6.382920796817567050e-03
6.415957700544787888e-03
6.448729060877280046e-03
6.482165632682218917e-03
6.516178027146981785e-03
6.550848939081418271e-03
6.585872542813273924e-03
6.620644948674251316e-03
6.655641995146484649e-03
6.690080894597140448e-03
6.724479617456846289e-03
6.759621173227502167e-03
6.795267682001736136e-03
6.831190531763962730e-03
6.867537660339182587e-03
6.904063261846392005e-03
6.940871105227404414e-03
6.977061957545760244e-03
7.013073685665877251e-03
7.048902963110557571e-03
7.084974664154035547e-03
7.121490517867189521e-03
7.158383354559229132e-03
7.195470385918840972e-03
7.232952510073083555e-03
7.270793093893035929e-03
7.308611136127589683e-03
7.345985343375715203e-03
7.383586040906064268e-03
7.420921976831374063e-03
7.458084207775345781e-03
7.495416638273324356e-03
7.532223206037103394e-03
7.568942526674251464e-03
7.605854754722705773e-03
7.642589033179974373e-03
7.678789547766276882e-03
7.714580602314832086e-03
7.750022227944164920e-03
7.785305321318711398e-03
7.820475865867686921e-03
7.856097399251587773e-03
7.891104470152749545e-03
7.925789464277913782e-03
7.959466470654047096e-03
7.992755076991282098e-03
8.025524816276670415e-03
8.057995009355944926e-03
8.090109145606304633e-03
8.121795880976990373e-03
8.153001019142206915e-03
8.183860511593525622e-03
8.214630680078259875e-03
8.244896235169772367e-03
8.274331346919601773e-03
8.303192435071564750e-03
8.332089702118404204e-03
8.360451903281379896e-03
8.388198302537543116e-03
8.415448064255684826e-03
8.441450864040482907e-03
8.467144332829617398e-03
8.492231432108983402e-03
8.516480745895244758e-03
8.540096421164463172e-03
8.563329187420361949e-03
8.586424514362945085e-03
8.608809585736180298e-03
8.629961446693557373e-03
8.650061820367033541e-03
8.669641191849625228e-03
8.688483754140443119e-03
8.706952933342929427e-03
8.724419370363068957e-03
8.741190767978947174e-03
8.757473166380048621e-03
8.773070913629516659e-03
8.787902674917724352e-03
8.801452071659648241e-03
8.813034332780045679e-03
8.824124983593317068e-03
8.834259276264815400e-03
8.843404747453114181e-03
8.852119733002311933e-03
8.860601753745422915e-03
8.868648370526635225e-03
8.876121760983740269e-03
8.883141766004324855e-03
8.888988322471019082e-03
8.894155854011497747e-03
8.898569426868598031e-03
8.902648324527841217e-03
8.906038442919856843e-03
8.908806649536254660e-03
8.911282112857408719e-03
8.913581837587968015e-03
8.915331705717802202e-03
8.916122548912427948e-03
8.916674300389292734e-03
8.916883704259314508e-03
8.916594113271452890e-03
8.915547252295328087e-03
8.914204788355119258e-03
8.912334698159369781e-03
8.909842631757645612e-03
8.906782431940110656e-03
8.903276677053342109e-03
8.899455809689107988e-03
8.895358382065812058e-03
8.891055233287240359e-03
8.886621437818143648e-03
8.881714205144910362e-03
8.876665999256965964e-03
8.871199238362265441e-03
8.865190367682499253e-03
8.859175614095073786e-03
8.853009432739386217e-03
8.846438338986335401e-03
8.839599791062666828e-03
8.832374876501515940e-03
8.825101619008969209e-03
8.817555983827007199e-03
8.810104393694385277e-03
8.802752917119774714e-03
8.795526169410927686e-03
8.788565641927361879e-03
8.781689342176645166e-03
8.774737665969834302e-03
8.767684386824467838e-03
8.760189131196836204e-03
8.752422505487500101e-03
8.744585397951127811e-03
8.736665141370857091e-03
8.728596434120695913e-03
8.720240803715308478e-03
8.711587025554407351e-03
8.702664906993659577e-03
8.693522952456046726e-03
8.684463902126958110e-03
8.675260666833571610e-03
8.666311783069407387e-03
8.657386920190950769e-03
8.648675685735815119e-03
8.639943030056126613e-03
8.631117150294602067e-03
8.622108469335691694e-03
8.613043258840548735e-03
8.604175377550052350e-03
8.595606408865809692e-03
8.587201905121664286e-03
8.578262407614093213e-03
8.569285982364576240e-03
8.560159858990239526e-03
8.551007370919924341e-03
8.541836993655890775e-03
8.532403067324648496e-03
8.523078007935591324e-03
8.513863120515295646e-03
8.504907982641453368e-03
8.495880498616893359e-03
8.486955574841354225e-03
8.478341638753123660e-03
8.469817357304716340e-03
8.461786964711984563e-03
8.454067960937521400e-03
8.446305591580985025e-03
8.438609302210775195e-03
8.431125378844486415e-03
8.423941658354394332e-03
8.416703780612402180e-03
8.409670646970436592e-03
8.403014261344378746e-03
8.396812653058484052e-03
8.390716729894128964e-03
8.384606525220607634e-03
8.378582811240490452e-03
8.372521944635686469e-03
8.366700715743994807e-03
8.361282612242422821e-03
8.356082847023577065e-03
8.351050898994171259e-03
8.346087701693484864e-03
8.341310743469557837e-03
8.336858300606880476e-03
8.332706033185536404e-03
8.328995127456108663e-03
8.325231960390122241e-03
8.321662353144807303e-03
8.318057308161612776e-03
8.314718925063434296e-03
8.311756626971962200e-03
8.309114212530126567e-03
8.306819942764925163e-03
8.304972990551098486e-03
8.303414423230336475e-03
8.302238922465520615e-03
8.301571945393337176e-03
8.301282016249999715e-03
8.301192195961794307e-03
8.301119867061787852e-03
8.301266251179802505e-03
8.301578970588949918e-03
8.302220810675296769e-03
8.303097583395669182e-03
8.304217993291866315e-03
8.305485771220047497e-03
8.306663590230828342e-03
8.308094930866209010e-03
8.309625246512766100e-03
8.311269116306370386e-03
8.313105231956956567e-03
8.315144222187894826e-03
8.317399562089634879e-03
8.319856143989508290e-03
8.322506589364113416e-03
8.325319592124442655e-03
8.328310014484275117e-03
8.331289687573614766e-03
8.334454246494286608e-03
8.337805110584796744e-03
8.341390838098651853e-03
8.345137308348285141e-03
8.349114106331672128e-03
8.353386536584564079e-03
8.357728494471630340e-03
8.362156979008401186e-03
8.366878740573215067e-03
8.371844331981419599e-03
8.376896871954277873e-03
8.382126495657400700e-03
8.387543158205119920e-03
8.393155047241470518e-03
8.398998758380276514e-03
8.404985102543035061e-03
8.411097959669041474e-03
8.417290318456980419e-03
8.423638404596672791e-03
8.429893307806824235e-03
8.436256237870386199e-03
8.442826308635572458e-03
8.449562608901393587e-03
8.456515521547620581e-03
8.463614942184428946e-03
8.470759165200363386e-03
8.477928265817970960e-03
8.485216959162350525e-03
8.492598436383712660e-03
8.500057563413718556e-03
8.507689446116436030e-03
8.515431475223609117e-03
8.523321859602169329e-03
8.531322723760345964e-03
8.539303361357570427e-03
8.547316380822993914e-03
8.555387779183857427e-03
8.563500272891837531e-03
8.571562303493854632e-03
8.579376769785609924e-03
8.587154869087402359e-03
8.594958380139346849e-03
8.602799958311429726e-03
8.610685407324319973e-03
8.618597170943778640e-03
8.626384653384566031e-03
8.634206772756196011e-03
8.642128782881491195e-03
8.650042947882866096e-03
8.657855021937659046e-03
8.665754393728094737e-03
8.673736980863345006e-03
8.681769028069321811e-03
8.689777708669516390e-03
8.697634195195830947e-03
8.705438045858130899e-03
8.713102657937317821e-03
8.720781407284800002e-03
8.728528107385322143e-03
8.736116800962021034e-03
8.743734270385088853e-03
8.751237353054571941e-03
8.758717634858411566e-03
8.766238100007997525e-03
8.773703799350530963e-03
8.781252489570815986e-03
8.788956925848445331e-03
8.796729056820388332e-03
8.804510602107306488e-03
8.812197916951714990e-03
8.819852995831517495e-03
8.827616331435630612e-03
8.835443709571778187e-03
8.843264114264438175e-03
8.851033793972895580e-03
8.858821775229383522e-03
8.866674031798563518e-03
8.874464894547077348e-03
8.882208895638982193e-03
8.889878588571752463e-03
8.897503174847819565e-03
8.905092375969493254e-03
8.912431895723936168e-03
8.919766249410446268e-03
8.927023685716031776e-03
8.934158365764107573e-03
8.941064339021613169e-03
8.947866972422727910e-03
8.954502884781903593e-03
8.960932051543057594e-03
8.967033870293305425e-03
8.973071471718186212e-03
8.978945149418004340e-03
8.984585835292551934e-03
8.990145551739969418e-03
8.995579372300726781e-03
9.000923626345767870e-03
9.006017153796846628e-03
9.010905081263294314e-03
9.015651334471134343e-03
9.020142231867478433e-03
9.024440116062017528e-03
9.028622099597323480e-03
9.032578297115824439e-03
9.036132704615401287e-03
9.039559140531488318e-03
9.042799502395676078e-03
9.045788173081043340e-03
9.048593211833043035e-03
9.051157714172312213e-03
9.053533895918473851e-03
9.055719579533159577e-03
9.057696264565580010e-03
9.059425348084397533e-03
9.061027865848638591e-03
9.062617116362301981e-03
9.064037553510002204e-03
9.065216855250451261e-03
9.066186503920867223e-03
9.067020073797789348e-03
9.067742979333286504e-03
9.068203652675023776e-03
9.068598252889151223e-03
9.068902991870620572e-03
9.069148460531424594e-03
9.069272014478374846e-03
9.069284168954262412e-03
9.069191459691795798e-03
9.069015433450814886e-03
9.068781193339254046e-03
9.068385694841186312e-03
9.067856069997411519e-03
9.067174575309960155e-03
9.066348962790491545e-03
9.065364750364356822e-03
9.064125064073674451e-03
9.062611463949061391e-03
9.061012143593456802e-03
9.059310004228189953e-03
9.057583061044403167e-03
9.055780618571158957e-03
9.053952140412456495e-03
9.051987260892773585e-03
9.049865689436477345e-03
9.047623755414511623e-03
9.045292482877172191e-03
9.042861325613523252e-03
9.040279029894720403e-03
9.037571680248589548e-03
9.034728108711210723e-03
9.031541480936934943e-03
9.028214856691443163e-03
9.024749401436830271e-03
9.021077785653445688e-03
9.016905431755225728e-03
9.012152323780470153e-03
9.007253701809336127e-03
9.002219336498265556e-03
8.997018854959289852e-03
8.991620279780608918e-03
8.986006462821577445e-03
8.980274356187870760e-03
8.974435317185534139e-03
8.968531846782758568e-03
8.962560221216426745e-03
8.956389942921123490e-03
8.950013379808803918e-03
8.943475339038909136e-03
8.936706019563910378e-03
8.929809687062924273e-03
8.922745009043536041e-03
8.915610648861028303e-03
8.908361229459021285e-03
8.901077135403234059e-03
8.893683642750860666e-03
8.886135553187813133e-03
8.878411579961938832e-03
8.870502624155269730e-03
8.862408664983820183e-03
8.854165962815694138e-03
8.845801761301702593e-03
8.837318026087462308e-03
8.828631699059022453e-03
8.819663229712081109e-03
8.810475158519891561e-03
8.800939304915969888e-03
8.790955795605199380e-03
8.780778497122452078e-03
8.770451933861023522e-03
8.759887732098237123e-03
8.749115969693362083e-03
8.738091853516143093e-03
8.726881843016558171e-03
8.715489261658129067e-03
8.703829955335282836e-03
8.691893406778786885e-03
8.679722624917484905e-03
8.667253522481814521e-03
8.654551580099860419e-03
8.641595237658073955e-03
8.628368098512841089e-03
8.614861953768497907e-03
8.601086653840038510e-03
8.587037172691647929e-03
8.572675924092698282e-03
8.558048086248768935e-03
8.542836583998493494e-03
8.527367585757568424e-03
8.511305703697165034e-03
8.494933123730197613e-03
8.478305606593201232e-03
8.461428443525672791e-03
8.444344076469278287e-03
8.426939924850907274e-03
8.409271236925922738e-03
8.391303241550882724e-03
8.373106901286455142e-03
8.354666604448272860e-03
8.335978127210475624e-03
8.317045477089574784e-03
8.297878375276119059e-03
8.278471848733462771e-03
8.258806775985269577e-03
8.238846786092619140e-03
8.218659324238056230e-03
8.198197396215092803e-03
8.177486388703195802e-03
8.156499755562176407e-03
8.134771571856257502e-03
8.112784718513893836e-03
8.090494983161404877e-03
8.067890004158506309e-03
8.044983327261211528e-03
8.021815537309942915e-03
7.998443022899516530e-03
7.974828777490696602e-03
7.950890525174900483e-03
7.926681066944923221e-03
7.902211072078883791e-03
7.877518936733426957e-03
7.852563395652333716e-03
7.827339154218713319e-03
7.801846388654796148e-03
7.776083352508095237e-03
7.750078584609580885e-03
7.723861485260525607e-03
7.697354647019558592e-03
