5.517189104589969965e-03
5.477868400800212784e-03
5.439413971427933467e-03
5.401697773496504269e-03
5.364685782163475594e-03
5.328488149964701395e-03
5.293117738447337094e-03
5.258470632246265222e-03
5.224638069013817429e-03
5.191560581293143406e-03
5.159438289578629870e-03
5.128436646257803454e-03
5.098455743222257176e-03
5.069472746040185572e-03
5.041432377202700703e-03
5.014138550803074607e-03
4.987769938780173794e-03
4.962541525400978801e-03
4.938268575413943921e-03
4.914976098087331380e-03
4.892593323424038187e-03
4.871114435336917729e-03
4.850407840944271839e-03
4.830631195520708292e-03
4.811863286694353578e-03
4.793799170553289003e-03
4.776387814925919274e-03
4.759854408809256407e-03
4.744104533665601149e-03
4.728976297820168019e-03
4.714462215815933693e-03
4.700628773654492130e-03
4.687503452859420085e-03
4.675002678730666439e-03
4.663269671232144788e-03
4.652193314074502296e-03
4.641793341238208657e-03
4.631935618687330752e-03
4.622600074078083224e-03
4.613925924690145258e-03
4.605759453191024706e-03
4.598183711355648476e-03
4.591309756446846149e-03
4.584965151825927572e-03
4.578964188095850131e-03
4.573330356982028590e-03
4.568366578451677970e-03
4.563751511793364204e-03
4.559340933488334642e-03
4.555215703120432148e-03
4.551516320757046166e-03
4.548409645134217534e-03
4.545903649613078183e-03
4.543744267092996759e-03
4.542213776235742156e-03
4.541206707657450756e-03
4.540730664244677257e-03
4.540375018938323272e-03
4.540527342392693122e-03
4.541330811237086727e-03
4.542881379218444322e-03
4.545104175035405772e-03
4.547824848883229992e-03
4.551131985026481315e-03
4.555292115762305839e-03
4.560336498960893339e-03
4.566157895170081665e-03
4.572586629527440605e-03
4.579741661887454587e-03
4.587901268747257219e-03
4.596630360190522360e-03
4.606307121654147282e-03
4.616757182237643357e-03
4.628017787781924658e-03
4.640102119491873976e-03
4.652963547036614335e-03
4.666375644979714986e-03
4.680375648666175968e-03
4.695180096797404480e-03
4.710790777212006848e-03
4.726958033275423937e-03
4.743581128845187310e-03
4.760520239229583048e-03
4.777827562166225145e-03
4.795423422758559109e-03
4.813148944776630793e-03
4.831197097568241429e-03
4.849695991657980779e-03
4.868674506916105364e-03
4.888135251940888340e-03
4.908035240457984082e-03
4.928261311449346101e-03
4.948630881637496384e-03
4.969336068746347569e-03
4.990201829721253174e-03
5.011014362592362652e-03
5.032007497923019455e-03
5.053481973777428776e-03
5.075340171715171829e-03
5.097816285395854324e-03
5.120686170737435636e-03
5.144108478151844174e-03
5.167816538998976951e-03
5.191404168277470241e-03
5.215250072686626950e-03
5.239239385050867628e-03
5.263363956592203956e-03
5.287648796059299036e-03
5.311933466344735850e-03
5.336148590394255813e-03
5.360483168541482074e-03
5.385089178187393681e-03
5.409867042936025022e-03
5.434426974377686188e-03
5.458885457305707317e-03
5.483622139518348759e-03
5.508743441266904933e-03
5.534011306395528879e-03
5.559481293620458474e-03
5.585119590719436408e-03
5.611072031138890880e-03
5.637248314272565522e-03
5.663495877754156846e-03
5.689908189877456238e-03
5.716286248222684704e-03
5.742522126322973687e-03
5.768850479242450258e-03
5.795479798642155962e-03
5.821922815989416002e-03
5.848322829188100543e-03
5.874797271820570571e-03
5.901155520635534626e-03
5.927034128225565010e-03
5.952937292408609637e-03
5.978729063147826712e-03
6.004620134479493089e-03
6.030713804380377456e-03
6.057056251025711401e-03
6.083338020690041460e-03
6.109617030032989463e-03
6.136028359905038899e-03
6.162449691135801766e-03
6.189008664739589945e-03
6.215464941439528303e-03
6.241811328417135388e-03
6.268056608465938373e-03
6.294285218094031707e-03
6.320597710856552288e-03
6.346948635082554947e-03
6.373488123178444077e-03
6.400279733929013087e-03
6.427208366962339214e-03
6.454033225753822399e-03
6.481031944263622099e-03
6.507903589889409667e-03
6.534848591559946213e-03
6.561966371246169029e-03
6.588968949550291429e-03
6.616033592686182581e-03
6.643442059092407453e-03
6.671124392361053868e-03
6.698956591273624514e-03
6.726894990127223022e-03
6.754763294775071973e-03
6.782627360112987447e-03
6.810429462980271964e-03
6.838327328485729883e-03
6.866179641102222557e-03
6.894359788283129821e-03
6.922378139811275269e-03
6.950418076133980071e-03
6.978290358421361007e-03
7.006053041754396749e-03
7.034132371839204624e-03
7.062469041983078510e-03
7.091096830114695590e-03
7.119936445945189082e-03
7.148761207459801946e-03
7.177518110086524884e-03
7.206243172891407985e-03
7.234994358051004444e-03
7.263583564658749117e-03
7.292257034540053882e-03
7.321059380939807897e-03
7.349977913155231711e-03
7.379044555806834119e-03
7.408119162051095101e-03
7.437084626588735814e-03
7.466150667336060066e-03
7.495409973187327352e-03
7.524659893613351233e-03
7.553763871996613602e-03
7.582898167774631236e-03
7.611730271232835382e-03
7.640185592796819303e-03
7.668530312786899471e-03
7.696767402274091834e-03
7.724690905243834955e-03
7.752425380341169438e-03
7.779845261313339533e-03
7.807163533735166083e-03
7.834557924185843111e-03
7.862006598462962723e-03
7.889496234446204820e-03
7.917011514544606415e-03
7.944679345993800948e-03
7.972339902216005192e-03
7.999907343264363660e-03
8.027335447629036294e-03
8.054604473015954461e-03
8.081856326464546478e-03
8.108960936169237743e-03
8.135968999055906078e-03
8.162806330630059670e-03
8.189490412927118504e-03
8.216016431959896268e-03
8.242389639010678712e-03
8.268566998339227023e-03
8.294423149869943265e-03
8.320133875839987730e-03
8.345793027384203200e-03
8.371423370243318007e-03
8.397066866664613244e-03
8.422678526381668571e-03
8.447750831230607313e-03
8.472680372324155676e-03
8.497540593831171343e-03
8.522295609079603637e-03
8.546733429086834574e-03
8.570694155778159698e-03
8.594327889033047396e-03
8.618080583805138098e-03
8.641696156219569325e-03
8.665196121236704713e-03
8.688494853192601369e-03
8.711367056572310447e-03
8.733943318832133526e-03
8.756262230433055349e-03
8.778374150976837181e-03
8.800471746572901405e-03
8.822586535930480867e-03
8.844745966799173048e-03
8.866518839193752999e-03
8.888126296611988109e-03
8.909593088210531267e-03
8.930931565705329395e-03
8.952091553640750127e-03
8.972830622390374697e-03
8.993293559030779427e-03
9.013501548264758398e-03
9.033670571263257773e-03
9.053495588715855524e-03
9.073140521022352370e-03
9.092658596806149629e-03
9.112238433040218202e-03
9.131503864491248568e-03
9.150664392090713389e-03
9.169829634953425776e-03
9.188761817611293056e-03
9.207529189691169777e-03
9.226197962949937020e-03
9.244857940217343639e-03
9.263409264201837717e-03
9.281767390422508354e-03
9.300127693558032232e-03
9.318288311623706965e-03
9.336298202964854812e-03
9.354001618614200472e-03
9.371595641486358749e-03
9.389015842051377098e-03
9.406159524132847241e-03
9.423066246309891661e-03
9.439400670998602735e-03
9.455459691225494637e-03
9.471405934626350720e-03
9.487231243070388953e-03
9.503113017867399065e-03
9.518986874380843885e-03
9.534569255837640686e-03
9.549697355859714312e-03
9.564709552728348566e-03
9.579458096817388205e-03
9.594225240496858167e-03
9.609002367972572720e-03
9.623829522921926657e-03
9.638365818852022079e-03
9.652838187393304389e-03
9.667151452016051888e-03
9.681320026831283926e-03
9.695349031350809776e-03
9.709244288832252073e-03
9.723188423601461863e-03
9.736857766620806570e-03
9.750259392343954903e-03
9.763478815656197879e-03
9.776565940989965717e-03
9.789625236980124476e-03
9.802358894441991558e-03
9.814992260434803745e-03
9.827610775021495410e-03
9.840306854618247751e-03
9.852851445965170318e-03
9.865355927125937785e-03
9.877745939228405395e-03
9.890106716574028484e-03
9.902576431943192758e-03
9.915063492796982042e-03
9.927455195884674760e-03
9.939401846459462037e-03
9.951277190498509020e-03
9.963170128182992358e-03
9.975031216900680231e-03
9.986864252015533253e-03
9.998763903343664550e-03
1.001078844544495833e-02
1.002275630088301193e-02
1.003472518783036713e-02
1.004669888938843070e-02
1.005863853700646356e-02
1.007031034636549430e-02
1.008196604688715858e-02
1.009370049128665778e-02
1.010554713596437983e-02
1.011744685837374751e-02
1.012924673907955077e-02
1.014110029547232207e-02
1.015292389943715963e-02
1.016481045456691518e-02
1.017672322952828563e-02
1.018858600195680225e-02
1.020065268338495035e-02
1.021288410618041188e-02
1.022503396117765452e-02
1.023708741297422835e-02
1.024916151885839864e-02
1.026129889639657358e-02
1.027326375769338496e-02
1.028511233382706745e-02
1.029661760317250596e-02
1.030810114057275489e-02
1.031978735178025811e-02
1.033163225164222647e-02
1.034353649332184211e-02
1.035545697540146345e-02
1.036734568042688848e-02
1.037935206626020360e-02
1.039141734102807732e-02
1.040329340107549495e-02
1.041500049935909465e-02
1.042656000348076567e-02
1.043804334239393367e-02
1.044974197868485562e-02
1.046159960832350119e-02
1.047338406273808781e-02
1.048528616553754712e-02
1.049709549214999753e-02
1.050892353869216714e-02
1.052092960653047519e-02
1.053306208715335153e-02
1.054520230025094395e-02
1.055704050122589603e-02
1.056869931061641364e-02
1.058020026250412575e-02
1.059182864787803179e-02
1.060350291141030910e-02
1.061519590796621698e-02
1.062681036702928759e-02
1.063849731128803031e-02
1.065008801321416614e-02
1.066156996167856932e-02
1.067309864065267046e-02
1.068467894019305316e-02
1.069644980125628378e-02
1.070810452596973432e-02
1.071961813509800590e-02
1.073086610927779030e-02
1.074214078132090452e-02
1.075343864631961126e-02
1.076457332303447194e-02
1.077537156341992416e-02
1.078592362859264603e-02
1.079637875059670342e-02
1.080679037275408122e-02
1.081706255160591601e-02
1.082713333590492981e-02
1.083726208695297288e-02
1.084740242237214151e-02
1.085762283662466098e-02
1.086756592192203788e-02
1.087734449728180314e-02
1.088671662430708287e-02
1.089595254035255652e-02
1.090502191835891928e-02
1.091379861562951671e-02
1.092228743898106431e-02
1.093050301566437545e-02
1.093875217490688188e-02
1.094678380166161716e-02
1.095460864706964722e-02
1.096233249643144281e-02
1.097001397067204689e-02
1.097768666170344416e-02
1.098504039012726009e-02
1.099223666332234915e-02
1.099930777482499913e-02
1.100607409330747744e-02
1.101268899285472169e-02
1.101932999823341218e-02
1.102564955690233175e-02
1.103170536344419417e-02
1.103766851777553647e-02
1.104340170518289428e-02
1.104881430696108384e-02
1.105411661165078829e-02
1.105933673292056399e-02
1.106437651735015307e-02
1.106911978826883962e-02
1.107377120435468557e-02
1.107839751670904732e-02
1.108286551805399284e-02
1.108716922104232248e-02
1.109122246367929415e-02
1.109516358262703506e-02
1.109876180776436620e-02
1.110216585974533980e-02
1.110546725150620036e-02
1.110866979244010122e-02
1.111169467985052492e-02
1.111444435858429183e-02
1.111699056550960289e-02
1.111944289334561124e-02
1.112170325923369195e-02
1.112379265967763757e-02
1.112536670712185698e-02
1.112649531941996110e-02
1.112734635720010780e-02
1.112801891560503444e-02
1.112854040143988060e-02
1.112891099552533632e-02
1.112892900007020520e-02
1.112848926285426969e-02
1.112796174716896430e-02
1.112710980351871992e-02
1.112573611870234375e-02
1.112414019912493987e-02
1.112196892535815759e-02
1.111901635998910516e-02
1.111576243256858290e-02
1.111232022014732590e-02
1.110873990363676032e-02
1.110499465485795603e-02
1.110108215249931002e-02
1.109684211060495314e-02
1.109243228166659385e-02
1.108780620463893120e-02
1.108284824692408466e-02
1.107745433992698807e-02
1.107172196787545998e-02
1.106581569412196271e-02
1.105963755360112044e-02
1.105324937171317003e-02
1.104672699775000218e-02
1.104007844128884752e-02
1.103325411116392457e-02
1.102623196424179323e-02
1.101901752189265483e-02
1.101164919386072617e-02
1.100399382846524443e-02
1.099620682991908800e-02
1.098817477963864690e-02
1.097962396149736869e-02
1.097073505584279275e-02
1.096169241986573277e-02
1.095260110134686597e-02
1.094340233766632163e-02
1.093390979310159342e-02
1.092381536052178075e-02
1.091354511260630641e-02
1.090310309781613793e-02
1.089250958428022650e-02
1.088155530473107653e-02
1.087015325225289437e-02
1.085828956486128809e-02
1.084628393218771934e-02
1.083415790405768860e-02
1.082188822230584213e-02
1.080944247232916607e-02
1.079689447651312716e-02
1.078425526736202442e-02
1.077142481970163983e-02
1.075824290930455125e-02
1.074468287623820545e-02
1.073081566867044138e-02
1.071666786693113368e-02
1.070194268892830231e-02
1.068705983543843593e-02
1.067210075953214238e-02
1.065702037045241843e-02
1.064185064072686177e-02
1.062667555954020099e-02
