5.441321095580417544e-03
5.418926828328663597e-03
5.397528430722176203e-03
5.376980107349365462e-03
5.357522799079395513e-03
5.338971820126785575e-03
5.321281955654172738e-03
5.304403764192492342e-03
5.288506376271380482e-03
5.273432312137153570e-03
5.258944220315289221e-03
5.245022641589650557e-03
5.231828793714073632e-03
5.219417884674950985e-03
5.207727472307280628e-03
5.197194539948235027e-03
5.187273952079770115e-03
5.177911602578588041e-03
5.169134126436429610e-03
5.161166956654105777e-03
5.153941248767103696e-03
5.147284416284347505e-03
5.140946547551987662e-03
5.135147228099873687e-03
5.129599574574073527e-03
5.125022128808093443e-03
5.120543195817423010e-03
5.116431841570948623e-03
5.112918558515560340e-03
5.109734981518427623e-03
5.106917530153005577e-03
5.104365512754656040e-03
5.101922365000426639e-03
5.099733386188125273e-03
5.097830479322882843e-03
5.096128812585244000e-03
5.094668407309776298e-03
5.093520113927546035e-03
5.092625403898396429e-03
5.091746633317099577e-03
5.090791784092681301e-03
5.089729064933942206e-03
5.088671892501866155e-03
5.087602794321684045e-03
5.086530720498010777e-03
5.085923026632473143e-03
5.085519061361361455e-03
5.084940336425440056e-03
5.084368208742830880e-03
5.083767272790828441e-03
5.083370378959703277e-03
5.083017294656628528e-03
5.082836114090640879e-03
5.082820862592774165e-03
5.083398920986216367e-03
5.084338326253043557e-03
5.085764690058906280e-03
5.087935465215756570e-03
5.090579955666567173e-03
5.093524205255484799e-03
5.097143094141515923e-03
5.101291330924766741e-03
5.106251031839876241e-03
5.112306376140082244e-03
5.119148459940617291e-03
5.127088745115511090e-03
5.135826268198500320e-03
5.145124826030370024e-03
5.155125179205659845e-03
5.165739016561484744e-03
5.177054622137625649e-03
5.189092702293388558e-03
5.201449531500957311e-03
5.214448037536744546e-03
5.228134181902866634e-03
5.241869848691682598e-03
5.255845419540446962e-03
5.270253883541563614e-03
5.285028422565382633e-03
5.299850155166096165e-03
5.315057668919418755e-03
5.330524014086584876e-03
5.346314742013208270e-03
5.362079294897735202e-03
5.377713795721603303e-03
5.393315026889240922e-03
5.408969792620520016e-03
5.424719207279912574e-03
5.440420936093664887e-03
5.456060706281883228e-03
5.471787474188897007e-03
5.487831559234896545e-03
5.503944384201952568e-03
5.520104418957413536e-03
5.536441862296891461e-03
5.552961630776547669e-03
5.569556719179863044e-03
5.586349723519819579e-03
5.603286463370365372e-03
5.620498576714326282e-03
5.637974700737895251e-03
5.655515584964593973e-03
5.673019502375446430e-03
5.690498666265027088e-03
5.707677927918746591e-03
5.724773551065650418e-03
5.741978153180449240e-03
5.759064486820220791e-03
5.775969058358034272e-03
5.792998735575322598e-03
5.810141835169191186e-03
5.827546211620873891e-03
5.845306461898513127e-03
5.863463740791436188e-03
5.881851403119233747e-03
5.900453390757483610e-03
5.919273405542198850e-03
5.938010590732892800e-03
5.956787929340396151e-03
5.975712049663617180e-03
5.994904071844585521e-03
6.014282409275653433e-03
6.033542410164136408e-03
6.052700940196289146e-03
6.072036873928220863e-03
6.091732471238391067e-03
6.111645351940033291e-03
6.131384704428126213e-03
6.151134413785029620e-03
6.170999170514577213e-03
6.191171839836607897e-03
6.211759714202350763e-03
6.232678223982350205e-03
6.253506840002737328e-03
6.274236842757235401e-03
6.295122841288709054e-03
6.316168338218650612e-03
6.337367115601521411e-03
6.358635586890473354e-03
6.379912639472185010e-03
6.401514419723626156e-03
6.423228646751274508e-03
6.444725708440499946e-03
6.466201179931349748e-03
6.487933841940231490e-03
6.509581715672108776e-03
6.531502123181189001e-03
6.553429673211493868e-03
6.575624361391925465e-03
6.597660531450659505e-03
6.619502582495507756e-03
6.641666706990962364e-03
6.664227233152718484e-03
6.687169135404852881e-03
6.710132935354456811e-03
6.733257830744128307e-03
6.756543243675095130e-03
6.780114556877385630e-03
6.803686867399315330e-03
6.827262997498548779e-03
6.850839118764586767e-03
6.874497138502006985e-03
6.898280996970139814e-03
6.922243181635336778e-03
6.946219075314769183e-03
6.970382683734098646e-03
6.994660598369078011e-03
7.018994571575140271e-03
7.043650272594096859e-03
7.068442822557224892e-03
7.093264149925524419e-03
7.117914690592144593e-03
7.142466112941980513e-03
7.166851383419349346e-03
7.191259964593577948e-03
7.215780024945476871e-03
7.240206267936603358e-03
7.264529033377406346e-03
7.288965287495710946e-03
7.313427896125844485e-03
7.338038497346806820e-03
7.362640637198618679e-03
7.387040237196169055e-03
7.411328745949175706e-03
7.435832326573466912e-03
7.460374837684742404e-03
7.484834255245355339e-03
7.508934827701158575e-03
7.532963488183733181e-03
7.556875060721771585e-03
7.580405412010138809e-03
7.603782650052757185e-03
7.627140760799519005e-03
7.650529526057284202e-03
7.673841060095900300e-03
7.696824946314543767e-03
7.719637481961925778e-03
7.742546182417550139e-03
7.765390543545791328e-03
7.788467212706149008e-03
7.811293277794113636e-03
7.833954843752299543e-03
7.856578338329622477e-03
7.879030012409728168e-03
7.901453127212611227e-03
7.923886094560848511e-03
7.946347513421332664e-03
7.968686004868153622e-03
7.990988484835112246e-03
8.013202348426331709e-03
8.035360906138573969e-03
8.057356710991666476e-03
8.079157159975775687e-03
8.100980737381175897e-03
8.122755216668985437e-03
8.144254601696253662e-03
8.165519585536023736e-03
8.186716289820060444e-03
8.207685952110892885e-03
8.228503887967543104e-03
8.249263896772635052e-03
8.269860508934561566e-03
8.290359367975922919e-03
8.310921123728096105e-03
8.331523937208373809e-03
8.352056583323332409e-03
8.372576453936856483e-03
8.392857338207401416e-03
8.413077166397067708e-03
8.433018136657815730e-03
8.452955552233182637e-03
8.472885617967050240e-03
8.492667957145127663e-03
8.512110403720915888e-03
8.531526966750033539e-03
8.550784775655274894e-03
8.569990539169578328e-03
8.589112679557218966e-03
8.608063777704053066e-03
8.626767495063195762e-03
8.645368543680890736e-03
8.663868063351010118e-03
8.682327030759601563e-03
8.700607110803464453e-03
8.718809790862201356e-03
8.736911519352534919e-03
8.754912445087817408e-03
8.772527501338545780e-03
8.790002172977068318e-03
8.807402941536359928e-03
8.824795564019593044e-03
8.841806926906696160e-03
8.858710592574413692e-03
8.875513865347314443e-03
8.892222979590287332e-03
8.908897337186645615e-03
8.925478534923675378e-03
8.942001287464336826e-03
8.958412263096708281e-03
8.974916085165875537e-03
8.991367249547835630e-03
9.007559756789684791e-03
9.023701473369923412e-03
9.039865112068817127e-03
9.056060804664593095e-03
9.072070320535544075e-03
9.088025104685175035e-03
9.103915621212179538e-03
9.119734688001838660e-03
9.135635120569279843e-03
9.151556269368421592e-03
9.167484940100478416e-03
9.183490754135416323e-03
9.199520970857917590e-03
9.215545977658274115e-03
9.231430967307323321e-03
9.247253049853567872e-03
9.263027903905818317e-03
9.278712960324399586e-03
9.294344378467241444e-03
9.309909827194561005e-03
9.325236723548560244e-03
9.340477774759790852e-03
9.355662397237122369e-03
9.370827177241585967e-03
9.385805795070020774e-03
9.400681109621866413e-03
9.415506267423719156e-03
9.430069687898516920e-03
9.444440964773521616e-03
9.458791379097553076e-03
9.473168768958959568e-03
9.487551197690295007e-03
9.501816317439388745e-03
9.515955862414408536e-03
9.529964351046494100e-03
9.543981524059916982e-03
9.558127291345114296e-03
9.572291717247249573e-03
9.586465051166427609e-03
9.600621774938476391e-03
9.614732015322481964e-03
9.628841635512301600e-03
9.642831322117935769e-03
9.656870695755444267e-03
9.670838684709489805e-03
9.684607854870474347e-03
9.698199605431931380e-03
9.711724646875748851e-03
9.725261589230808912e-03
9.738768652941121387e-03
9.752244599281027770e-03
9.765631790096398340e-03
9.779048773095129835e-03
9.792346265208608930e-03
9.805629578901495919e-03
9.818813153563813595e-03
9.832061449563202216e-03
9.845348215892092691e-03
9.858594192398477396e-03
9.871877515236320011e-03
9.885106022385530336e-03
9.898115522423265103e-03
9.911064425914085929e-03
9.924000513998216047e-03
9.936943067149496198e-03
9.949838931982618595e-03
9.962618609337461906e-03
9.975403946587781123e-03
9.988165482015616894e-03
1.000074117367810884e-02
1.001328586727028534e-02
1.002580192219040649e-02
1.003811353541749114e-02
1.005032996338566485e-02
1.006249103445017341e-02
1.007459152601063862e-02
1.008656780456389235e-02
1.009847463009748078e-02
1.011033865100881279e-02
1.012206373262643060e-02
1.013382991166957015e-02
1.014559409170879244e-02
1.015736342243579726e-02
1.016910147243025621e-02
1.018077276384118761e-02
1.019241322137530263e-02
1.020398547916419839e-02
1.021551526799223744e-02
1.022701771215928264e-02
1.023835972555818020e-02
1.024957370148832717e-02
1.026078685749016658e-02
1.027200113915277026e-02
1.028320758753832435e-02
1.029427256908944585e-02
1.030535152849567856e-02
1.031640240727992215e-02
1.032717625629478615e-02
1.033769168406780022e-02
1.034811786602201147e-02
1.035854624712994124e-02
1.036895772711491498e-02
1.037933690836763574e-02
1.038984393296666330e-02
1.040022936645850458e-02
1.041035009695611205e-02
1.042049814634256853e-02
1.043053870863575386e-02
1.044052512490038602e-02
1.045042651262511994e-02
1.046038030987625142e-02
1.047002039050246892e-02
1.047964682228409716e-02
1.048920437697035100e-02
1.049872623536591588e-02
1.050821424558295858e-02
1.051766687397104154e-02
1.052702285660941234e-02
1.053630580805682906e-02
1.054552548265430371e-02
1.055475153648106207e-02
1.056393879699515231e-02
1.057289240579233416e-02
1.058160524103145261e-02
1.059025136320397402e-02
1.059875451565192757e-02
1.060694985412741730e-02
1.061501552878713409e-02
1.062276045081865170e-02
1.063000685269848561e-02
1.063718964892569792e-02
1.064418598929913438e-02
1.065117192520842818e-02
1.065794302036437990e-02
1.066455873318274822e-02
1.067103085109420355e-02
1.067745612584679142e-02
1.068382615468220845e-02
1.069016014969497753e-02
1.069640064149694411e-02
1.070249143683678870e-02
1.070855351078430634e-02
1.071430804157471987e-02
1.071970731114720715e-02
1.072485319096945673e-02
1.072982595638734965e-02
1.073466823089068434e-02
1.073930215932501243e-02
1.074364562914387894e-02
1.074792790508403116e-02
1.075204267133381304e-02
1.075612024172820612e-02
1.076011564709657836e-02
1.076408004296344235e-02
1.076798536471047611e-02
1.077188266612457389e-02
1.077552146939606686e-02
1.077885258568526093e-02
1.078209981561858988e-02
1.078536569045142335e-02
1.078851376091567206e-02
1.079152553934269350e-02
1.079422423225058492e-02
1.079658859216892086e-02
1.079876200533338472e-02
1.080085872402517834e-02
1.080287031763544833e-02
1.080483432994353878e-02
1.080674779704890801e-02
1.080846597001374094e-02
1.081003559077887977e-02
1.081122468801280767e-02
1.081226072427271534e-02
1.081313968274125875e-02
1.081381555691898928e-02
1.081439443908577616e-02
1.081488614801299347e-02
1.081514345284295686e-02
1.081516358348580918e-02
1.081515005518834602e-02
1.081473373207002611e-02
1.081417159130125018e-02
1.081357035772254581e-02
1.081285942314022357e-02
1.081205049735675834e-02
1.081095835804803465e-02
1.080972448431103718e-02
1.080839583683808162e-02
1.080701897456700679e-02
1.080547343963754112e-02
1.080366192536917104e-02
1.080175323447608686e-02
1.079977140322415513e-02
1.079752172025584371e-02
1.079488720897683190e-02
1.079193221510557632e-02
1.078875115120429135e-02
1.078485840299029525e-02
1.078087526427938536e-02
1.077678335407673653e-02
1.077255108456638862e-02
1.076818133292768882e-02
1.076363164677501295e-02
1.075897177036365220e-02
1.075422580277907159e-02
1.074938173996949076e-02
1.074432073067687482e-02
1.073885842638789938e-02
1.073325688268443080e-02
1.072748060779021677e-02
1.072155735066676607e-02
1.071540151864479838e-02
1.070881727543346318e-02
1.070201809539480381e-02
1.069507228744193301e-02
1.068798879850991340e-02
1.068085341767670282e-02
1.067363926973962859e-02
1.066623291995563542e-02
1.065856770784161765e-02
1.065079643857266833e-02
1.064296708876241032e-02
1.063490868532876096e-02
1.062628489778508559e-02
1.061762387058376618e-02
1.060866489437377325e-02
1.059953136493592581e-02
1.059012186098370542e-02
1.058042634421486883e-02
1.057067136617247625e-02
1.056074827206687945e-02
1.055030118147320256e-02
1.053954108319642667e-02
1.052875469172058660e-02
1.051788193030629356e-02
1.050700604274646018e-02
1.049603440449933811e-02
1.048491668051429980e-02
1.047334071267971498e-02
