6.270558913575361923e-03
6.267345905312895517e-03
6.265524017451186943e-03
6.264692261824670108e-03
6.264393830871436801e-03
6.264784197695076259e-03
6.265926826584351968e-03
6.267241347943409112e-03
6.269125706886879285e-03
6.271422154233820614e-03
6.274143323112133658e-03
6.277170317816454896e-03
6.280330884854980721e-03
6.283680479430533289e-03
6.287195137186642885e-03
6.290830426513890038e-03
6.294602063763400646e-03
6.298560532817163576e-03
6.302621706557849125e-03
6.306819199677327591e-03
6.311085127877820444e-03
6.315440955319355162e-03
6.319992296536932133e-03
6.324603297304585287e-03
6.329300724524564853e-03
6.334162952219469893e-03
6.339190548615765419e-03
6.344348165798718159e-03
6.349651076109936489e-03
6.355105324950417051e-03
6.360664307178441786e-03
6.366372348686878332e-03
6.372284508241482515e-03
6.378416067698351732e-03
6.384769111259299725e-03
6.391380987524794902e-03
6.398185739938374271e-03
6.405262702957507416e-03
6.412546523667239651e-03
6.420103947269509281e-03
6.427952761631266533e-03
6.435970021574644907e-03
6.444178673934307724e-03
6.452559377867161244e-03
6.461239670878070676e-03
6.470136033719873711e-03
6.479318900044989463e-03
6.488823758899748932e-03
6.498692742558575750e-03
6.508783555486020653e-03
6.519049762744014501e-03
6.529619818399922879e-03
6.540483002795425063e-03
6.551525112454295759e-03
6.562284243219678598e-03
6.573152188031493662e-03
6.584206817701555338e-03
6.594863393897519924e-03
6.605801746989782217e-03
6.617035921422203572e-03
6.628546483321128696e-03
6.640330575168169880e-03
6.652336053331479003e-03
6.664127389933792445e-03
6.675986302670139025e-03
6.688190698153866423e-03
6.700664832590173293e-03
6.713500868611470794e-03
6.726542343607246240e-03
6.739686889069211422e-03
6.751511462955308608e-03
6.763409324840713964e-03
6.775652374524322209e-03
6.788263255434291016e-03
6.800441105491943257e-03
6.812499447216816169e-03
6.824720091334504461e-03
6.836802699236602977e-03
6.849198116071518634e-03
6.862013993003615239e-03
6.875242053484078436e-03
6.888845191003341827e-03
6.902737491834353561e-03
6.916940846703427750e-03
6.931376947132225456e-03
6.946132877130022955e-03
6.961192000083114666e-03
6.976656063943631123e-03
6.992462399939860379e-03
7.008666254484436330e-03
7.025302173632049473e-03
7.042481298250428436e-03
7.059936134806546297e-03
7.077143101993086868e-03
7.094637905748654889e-03
7.111608823733238036e-03
7.128502703952432039e-03
7.145828444741718181e-03
7.163447209611212806e-03
7.181298439891570240e-03
7.199352632207603984e-03
7.216677587522912600e-03
7.233443718804141200e-03
7.250287125712999263e-03
7.266843572443042014e-03
7.283767522678136902e-03
7.300960776313620594e-03
7.318390399472211524e-03
7.334962865431299099e-03
7.351454193937130566e-03
7.367877961109246983e-03
7.384451124797574394e-03
7.401326557478536163e-03
7.417020162630101957e-03
7.432298366221473662e-03
7.447693160368803328e-03
7.463297325089160265e-03
7.478146958009521290e-03
7.493084562958191031e-03
7.506703210152721600e-03
7.518464282220678994e-03
7.530051289872305258e-03
7.539254413603015126e-03
7.547697417356818289e-03
7.555786516982750112e-03
7.563718793504730330e-03
7.571585311160197035e-03
7.579489529452250289e-03
7.587467941734459161e-03
7.595563748018416793e-03
7.603747023119897600e-03
7.611671460759586276e-03
7.619083103351705251e-03
7.626632628870413586e-03
7.634229429773775784e-03
7.642133176570010088e-03
7.649923773884036160e-03
7.658049484208909186e-03
7.666437012145160650e-03
7.674942387607167418e-03
7.683598270666340720e-03
7.692057463852836757e-03
7.700245704460740269e-03
7.707985464799494563e-03
7.714579580155759425e-03
7.721291212144973382e-03
7.727538026429173028e-03
7.733957975881217486e-03
7.740435191989194011e-03
7.746585703780829030e-03
7.752321880692274701e-03
7.757948513055918684e-03
7.763281651957864779e-03
7.768826463939330039e-03
7.774624824383517992e-03
7.780634916051327489e-03
7.786905854852573493e-03
7.792813948020025326e-03
7.798930297508051106e-03
7.805247120464132993e-03
7.811732543348001191e-03
7.818549151872827840e-03
7.825619692611460176e-03
7.832939458005857766e-03
7.840488848207380693e-03
7.848012788206302007e-03
7.855205448476534208e-03
7.862615917614931837e-03
7.869112890032047350e-03
7.875540407732011666e-03
7.882205560382205684e-03
7.888966293480917380e-03
7.895014982261668382e-03
7.901405444196010069e-03
7.907561130812840178e-03
7.913661578417193268e-03
7.919439518652298532e-03
7.925402239790558731e-03
7.931557342852025086e-03
7.937419348888861623e-03
7.942890941586776624e-03
7.947945578691190116e-03
7.953073813544408663e-03
7.958364515708263309e-03
7.963268223406471183e-03
7.966720066502026160e-03
7.969846452736545350e-03
7.972940246558247318e-03
7.976200016422926517e-03
7.979705044458362470e-03
7.983407635585191772e-03
7.987254105881410465e-03
7.991207727302706079e-03
7.995400664567399104e-03
7.999786552510344817e-03
8.004405146897890580e-03
8.009202986869955534e-03
8.014190615538218515e-03
8.019285841455406350e-03
8.024741335636862219e-03
8.030500178176943130e-03
8.036179120147422458e-03
8.041146141488306198e-03
8.045640673274035218e-03
8.049663534807884047e-03
8.053842790236485916e-03
8.057702653762609940e-03
8.061228689791154894e-03
8.064942856880370770e-03
8.068767921689246753e-03
8.072642432243579136e-03
8.076677847617914213e-03
8.080959438782673795e-03
8.085518174344443268e-03
8.090366987666132784e-03
8.095044947183157452e-03
8.099853939194238614e-03
8.104813149139133976e-03
8.109865207816858296e-03
8.114973586987379861e-03
8.119473735493487609e-03
8.123963985758883913e-03
8.128494133450804224e-03
8.132364320198180035e-03
8.136385090658639768e-03
8.140429576513093582e-03
8.144503564685564787e-03
8.148361273708371738e-03
8.152164419247464808e-03
8.155994091183654121e-03
8.159842103884359932e-03
8.164141782093910227e-03
8.168723054310123369e-03
8.173429487523121983e-03
8.178138950572486771e-03
8.182918162231015910e-03
8.187984494757520257e-03
8.193209035274800350e-03
8.198475234456353844e-03
8.203524473673650882e-03
8.207909153276413475e-03
8.212472470593524393e-03
8.217099509619201284e-03
8.221664823921968901e-03
8.226273582441566423e-03
8.231096807071970264e-03
8.236258596358627185e-03
8.241575737174839517e-03
8.246882400423635739e-03
8.252268240083657919e-03
8.257780187960766030e-03
8.263370661035144074e-03
8.268951371185991744e-03
8.274609328421002677e-03
8.280292676657346335e-03
8.286015054387328715e-03
8.291664727673364946e-03
8.297062362129034238e-03
8.302137343326614766e-03
8.307107343759919174e-03
8.312094231355156293e-03
8.317128991633563478e-03
8.322401914387791283e-03
8.327647318066504212e-03
8.332620684514808335e-03
8.337779382649498916e-03
8.343037148821742452e-03
8.348296572629511358e-03
8.353605785761528818e-03
8.358550693314176216e-03
8.363437407076734775e-03
8.368466417431906501e-03
8.373595964227528721e-03
8.378968974126863034e-03
8.384513980626782589e-03
8.390420347442948540e-03
8.396121634720912427e-03
8.401765665914598044e-03
8.407406244405710161e-03
8.413246436889317351e-03
8.419165111226405845e-03
8.425158355904571739e-03
8.431259192545835154e-03
8.437434975879100352e-03
8.443705255009065214e-03
8.449992854738823042e-03
8.456202570970778806e-03
8.462103814762861678e-03
8.468116475342870458e-03
8.474409424330133986e-03
8.480856309302326965e-03
8.487120799393933768e-03
8.493402916663332636e-03
8.499787365440226658e-03
8.506255302806480303e-03
8.512974568587875976e-03
8.519905043353129606e-03
8.526967192311905863e-03
8.533934018770547580e-03
8.540907864808209779e-03
8.548022315973661037e-03
8.555402870499486875e-03
8.562992902372059192e-03
8.570685889479779523e-03
8.578675825923262957e-03
8.586724946720926052e-03
8.594969543765254225e-03
8.603363717043930464e-03
8.612014121871406497e-03
8.621030396883215541e-03
8.630165911707761775e-03
8.639422761647095120e-03
8.648754031810004100e-03
8.657622605999087950e-03
8.666479549253177164e-03
8.675387874979944083e-03
8.684387275515806359e-03
8.693477241306984613e-03
8.702679926314006026e-03
8.712081153347686971e-03
8.721687180827875779e-03
8.731271768991424875e-03
8.740801560037684062e-03
8.750486676184360268e-03
8.760154653563710994e-03
8.769889335972710920e-03
8.779672358332038171e-03
8.789569083071137323e-03
8.799782735459896893e-03
8.809650502321216339e-03
8.818607846698571506e-03
8.827590000636226925e-03
8.836737977327860025e-03
8.845946605719403819e-03
8.855407108023497301e-03
8.864954219669549454e-03
8.874626518741525472e-03
8.884387501314200755e-03
8.894297277818744366e-03
8.904320576984921937e-03
8.913711162590530826e-03
8.923123301686654643e-03
8.932522384788673178e-03
8.942044822191611356e-03
8.951921099235322921e-03
8.961973174446812712e-03
8.971825620865491943e-03
8.981159106847319898e-03
8.990591712667809349e-03
9.000134265816160661e-03
9.010038743807145811e-03
9.020216101589453167e-03
9.030452301204312804e-03
9.039582071391450910e-03
9.048696728340391640e-03
9.057490080974438598e-03
9.066067353205937290e-03
9.074571733875193280e-03
9.083228642384916576e-03
9.091993857501624865e-03
9.100549696759475948e-03
9.108118509205835600e-03
9.115328980600660366e-03
9.122570141510376318e-03
9.129309578009793189e-03
9.136081596350374354e-03
9.142955576190520128e-03
9.149930177044358903e-03
9.156239302778328495e-03
9.162575415833556017e-03
9.169180915805250076e-03
9.175911379083778394e-03
9.182805927136179075e-03
9.189740816624622152e-03
9.196756904881919770e-03
9.204005224916503303e-03
9.211436208351714283e-03
9.219133491780086287e-03
9.226981592555119974e-03
9.235053237321239061e-03
9.243381739478140346e-03
9.252017553307182590e-03
9.261042093238984821e-03
9.270375259956827735e-03
9.279945227521308598e-03
9.289672353311208969e-03
9.299357683005320119e-03
9.308489599238453649e-03
9.317514828442171465e-03
9.326741212985701496e-03
9.336047772961869953e-03
9.345373251972089595e-03
9.354493454811318998e-03
9.363867762182332549e-03
9.373339686102646548e-03
9.383013173428661133e-03
9.392826426493047429e-03
9.402881457539315549e-03
9.413235294303991599e-03
9.423788516713408822e-03
9.434405259969943017e-03
9.444878873587438800e-03
9.454623905646827170e-03
9.464355608963408162e-03
9.474433371182573380e-03
9.484283117600527876e-03
9.493988973220271813e-03
9.503855904920834735e-03
9.513933151243228470e-03
9.524020956534784768e-03
9.534207198736079081e-03
9.544507210975737566e-03
9.554989651925280963e-03
9.565758806734075970e-03
9.576689255399783995e-03
9.587844539912834807e-03
9.599196744760644592e-03
9.610771912158505570e-03
9.622607816744590398e-03
9.634611700702302994e-03
9.646708095099879726e-03
9.659009979215878172e-03
9.670851397977285949e-03
9.682552425158339610e-03
9.694541726574941801e-03
9.706729447387004925e-03
9.719212542358215273e-03
9.731847494926955389e-03
9.743823249824650964e-03
9.755579469502896964e-03
9.767579617437681036e-03
9.779610958098141835e-03
9.791877323567177438e-03
9.804222676214811166e-03
9.816791906917830823e-03
9.829461967953315865e-03
9.842345261387452221e-03
9.855394521350077652e-03
9.868701822728864759e-03
9.882214618054734404e-03
9.896131256950227439e-03
9.910347206889243490e-03
9.924789550937571439e-03
9.939010450525526466e-03
9.953290621155233206e-03
9.967913241524456805e-03
9.982851844437371641e-03
9.998062851417131511e-03
1.001373208890358156e-02
1.002932656153050078e-02
1.004397991158690641e-02
1.005870368366691171e-02
1.007268931952688684e-02
1.008705841046236840e-02
1.010150772968876169e-02
1.011468821772106182e-02
1.012813210488435270e-02
1.014189235939958085e-02
1.015609690040836233e-02
1.017055036372357252e-02
1.018498727816981655e-02
1.019878276589732125e-02
1.021211504809721969e-02
1.022568794539693501e-02
1.023976533899492725e-02
1.025263839272388955e-02
1.026512648385932182e-02
1.027650041980145319e-02
1.028747504529969187e-02
1.029875930611987012e-02
1.031024438187256621e-02
1.032176150876933617e-02
1.033359539205495718e-02
1.034554155688989681e-02
1.035761220084986493e-02
1.036997559085551038e-02
1.038073802209163107e-02
1.039105136941709251e-02
1.040152485828905841e-02
1.041211862088163402e-02
1.042294833224544255e-02
1.043400133176628115e-02
1.044522048176240760e-02
1.045670499298871799e-02
1.046727483404002665e-02
1.047760411073546394e-02
1.048803826882161762e-02
1.049854233937759333e-02
1.050922175352017249e-02
1.051999893644388513e-02
1.053089230608632992e-02
1.054209665365091891e-02
1.055354532273761886e-02
1.056511734401090717e-02
1.057694670051379307e-02
1.058896705722455617e-02
1.060113982760190962e-02
1.061357407729767756e-02
1.062591375719515972e-02
1.063566098815882030e-02
