8.357856471237481641e-03
8.373645807049964057e-03
8.389958974721138316e-03
8.406201492020539193e-03
8.422521944619319051e-03
8.438827517613390825e-03
8.455003386969679388e-03
8.471104079171431697e-03
8.486436112665796810e-03
8.501230243428383598e-03
8.516045231009536018e-03
8.530661946140043195e-03
8.543797988898722134e-03
8.556844623997786684e-03
8.569605780005205495e-03
8.582148001261870329e-03
8.594252532735163416e-03
8.606283757179727933e-03
8.618196914207400597e-03
8.630341815660446878e-03
8.642541944497480338e-03
8.654253108909038678e-03
8.664544346736777897e-03
8.674481232196338057e-03
8.684078819324737852e-03
8.693471841753312376e-03
8.702853731171784554e-03
8.712193322340593474e-03
8.721283874913266648e-03
8.730533318406594884e-03
8.739545407097128182e-03
8.748544454593793623e-03
8.756133806754553064e-03
8.763229560933356171e-03
8.770365689320576766e-03
8.777407705661613435e-03
8.783648856747660466e-03
8.790040034421468113e-03
8.796379621360679926e-03
8.802583957714620391e-03
8.807674139925730436e-03
8.811407525249274897e-03
8.815186087484199601e-03
8.818437062808501606e-03
8.821023184622259206e-03
8.823499281934411853e-03
8.826197316347398833e-03
8.828536864875018500e-03
8.830771469638527132e-03
8.832972990407051209e-03
8.835375644316122504e-03
8.837927571053937406e-03
8.840744908710309463e-03
8.843282375538125822e-03
8.845205026613843155e-03
8.846979798204975681e-03
8.849320852136298085e-03
8.851811729679599089e-03
8.854440293517533075e-03
8.856861407650932702e-03
8.858569373781290807e-03
8.859856330085869383e-03
8.860505293341463390e-03
8.859739678213610428e-03
8.858909856137832384e-03
8.858628392160837126e-03
8.859186647443225565e-03
8.860237593659552047e-03
8.861878545010363345e-03
8.863544602985133289e-03
8.865474712363602058e-03
8.867221340094232074e-03
8.868256544058783844e-03
8.869960111323408475e-03
8.872128603069557792e-03
8.873992614230986203e-03
8.875918605949752183e-03
8.877940554468534418e-03
8.880405820062756486e-03
8.883867279156637195e-03
8.886951275186884269e-03
8.890246893553974822e-03
8.892662626714871801e-03
8.895376593669427831e-03
8.897141483934433229e-03
8.897905281794757024e-03
8.897457940090178555e-03
8.896895875840415968e-03
8.896506920330400636e-03
8.895531274956975515e-03
8.894471702269998378e-03
8.893326227484272747e-03
8.892361762693399424e-03
8.890764457478292013e-03
8.889195338410309233e-03
8.888051334141822829e-03
8.887433914591045397e-03
8.886766724744702556e-03
8.886233132076754374e-03
8.886077943349755121e-03
8.886284591722823020e-03
8.886748974935602605e-03
8.887613301836821966e-03
8.888313078810354192e-03
8.888501561908275159e-03
8.888085095779903536e-03
8.887562311572243592e-03
8.886944680588362497e-03
8.886262001152804221e-03
8.885709492622186415e-03
8.885422038745347667e-03
8.884819693317736952e-03
8.883977030909540051e-03
8.883414534279080246e-03
8.882950588732826946e-03
8.882462324150927277e-03
8.879971007883933481e-03
8.877710468735863086e-03
8.875384789162712659e-03
8.872723594853805865e-03
8.869602986010067733e-03
8.866500355323181717e-03
8.863452955191778934e-03
8.860437700292376692e-03
8.857650904147909218e-03
8.854773881040547620e-03
8.852030513255684796e-03
8.849520697649238335e-03
8.847109189978928992e-03
8.844428625226177787e-03
8.841427180079977632e-03
8.838426430548688637e-03
8.835546413548571801e-03
8.832331716973456856e-03
8.828820042517324107e-03
8.825401605831489221e-03
8.821954858252999826e-03
8.818297212496047782e-03
8.814726792409074280e-03
8.810906261760127756e-03
8.807165396990520798e-03
8.803425238407481396e-03
8.799712116832643719e-03
8.796025664372406766e-03
8.792463113825570858e-03
8.789184954547059683e-03
8.786087945866416157e-03
8.783041523613119989e-03
8.780154074739390108e-03
8.777241158748255723e-03
8.774515393826485404e-03
8.771912709400508587e-03
8.769307384175058576e-03
8.766558551901617105e-03
8.763662449070931670e-03
8.760510441354051395e-03
8.756525566924694068e-03
8.752958963205251589e-03
8.749350959826839025e-03
8.745322522777853810e-03
8.741559302128972322e-03
8.737894897912842559e-03
8.734477720311143237e-03
8.731293800995843651e-03
8.728028157499937226e-03
8.724562860895214433e-03
8.721028055657480821e-03
8.717615891134683145e-03
8.714461844145513642e-03
8.710869485759645606e-03
8.707660705082788041e-03
8.704646305430292080e-03
8.701908753112962136e-03
8.699348394422951741e-03
8.696622704559932304e-03
8.693523171368023814e-03
8.690267570944567449e-03
8.686797790900870411e-03
8.683123292868345083e-03
8.679553844316486091e-03
8.676135666636204322e-03
8.672628772682556761e-03
8.669338693862795736e-03
8.666104528527446629e-03
8.663005731122740138e-03
8.659931959997414080e-03
8.657114607540724802e-03
8.654243712821887285e-03
8.651465500861450081e-03
8.648689081853738400e-03
8.645912900708267040e-03
8.643212270953926774e-03
8.640715999752135446e-03
8.638390136232184519e-03
8.635985721085356892e-03
8.633468498977269270e-03
8.630943366099586705e-03
8.628480849135719208e-03
8.626087828118876588e-03
8.623696159216735421e-03
8.621461390592570842e-03
8.619280850330977503e-03
8.617047126186348771e-03
8.614894761500223666e-03
8.612845451423423865e-03
8.610988387953799270e-03
8.609247686693081297e-03
8.607496010997089594e-03
8.605837230549764905e-03
8.604421456512112085e-03
8.603103209165276211e-03
8.601616582837232766e-03
8.600135732861597868e-03
8.598262890139407241e-03
8.596291832511643652e-03
8.594483785578570928e-03
8.592632534404981426e-03
8.590873797900473730e-03
8.589189876999893392e-03
8.587450173703426587e-03
8.585653227008323979e-03
8.583935068745178823e-03
8.582339894775761757e-03
8.580850507131377800e-03
8.579368240553945230e-03
8.577749942145921139e-03
8.576170323309982232e-03
8.574783311574660921e-03
8.573521620468871340e-03
8.572509217450277261e-03
8.571229971053844626e-03
8.569680240401517796e-03
8.568157930508477418e-03
8.566695779676579414e-03
8.565318842728673887e-03
8.564005105249950650e-03
8.562692520081644637e-03
8.561430380737674109e-03
8.560063142226259983e-03
8.558687953830126580e-03
8.557346121120515056e-03
8.556170003334995569e-03
8.555025405996652052e-03
8.553912174759320183e-03
8.552864847220571776e-03
8.551793596026082897e-03
8.550740944601771185e-03
8.549645674606641196e-03
8.548490029888604347e-03
8.547168780191686382e-03
8.545848386798842941e-03
8.544492859567071052e-03
8.543216810039173936e-03
8.541951137648032613e-03
8.540511506556063351e-03
8.538513100056269872e-03
8.536477113436533384e-03
8.534359177459932208e-03
8.532156938876019406e-03
8.529936675619969808e-03
8.527630788299706346e-03
8.525329850628413086e-03
8.523154664910182268e-03
8.521086921038192527e-03
8.518944837286759539e-03
8.516702826021609746e-03
8.514391530242540473e-03
8.512061552234382808e-03
8.509735836717605834e-03
8.507280041212121266e-03
8.504914153405542313e-03
8.502477498938981748e-03
8.500169575517925111e-03
8.497818464771000196e-03
8.495370274514274511e-03
8.492796465507339645e-03
8.490161245755285455e-03
8.487513299844687623e-03
8.484895973676243042e-03
8.482237187590391247e-03
8.479340156568378195e-03
8.476424669550695901e-03
8.473418932312480611e-03
8.470319769128504400e-03
8.467117344130758311e-03
8.463787369998561697e-03
8.460441925306131164e-03
8.457140298010217341e-03
8.453978005129984125e-03
8.450963085352050652e-03
8.448036062544204972e-03
8.445133711865287704e-03
8.442249070823181281e-03
8.438999335554036793e-03
8.435531056685378198e-03
8.431938858988670057e-03
8.428199681455235057e-03
8.424464330860985742e-03
8.420727269772922130e-03
8.416987846977084728e-03
8.413227524018896536e-03
8.409555324264215287e-03
8.405866550268493650e-03
8.402155914089794869e-03
8.398399528016006754e-03
8.394574290866161151e-03
8.390644624791812958e-03
8.386770172358297762e-03
8.382871132369094924e-03
8.379009581583600486e-03
8.375104384662400425e-03
8.371134671043781866e-03
8.367107496250430002e-03
8.362981332706343612e-03
8.358739219247906735e-03
8.354370979599810842e-03
8.350091539741153271e-03
8.345817248278585357e-03
8.341535457283810392e-03
8.337331754877415693e-03
8.333228273876750955e-03
8.329068947050270039e-03
8.324838904307751281e-03
8.320492040546490289e-03
8.316094542785432489e-03
8.311611291985966654e-03
8.307101347757091248e-03
8.302634732514265967e-03
8.298093166350323582e-03
8.293554957744078346e-03
8.288990810524607053e-03
8.284284602459578151e-03
8.279516128402521907e-03
8.274755106305223262e-03
8.269981415136322053e-03
8.265028879047554150e-03
8.259942999500117372e-03
8.254800325849388776e-03
8.249593984405154123e-03
8.244376812300155399e-03
8.239167657738469958e-03
8.233938081910412154e-03
8.228656367736019578e-03
8.223311731069812835e-03
8.217919534641144469e-03
8.212459238781102608e-03
8.206930981978373049e-03
8.201400525214192633e-03
8.195848809908550317e-03
8.190156760108644948e-03
8.184399642828082619e-03
8.178582714293834363e-03
8.172849234177157959e-03
8.167127544627537233e-03
8.161407695603089749e-03
8.155649347781859793e-03
8.149778400203814416e-03
8.143960371160259212e-03
8.138181847335059296e-03
8.132349762218734832e-03
8.126499399767716028e-03
8.120695177305865126e-03
8.114995492656566431e-03
8.109304043326676786e-03
8.103592849316351363e-03
8.097748606796533258e-03
8.091885610160371931e-03
8.085945336838949726e-03
8.079893847590379277e-03
8.073769495322598647e-03
8.067550130303609637e-03
8.061192397118227201e-03
8.054674970623561941e-03
8.048050057881703939e-03
8.041397290942697493e-03
8.034638041006580272e-03
8.027730731867736835e-03
8.020730986290060260e-03
8.013680048529191538e-03
8.006413685807099029e-03
7.999026794586779412e-03
7.991640037626483034e-03
7.984199265851050359e-03
7.976677988806857300e-03
7.969100092091684767e-03
7.961452990150006195e-03
7.953689503798945168e-03
7.945847144442687651e-03
7.937963269139251821e-03
7.930100157623813997e-03
7.922208904362206677e-03
7.914284817653844534e-03
7.906322083088361194e-03
7.898330597849367515e-03
7.890271447674032310e-03
7.882138722478507914e-03
7.873947224165837866e-03
7.865684682215819817e-03
7.857413590439650888e-03
7.849113739004064116e-03
7.840725675563065336e-03
7.832330617386397409e-03
7.823792896836989641e-03
7.815262601289618694e-03
7.806625347020651126e-03
7.797916056435912589e-03
7.789204761465344865e-03
7.780496772251362277e-03
7.771683475608327611e-03
7.762801501792963681e-03
7.753863944857415126e-03
7.745031435816783147e-03
7.736216734729353499e-03
7.727337197680515975e-03
7.718419740633019992e-03
7.709429650499814018e-03
7.700367342746950242e-03
7.691231487988782825e-03
7.682112969687997055e-03
7.672913584567840270e-03
7.663588182146074089e-03
7.654212009878740702e-03
7.644819904541255012e-03
7.635408854797632629e-03
7.625883959956209109e-03
7.616331885917822231e-03
7.606754539280486879e-03
7.597068436740171161e-03
7.587266006348828210e-03
7.577389723431347292e-03
7.567406751369478400e-03
7.557418259317841280e-03
7.547371113080180403e-03
7.537229012763998516e-03
7.527060326849291903e-03
7.516829646634097875e-03
7.506597610604123956e-03
7.496281232851710608e-03
7.485871900385069298e-03
7.475344107235961516e-03
7.464747367865899944e-03
7.454111252515965846e-03
7.443445330384164393e-03
7.432714116124032253e-03
7.421938642572194558e-03
7.411139639158771664e-03
7.400319372975222576e-03
7.389520363747389096e-03
7.378647843457881127e-03
7.367699126641983481e-03
7.356707932122574962e-03
7.345677514648003142e-03
7.334594404343781383e-03
7.323550730806449062e-03
7.312504111741683667e-03
7.301407026237854980e-03
7.290287309463134267e-03
7.279041262994391873e-03
7.267736424379524912e-03
7.256369744488879760e-03
7.244918286530728328e-03
7.233389630646147074e-03
7.221814339754642834e-03
7.210182678154640826e-03
7.198466217608113539e-03
7.186714196392078244e-03
7.174924593998934300e-03
7.163034319847548168e-03
7.151138797926516119e-03
7.139212143273761593e-03
7.127192296573117702e-03
7.115112917446194361e-03
7.102950582144393690e-03
7.090753851433781972e-03
7.078512953933447337e-03
7.066253410147651723e-03
7.053941744401586583e-03
7.041591208265060402e-03
7.029191646473930549e-03
7.016725846787765473e-03
7.004231094113038195e-03
6.991670432982480775e-03
6.979093217564883225e-03
6.966483125621036020e-03
6.953876414360380537e-03
6.941205858891721404e-03
6.928501805283485832e-03
6.915798131461964489e-03
6.903076786722321147e-03
6.890306244010094804e-03
6.877469959345607932e-03
6.864596188648908713e-03
6.851717383729998521e-03
6.838742534266332648e-03
6.825763309855302323e-03
6.812747461794834217e-03
6.799665497016929225e-03
6.786492785943567911e-03
6.773279932181039929e-03
6.760038056383825891e-03
