1.506115499352751047e-02
1.499860670039999608e-02
1.493700717103874608e-02
1.487294169738896492e-02
1.480917559187072338e-02
1.474620988328121003e-02
1.468395002296511188e-02
1.462093547332864174e-02
1.455551660792470982e-02
1.448831348815923271e-02
1.441950595903022068e-02
1.435030672470461940e-02
1.428146527324844831e-02
1.421292379039383082e-02
1.414446467341909375e-02
1.407669227425054764e-02
1.400975538259193257e-02
1.394404562752392038e-02
1.387669808626262359e-02
1.380936424163778549e-02
1.374265826030039196e-02
1.367635234845316836e-02
1.361033804937123934e-02
1.354485571174957569e-02
1.348033322121747028e-02
1.341669558245303824e-02
1.335361689247023011e-02
1.329175563852722473e-02
1.323061214922736060e-02
1.317049844063043589e-02
1.311178816577464844e-02
1.305404025406235562e-02
1.299743275331018653e-02
1.294161200359423419e-02
1.288666602028690905e-02
1.283250894886212197e-02
1.277868217823194437e-02
1.272601870408103866e-02
1.267405934445209499e-02
1.262300476204651981e-02
1.257235325148118969e-02
1.252169991413384226e-02
1.246863129609827522e-02
1.241546572329867149e-02
1.236380504252935011e-02
1.231319623722230625e-02
1.226216086985719607e-02
1.220990144436747207e-02
1.215832454607982359e-02
1.210722486076456703e-02
1.205709018996392254e-02
1.200754418698195790e-02
1.195872801724469012e-02
1.191110841932855637e-02
1.186387425973181586e-02
1.181716079221091335e-02
1.177145909974983834e-02
1.172665986297665407e-02
1.168248377030403802e-02
1.163901774610958707e-02
1.159672367023700974e-02
1.155543562690116571e-02
1.151484390043442003e-02
1.147272449790613831e-02
1.143073240770692278e-02
1.138904126715886179e-02
1.134840655634213394e-02
1.130816484469258920e-02
1.126830417778254372e-02
1.122866274162907102e-02
1.118992916116495588e-02
1.115209967710961356e-02
1.111506754957497164e-02
1.107810455220791662e-02
1.104144729556614558e-02
1.100559318448345383e-02
1.097029160307335348e-02
1.093616581383895399e-02
1.090285643124789573e-02
1.087015011506987754e-02
1.083823900725222611e-02
1.080689856583880171e-02
1.077575736629632526e-02
1.074482348959801895e-02
1.071397587337736407e-02
1.068338507649045643e-02
1.065295513368018712e-02
1.062261051258458697e-02
1.059292239550465795e-02
1.056368073210919335e-02
1.053450519653124397e-02
1.050556855498850986e-02
1.047708344575338894e-02
1.044865330912523281e-02
1.042029552490516577e-02
1.039210587651782751e-02
1.036412452356693693e-02
1.033641122973358827e-02
1.030899985391500739e-02
1.028165241123832688e-02
1.025446901104948641e-02
1.022741150658791967e-02
1.020049028344767635e-02
1.017346818557365515e-02
1.014667737437177815e-02
1.011977836862207325e-02
1.009312701023807636e-02
1.006670360634051055e-02
1.004037367278943181e-02
1.001410477574673184e-02
9.987933328221529003e-03
9.962004322579022519e-03
9.936017557641245793e-03
9.910147199313046329e-03
9.884241151076941095e-03
9.858646336598154286e-03
9.833319741926067545e-03
9.808057088853202807e-03
9.782999969900452175e-03
9.758081567978381388e-03
9.732988302422220656e-03
9.707803109981231679e-03
9.682581986598597090e-03
9.657379875280648965e-03
9.632268680197293709e-03
9.607299576616953538e-03
9.582266193144424807e-03
9.557155387097981611e-03
9.532078038225868036e-03
9.507244196859294255e-03
9.482608324536382152e-03
9.458069601495961917e-03
9.433584886927552302e-03
9.409153889053469694e-03
9.384651084268707394e-03
9.360100905782728006e-03
9.335689573301620900e-03
9.311257198998034931e-03
9.286774144179488905e-03
9.262328629308506575e-03
9.238053831868448668e-03
9.213864318085103824e-03
9.189785032836045309e-03
9.165829822875233568e-03
9.141931600478865258e-03
9.118079922965946146e-03
9.094265134186631239e-03
9.070486494125057711e-03
9.046930772213383418e-03
9.023544439932744410e-03
9.000497707274615275e-03
8.977584498850140274e-03
8.954725385585249678e-03
8.931995665151163180e-03
8.909353148186371224e-03
8.886718927856567668e-03
8.864128169715563416e-03
8.841489477575617192e-03
8.818789548065843198e-03
8.796185074259400480e-03
8.773756865888524686e-03
8.751469943460540163e-03
8.729436389778050254e-03
8.707399757629571274e-03
8.685388759630584612e-03
8.663447263921448399e-03
8.641588770505834877e-03
8.619820901547132347e-03
8.598231198807598438e-03
8.576783731345591008e-03
8.555324679463831988e-03
8.533940713820190732e-03
8.512704825350731613e-03
8.491735222075073863e-03
8.470925075303238280e-03
8.450267644547879500e-03
8.429747161128120850e-03
8.409264877327210508e-03
8.388932279706400388e-03
8.368663720944040721e-03
8.348560065202254715e-03
8.328541263907978873e-03
8.308770002148529663e-03
8.289202424469538366e-03
8.269692092303373640e-03
8.250244720686831720e-03
8.230869745879328819e-03
8.211656299620066074e-03
8.192642852162260875e-03
8.173747676154006353e-03
8.154986379587021023e-03
8.136340172401375012e-03
8.117857339574962791e-03
8.099556459734608832e-03
8.081362698247584672e-03
8.063253956125891395e-03
8.045342884927185814e-03
8.027628452857919761e-03
8.010037108684309182e-03
7.992535016766763589e-03
7.975172468583336186e-03
7.957842168176885306e-03
7.940732288895378799e-03
7.923863250947973946e-03
7.907210048141495584e-03
7.890752012890054484e-03
7.874399169836369602e-03
7.858074942138941130e-03
7.842095883211976093e-03
7.826407855609271436e-03
7.810960342676520445e-03
7.795867125024155686e-03
7.780847547407480046e-03
7.765916847810278890e-03
7.751189261424153501e-03
7.736562530742827938e-03
7.722025905450143231e-03
7.707428271135382918e-03
7.693034602107107732e-03
7.678842756547975268e-03
7.664821784880265429e-03
7.650971957738350766e-03
7.637288285300984116e-03
7.623703576242138978e-03
7.610193268378156843e-03
7.596891604815242741e-03
7.583729945910611114e-03
7.570715477218290489e-03
7.557781373191522351e-03
7.544972861485522292e-03
7.532244191148143760e-03
7.519737323651042894e-03
7.507328233392751918e-03
7.495130521265560251e-03
7.483115787574978577e-03
7.471458883269110028e-03
7.460011559912959646e-03
7.448738327402904154e-03
7.437620080643694669e-03
7.426710528929497852e-03
7.415942687081564406e-03
7.405252233978249291e-03
7.394672537991980529e-03
7.384269352703678492e-03
7.374011872310134476e-03
7.364035729033043681e-03
7.354364558979071750e-03
7.344756739568796856e-03
7.335337553373491061e-03
7.326140463910477824e-03
7.317114601432169255e-03
7.308237727404719337e-03
7.299487901414956036e-03
7.290813385782401838e-03
7.282155691767578341e-03
7.273502890314774427e-03
7.264906752933764610e-03
7.256419968753991152e-03
7.248097676357405199e-03
7.239871384104391676e-03
7.231697234426248851e-03
7.223585232337444671e-03
7.215416852668701808e-03
7.207256140621465419e-03
7.199278251607507326e-03
7.191360577684319591e-03
7.183483356199698265e-03
7.175742301862526006e-03
7.168061108465675554e-03
7.160484237219359553e-03
7.153027798268914682e-03
7.145730336926312681e-03
7.138534646793848713e-03
7.131405767407824302e-03
7.124424542329774700e-03
7.117403065674605955e-03
7.110566757903002098e-03
7.103748052994446512e-03
7.096990973435463382e-03
7.090259819803657049e-03
7.083479509032404066e-03
7.076808416145202035e-03
7.070153300200481689e-03
7.063630176656577817e-03
7.057217068099525328e-03
7.050814586170264971e-03
7.044445275980645328e-03
7.038103270262038857e-03
7.031860961594822886e-03
7.025674250319391932e-03
7.019565500772291002e-03
7.013493222378413411e-03
7.007591486983152235e-03
7.001899971065581908e-03
6.996189514970581683e-03
6.990493288323460126e-03
6.984767284495178516e-03
6.978966264201701825e-03
6.973220961816880073e-03
6.967516871972632107e-03
6.961789952639011424e-03
6.956043492657946851e-03
6.950370247732032790e-03
6.944734573411482509e-03
6.939121369144028197e-03
6.933565829026948693e-03
6.927917422204893025e-03
6.922272782063579842e-03
6.916577409606198060e-03
6.910884053163459696e-03
6.905178197852796310e-03
6.899586903340713950e-03
6.893979668886942962e-03
6.888361928322248896e-03
6.882708563393910919e-03
6.876974045154543407e-03
6.871238031025967384e-03
6.865573946439271387e-03
6.859912424421792977e-03
6.854207999456076242e-03
6.848500013956892486e-03
6.842877020336736449e-03
6.837349298473111188e-03
6.831858675719028155e-03
6.826304335484811858e-03
6.820715891090967271e-03
6.815178156812715451e-03
6.809671461971254433e-03
6.804264996992604765e-03
6.798932351767783024e-03
6.793535342077531083e-03
6.788122403017246044e-03
6.782691889637381538e-03
6.777321112980888747e-03
6.771972572743913295e-03
6.766610506602711329e-03
6.761323089033104312e-03
6.756068442008823262e-03
6.750837849200167634e-03
6.745584098123663490e-03
6.740360414420254118e-03
6.735226427511013976e-03
6.730147100287743080e-03
6.725087074792510111e-03
6.719971688181985287e-03
6.714921610085699405e-03
6.709904525068081070e-03
6.704881329633764937e-03
6.699886522265118688e-03
6.694867422818604960e-03
6.689835087659798570e-03
6.684802376678651049e-03
6.679738735148761479e-03
6.674714654338324837e-03
6.669725311986825743e-03
6.664684196539805844e-03
6.659656280861450325e-03
6.654608275866745470e-03
6.649546039838413053e-03
6.644483609820208726e-03
6.639369865516316603e-03
6.634233665431063347e-03
6.629079442788049677e-03
6.623937308304157258e-03
6.618793839148798611e-03
6.613629085551471498e-03
6.608506976953996970e-03
6.603370913771678015e-03
6.598201674092473400e-03
6.593084539458764042e-03
6.588015421811489400e-03
6.582972495439935907e-03
6.577982019807001104e-03
6.573040078114439876e-03
6.568104999540425211e-03
6.563225684861765177e-03
6.558320791006218287e-03
6.553406833542098527e-03
6.548450223149385185e-03
6.543510264699336880e-03
6.538522941533978124e-03
6.533494395256390919e-03
6.528451011132168323e-03
6.523420232649588223e-03
6.518383411937486716e-03
6.513349368927785765e-03
6.508336346068671965e-03
6.503310833856122165e-03
6.498332114960920017e-03
6.493331571412169941e-03
6.488358562796515613e-03
6.483389036484079639e-03
6.478383797006096421e-03
6.473440331409440265e-03
6.468451100588904455e-03
6.463466305634883897e-03
6.458491100229281703e-03
6.453521607746142731e-03
6.448579852643295668e-03
6.443631436340515814e-03
6.438692428810851610e-03
6.433708014436417995e-03
6.428709808809212646e-03
6.423698036048324303e-03
6.418689549486451124e-03
6.413698698031175191e-03
6.408706179425876191e-03
6.403670558596638758e-03
6.398615682554646342e-03
6.393515154405484714e-03
6.388388090344642410e-03
6.383242124692911287e-03
6.378107285708262651e-03
6.372988372393567809e-03
6.367886121064611146e-03
6.362788183499551789e-03
6.357700514183175187e-03
6.352623999548766623e-03
6.347624403220321343e-03
6.342614793420084732e-03
6.337565723859702946e-03
6.332467014035232655e-03
6.327402303182422076e-03
6.322320330402440847e-03
6.317219206011926921e-03
6.312041859458943256e-03
6.306847970379926560e-03
6.301620555939402117e-03
6.296380855649805208e-03
6.291138138738400915e-03
6.285896564622921352e-03
6.280648075587785817e-03
6.275399559066346250e-03
6.270128242127586023e-03
6.264865235566967512e-03
6.259611271471610811e-03
6.254337047327675203e-03
6.249024282629011932e-03
6.243711659061946390e-03
6.238393298257611380e-03
6.233050708805339471e-03
6.227704180882929000e-03
6.222312221800942005e-03
6.216917880396459484e-03
6.211484566585135335e-03
6.206013034654568085e-03
6.200521314562676758e-03
6.195020150282625621e-03
6.189468752140046479e-03
6.183908117013750365e-03
6.178292954347173495e-03
6.172642673170652787e-03
6.166932644170522448e-03
6.161202850932439266e-03
6.155443939127314135e-03
6.149674502182287013e-03
6.143847525832416695e-03
6.137976170731243228e-03
6.132091241096229890e-03
6.126139363283258574e-03
6.120181295237593633e-03
6.114184680294208925e-03
6.108190803938099572e-03
6.102198915053165702e-03
6.096182149477832359e-03
6.090174036273684859e-03
6.084125113309026348e-03
6.077994821371571210e-03
6.071836211669953860e-03
6.065654619718546629e-03
6.059413685895087727e-03
6.053155588989435516e-03
6.046883634229583207e-03
6.040552916924383023e-03
6.034205990628870551e-03
6.027843278737834640e-03
6.021419372820758717e-03
6.014997244527502639e-03
6.008517125419726365e-03
6.002099909774634423e-03
5.995700212947933233e-03
5.989296882114762167e-03
5.982865355620045969e-03
5.976418830060952099e-03
5.969959117947763912e-03
5.963509968503854022e-03
5.957035235125812331e-03
5.950525354165776479e-03
5.943962651930606404e-03
5.937359039239908758e-03
5.930724467457001992e-03
5.924083236059910461e-03
5.917418459472389633e-03
5.910705145773000047e-03
5.903960738457087777e-03
5.897192275868383578e-03
5.890402602575006696e-03
5.883590731184364098e-03
5.876748893908515133e-03
5.869873662359683872e-03
