1.250290512436338930e-02
1.250291982829064043e-02
1.250281933356643671e-02
1.250282898592549284e-02
1.250278610483740796e-02
1.250278285637854148e-02
1.250287919393401961e-02
1.250291362473593230e-02
1.250301474196216511e-02
1.250321835736740994e-02
1.250338999620288251e-02
1.250347374061385256e-02
1.250364567996754654e-02
1.250376632372296112e-02
1.250392857494161784e-02
1.250403908693986134e-02
1.250411880297563026e-02
1.250433163427299051e-02
1.250446557953729075e-02
1.250466704122861830e-02
1.250483526703572053e-02
1.250507730584210324e-02
1.250534194791183724e-02
1.250560972395730469e-02
1.250586236676377860e-02
1.250618100194058474e-02
1.250648656457476957e-02
1.250675871244483726e-02
1.250710480926290301e-02
1.250745565713094233e-02
1.250783478948775188e-02
1.250813112907462471e-02
1.250828797812049593e-02
1.250850934556637858e-02
1.250875846801654569e-02
1.250902490604041163e-02
1.250928966259327521e-02
1.250967537773016794e-02
1.251003080492348388e-02
1.251045855683536288e-02
1.251094678446165905e-02
1.251152024477963920e-02
1.251203896069499541e-02
1.251263562531276796e-02
1.251325430646784212e-02
1.251387899083214461e-02
1.251448671738253533e-02
1.251506781944957021e-02
1.251566404044520721e-02
1.251623991206415355e-02
1.251683700599367198e-02
1.251734879567954761e-02
1.251803308997958067e-02
1.251860831047571510e-02
1.251912293361910448e-02
1.251973516794281475e-02
1.252039794656924915e-02
1.252106752978683624e-02
1.252179596448940377e-02
1.252238921607880945e-02
1.252311963277059730e-02
1.252379868231215040e-02
1.252441209008796179e-02
1.252504131800156149e-02
1.252571822813958700e-02
1.252632064553473902e-02
1.252693695116482465e-02
1.252751614279459628e-02
1.252813464506977691e-02
1.252874664327202625e-02
1.252938733380920371e-02
1.253005822642761120e-02
1.253072010349938308e-02
1.253138349031745515e-02
1.253192166121003433e-02
1.253259864290001864e-02
1.253323151280824957e-02
1.253388076811473052e-02
1.253457797754307934e-02
1.253524011935709323e-02
1.253592501469356739e-02
1.253657551500410826e-02
1.253726812364159421e-02
1.253789926914765027e-02
1.253857591454343549e-02
1.253928125227414710e-02
1.253999705805622887e-02
1.254073888013003228e-02
1.254148917395559414e-02
1.254211676332936745e-02
1.254282198657694601e-02
1.254351662729002309e-02
1.254420068546859696e-02
1.254495182360725568e-02
1.254570701158670525e-02
1.254652437821715712e-02
1.254730171868262585e-02
1.254805629131524290e-02
1.254887958244776947e-02
1.254966230362043571e-02
1.255048078646142477e-02
1.255121787895084086e-02
1.255197451227983187e-02
1.255275175972775555e-02
1.255347973649779611e-02
1.255416656373712150e-02
1.255479018197725762e-02
1.255548160285224930e-02
1.255620339037797316e-02
1.255683764123898330e-02
1.255744807960856163e-02
1.255811404945229685e-02
1.255876791986003209e-02
1.255942211940677157e-02
1.256010310085117591e-02
1.256080680004206286e-02
1.256147234772925052e-02
1.256217495217518826e-02
1.256287663360087549e-02
1.256352749167120343e-02
1.256425362240074124e-02
1.256489580121863438e-02
1.256563882536532173e-02
1.256629923562196591e-02
1.256700664835944288e-02
1.256768445289693607e-02
1.256839024140497980e-02
1.256905745625277494e-02
1.256962102809023978e-02
1.257024270011713497e-02
1.257082534770644772e-02
1.257143827608414588e-02
1.257191021132973534e-02
1.257248211181504448e-02
1.257299614107718760e-02
1.257344439978006628e-02
1.257387116427493429e-02
1.257430043308831007e-02
1.257467961553149043e-02
1.257508100770225561e-02
1.257549416301481995e-02
1.257583578783554729e-02
1.257618360905578790e-02
1.257654014530444272e-02
1.257685542469444591e-02
1.257710257231058754e-02
1.257733316995897875e-02
1.257756729511886988e-02
1.257780198553922445e-02
1.257796671245560959e-02
1.257815354892683792e-02
1.257825077372658716e-02
1.257828943324918423e-02
1.257838936986812109e-02
1.257845881104280132e-02
1.257842455912078217e-02
1.257840622750928949e-02
1.257842550360662066e-02
1.257843133509115030e-02
1.257846201657049530e-02
1.257848924209029572e-02
1.257856437164559145e-02
1.257868646075054574e-02
1.257883088122141446e-02
1.257892151608588395e-02
1.257897911541161137e-02
1.257900209790033599e-02
1.257912927434946468e-02
1.257921802739745548e-02
1.257932670766558764e-02
1.257940145799551004e-02
1.257952112864430330e-02
1.257960437219157214e-02
1.257965819357394731e-02
1.257977356395010085e-02
1.257987081737063292e-02
1.257997623486950718e-02
1.258003991611161658e-02
1.258006294153151544e-02
1.258010061363709978e-02
1.258019594230997719e-02
1.258022600128729310e-02
1.258027018462100181e-02
1.258028948218392097e-02
1.258034753228697879e-02
1.258042031493807229e-02
1.258042714099481124e-02
1.258037525867048215e-02
1.258025902251564375e-02
1.258019728033158216e-02
1.258011715644965708e-02
1.257998613766041565e-02
1.257992541151414789e-02
1.257981625184790078e-02
1.257974414178520718e-02
1.257969360463767790e-02
1.257951383749984255e-02
1.257937680119098137e-02
1.257922166223689187e-02
1.257905883144737856e-02
1.257884768877621205e-02
1.257876200530719593e-02
1.257865209434539527e-02
1.257857670004785579e-02
1.257844579574174566e-02
1.257826112013963119e-02
1.257808261947144200e-02
1.257784754267051754e-02
1.257757788480856793e-02
1.257732735278484053e-02
1.257706766926575646e-02
1.257679074888012893e-02
1.257651312728531867e-02
1.257619857057008447e-02
1.257582139873690899e-02
1.257547515165973254e-02
1.257504789345635816e-02
1.257457724614600286e-02
1.257426288977625019e-02
1.257380212379121363e-02
1.257334560083725288e-02
1.257277859450583145e-02
1.257222744408817601e-02
1.257169916167611388e-02
1.257121906235218051e-02
1.257056740289992994e-02
1.256991692405497706e-02
1.256925254981989051e-02
1.256860063278059277e-02
1.256792367971139301e-02
1.256727436000814983e-02
1.256653150758615944e-02
1.256583069909435364e-02
1.256507089601364979e-02
1.256432923850934850e-02
1.256356625852173524e-02
1.256282279790810891e-02
1.256197220254862655e-02
1.256125500150337415e-02
1.256042948510497151e-02
1.255964743652070517e-02
1.255887111209303200e-02
1.255806834921708963e-02
1.255729089426848959e-02
1.255657830116929490e-02
1.255575480253609023e-02
1.255496145589774654e-02
1.255417613023382915e-02
1.255341086058357758e-02
1.255261715618544681e-02
1.255183688208972269e-02
1.255104909503847004e-02
1.255019594527411082e-02
1.254936552041142732e-02
1.254858815132517576e-02
1.254774679332339854e-02
1.254688716095169604e-02
1.254603662998897591e-02
1.254527422241702266e-02
1.254441560608311398e-02
1.254362758291040214e-02
1.254281231275230189e-02
1.254196752741176465e-02
1.254117134731590720e-02
1.254029305419370605e-02
1.253944476280725515e-02
1.253861320742364477e-02
1.253773894983184478e-02
1.253682058045828968e-02
1.253586204181583730e-02
1.253481853522394295e-02
1.253381255763371706e-02
1.253276814948715845e-02
1.253171620691948332e-02
1.253065093422213970e-02
1.252964087817034014e-02
1.252857454650402672e-02
1.252745467250797155e-02
1.252641744817793897e-02
1.252526520407634507e-02
1.252412683389929511e-02
1.252303751974425707e-02
1.252190186854158956e-02
1.252082813124768233e-02
1.251976549881756752e-02
1.251872050394495749e-02
1.251768217771478085e-02
1.251663864965729851e-02
1.251556864022037273e-02
1.251457591405266169e-02
1.251351562137155600e-02
1.251253837189223589e-02
1.251162166967929000e-02
1.251063819517967551e-02
1.250968193904466487e-02
1.250866837694695165e-02
1.250763058020125905e-02
1.250673489279820888e-02
1.250580375855545046e-02
1.250489626507942514e-02
1.250392612070947915e-02
1.250293056823945093e-02
1.250201949716555315e-02
1.250109911718199664e-02
1.250007212478187503e-02
1.249911890244985967e-02
1.249822462462036980e-02
1.249726907684973846e-02
1.249640113014058133e-02
1.249543862036449349e-02
1.249449462107978838e-02
1.249354294427005435e-02
1.249257492499324280e-02
1.249164854895565280e-02
1.249066898834810813e-02
1.248970872530348261e-02
1.248871808129773352e-02
1.248777329494149720e-02
1.248682187571880861e-02
1.248585694033136316e-02
1.248487747274136354e-02
1.248379787534214386e-02
1.248278344746574578e-02
1.248177722659886413e-02
1.248069572591757777e-02
1.247975546880024725e-02
1.247868569548478065e-02
1.247775639297213184e-02
1.247673691352754050e-02
1.247568272422840303e-02
1.247467798448704049e-02
1.247363469255101734e-02
1.247260661256114310e-02
1.247155353231734452e-02
1.247051148538538129e-02
1.246943722576218487e-02
1.246824059082620416e-02
1.246706907062727909e-02
1.246593914358120649e-02
1.246469561349232945e-02
1.246350302839713785e-02
1.246226183805726820e-02
1.246105057790119000e-02
1.245980475814967466e-02
1.245855188337515775e-02
1.245732508928912123e-02
1.245602368082188334e-02
1.245470190151236507e-02
1.245333293368692563e-02
1.245193772060350194e-02
1.245055586627052957e-02
1.244923109608919200e-02
1.244781710061694351e-02
1.244638089541711193e-02
1.244500342006393465e-02
1.244355138757111991e-02
1.244214481203685663e-02
1.244061958904679223e-02
1.243911842182481367e-02
1.243767554082735212e-02
1.243622896059369369e-02
1.243469902948482995e-02
1.243326828369934953e-02
1.243177441477702830e-02
1.243025120955216188e-02
1.242871176918815615e-02
1.242718174506174736e-02
1.242565703724577558e-02
1.242411792602077410e-02
1.242257740522221231e-02
1.242109277365759448e-02
1.241958321339100939e-02
1.241809337284389102e-02
1.241663029988404610e-02
1.241512825257299127e-02
1.241364528101378435e-02
1.241209340491957955e-02
1.241058072498765069e-02
1.240906456763059100e-02
1.240753726247856466e-02
1.240611789345431523e-02
1.240459176175439000e-02
1.240318985856294666e-02
1.240169217592129551e-02
1.240023255176579686e-02
1.239881557257692564e-02
1.239735248530668757e-02
1.239585679896464815e-02
1.239436606401806210e-02
1.239281254938403090e-02
1.239128411371107769e-02
1.238973937134702635e-02
1.238814886435100730e-02
1.238663307906412610e-02
1.238495885627791809e-02
1.238336269667726121e-02
1.238174273174036909e-02
1.238012154326500504e-02
1.237842163332608138e-02
1.237666843864446316e-02
1.237495539176615769e-02
1.237318312848788640e-02
1.237146615340711624e-02
1.236978501870182080e-02
1.236807378924323353e-02
1.236629208826177731e-02
1.236456429452504474e-02
1.236275314991310860e-02
1.236095252343891344e-02
1.235916916245204458e-02
1.235738575853400148e-02
1.235556951942269610e-02
1.235381192429569654e-02
1.235208949695577180e-02
1.235031044339674096e-02
1.234860763560354131e-02
1.234683095756949553e-02
1.234510601160066987e-02
1.234336791438206925e-02
1.234165699975209307e-02
1.233994964125440137e-02
1.233822537502917045e-02
1.233653747866390003e-02
1.233482398100826070e-02
1.233304488451805563e-02
1.233119211813248420e-02
1.232938189654079857e-02
1.232749709634388749e-02
1.232568226680614415e-02
1.232387125814292557e-02
1.232206049991155933e-02
1.232027345399888327e-02
1.231832829972588465e-02
1.231648641639303786e-02
1.231465974500633997e-02
1.231275820165139180e-02
1.231091908022410170e-02
1.230899559188381245e-02
1.230717232637028660e-02
1.230525435468591416e-02
1.230339384637854985e-02
1.230154994528050334e-02
1.229971980362387120e-02
1.229784625139466840e-02
1.229605524865874655e-02
1.229420895057012700e-02
1.229244035790727149e-02
1.229062613656116409e-02
1.228886537883764653e-02
1.228706982539723262e-02
1.228522264006434196e-02
1.228340149248875572e-02
1.228163649888935893e-02
1.227987569823466713e-02
1.227811575620346360e-02
1.227638945790264155e-02
1.227464316798491592e-02
1.227286776357571288e-02
1.227110601127998600e-02
1.226930215065731578e-02
1.226752366235874837e-02
1.226570568453487671e-02
1.226390552314840510e-02
1.226211398377280264e-02
1.226027809649398934e-02
1.225845340709651177e-02
1.225666256893009204e-02
1.225485035819398952e-02
1.225301894291251463e-02
1.225131224269283142e-02
1.224951316889611244e-02
1.224770968749881554e-02
1.224587155348853817e-02
1.224403460724075333e-02
1.224225142513377801e-02
1.224037391608132942e-02
1.223851230587382106e-02
1.223663981261358807e-02
1.223480943483549500e-02
1.223295897242295330e-02
1.223115231411874698e-02
1.222930765456995209e-02
1.222755220600167496e-02
1.222574334389718055e-02
1.222392720495861507e-02
1.222209099211839581e-02
1.222031552331243054e-02
1.221852880653875872e-02
1.221666382623405600e-02
1.221476591771854421e-02
1.221287375482521531e-02
1.221093758390047121e-02
1.220900291556683420e-02
1.220709872121186236e-02
1.220513146096161711e-02
1.220316023673293122e-02
1.220113895475482928e-02
1.219914792852192648e-02
1.219715074166548806e-02
1.219509799113651163e-02
