1.256355154729078133e-02
1.256201784611647720e-02
1.256047875680361102e-02
1.255898061509640694e-02
1.255747955979721886e-02
1.255598368073899442e-02
1.255449048330909215e-02
1.255295895569045854e-02
1.255151283725165594e-02
1.255007700387281329e-02
1.254864646873657917e-02
1.254719189847310241e-02
1.254580080839592070e-02
1.254442404227535009e-02
1.254303033558388202e-02
1.254160881572730091e-02
1.254019436955836064e-02
1.253878173094014926e-02
1.253739474316837091e-02
1.253598569798027029e-02
1.253457993078380996e-02
1.253323592210565419e-02
1.253192720481203018e-02
1.253065374840252669e-02
1.252927140793035597e-02
1.252806443760300613e-02
1.252674431797117308e-02
1.252553997629774624e-02
1.252430782547241973e-02
1.252305801009273231e-02
1.252181245112579146e-02
1.252058821515736158e-02
1.251935017213403646e-02
1.251823162571144218e-02
1.251702912449708348e-02
1.251589424670918570e-02
1.251473857967998725e-02
1.251358683917750542e-02
1.251245141318483613e-02
1.251128727747547256e-02
1.251016287096057625e-02
1.250910378027518879e-02
1.250800555274543882e-02
1.250695063740591383e-02
1.250581262770729743e-02
1.250471140953189272e-02
1.250358649976020080e-02
1.250258800135368303e-02
1.250152535496237664e-02
1.250045458021129159e-02
1.249939663008078038e-02
1.249826944642311484e-02
1.249716423510167408e-02
1.249607226015636910e-02
1.249501812498527743e-02
1.249395062581790464e-02
1.249291945665435485e-02
1.249186704796710623e-02
1.249085132886748432e-02
1.248989402608313183e-02
1.248889761534954616e-02
1.248797181628014986e-02
1.248701119697732259e-02
1.248615525990409703e-02
1.248523394921110911e-02
1.248437347720821392e-02
1.248354013853229978e-02
1.248269766979886834e-02
1.248184436137956578e-02
1.248105949267406568e-02
1.248028944315555076e-02
1.247952208088385674e-02
1.247878303824464033e-02
1.247799682752101513e-02
1.247721296934231963e-02
1.247647446848673680e-02
1.247575945535626604e-02
1.247504944830656569e-02
1.247438122280799741e-02
1.247370007316119488e-02
1.247309578374981680e-02
1.247247249258180354e-02
1.247181054615488158e-02
1.247110002220346361e-02
1.247048813096573137e-02
1.246982588274525919e-02
1.246921894140332748e-02
1.246856954750119942e-02
1.246796314794289956e-02
1.246733582590465843e-02
1.246670450831245322e-02
1.246611797094346157e-02
1.246550962256936720e-02
1.246501257983011896e-02
1.246443441321891561e-02
1.246391240027400552e-02
1.246339140347439700e-02
1.246285824583949486e-02
1.246231053950810214e-02
1.246181347991336293e-02
1.246126528557537846e-02
1.246077638724875890e-02
1.246026300511778040e-02
1.245970403370003435e-02
1.245921591875241534e-02
1.245869402861179455e-02
1.245816850410629874e-02
1.245775625010429009e-02
1.245723350836006223e-02
1.245674961450892598e-02
1.245631534001214596e-02
1.245586495166615786e-02
1.245549815852813220e-02
1.245503169325448689e-02
1.245462001956294806e-02
1.245425426664949729e-02
1.245381361114548426e-02
1.245344618070937798e-02
1.245313359322449374e-02
1.245281883539450796e-02
1.245254409892082754e-02
1.245229116542582483e-02
1.245204932123848696e-02
1.245187111535799897e-02
1.245164897443676831e-02
1.245145510258154238e-02
1.245126773212991075e-02
1.245103800302724793e-02
1.245080375023191119e-02
1.245058677832785836e-02
1.245032102663342147e-02
1.245008905494783893e-02
1.244992135084076537e-02
1.244967331506980322e-02
1.244941718224211805e-02
1.244912505250721398e-02
1.244880493623643641e-02
1.244850226299071445e-02
1.244817480896294112e-02
1.244783642294541685e-02
1.244753420239001762e-02
1.244719215792834677e-02
1.244682700539142747e-02
1.244646642791629593e-02
1.244616042049396382e-02
1.244577341681982197e-02
1.244541652989453531e-02
1.244511519866693845e-02
1.244478804001157395e-02
1.244446072082772657e-02
1.244421615407730226e-02
1.244398070052890430e-02
1.244371550426302125e-02
1.244353203465354760e-02
1.244329587799039225e-02
1.244316934943942403e-02
1.244303726499763028e-02
1.244293867161342174e-02
1.244279494243540930e-02
1.244267978572223717e-02
1.244254414396924260e-02
1.244243864946551273e-02
1.244241322014838676e-02
1.244234995105704920e-02
1.244234302425297096e-02
1.244227318633607353e-02
1.244229608090843993e-02
1.244226257700857541e-02
1.244228612653715607e-02
1.244226243092765548e-02
1.244222743892874593e-02
1.244230585709310555e-02
1.244232831823856474e-02
1.244237001551224374e-02
1.244244059346545292e-02
1.244248716117333196e-02
1.244255285263949108e-02
1.244262484805921075e-02
1.244270063676700469e-02
1.244279893477880268e-02
1.244285609736661691e-02
1.244296090320315060e-02
1.244301149857068856e-02
1.244304890331270931e-02
1.244313190938113600e-02
1.244325955039449726e-02
1.244346258361029613e-02
1.244362379594548401e-02
1.244379346652648571e-02
1.244396749385053881e-02
1.244407591157795957e-02
1.244420325400833957e-02
1.244430020839672885e-02
1.244438883296209060e-02
1.244447498217823161e-02
1.244454115041398849e-02
1.244461475914497052e-02
1.244469093312112508e-02
1.244477034174622937e-02
1.244481420775972631e-02
1.244483857116771876e-02
1.244487630178256303e-02
1.244479531837303088e-02
1.244478905936744623e-02
1.244470179929419752e-02
1.244457994372739386e-02
1.244447328057630281e-02
1.244438797092413222e-02
1.244432189097904179e-02
1.244425170632061824e-02
1.244418797651253121e-02
1.244410455628061629e-02
1.244399181231055709e-02
1.244388036862121606e-02
1.244380557679530645e-02
1.244366282684104645e-02
1.244343078291764750e-02
1.244327205556338897e-02
1.244308035244797925e-02
1.244288506152095575e-02
1.244267082020641436e-02
1.244241383978833375e-02
1.244215226825561536e-02
1.244187903272326104e-02
1.244163487853103961e-02
1.244135053603288681e-02
1.244097313517265012e-02
1.244060602097765700e-02
1.244025930674239055e-02
1.243992976905489677e-02
1.243948678749315188e-02
1.243908225571386042e-02
1.243860286468669550e-02
1.243809344841191079e-02
1.243754380690964556e-02
1.243694670516112995e-02
1.243634183704456740e-02
1.243568088188103278e-02
1.243499591968273872e-02
1.243429668008109133e-02
1.243360434802010493e-02
1.243280995997551180e-02
1.243198895149244358e-02
1.243117639322876417e-02
1.243032268348825096e-02
1.242944204027871848e-02
1.242855208962769312e-02
1.242764877658567198e-02
1.242677012071876849e-02
1.242580863536477120e-02
1.242487782218818122e-02
1.242401132153807611e-02
1.242307038704057974e-02
1.242208546131737083e-02
1.242113786809836452e-02
1.242018837582739565e-02
1.241918784673555660e-02
1.241810937464367035e-02
1.241711690568700517e-02
1.241611027490749537e-02
1.241510119927917780e-02
1.241410724543403656e-02
1.241311376033206806e-02
1.241217974782279736e-02
1.241125488864767284e-02
1.241029771990460537e-02
1.240937209982446998e-02
1.240841131276937577e-02
1.240751164372393828e-02
1.240658624356782459e-02
1.240561516984748681e-02
1.240466837445504573e-02
1.240373333295819065e-02
1.240270393121324817e-02
1.240174246191209917e-02
1.240082040235373356e-02
1.239994474355362447e-02
1.239909038046218236e-02
1.239827574014406783e-02
1.239748847474830308e-02
1.239667214888110804e-02
1.239579546109341804e-02
1.239496089276931855e-02
1.239419057276030904e-02
1.239345843284589757e-02
1.239260278071072953e-02
1.239180685801383186e-02
1.239100553192816825e-02
1.239022378389639280e-02
1.238941904176459226e-02
1.238858776909026668e-02
1.238782549958472243e-02
1.238711539541528968e-02
1.238638621885668895e-02
1.238568289219984381e-02
1.238497868263633596e-02
1.238427606551538961e-02
1.238358964571846174e-02
1.238299230478250718e-02
1.238242170307610537e-02
1.238188485248343206e-02
1.238142679569177035e-02
1.238105019907923682e-02
1.238067822889760659e-02
1.238035648005214942e-02
1.238005333164211505e-02
1.237971290370227552e-02
1.237943078612890879e-02
1.237912036256798645e-02
1.237885494477279462e-02
1.237861439926089130e-02
1.237842527262764808e-02
1.237827465035653933e-02
1.237805457704217911e-02
1.237780791057918606e-02
1.237769571722182639e-02
1.237753656286180205e-02
1.237742945183623912e-02
1.237739123321480485e-02
1.237735029845142380e-02
1.237736721815362213e-02
1.237742931859759851e-02
1.237745561476853717e-02
1.237748760970065233e-02
1.237754605972690540e-02
1.237761866997071948e-02
1.237768523310654560e-02
1.237776245212313109e-02
1.237787618173808064e-02
1.237795067337572538e-02
1.237813937621377175e-02
1.237831532987963140e-02
1.237848031463418923e-02
1.237866935297676600e-02
1.237890045138739618e-02
1.237915516995913984e-02
1.237950740155839557e-02
1.237986782332089683e-02
1.238019541540316681e-02
1.238062027650965388e-02
1.238096580122885482e-02
1.238140962556513909e-02
1.238194751798767090e-02
1.238237180279690153e-02
1.238284648070778031e-02
1.238329634894148185e-02
1.238382987980510795e-02
1.238437822905307829e-02
1.238494231972417543e-02
1.238555768961415240e-02
1.238625970314800005e-02
1.238691613301357540e-02
1.238761597299175253e-02
1.238841810332511929e-02
1.238924899875750926e-02
1.239005333314696124e-02
1.239094185188391144e-02
1.239182821953917733e-02
1.239266924110832800e-02
1.239356362234550826e-02
1.239449152835125391e-02
1.239543087522204483e-02
1.239641021776458595e-02
1.239737697487399218e-02
1.239834806304189463e-02
1.239933494239675235e-02
1.240038866902285278e-02
1.240143148131733590e-02
1.240253270832180829e-02
1.240363981066878660e-02
1.240480730543667455e-02
1.240598586703823940e-02
1.240721863589822754e-02
1.240841355374701013e-02
1.240966051493025586e-02
1.241091081189539709e-02
1.241222606189567104e-02
1.241355081357690439e-02
1.241488860659216431e-02
1.241634895347313271e-02
1.241778135395034920e-02
1.241928033201095474e-02
1.242083342422346630e-02
1.242237866819840067e-02
1.242393704821916946e-02
1.242558061107460615e-02
1.242725058728677556e-02
1.242890349289997240e-02
1.243068369117971902e-02
1.243248094079502097e-02
1.243435131113471495e-02
1.243625843447078438e-02
1.243816628339560262e-02
1.244006629531983765e-02
1.244204913512588460e-02
1.244401430877228355e-02
1.244597963331545674e-02
1.244799629326247964e-02
1.245001040080660933e-02
1.245198542769134636e-02
1.245410904937243983e-02
1.245620981982385918e-02
1.245837699127733643e-02
1.246056599460461725e-02
1.246274427944503091e-02
1.246496815919071084e-02
1.246721713114370272e-02
1.246946763614371380e-02
1.247169265243106007e-02
1.247398521749912455e-02
1.247630073492980891e-02
1.247870019270469651e-02
1.248105546180383607e-02
1.248344689957566964e-02
1.248589615168096273e-02
1.248834487885811147e-02
1.249089195862674445e-02
1.249336970453792002e-02
1.249600482936408762e-02
1.249854978213030959e-02
1.250113779184646931e-02
1.250374722248351160e-02
1.250636780744225629e-02
1.250901506420858990e-02
1.251163435851832505e-02
1.251436911855856142e-02
1.251715554228339730e-02
1.251997689861160216e-02
1.252284667193582016e-02
1.252573714861860039e-02
1.252869224684519459e-02
1.253164316009421596e-02
1.253466589218162584e-02
1.253770200752873237e-02
1.254075849554572505e-02
1.254392326323564011e-02
1.254707156391368476e-02
1.255032644105743764e-02
1.255357300282572766e-02
1.255685644842110919e-02
1.256011920430285048e-02
1.256341700515790048e-02
1.256680899449556105e-02
1.257015563373389301e-02
1.257357662816065841e-02
1.257690690633591658e-02
1.258041047581213122e-02
1.258392670376193810e-02
1.258740419217537973e-02
1.259091799694772411e-02
1.259455519113653228e-02
1.259821501502571099e-02
1.260192628508339033e-02
1.260557573802986893e-02
1.260934503351596354e-02
1.261304139609599126e-02
1.261681866182130796e-02
1.262056528747491219e-02
1.262437182958247098e-02
1.262818734844284654e-02
1.263207328232001693e-02
1.263599115012848176e-02
1.263990614849029581e-02
1.264391399973773672e-02
1.264795102864240198e-02
1.265206616268088266e-02
1.265623591814127660e-02
1.266040828780802888e-02
1.266459692302340789e-02
1.266880412255530150e-02
1.267298545051409597e-02
1.267722204923252098e-02
1.268146471913820551e-02
1.268573872741450559e-02
1.269005244080600135e-02
1.269441949861532110e-02
1.269879028068546592e-02
1.270323760996049101e-02
1.270775233471153204e-02
1.271226815988532946e-02
1.271681942493250485e-02
1.272139776872697851e-02
1.272599991407975112e-02
1.273063948504324881e-02
1.273527570176407643e-02
1.274000234498249770e-02
1.274474455866120813e-02
1.274956161071908768e-02
1.275438469624003493e-02
1.275924800939638899e-02
1.276412406771171987e-02
1.276908133417645717e-02
1.277405811769426192e-02
1.277902908205452714e-02
1.278405159451888318e-02
1.278910002751752414e-02
1.279423651761333811e-02
1.279934561352338331e-02
1.280451767833650119e-02
1.280966612860700432e-02
