1.450466825769945733e-02
1.449397621307021294e-02
1.448335352477250933e-02
1.447282124611703330e-02
1.446228957265394133e-02
1.445180997944693624e-02
1.444136730779126479e-02
1.443096670423012901e-02
1.442059593649304243e-02
1.441022413495251717e-02
1.439990269119744391e-02
1.438957615547885663e-02
1.437923473074337148e-02
1.436898969533614498e-02
1.435872835184022131e-02
1.434847541361572443e-02
1.433824214976223317e-02
1.432807078408691523e-02
1.431787150411350032e-02
1.430767290478086005e-02
1.429752975038133152e-02
1.428745923351555820e-02
1.427738784337483080e-02
1.426735414853273244e-02
1.425737811231153965e-02
1.424741163074572103e-02
1.423746395830237897e-02
1.422764073877687968e-02
1.421780235894134527e-02
1.420802106785059964e-02
1.419832898243844968e-02
1.418855377858782053e-02
1.417884157253547668e-02
1.416915790523703284e-02
1.415952347523521948e-02
1.414983874363292572e-02
1.414019607851988054e-02
1.413050378442070112e-02
1.412082364232776499e-02
1.411121263182649362e-02
1.410157929020780347e-02
1.409198277221807363e-02
1.408234922833349195e-02
1.407272690378466411e-02
1.406311986957394303e-02
1.405354784502031024e-02
1.404399603581867745e-02
1.403443662880389346e-02
1.402484162459776904e-02
1.401528048708592690e-02
1.400579138191545420e-02
1.399627987338974630e-02
1.398679351325635319e-02
1.397733008782747754e-02
1.396787503074847607e-02
1.395841551739875758e-02
1.394898564402833815e-02
1.393954340033293389e-02
1.393019548799062472e-02
1.392085530670010562e-02
1.391148381593405522e-02
1.390214764785563904e-02
1.389281655889845930e-02
1.388351001153592321e-02
1.387418532445468776e-02
1.386489562134598369e-02
1.385561724833768611e-02
1.384637287365702955e-02
1.383713470340228006e-02
1.382789847072633631e-02
1.381865814136347750e-02
1.380947971017878854e-02
1.380028074258513558e-02
1.379110510138550037e-02
1.378193887999731165e-02
1.377275694929167189e-02
1.376365757678010143e-02
1.375448407381987641e-02
1.374531278294215987e-02
1.373614499479596483e-02
1.372696957833620911e-02
1.371781704039600099e-02
1.370871675929321264e-02
1.369957964332447001e-02
1.369048316514146803e-02
1.368145771599681149e-02
1.367240601723443937e-02
1.366337017226515460e-02
1.365433286648666533e-02
1.364534198715105194e-02
1.363636477521057259e-02
1.362745148410716457e-02
1.361852504251034011e-02
1.360961452212856686e-02
1.360073642850057399e-02
1.359185052355654788e-02
1.358314081146606324e-02
1.357435602020357936e-02
1.356559431614767428e-02
1.355683693030799129e-02
1.354816079596051978e-02
1.353943179958324271e-02
1.353080480300474300e-02
1.352212063260135877e-02
1.351345891531703994e-02
1.350482554415243647e-02
1.349616916925606806e-02
1.348756073137561198e-02
1.347891219990097339e-02
1.347028538793022985e-02
1.346168441944013694e-02
1.345308674178396710e-02
1.344450389856501060e-02
1.343592307639966676e-02
1.342738154679136951e-02
1.341891007983994286e-02
1.341041401831947165e-02
1.340194130085115357e-02
1.339347681207292938e-02
1.338506571506850422e-02
1.337665533241583563e-02
1.336826994404813514e-02
1.335986725713099108e-02
1.335149703067861106e-02
1.334314441099036276e-02
1.333476445330127741e-02
1.332643644744549091e-02
1.331813234909683639e-02
1.330981275011776203e-02
1.330149193112220747e-02
1.329322607226374187e-02
1.328496077525497324e-02
1.327669124992593257e-02
1.326840708600442870e-02
1.326011035591319331e-02
1.325183376090971477e-02
1.324357487380331370e-02
1.323536848914291103e-02
1.322716334215712046e-02
1.321898019720535618e-02
1.321078635303012810e-02
1.320255326927225609e-02
1.319434652663333332e-02
1.318620371446319224e-02
1.317805879134348324e-02
1.316996414574498481e-02
1.316190848930469739e-02
1.315386406985829398e-02
1.314582352396421148e-02
1.313779606916800312e-02
1.312980358229148131e-02
1.312178549433231853e-02
1.311374357752498158e-02
1.310572265623807624e-02
1.309770988658759058e-02
1.308971212313979685e-02
1.308172749252728417e-02
1.307370691156076528e-02
1.306573156270520071e-02
1.305777778727261126e-02
1.304983643834997133e-02
1.304191878182629598e-02
1.303405956890781557e-02
1.302618666772549852e-02
1.301837619125477928e-02
1.301055537193383273e-02
1.300276082470458797e-02
1.299502708245453900e-02
1.298720356786034480e-02
1.297949281649978318e-02
1.297171329152607688e-02
1.296400593694823841e-02
1.295626699197002102e-02
1.294856844719538720e-02
1.294088162100009119e-02
1.293316995141660132e-02
1.292550338712656309e-02
1.291783345173836035e-02
1.291019849871740538e-02
1.290253317370726634e-02
1.289489569396797160e-02
1.288724584069312479e-02
1.287964196277611648e-02
1.287207937920634843e-02
1.286452951751894218e-02
1.285699007734072280e-02
1.284951226565282136e-02
1.284200556846949552e-02
1.283452925130178050e-02
1.282712736156041769e-02
1.281971278043710430e-02
1.281230125417084399e-02
1.280491451831837664e-02
1.279754036308320721e-02
1.279017180226570648e-02
1.278284036044957661e-02
1.277554105322538727e-02
1.276828802957372458e-02
1.276102543842441012e-02
1.275375985020829953e-02
1.274651931406741226e-02
1.273927215452127192e-02
1.273202791659354058e-02
1.272479252860113721e-02
1.271758518654018608e-02
1.271038076770292756e-02
1.270315032559311830e-02
1.269593078336737728e-02
1.268869891415934370e-02
1.268150334365212781e-02
1.267428933644851839e-02
1.266706808941027614e-02
1.265987393315900524e-02
1.265263480806349226e-02
1.264540909030696832e-02
1.263821055644393648e-02
1.263102326118007400e-02
1.262387113128593183e-02
1.261665904881884535e-02
1.260950712761173265e-02
1.260232367058392380e-02
1.259509936387277589e-02
1.258792205669119306e-02
1.258071721887459200e-02
1.257351694809336236e-02
1.256631300763098695e-02
1.255912867732822576e-02
1.255197099475382008e-02
1.254479104366810344e-02
1.253759459185951018e-02
1.253039054384305108e-02
1.252321637659861708e-02
1.251605185230022024e-02
1.250892977173300932e-02
1.250179919599842329e-02
1.249468821758117042e-02
1.248754112828142845e-02
1.248046684988620390e-02
1.247334060521011756e-02
1.246622012511189315e-02
1.245914451433025039e-02
1.245200312218640824e-02
1.244493568712045847e-02
1.243787355431033928e-02
1.243083083742036778e-02
1.242376121916703539e-02
1.241672338715883381e-02
1.240971303923238747e-02
1.240267420873701447e-02
1.239569302402027118e-02
1.238874168475928399e-02
1.238178165448616981e-02
1.237482879662572290e-02
1.236787817171649054e-02
1.236100178641528526e-02
1.235407713822534413e-02
1.234721260313683192e-02
1.234034205304602137e-02
1.233348521208775007e-02
1.232663185620286664e-02
1.231983381361773967e-02
1.231304491794563485e-02
1.230626182537822820e-02
1.229953851843414332e-02
1.229271476400172446e-02
1.228598166160954110e-02
1.227924466479633422e-02
1.227246657911234586e-02
1.226568721722691088e-02
1.225892862291145732e-02
1.225215821691014693e-02
1.224535398274139049e-02
1.223859901636967749e-02
1.223187704983843410e-02
1.222513032178852363e-02
1.221841044854871279e-02
1.221168609656419698e-02
1.220498856086294284e-02
1.219825995487359982e-02
1.219152500158799529e-02
1.218476723399423457e-02
1.217803776275636247e-02
1.217130995138301398e-02
1.216461361322425209e-02
1.215794450390695822e-02
1.215128803620778297e-02
1.214458746651818181e-02
1.213791796872195489e-02
1.213121911989770325e-02
1.212455574465786008e-02
1.211785897146690563e-02
1.211119494929727147e-02
1.210456456105561858e-02
1.209788367857930237e-02
1.209119614540789256e-02
1.208454639903634546e-02
1.207787844552413691e-02
1.207118357459571918e-02
1.206454791459865040e-02
1.205785609371142972e-02
1.205116771776547704e-02
1.204445955347329365e-02
1.203777351000621595e-02
1.203110405555267957e-02
1.202444368059020323e-02
1.201777545096900310e-02
1.201110478934126757e-02
1.200441061831704001e-02
1.199772780789363016e-02
1.199108394168045544e-02
1.198439179010455866e-02
1.197775753152115381e-02
1.197108152911075495e-02
1.196441426426574084e-02
1.195777656555692403e-02
1.195116816169116553e-02
1.194454799108752262e-02
1.193793365408899257e-02
1.193132014220687001e-02
1.192471726052096205e-02
1.191810444212188999e-02
1.191152116096388588e-02
1.190494659971313811e-02
1.189836865131137580e-02
1.189178260745816194e-02
1.188524588437639244e-02
1.187866813342466389e-02
1.187211574757870459e-02
1.186555297875039466e-02
1.185899317969904207e-02
1.185242849737120144e-02
1.184586585375511057e-02
1.183931408112796034e-02
1.183273706218612026e-02
1.182614299511927300e-02
1.181961546550378515e-02
1.181302611476379993e-02
1.180648315033456901e-02
1.179994494075903809e-02
1.179338137249887758e-02
1.178681730660041671e-02
1.178023790862644388e-02
1.177370387279149701e-02
1.176715910562739151e-02
1.176061881399742201e-02
1.175405747066205105e-02
1.174751007725194536e-02
1.174095878621024720e-02
1.173442327030267684e-02
1.172790386021791559e-02
1.172136431344011041e-02
1.171481776440983121e-02
1.170820408236751542e-02
1.170159814421927076e-02
1.169501499469462538e-02
1.168845251000173203e-02
1.168188106942471410e-02
1.167526363583172577e-02
1.166873618808576471e-02
1.166216600605206148e-02
1.165556106318041928e-02
1.164901200669521755e-02
1.164246521847749766e-02
1.163590269204719911e-02
1.162937311569353996e-02
1.162282217941979293e-02
1.161630181740111803e-02
1.160978818152592733e-02
1.160327781401067175e-02
1.159679011953850675e-02
1.159031550813779260e-02
1.158386661661079536e-02
1.157741562216065695e-02
1.157093793342890350e-02
1.156452362615851409e-02
1.155809261589935653e-02
1.155166424151790779e-02
1.154523234353623494e-02
1.153877029509468334e-02
1.153230758367049247e-02
1.152584269387477330e-02
1.151940690147207694e-02
1.151293163993100110e-02
1.150646899592877408e-02
1.149999638471297173e-02
1.149358702493046003e-02
1.148715528587198643e-02
1.148070626913277187e-02
1.147430582028641059e-02
1.146792039851144383e-02
1.146153897068516100e-02
1.145517661043221613e-02
1.144879778156208949e-02
1.144245369266120096e-02
1.143609732654185009e-02
1.142977687706552350e-02
1.142342833510448692e-02
1.141712222724292763e-02
1.141074721092429772e-02
1.140441254665070826e-02
1.139803897187786560e-02
1.139168855815470352e-02
1.138534541958243981e-02
1.137898212344843306e-02
1.137264360970179425e-02
1.136629191977718556e-02
1.135997377067403565e-02
1.135362946987554869e-02
1.134727983792610355e-02
1.134095836909390469e-02
1.133464073368190515e-02
1.132834163609924491e-02
1.132208289698276478e-02
1.131582114956249281e-02
1.130957838624074667e-02
1.130332529451633441e-02
1.129709770755747168e-02
1.129085395538026448e-02
1.128464641602113482e-02
1.127845030548742765e-02
1.127229833547098437e-02
1.126613656198001932e-02
1.125998677033510607e-02
1.125384124874786659e-02
1.124772693229264715e-02
1.124156932852905626e-02
1.123545392288807093e-02
1.122931213920658373e-02
1.122320942575019340e-02
1.121707983741764003e-02
1.121095815992878379e-02
1.120484065618051160e-02
1.119874084106589965e-02
1.119266120197380705e-02
1.118662239009106905e-02
1.118055338119519106e-02
1.117449593035016626e-02
1.116847509685500034e-02
1.116245589753980111e-02
1.115644631388079851e-02
1.115041867879376300e-02
1.114442911143143783e-02
1.113843054323701218e-02
1.113242431783389476e-02
1.112644317179584466e-02
1.112046714741907888e-02
1.111449320268882365e-02
1.110853228323976406e-02
1.110258696154086192e-02
1.109663772455223019e-02
1.109068911121676056e-02
1.108477584625348379e-02
1.107885773734319790e-02
1.107294915258787323e-02
1.106701219362034652e-02
1.106113995411909905e-02
1.105521638643771482e-02
1.104935667136879365e-02
1.104350388952509907e-02
1.103765621810569655e-02
1.103181576565222081e-02
1.102599556627493864e-02
1.102018647546875244e-02
1.101437449113664216e-02
1.100856144169803930e-02
1.100281148236160328e-02
1.099703418582697115e-02
1.099127833589781146e-02
1.098554207606220606e-02
1.097974472069084863e-02
1.097402421752859472e-02
1.096829348870190582e-02
1.096251184345064210e-02
1.095678434204912580e-02
1.095101455824754912e-02
1.094529043918119303e-02
1.093954186841614336e-02
1.093381354831935749e-02
1.092805095860179508e-02
1.092233161766576616e-02
1.091661678436957154e-02
1.091089262597373481e-02
1.090519302040953743e-02
1.089948905970756880e-02
1.089379197684849782e-02
1.088803134798636829e-02
1.088228026816111249e-02
1.087655669248367360e-02
1.087082424600220587e-02
1.086509484153551190e-02
1.085934881916014727e-02
1.085365318828121484e-02
1.084795670178546195e-02
1.084223929762559435e-02
1.083654490201334773e-02
1.083089693605454769e-02
1.082522981985024023e-02
1.081958253854542473e-02
1.081393917172769267e-02
1.080829684192396827e-02
