1.038831329736151880e-02
1.039097007507137210e-02
1.039359571587386392e-02
1.039615436412685834e-02
1.039874895149680428e-02
1.040137856698455585e-02
1.040396994298218442e-02
1.040659904237086104e-02
1.040923188929699164e-02
1.041179949503938038e-02
1.041429792584753350e-02
1.041685120602802925e-02
1.041944038760128297e-02
1.042204174124682081e-02
1.042462608609685815e-02
1.042726068519138870e-02
1.042988735578410583e-02
1.043245498801369589e-02
1.043498551087368616e-02
1.043756273146961323e-02
1.044011790668885990e-02
1.044271249566408946e-02
1.044535032699964346e-02
1.044797833158406068e-02
1.045067447007549596e-02
1.045340939866975724e-02
1.045608952364229273e-02
1.045888786098765275e-02
1.046163491108772353e-02
1.046453904392768627e-02
1.046740654818085689e-02
1.047030170747857529e-02
1.047331441215326557e-02
1.047636107823398874e-02
1.047948102877813321e-02
1.048266195044835099e-02
1.048587657587638292e-02
1.048923097024468537e-02
1.049253841564997368e-02
1.049585592779648212e-02
1.049929991632216064e-02
1.050270856369948762e-02
1.050618577198960193e-02
1.050975347981773951e-02
1.051328332620033237e-02
1.051693758055258048e-02
1.052054816553874006e-02
1.052425615760358216e-02
1.052797523496287052e-02
1.053169422082092521e-02
1.053549220996963590e-02
1.053934278824963759e-02
1.054324158928617201e-02
1.054715467173926620e-02
1.055119441116607500e-02
1.055522578786151876e-02
1.055928542399125168e-02
1.056334910463613275e-02
1.056742275811307051e-02
1.057155194641897639e-02
1.057577015980878249e-02
1.058001902209935660e-02
1.058425989247936509e-02
1.058846076237178295e-02
1.059275945190108446e-02
1.059715248000710035e-02
1.060157883222106676e-02
1.060606733143224997e-02
1.061059900237122308e-02
1.061519961708341439e-02
1.061989028105123425e-02
1.062474156500408350e-02
1.062961514796861677e-02
1.063441794429293569e-02
1.063939050591000690e-02
1.064430914520672969e-02
1.064927517090658200e-02
1.065427670952026444e-02
1.065933659461930708e-02
1.066439112930398642e-02
1.066955784049049803e-02
1.067468218178899662e-02
1.067987689395893600e-02
1.068501635383003849e-02
1.069034057877541952e-02
1.069563840400899676e-02
1.070099736491034355e-02
1.070649688294681573e-02
1.071190585007614909e-02
1.071742535310621011e-02
1.072291042036857024e-02
1.072851656704247592e-02
1.073408618465725162e-02
1.073977735122938655e-02
1.074548673938971639e-02
1.075129092363293938e-02
1.075701402814956652e-02
1.076275821005611734e-02
1.076851321238511856e-02
1.077427530766517441e-02
1.078005331292325973e-02
1.078584542301657540e-02
1.079170496631007628e-02
1.079756695605767203e-02
1.080341642699145753e-02
1.080931688096905402e-02
1.081532834119583800e-02
1.082133742239049096e-02
1.082746244046670948e-02
1.083360581417240967e-02
1.083984479302455874e-02
1.084608726658180082e-02
1.085240005883872719e-02
1.085869140288493219e-02
1.086496129631249127e-02
1.087137419975040854e-02
1.087787661948938674e-02
1.088444847100817486e-02
1.089102297204958859e-02
1.089758753798314092e-02
1.090430740157984080e-02
1.091108671770315945e-02
1.091779962560065695e-02
1.092453699161794779e-02
1.093134433200132309e-02
1.093820622477934511e-02
1.094512661012365246e-02
1.095194092546964912e-02
1.095877018200427412e-02
1.096570737708876114e-02
1.097270561072128357e-02
1.097976256727846260e-02
1.098692552962255743e-02
1.099417123557098162e-02
1.100151438953285085e-02
1.100885170186319609e-02
1.101630799389251639e-02
1.102378835957590862e-02
1.103129260066069636e-02
1.103878767717434393e-02
1.104632054369836247e-02
1.105399785535738331e-02
1.106165633541996915e-02
1.106942623348730441e-02
1.107729968687424897e-02
1.108517694639154540e-02
1.109315375604278189e-02
1.110112215721203652e-02
1.110903349853172711e-02
1.111699315410918411e-02
1.112496138511824724e-02
1.113292190594423157e-02
1.114102887369541363e-02
1.114906247671893121e-02
1.115701815440056123e-02
1.116512118117746546e-02
1.117312438331672340e-02
1.118124161686444296e-02
1.118938474847245429e-02
1.119759202886787437e-02
1.120581146448008589e-02
1.121402383523372771e-02
1.122233075886960862e-02
1.123065141571727779e-02
1.123897666689015369e-02
1.124730964108838424e-02
1.125573414702278965e-02
1.126409250237959438e-02
1.127243040159170775e-02
1.128086518134907568e-02
1.128923808058651147e-02
1.129765650570195047e-02
1.130607683548785075e-02
1.131447108340834576e-02
1.132287343881991509e-02
1.133136554329884638e-02
1.133975194860026639e-02
1.134827284386276738e-02
1.135673228962431197e-02
1.136524711048898621e-02
1.137373392876494561e-02
1.138234427691975532e-02
1.139091506925087385e-02
1.139953962578178423e-02
1.140822522326865804e-02
1.141704643521864078e-02
1.142581288287637664e-02
1.143463496970659535e-02
1.144353587120650398e-02
1.145249152415638016e-02
1.146153233586162321e-02
1.147059657830436230e-02
1.147976179958454593e-02
1.148895969322703825e-02
1.149827145614422397e-02
1.150750836141884760e-02
1.151689256441962989e-02
1.152620442846976137e-02
1.153561084219156124e-02
1.154501776799922615e-02
1.155456988379405768e-02
1.156419002995503695e-02
1.157390189727580156e-02
1.158368473102868237e-02
1.159345209465158059e-02
1.160322070879136677e-02
1.161307424089379550e-02
1.162303643633219065e-02
1.163305446518253169e-02
1.164308067938026395e-02
1.165316753481803261e-02
1.166332349295222219e-02
1.167352624995529088e-02
1.168372894114168108e-02
1.169393567764586382e-02
1.170417834684585844e-02
1.171447585257591809e-02
1.172473015527513394e-02
1.173505399570295808e-02
1.174541026288451057e-02
1.175579152756156022e-02
1.176621563889621719e-02
1.177664675408862313e-02
1.178714038228318925e-02
1.179772018056256949e-02
1.180831266861859588e-02
1.181885946063642411e-02
1.182942676979976612e-02
1.183987471158784270e-02
1.185032378831230027e-02
1.186067197770054871e-02
1.187100368402408020e-02
1.188125732534594213e-02
1.189165714229986279e-02
1.190213487496396237e-02
1.191255772454473741e-02
1.192294346796648509e-02
1.193336472028884605e-02
1.194377220408315322e-02
1.195410683363037387e-02
1.196457958349033714e-02
1.197494395414975057e-02
1.198532421070792192e-02
1.199580480720017182e-02
1.200637728217012271e-02
1.201694674080986368e-02
1.202763189232787348e-02
1.203822125649960453e-02
1.204898291107713709e-02
1.205985548762640233e-02
1.207065817970553144e-02
1.208158274500955795e-02
1.209257149762782944e-02
1.210348443103792179e-02
1.211454462364733656e-02
1.212565223476557916e-02
1.213690080112958709e-02
1.214815983395073871e-02
1.215947256836557439e-02
1.217080164136949069e-02
1.218215385776491577e-02
1.219353767579765997e-02
1.220498108039830450e-02
1.221651917433039941e-02
1.222810431755580983e-02
1.223979812090661597e-02
1.225145240214471111e-02
1.226314999717830444e-02
1.227486263212554558e-02
1.228658650246136630e-02
1.229840919573709467e-02
1.231035874664714383e-02
1.232227977164562088e-02
1.233422993898504634e-02
1.234614973433533977e-02
1.235819493132660207e-02
1.237025235577247397e-02
1.238232909018966398e-02
1.239453798289170613e-02
1.240666643637580377e-02
1.241904132997765156e-02
1.243148302269217811e-02
1.244389804680969165e-02
1.245641026289771684e-02
1.246889096884966006e-02
1.248154355585977086e-02
1.249428904712459286e-02
1.250716574152978960e-02
1.252007098110997398e-02
1.253302501011223889e-02
1.254601743431725709e-02
1.255898632665183694e-02
1.257203712061884769e-02
1.258501988100914175e-02
1.259799404830969950e-02
1.261102177754415930e-02
1.262410453112700927e-02
1.263724559186574226e-02
1.265031056370844245e-02
1.266343652674327587e-02
1.267659219075818050e-02
1.268987567236773591e-02
1.270317017425770523e-02
1.271644802934390403e-02
1.272974436286387206e-02
1.274315653373774698e-02
1.275666145475898815e-02
1.277012947509766072e-02
1.278361036661016317e-02
1.279716124533102940e-02
1.281074416072140731e-02
1.282418364391151554e-02
1.283775683127577442e-02
1.285126457599304606e-02
1.286484256476425753e-02
1.287836048056626229e-02
1.289194714590202046e-02
1.290545025455668016e-02
1.291908219213543964e-02
1.293277226831517426e-02
1.294654203243954943e-02
1.296029020548285400e-02
1.297415807337953114e-02
1.298805290845620082e-02
1.300201694896751907e-02
1.301604522655691078e-02
1.303010842390738347e-02
1.304421609406900689e-02
1.305842784126781328e-02
1.307261709521547084e-02
1.308681014084591560e-02
1.310108907724161394e-02
1.311541879040202183e-02
1.312972333911731002e-02
1.314409511555632640e-02
1.315843758109948650e-02
1.317282411331673411e-02
1.318715647840769389e-02
1.320149329816408014e-02
1.321579605056563342e-02
1.323022264908715016e-02
1.324475188470535143e-02
1.325928843079070447e-02
1.327385900249348182e-02
1.328834802412120694e-02
1.330291335135841933e-02
1.331766390920251231e-02
1.333241918176817503e-02
1.334722749936602219e-02
1.336201545071512981e-02
1.337685676815339106e-02
1.339176328423534457e-02
1.340673574702372535e-02
1.342178405149427496e-02
1.343689795271915850e-02
1.345187400813500737e-02
1.346694385713336807e-02
1.348214786139091854e-02
1.349733351563748955e-02
1.351253818608824826e-02
1.352789834924426546e-02
1.354324910061527852e-02
1.355871573268288728e-02
1.357431385042100376e-02
1.358989472579467603e-02
1.360550251216336923e-02
1.362117143580511731e-02
1.363689963619479223e-02
1.365265889884607897e-02
1.366850781986613667e-02
1.368431995337620471e-02
1.370035134150529403e-02
1.371623068829152560e-02
1.373222059505775985e-02
1.374834616444564964e-02
1.376450196054439419e-02
1.378073513939875178e-02
1.379699864609691164e-02
1.381346471485970367e-02
1.382995380982821217e-02
1.384650609924229295e-02
1.386313895629710455e-02
1.387983247225008966e-02
1.389655536652089143e-02
1.391343409702790884e-02
1.393034201562649149e-02
1.394745176588510494e-02
1.396444545404993721e-02
1.398165687181319311e-02
1.399889624480925819e-02
1.401620841185423003e-02
1.403364183489207682e-02
1.405108076325427453e-02
1.406859235403202027e-02
1.408626020082796512e-02
1.410397380225500256e-02
1.412187444264229041e-02
1.413974150528662412e-02
1.415789691962789955e-02
1.417605500997900017e-02
1.419429277462982107e-02
1.421256283119044089e-02
1.423100767357214289e-02
1.424947114367910647e-02
1.426800785249887280e-02
1.428653316379628960e-02
1.430511002078985183e-02
1.432388294566823775e-02
1.434258784018047593e-02
1.436143188078246695e-02
1.438030368157515969e-02
1.439938236826719675e-02
1.441842602924935622e-02
1.443757372392600810e-02
1.445684369956990595e-02
1.447619260546399896e-02
1.449558174461198709e-02
1.451507661102997143e-02
1.453462194599797544e-02
1.455415027136783626e-02
1.457381576993238559e-02
1.459346818703078849e-02
1.461315588507936143e-02
1.463304660992252940e-02
1.465288327840406218e-02
1.467279921585089471e-02
1.469282244893100817e-02
1.471292631386324906e-02
1.473310743794416927e-02
1.475334183179715167e-02
1.477360059226869027e-02
1.479392231843271177e-02
1.481431936937718449e-02
1.483478655200565731e-02
1.485542775393170270e-02
1.487617354016494003e-02
1.489695285277201769e-02
1.491761884832238511e-02
1.493853611108201043e-02
1.495958420616121456e-02
1.498069341764476925e-02
1.500190521806646186e-02
1.502326347825562805e-02
1.504468744435849721e-02
1.506618246678943437e-02
1.508772654672501691e-02
1.510953492236160461e-02
1.513138977420482034e-02
1.515337820661525649e-02
1.517558942687664142e-02
1.519779328530175902e-02
1.522008849567114963e-02
1.524256603910828858e-02
1.526495228839140975e-02
1.528747640274698283e-02
1.530996499857023053e-02
1.533278014304049856e-02
1.535550487305283908e-02
1.537848733315119731e-02
1.540149417592095657e-02
1.542452175254968583e-02
1.544760191830970436e-02
1.547070751499212554e-02
1.549383668688767736e-02
1.551702698802985732e-02
1.554040569021647271e-02
1.556377740459818915e-02
1.558718205139835757e-02
1.561065910457113889e-02
1.563423282960214877e-02
1.565786111344894330e-02
1.568154604779766967e-02
1.570527926590375295e-02
1.572905395172776929e-02
1.575276214986436746e-02
1.577677199707486211e-02
1.580075669428780347e-02
1.582469349461703215e-02
1.584869118500545002e-02
1.587285147148453576e-02
1.589711004313310722e-02
1.592141846529703669e-02
1.594587352220449075e-02
1.597050916081393240e-02
1.599516125519824875e-02
1.601986734173280191e-02
1.604453289161462959e-02
1.606941182398353984e-02
1.609433423709757255e-02
1.611935396418376354e-02
1.614455964104444599e-02
1.616962673527035099e-02
1.619495503502394948e-02
1.622025918968829708e-02
1.624569444475479352e-02
1.627118544975842199e-02
1.629674805207111110e-02
1.632226563738109135e-02
1.634788217726433276e-02
1.637362185212635698e-02
