1.852176750373518352e-02
1.848130286168033973e-02
1.844113838541618436e-02
1.840117685728764885e-02
1.836140292113997916e-02
1.832186162287100656e-02
1.828257480960472983e-02
1.824349432359866074e-02
1.820457453302599601e-02
1.816582422682122555e-02
1.812727634944243105e-02
1.808890574527356049e-02
1.805078740118260666e-02
1.801280941998729956e-02
1.797500532164034159e-02
1.793736476810737362e-02
1.789987229567955793e-02
1.786254826739505988e-02
1.782538868288406630e-02
1.778841201255391621e-02
1.775151271695294894e-02
1.771479465961545499e-02
1.767823836683107136e-02
1.764181577501025902e-02
1.760559861791128472e-02
1.756948549771736312e-02
1.753364820719598496e-02
1.749797755808305336e-02
1.746249000133758347e-02
1.742705630671427877e-02
1.739188094255349898e-02
1.735680926534568028e-02
1.732186598363504373e-02
1.728715902232652243e-02
1.725252737777202561e-02
1.721799816162717170e-02
1.718363465261498954e-02
1.714946607655123273e-02
1.711544933795914811e-02
1.708148182863718223e-02
1.704774394407427771e-02
1.701411387365164840e-02
1.698068595193279184e-02
1.694733323780858725e-02
1.691417350781701523e-02
1.688110625507438164e-02
1.684818819268872267e-02
1.681530979047026267e-02
1.678259603108062797e-02
1.674998791709145576e-02
1.671753721893876402e-02
1.668516415878196907e-02
1.665287645161999883e-02
1.662063896258361359e-02
1.658851828209845225e-02
1.655651228476738915e-02
1.652455203644891818e-02
1.649268679049243486e-02
1.646095200924529295e-02
1.642926053055665178e-02
1.639764664491592805e-02
1.636623364301452790e-02
1.633488564872791898e-02
1.630366001246221982e-02
1.627248298261612519e-02
1.624151482601198654e-02
1.621063810803749852e-02
1.617992615168290654e-02
1.614934621395338124e-02
1.611883818816873398e-02
1.608845963984325070e-02
1.605811159192968574e-02
1.602790805817836187e-02
1.599776931693366183e-02
1.596773971097866299e-02
1.593785429010250929e-02
1.590806432909452547e-02
1.587842654427331149e-02
1.584890181805793941e-02
1.581942607389882557e-02
1.579007027180693787e-02
1.576078834492328565e-02
1.573156655843080051e-02
1.570240281422219733e-02
1.567334151287080174e-02
1.564433821046059755e-02
1.561543271163442353e-02
1.558660124533440064e-02
1.555789253195535501e-02
1.552925493911576534e-02
1.550075881039722318e-02
1.547233088059973317e-02
1.544397236171334356e-02
1.541568412701301016e-02
1.538747175486354125e-02
1.535938620984796978e-02
1.533140413025605060e-02
1.530355748373004449e-02
1.527578681694069865e-02
1.524810752456960510e-02
1.522054982931440696e-02
1.519308077307209882e-02
1.516572189876520642e-02
1.513844199644590917e-02
1.511126695133221780e-02
1.508410805377871124e-02
1.505705369879498275e-02
1.503013354883426730e-02
1.500325472532641584e-02
1.497645651601254950e-02
1.494971258619490553e-02
1.492306493333540873e-02
1.489649985151211657e-02
1.486995612639830690e-02
1.484350578551936646e-02
1.481715633518719891e-02
1.479084582264405916e-02
1.476468790526703177e-02
1.473859527161378892e-02
1.471257223187412248e-02
1.468656667689690644e-02
1.466063117173416024e-02
1.463481257304501473e-02
1.460900539756277219e-02
1.458328339367817236e-02
1.455762179024087943e-02
1.453201014166245579e-02
1.450646406415380223e-02
1.448094014118119464e-02
1.445548447652517630e-02
1.443003079600121800e-02
1.440463013803545446e-02
1.437928466815712944e-02
1.435401207821044092e-02
1.432885440418415340e-02
1.430376270254884487e-02
1.427869159511272260e-02
1.425366614839852601e-02
1.422873000207457335e-02
1.420380965175342507e-02
1.417891689306806889e-02
1.415414607502956355e-02
1.412941649996911180e-02
1.410483617305588640e-02
1.408035969683467566e-02
1.405591996558340148e-02
1.403156762122284573e-02
1.400733753856610656e-02
1.398319152307104032e-02
1.395910723880441212e-02
1.393508499558619718e-02
1.391116251439951206e-02
1.388729663876677942e-02
1.386357570109148299e-02
1.383988191199336457e-02
1.381627299590990759e-02
1.379270086653379412e-02
1.376921537598566232e-02
1.374578620846135003e-02
1.372236762779054271e-02
1.369904152276338848e-02
1.367578813553410426e-02
1.365262943763626176e-02
1.362952319081521188e-02
1.360648113772954144e-02
1.358353040769300947e-02
1.356063116395708236e-02
1.353782930161527044e-02
1.351509722421592903e-02
1.349248608094984550e-02
1.346994206587982454e-02
1.344748184025719960e-02
1.342510424185574744e-02
1.340279415852400381e-02
1.338056332489413400e-02
1.335838825564895915e-02
1.333628556067069891e-02
1.331420657414420818e-02
1.329223450119320152e-02
1.327032403586370264e-02
1.324849647065379568e-02
1.322675479460385349e-02
1.320502869784326121e-02
1.318342293162882810e-02
1.316183923487034696e-02
1.314035534990722412e-02
1.311894074261656454e-02
1.309755396614913775e-02
1.307623165952608371e-02
1.305496239632992356e-02
1.303373279651153828e-02
1.301260825134879437e-02
1.299160048263157778e-02
1.297061635494416859e-02
1.294972321480136572e-02
1.292884949218396293e-02
1.290807595699857216e-02
1.288737654262999896e-02
1.286667722136794652e-02
1.284604860808714541e-02
1.282547544776578216e-02
1.280496299610641570e-02
1.278449686815161419e-02
1.276407657268421696e-02
1.274375863338864968e-02
1.272348371251616657e-02
1.270326126358917694e-02
1.268311972583387008e-02
1.266308286228169655e-02
1.264310503307943326e-02
1.262325059570151495e-02
1.260346468632803953e-02
1.258376548962564755e-02
1.256413610194499937e-02
1.254457982696228872e-02
1.252510320139737718e-02
1.250567227508122756e-02
1.248630695033526271e-02
1.246705349146850356e-02
1.244785139850598799e-02
1.242871265329374003e-02
1.240964509604291187e-02
1.239064366368512402e-02
1.237172498536600988e-02
1.235287291673595536e-02
1.233413607545156068e-02
1.231545434520093379e-02
1.229683658715637930e-02
1.227825319665491743e-02
1.225975123262156886e-02
1.224127983642210246e-02
1.222291743745783886e-02
1.220456396708784370e-02
1.218626407470459715e-02
1.216798114215566010e-02
1.214973934663597828e-02
1.213163454130850201e-02
1.211359891733639581e-02
1.209557346123845377e-02
1.207763754311290925e-02
1.205972241342601579e-02
1.204189046799413257e-02
1.202413456169444846e-02
1.200644220380563815e-02
1.198881087724107918e-02
1.197119584431762147e-02
1.195365084033993101e-02
1.193614502297041594e-02
1.191870094003990958e-02
1.190133129737790119e-02
1.188400322677733885e-02
1.186673787947124629e-02
1.184949375403070854e-02
1.183232654581317482e-02
1.181519638756969859e-02
1.179811656784816691e-02
1.178108939665345987e-02
1.176407972466877137e-02
1.174715138444039179e-02
1.173026140730906546e-02
1.171338762910703775e-02
1.169661774012385920e-02
1.167986060833928717e-02
1.166316233271801062e-02
1.164648876082510082e-02
1.162990489224893093e-02
1.161336685937073426e-02
1.159687698664295732e-02
1.158050790838865626e-02
1.156410732481412927e-02
1.154780773452460281e-02
1.153158223776205166e-02
1.151540253174950131e-02
1.149927384168909425e-02
1.148319974897130807e-02
1.146715407140043615e-02
1.145121753714568695e-02
1.143526205089814320e-02
1.141939177959092923e-02
1.140352952668148220e-02
1.138773963680195407e-02
1.137198197462082824e-02
1.135627929184011495e-02
1.134066986326620098e-02
1.132508020377506405e-02
1.130952416376428474e-02
1.129405950780346980e-02
1.127862220429100455e-02
1.126324612955282613e-02
1.124792539058828977e-02
1.123265140875522733e-02
1.121740755811856914e-02
1.120224050270326836e-02
1.118709408964569524e-02
1.117199789310842177e-02
1.115694204861611416e-02
1.114190798462848762e-02
1.112690186704460259e-02
1.111192153675635320e-02
1.109698595378295731e-02
1.108209977345044582e-02
1.106729321524588944e-02
1.105253142843545984e-02
1.103779096783410150e-02
1.102310024537815972e-02
1.100847264031411255e-02
1.099394768839958951e-02
1.097948368754507291e-02
1.096503874543479536e-02
1.095065985919030892e-02
1.093632999995005316e-02
1.092204479893134524e-02
1.090778675451623686e-02
1.089359200487700040e-02
1.087943109303685964e-02
1.086532052533716042e-02
1.085126588014271448e-02
1.083721825325357872e-02
1.082326277533263159e-02
1.080932222335010719e-02
1.079542021907239219e-02
1.078158575554894437e-02
1.076773469980141403e-02
1.075394082028659389e-02
1.074013654735509089e-02
1.072640402503734214e-02
1.071268816637885139e-02
1.069902914925118485e-02
1.068539649170319704e-02
1.067181433160035130e-02
1.065824922925419360e-02
1.064471743335785106e-02
1.063124362516570595e-02
1.061779120578873990e-02
1.060440075602500989e-02
1.059102460052011897e-02
1.057769716942326757e-02
1.056436962114062211e-02
1.055112338856143903e-02
1.053788584779700825e-02
1.052467749271621469e-02
1.051147655726194195e-02
1.049832975763089621e-02
1.048523226994214214e-02
1.047216931353553426e-02
1.045913998062249738e-02
1.044616622828904370e-02
1.043321285745453172e-02
1.042031203321126115e-02
1.040745055770993244e-02
1.039463799764554081e-02
1.038185686504506169e-02
1.036912556369651815e-02
1.035644120408720295e-02
1.034377322801494255e-02
1.033114601574320994e-02
1.031852493565955931e-02
1.030592242631355425e-02
1.029334057939134024e-02
1.028081319095460605e-02
1.026830266924566235e-02
1.025584752986362543e-02
1.024342286681423353e-02
1.023105883697844956e-02
1.021871048917024835e-02
1.020639111595072687e-02
1.019409528824656401e-02
1.018185081761757531e-02
1.016961526354321840e-02
1.015744577817693194e-02
1.014528211196818325e-02
1.013316127154833754e-02
1.012106115294781998e-02
1.010900112794141381e-02
1.009694566675979968e-02
1.008492180320229130e-02
1.007296217592021197e-02
1.006103319192040019e-02
1.004914309915635497e-02
1.003729180291627020e-02
1.002547376175688676e-02
1.001371094159328110e-02
1.000196907039680935e-02
9.990266130568225753e-03
9.978598787930918410e-03
9.966984852317525498e-03
9.955419665994086342e-03
9.943900853139042359e-03
9.932400812484891081e-03
9.920953645097443929e-03
9.909513931047499516e-03
9.898078479028798657e-03
9.886699692762231789e-03
9.875351853176766309e-03
9.864015240150816183e-03
9.852738422379788905e-03
9.841461195261129447e-03
9.830240292771573116e-03
9.819031185915006246e-03
9.807866384117319702e-03
9.796725485010869192e-03
9.785599832097166204e-03
9.774489260834514498e-03
9.763392014238658073e-03
9.752312331866856004e-03
9.741284203217619175e-03
9.730292892578781480e-03
9.719316531957638075e-03
9.708351227735816796e-03
9.697413760758366238e-03
9.686527589855265657e-03
9.675631573740255467e-03
9.664791461669722250e-03
9.653960274982888515e-03
9.643144161920681051e-03
9.632333583077952108e-03
9.621558563702307595e-03
9.610804551084052225e-03
9.600086695098840328e-03
9.589404960430406369e-03
9.578746344271565211e-03
9.568128788088306816e-03
9.557496083634674233e-03
9.546904772253228533e-03
9.536325016514687197e-03
9.525760846486637165e-03
9.515219475516496078e-03
9.504703548311035227e-03
9.494221897147429867e-03
9.483741461987091337e-03
9.473268719351694497e-03
9.462851143132390910e-03
9.452444235636120809e-03
9.442058781969065590e-03
9.431666802819144504e-03
9.421334723267662734e-03
9.410992780043493308e-03
9.400689834003890522e-03
9.390389047875036255e-03
9.380112881999740082e-03
9.369872218603917530e-03
9.359663505994863034e-03
9.349482941252798898e-03
9.339297163348223713e-03
9.329129627097903360e-03
9.318977394027941341e-03
9.308874509019179205e-03
9.298799808798956582e-03
9.288718626438560375e-03
9.278654397491335748e-03
9.268608496081104375e-03
9.258613567280327486e-03
9.248626034026799850e-03
9.238680905977547306e-03
9.228748053541449212e-03
9.218845259261298011e-03
9.208974577099042144e-03
9.199121024931290747e-03
9.189319151698323654e-03
9.179514782247434959e-03
9.169744424769045096e-03
9.159983162834547943e-03
9.150255432892384633e-03
9.140559343515698015e-03
9.130888231969764776e-03
9.121259568569477574e-03
9.111656276696052451e-03
9.102081419634280163e-03
9.092535974601308191e-03
9.083008758781631331e-03
9.073509847745537399e-03
9.063981131787180595e-03
9.054505801181389479e-03
9.045006367625080951e-03
9.035529322173762104e-03
9.026095059971300100e-03
9.016644735690070370e-03
9.007190967671543577e-03
8.997785535582124988e-03
8.988383202093764429e-03
8.978989641487043760e-03
8.969612058280312938e-03
8.960269737964293713e-03
8.950956027034655260e-03
8.941674313445046110e-03
8.932378744642000337e-03
8.923114203988264867e-03
8.913857296062612651e-03
8.904626101589492582e-03
8.895394573217123985e-03
8.886206477030008169e-03
8.877041685966848006e-03
8.867899571558625349e-03
8.858753798706259577e-03
8.849606742428664866e-03
8.840501110124989598e-03
8.831420871420841284e-03
8.822330439960616305e-03
8.813276357767615976e-03
8.804223964735586466e-03
