1.525656156378951168e-02
1.524232735864410222e-02
1.522818256786424157e-02
1.521409334883494675e-02
1.520003517922501220e-02
1.518604265292272486e-02
1.517208751691491442e-02
1.515816545780121656e-02
1.514429873767178178e-02
1.513049645528108042e-02
1.511676825839099701e-02
1.510313728878777233e-02
1.508956869573754855e-02
1.507603270762769392e-02
1.506258614030452601e-02
1.504920044377717862e-02
1.503578390491221335e-02
1.502243959423330694e-02
1.500915848040795288e-02
1.499589872329210039e-02
1.498269727975331742e-02
1.496957073880513661e-02
1.495639646150168957e-02
1.494330675220886112e-02
1.493022763137483166e-02
1.491716103818368708e-02
1.490414266132797545e-02
1.489106752160034713e-02
1.487801569381915455e-02
1.486502270614846119e-02
1.485203365463619307e-02
1.483910845974954588e-02
1.482622071615819978e-02
1.481334552428901011e-02
1.480052155063790384e-02
1.478777373009428596e-02
1.477505538418560395e-02
1.476239558140972352e-02
1.474973108799154317e-02
1.473715601857061852e-02
1.472459499539203846e-02
1.471205614601294245e-02
1.469960892629247097e-02
1.468706233783516509e-02
1.467456993897817835e-02
1.466207959006993189e-02
1.464954743954447088e-02
1.463705236949351153e-02
1.462453594754890493e-02
1.461205023309798852e-02
1.459956935858086266e-02
1.458707681524823961e-02
1.457465666223544537e-02
1.456217538479182352e-02
1.454977922597152154e-02
1.453737267132659827e-02
1.452496553877913495e-02
1.451262592451200983e-02
1.450025435705015915e-02
1.448789924536319530e-02
1.447564666964005695e-02
1.446336920718605326e-02
1.445110980097592292e-02
1.443888571745339383e-02
1.442667910264048767e-02
1.441448230253908856e-02
1.440233343945355841e-02
1.439015386566376911e-02
1.437803291687630991e-02
1.436588271177265466e-02
1.435374445640934422e-02
1.434158447351573280e-02
1.432949479407165730e-02
1.431735588375213086e-02
1.430525617769894987e-02
1.429319561651657376e-02
1.428111050731843690e-02
1.426902759254467315e-02
1.425695290967156706e-02
1.424488204416580854e-02
1.423282119403216153e-02
1.422080907231980905e-02
1.420878043062117832e-02
1.419680061847678615e-02
1.418484053688835560e-02
1.417288972260930154e-02
1.416098635733952470e-02
1.414909452283075013e-02
1.413728401365721768e-02
1.412548962956989423e-02
1.411367946713788617e-02
1.410193257540253396e-02
1.409021787283877732e-02
1.407846919121082813e-02
1.406673530228267494e-02
1.405505347274185746e-02
1.404336951298805827e-02
1.403170741881905326e-02
1.402002678200487198e-02
1.400839129703736370e-02
1.399674063249641692e-02
1.398512547204025860e-02
1.397349069981921980e-02
1.396184211412213744e-02
1.395023016744622799e-02
1.393866901679848697e-02
1.392706993166470918e-02
1.391552114973665551e-02
1.390398787325486385e-02
1.389240855559859683e-02
1.388087941433055125e-02
1.386938850131566765e-02
1.385784452882099158e-02
1.384632458101922071e-02
1.383478714845498038e-02
1.382324099919406135e-02
1.381172975203611916e-02
1.380024859112663482e-02
1.378873113312164937e-02
1.377729500526776035e-02
1.376586216985307629e-02
1.375446308555213805e-02
1.374306166877232831e-02
1.373168370038816560e-02
1.372030510112706193e-02
1.370889728407659845e-02
1.369746575857434291e-02
1.368611279250155251e-02
1.367476052312238156e-02
1.366336095242013694e-02
1.365198238687001346e-02
1.364059653974786061e-02
1.362919673146346065e-02
1.361780896442063918e-02
1.360636484224824957e-02
1.359495180160091854e-02
1.358352393293752770e-02
1.357215141610067927e-02
1.356073005365674225e-02
1.354934986997950210e-02
1.353796085241979093e-02
1.352661580682239587e-02
1.351522814733365982e-02
1.350384592815524233e-02
1.349248610912147373e-02
1.348116834694520691e-02
1.346985615831790273e-02
1.345847888662736122e-02
1.344716546674658633e-02
1.343584404452088585e-02
1.342453784200074718e-02
1.341322754118841505e-02
1.340196462196339804e-02
1.339067641308102317e-02
1.337939319342392949e-02
1.336804907407588769e-02
1.335677357583887025e-02
1.334547220843666782e-02
1.333419448366957721e-02
1.332293389692343170e-02
1.331164836244559842e-02
1.330034024000479285e-02
1.328907187565360123e-02
1.327777460012245433e-02
1.326648880077262345e-02
1.325522349127847971e-02
1.324394967056411951e-02
1.323271551804342146e-02
1.322144221583606422e-02
1.321023085033366101e-02
1.319902437773944580e-02
1.318782167756460573e-02
1.317661371687134549e-02
1.316546188496249027e-02
1.315430320490851117e-02
1.314315365250412655e-02
1.313199443628501085e-02
1.312087196022001211e-02
1.310972395209964413e-02
1.309855417631685531e-02
1.308734153140243481e-02
1.307617207346604450e-02
1.306498442925771095e-02
1.305383574852299507e-02
1.304268265646554154e-02
1.303150885623366104e-02
1.302036452582086036e-02
1.300922306565735140e-02
1.299814651518631757e-02
1.298707188784652307e-02
1.297601688029803232e-02
1.296490497021784635e-02
1.295385309618536131e-02
1.294281454280647552e-02
1.293174563991241616e-02
1.292071663958360705e-02
1.290970605989832931e-02
1.289868558042144703e-02
1.288769906556119435e-02
1.287670025421907248e-02
1.286575778516423942e-02
1.285479303796640584e-02
1.284389021463124871e-02
1.283293867090121859e-02
1.282203459544388642e-02
1.281112360923532083e-02
1.280018711665594465e-02
1.278926773641295492e-02
1.277839228639487609e-02
1.276747458688511257e-02
1.275660304894618742e-02
1.274568491922008738e-02
1.273483402042834174e-02
1.272396324178914385e-02
1.271311059323692282e-02
1.270223041404970783e-02
1.269138004018610308e-02
1.268052909163052723e-02
1.266967966327969299e-02
1.265887022096891940e-02
1.264809112175217798e-02
1.263728362183606097e-02
1.262647402862851313e-02
1.261569029816501063e-02
1.260494310880030597e-02
1.259411927992680306e-02
1.258334595652491408e-02
1.257262435379526144e-02
1.256188038463194184e-02
1.255119804395888813e-02
1.254053211090217640e-02
1.252989357845238523e-02
1.251933908747978469e-02
1.250875188882858390e-02
1.249816378800730314e-02
1.248757003497810540e-02
1.247698090035338769e-02
1.246635427751181975e-02
1.245579216625208700e-02
1.244519323617928122e-02
1.243467996410549913e-02
1.242411861375077899e-02
1.241358499148109001e-02
1.240306634009781007e-02
1.239257682623964851e-02
1.238212216472063185e-02
1.237169465819995713e-02
1.236124687532647731e-02
1.235081111924701304e-02
1.234042907278770120e-02
1.232999093767610417e-02
1.231962213481671738e-02
1.230918131887943912e-02
1.229880545276675757e-02
1.228840079587048550e-02
1.227799459950605111e-02
1.226765154220491559e-02
1.225730712683280495e-02
1.224696433440366702e-02
1.223659965552103233e-02
1.222632892432832900e-02
1.221604108400980992e-02
1.220578166044351473e-02
1.219556645123754703e-02
1.218533781542918346e-02
1.217516535014263185e-02
1.216493613964229718e-02
1.215474549611022560e-02
1.214457630560474531e-02
1.213443331334784249e-02
1.212433043555378662e-02
1.211421907061878758e-02
1.210414943185261424e-02
1.209412948307335596e-02
1.208412322737377649e-02
1.207414961514140413e-02
1.206422003908274275e-02
1.205428648191767850e-02
1.204439518869186362e-02
1.203453313572939651e-02
1.202467242639033811e-02
1.201485247523335041e-02
1.200503633341728528e-02
1.199527319971189707e-02
1.198548576680989741e-02
1.197572391091124289e-02
1.196598145487987042e-02
1.195627871359541960e-02
1.194658810665907150e-02
1.193694083759752611e-02
1.192730035086442958e-02
1.191769110136901844e-02
1.190808506083800185e-02
1.189854554170543914e-02
1.188897314152351399e-02
1.187946934639976318e-02
1.187001118952399521e-02
1.186053234052664683e-02
1.185106814617459779e-02
1.184160853651604860e-02
1.183216823361826243e-02
1.182274897439943365e-02
1.181330977112176120e-02
1.180392240249154845e-02
1.179455377556183453e-02
1.178523465240599415e-02
1.177591978164969390e-02
1.176659146342229345e-02
1.175726725953993648e-02
1.174797002604816530e-02
1.173863849082994702e-02
1.172933051958788622e-02
1.172007424975464104e-02
1.171081064698025268e-02
1.170158243110485871e-02
1.169236161559257525e-02
1.168314579733199625e-02
1.167394332540957168e-02
1.166476747232035073e-02
1.165563204190866661e-02
1.164643956127908199e-02
1.163731977436815654e-02
1.162821476731474776e-02
1.161913407230022802e-02
1.161005783034585459e-02
1.160099343378830777e-02
1.159195391272463231e-02
1.158293126962575519e-02
1.157394034695530260e-02
1.156496848062117840e-02
1.155601866287431917e-02
1.154711006884213444e-02
1.153817893018966451e-02
1.152930783079546967e-02
1.152039575650575312e-02
1.151150636168024426e-02
1.150260723882861116e-02
1.149377368704680540e-02
1.148494397189576618e-02
1.147608544027657780e-02
1.146727060772128465e-02
1.145844810350974373e-02
1.144965954946726774e-02
1.144087005954373161e-02
1.143211543801218866e-02
1.142338041861381930e-02
1.141468215060655912e-02
1.140596351313997309e-02
1.139728889579424975e-02
1.138862839853397278e-02
1.137997564195718930e-02
1.137131589115436200e-02
1.136269473460964179e-02
1.135407999278313824e-02
1.134547422449888598e-02
1.133687482919544520e-02
1.132828466267454641e-02
1.131970904003429083e-02
1.131113340776232663e-02
1.130257174146846212e-02
1.129405074185543291e-02
1.128553063959662761e-02
1.127704573320792436e-02
1.126854426188496350e-02
1.126010188270222187e-02
1.125164774159746230e-02
1.124321092312140398e-02
1.123476746518724950e-02
1.122638909031633409e-02
1.121797760323503881e-02
1.120959449277384758e-02
1.120121736841982185e-02
1.119285542684980705e-02
1.118454209410736644e-02
1.117622760395455689e-02
1.116796618451853206e-02
1.115967391552111047e-02
1.115145567503669256e-02
1.114318275373479654e-02
1.113498324050331452e-02
1.112676824590484205e-02
1.111854517511834395e-02
1.111037790563814374e-02
1.110220200935721664e-02
1.109401425082397023e-02
1.108584212134391782e-02
1.107771757250650309e-02
1.106959909164577892e-02
1.106149411203319680e-02
1.105342605236663174e-02
1.104536291771395472e-02
1.103733333752763071e-02
1.102929681849758835e-02
1.102128339871374062e-02
1.101330758914839149e-02
1.100534458092699425e-02
1.099739871634503735e-02
1.098946017426987408e-02
1.098154452195123504e-02
1.097365342888535072e-02
1.096575753441251383e-02
1.095790788899853735e-02
1.095003386733427696e-02
1.094219515230477127e-02
1.093436525911809995e-02
1.092656032409746597e-02
1.091875267132959987e-02
1.091098742617397678e-02
1.090322490117351210e-02
1.089547906792480599e-02
1.088777716891422415e-02
1.088009276911367472e-02
1.087238791236577566e-02
1.086472040096437761e-02
1.085709973739308783e-02
1.084944924522155546e-02
1.084181932959109307e-02
1.083419769723040042e-02
1.082658686602874960e-02
1.081901837421473528e-02
1.081142380133793754e-02
1.080381172122468064e-02
1.079624047153131261e-02
1.078869154733684554e-02
1.078117016581700907e-02
1.077363721179876513e-02
1.076609733579229553e-02
1.075859982967387191e-02
1.075111846951036336e-02
1.074365080804502888e-02
1.073618013667062242e-02
1.072873538663315744e-02
1.072128946554040153e-02
1.071386578406380991e-02
1.070644241802568876e-02
1.069904512662921137e-02
1.069163826051131201e-02
1.068420659595321377e-02
1.067678359672267867e-02
1.066941133653269945e-02
1.066204715895188726e-02
1.065464286530294104e-02
1.064733681829672929e-02
1.064000433465714032e-02
1.063268096020637127e-02
1.062535817971099403e-02
1.061805063256609886e-02
1.061076296366336887e-02
1.060347590958473155e-02
1.059619735388403310e-02
1.058895971448596020e-02
1.058171261915754127e-02
1.057449904137392448e-02
1.056728231402145370e-02
1.056005379986504900e-02
1.055288703780584217e-02
1.054570385288008776e-02
1.053853573836840453e-02
1.053137486128341745e-02
1.052423411366767286e-02
1.051710973674672110e-02
1.050998200558309580e-02
1.050289089257193907e-02
1.049577066210172563e-02
1.048870154069022481e-02
1.048158588528180259e-02
1.047451123847988573e-02
1.046746197684977377e-02
1.046037649276990514e-02
1.045334196685197663e-02
1.044628800414521171e-02
1.043924119378504892e-02
1.043221025327080789e-02
1.042518435495624722e-02
1.041820266297558903e-02
1.041123300902594209e-02
1.040428256632260767e-02
1.039732165475419461e-02
1.039038914709572783e-02
1.038345386630770001e-02
1.037648584493273268e-02
1.036952931338400337e-02
1.036260160311927928e-02
1.035566328834290617e-02
1.034872494788197442e-02
1.034180013836695500e-02
1.033488678416454726e-02
1.032799185622416613e-02
1.032107288914331858e-02
1.031416906792492934e-02
1.030727902647160001e-02
1.030040946122903756e-02
1.029351087243658182e-02
1.028666122717358973e-02
1.027981977127120569e-02
1.027296308603155121e-02
1.026612782492336215e-02
1.025929597986131002e-02
1.025245585152948814e-02
1.024561723617862727e-02
