1.690988617757394410e-02
1.688405504639374499e-02
1.685836769897136600e-02
1.683274119505498434e-02
1.680720446187742093e-02
1.678176416297603654e-02
1.675634427527139189e-02
1.673095982904544005e-02
1.670575072326669144e-02
1.668058711286558513e-02
1.665542744825461788e-02
1.663027944282743920e-02
1.660530385462376940e-02
1.658038130984706288e-02
1.655554301683988955e-02
1.653067005931188604e-02
1.650592535120030610e-02
1.648123003128210834e-02
1.645655312398102213e-02
1.643194206706935154e-02
1.640734387651567039e-02
1.638277020347735091e-02
1.635826194740153811e-02
1.633395299867558548e-02
1.630962273497752607e-02
1.628529688260221125e-02
1.626108479515820868e-02
1.623686671518589919e-02
1.621276037427543323e-02
1.618865872079670171e-02
1.616461494104701885e-02
1.614055765122011932e-02
1.611660155052310056e-02
1.609275394781783594e-02
1.606902223383573081e-02
1.604539073297031951e-02
1.602176838222849412e-02
1.599822766343134486e-02
1.597477593520458053e-02
1.595138401989094207e-02
1.592813662997672255e-02
1.590486453151824728e-02
1.588160515815269930e-02
1.585850351204908665e-02
1.583539014897143021e-02
1.581232801213829434e-02
1.578933774711801033e-02
1.576640121900773836e-02
1.574352081968189224e-02
1.572067296429560321e-02
1.569780537193220943e-02
1.567508489268739161e-02
1.565231683440520410e-02
1.562969373976519707e-02
1.560706283701972577e-02
1.558444232528302317e-02
1.556194892642107780e-02
1.553947516821914919e-02
1.551711883018211391e-02
1.549479280955456430e-02
1.547251522518648670e-02
1.545026768372418681e-02
1.542808385280661047e-02
1.540595891818452232e-02
1.538384258628389123e-02
1.536177891414714468e-02
1.533973331751769566e-02
1.531777021487088115e-02
1.529584726360848010e-02
1.527397981988527081e-02
1.525212746905012587e-02
1.523030602155343166e-02
1.520851835246033769e-02
1.518681221417897409e-02
1.516514295892209055e-02
1.514352252679832672e-02
1.512197067565348822e-02
1.510045318242007883e-02
1.507905156988340045e-02
1.505762777712609142e-02
1.503628415229368333e-02
1.501495812780425862e-02
1.499372888112197356e-02
1.497252181947617521e-02
1.495135614207354635e-02
1.493026256764478504e-02
1.490926703919818498e-02
1.488823546889636237e-02
1.486725691473165904e-02
1.484629588385626836e-02
1.482544460148952151e-02
1.480457206675677914e-02
1.478384268008906162e-02
1.476312202777615643e-02
1.474252578985419185e-02
1.472197671841139234e-02
1.470144856061948550e-02
1.468095131740302511e-02
1.466050472092326161e-02
1.464009572503030022e-02
1.461970347707407421e-02
1.459940895404304197e-02
1.457910975802784170e-02
1.455888947621008199e-02
1.453875542547806293e-02
1.451866093217506724e-02
1.449858127330927796e-02
1.447860252425380370e-02
1.445865482461770359e-02
1.443874387155687049e-02
1.441893682697843564e-02
1.439919164365658678e-02
1.437950519610174498e-02
1.435988445927653505e-02
1.434033942928965820e-02
1.432082897553294508e-02
1.430137302440711439e-02
1.428198689996124787e-02
1.426262677149807596e-02
1.424334035610946500e-02
1.422408715406419007e-02
1.420492396836630852e-02
1.418574439271021344e-02
1.416666008107765259e-02
1.414765778665812851e-02
1.412871848201043348e-02
1.410987895063139062e-02
1.409103476392631164e-02
1.407221953174388890e-02
1.405352120924577980e-02
1.403474630021324908e-02
1.401612642156412417e-02
1.399747807479364940e-02
1.397887157779894966e-02
1.396032865971561648e-02
1.394185329843948377e-02
1.392340954201127558e-02
1.390504914802480167e-02
1.388669616242786328e-02
1.386843774576612329e-02
1.385022956007230660e-02
1.383205578686960355e-02
1.381393580676188067e-02
1.379581245074014070e-02
1.377781293441737026e-02
1.375987667755428252e-02
1.374194027942612743e-02
1.372405531301895860e-02
1.370625293530622693e-02
1.368851218768906731e-02
1.367081867878888919e-02
1.365323508213641020e-02
1.363572750856337570e-02
1.361822877689923897e-02
1.360079397088799318e-02
1.358335532182484290e-02
1.356594907062032805e-02
1.354854424651403752e-02
1.353110954163573749e-02
1.351379645955804246e-02
1.349650204533774968e-02
1.347922386054718757e-02
1.346198334697596213e-02
1.344476298775590037e-02
1.342765009914529545e-02
1.341055241418740926e-02
1.339349816181615097e-02
1.337656056228363199e-02
1.335963160078883563e-02
1.334274523231669674e-02
1.332593935603699521e-02
1.330914746499881757e-02
1.329237923425389580e-02
1.327572998722130124e-02
1.325905613759325273e-02
1.324246509016252689e-02
1.322592482431242389e-02
1.320936505746208613e-02
1.319289077684532470e-02
1.317642737524392371e-02
1.315995131115570496e-02
1.314355907825239325e-02
1.312725775584012988e-02
1.311099238859770970e-02
1.309477404817467085e-02
1.307856975238869818e-02
1.306234452208312677e-02
1.304617509468915942e-02
1.303008923521338340e-02
1.301405036563543956e-02
1.299805532514947647e-02
1.298214078969823181e-02
1.296625217317601102e-02
1.295041135240461092e-02
1.293461164618853014e-02
1.291892702123733153e-02
1.290317808857544858e-02
1.288749293869610561e-02
1.287189381442604627e-02
1.285630819220677512e-02
1.284074150111161848e-02
1.282522515335432489e-02
1.280972388403753097e-02
1.279430024147973875e-02
1.277880856052929226e-02
1.276343092382972375e-02
1.274804526231124169e-02
1.273276405507200136e-02
1.271750102126243363e-02
1.270226391922416737e-02
1.268709653791706519e-02
1.267200246675802972e-02
1.265696052401359649e-02
1.264197669097508192e-02
1.262704594952207375e-02
1.261214554795253920e-02
1.259730798365277411e-02
1.258249365424578096e-02
1.256769178345443043e-02
1.255295742131173550e-02
1.253825801103585630e-02
1.252359587868452813e-02
1.250901287563880963e-02
1.249446521935997957e-02
1.247992223446003392e-02
1.246543143255437677e-02
1.245099653308798064e-02
1.243656548791048644e-02
1.242216688072375098e-02
1.240779360172121655e-02
1.239344753390200435e-02
1.237908629935162257e-02
1.236476774932513366e-02
1.235048623643046975e-02
1.233625475544840831e-02
1.232211805690443078e-02
1.230800913620932156e-02
1.229393746614891939e-02
1.227987547114024747e-02
1.226585717519548639e-02
1.225185749413372667e-02
1.223788499054430726e-02
1.222397412507688144e-02
1.221009906548780818e-02
1.219627901901019530e-02
1.218246560878011135e-02
1.216871732335069421e-02
1.215495929384229935e-02
1.214126766854659034e-02
1.212760501382638412e-02
1.211397198463789668e-02
1.210034921161425199e-02
1.208677200139021690e-02
1.207319503677476043e-02
1.205965950616630540e-02
1.204613661557068019e-02
1.203265375596310541e-02
1.201920990638242343e-02
1.200577822807139677e-02
1.199240754897899948e-02
1.197903926818215219e-02
1.196568668225518432e-02
1.195238817676918565e-02
1.193907813570632866e-02
1.192585333687375126e-02
1.191266488650580095e-02
1.189951909658247022e-02
1.188643385800329695e-02
1.187331769842754105e-02
1.186026464420412117e-02
1.184722062933963628e-02
1.183418215270784848e-02
1.182117459225679075e-02
1.180818318097122226e-02
1.179525400176303918e-02
1.178238139760846501e-02
1.176951786010266808e-02
1.175665456178431184e-02
1.174384263900196852e-02
1.173100943977435986e-02
1.171824671736707360e-02
1.170547839893683502e-02
1.169274685918756176e-02
1.168004663533494560e-02
1.166734814679524015e-02
1.165468677725688650e-02
1.164205371049554377e-02
1.162943421481223670e-02
1.161681761827335069e-02
1.160423934791001560e-02
1.159167888818197871e-02
1.157918246326620181e-02
1.156671118834801115e-02
1.155428231381829506e-02
1.154186144163350629e-02
1.152952331546107032e-02
1.151717767495030048e-02
1.150484152167293231e-02
1.149254497719370306e-02
1.148024050902850431e-02
1.146795910078002995e-02
1.145569266341797156e-02
1.144344708031126874e-02
1.143122218290501015e-02
1.141905638245484592e-02
1.140687456768312014e-02
1.139469440635477830e-02
1.138254174997688391e-02
1.137041429014983354e-02
1.135833814806854435e-02
1.134626732911178312e-02
1.133425220390725519e-02
1.132223211676728659e-02
1.131026919863632046e-02
1.129829893793249558e-02
1.128638444963986180e-02
1.127444014639189876e-02
1.126253700746308178e-02
1.125063277212472006e-02
1.123876021226681912e-02
1.122691612213554992e-02
1.121509769248244665e-02
1.120331149373835801e-02
1.119162637657006472e-02
1.117989676732714967e-02
1.116824707397941555e-02
1.115661630693994336e-02
1.114502775889175852e-02
1.113347658669049979e-02
1.112193404771111109e-02
1.111040913796983165e-02
1.109887413901333372e-02
1.108736167183484861e-02
1.107587773698910649e-02
1.106441480569020884e-02
1.105297352486794490e-02
1.104155360075519121e-02
1.103016715806834185e-02
1.101878363699990149e-02
1.100743563285854106e-02
1.099609733747989281e-02
1.098482090496311764e-02
1.097357751402419992e-02
1.096237487003037282e-02
1.095119898452954002e-02
1.094002625020284655e-02
1.092889142307236321e-02
1.091777922724754962e-02
1.090672166729226081e-02
1.089562692412422706e-02
1.088460107657094993e-02
1.087358944060435977e-02
1.086259707929283953e-02
1.085162557223667661e-02
1.084069510990593767e-02
1.082979119657852436e-02
1.081891833267048346e-02
1.080807335095482387e-02
1.079727059384895035e-02
1.078649831548368805e-02
1.077575380453294103e-02
1.076507099029708724e-02
1.075433590557892116e-02
1.074362646287814471e-02
1.073297100991974298e-02
1.072233327930597301e-02
1.071169076735130864e-02
1.070114347848541599e-02
1.069055531585693004e-02
1.068004019930715413e-02
1.066953113548386664e-02
1.065903705779720247e-02
1.064858206879638718e-02
1.063814268155893056e-02
1.062774878568590632e-02
1.061733791472834441e-02
1.060697238825165402e-02
1.059662927315661168e-02
1.058631894921499214e-02
1.057603129911909370e-02
1.056571485502902190e-02
1.055544742750889366e-02
1.054523863542546590e-02
1.053498104268290811e-02
1.052479090400932141e-02
1.051458802579524447e-02
1.050447761760643813e-02
1.049433674833515420e-02
1.048425909357557882e-02
1.047415063500520965e-02
1.046409525999392708e-02
1.045404138351604083e-02
1.044400370596747230e-02
1.043397635842685002e-02
1.042400985037901344e-02
1.041401733109827664e-02
1.040408850229620173e-02
1.039412814730515666e-02
1.038419076875602386e-02
1.037424960253731203e-02
1.036435535157068794e-02
1.035450001351122251e-02
1.034463900237513230e-02
1.033481345037587026e-02
1.032496075541789425e-02
1.031514152824090057e-02
1.030537880628762740e-02
1.029563065470220397e-02
1.028590303470987982e-02
1.027620344941200005e-02
1.026651965449844675e-02
1.025687361347639784e-02
1.024722909025116598e-02
1.023764440722890919e-02
1.022805964474505190e-02
1.021849518991706229e-02
1.020894959477801171e-02
1.019945671799574530e-02
1.018996674437110984e-02
1.018049153936700230e-02
1.017103776411286409e-02
1.016162412338764837e-02
1.015221158709840241e-02
1.014281791290602523e-02
1.013344616048342077e-02
1.012411655802485447e-02
1.011480923852515167e-02
1.010553687169490726e-02
1.009631703299519387e-02
1.008711321584082263e-02
1.007789182322538397e-02
1.006870116619612912e-02
1.005950094247187211e-02
1.005031936653895744e-02
1.004112406863123287e-02
1.003199567257449104e-02
1.002283256143044789e-02
1.001372677099482064e-02
1.000463888028780071e-02
9.995575450108528173e-03
9.986492617654038617e-03
9.977487389484562819e-03
9.968454528744494225e-03
9.959461587425180729e-03
9.950468148467566873e-03
9.941541051919172006e-03
9.932589233181601113e-03
9.923677315404009006e-03
9.914762801078188734e-03
9.905848166356003709e-03
9.896971022258612555e-03
9.888126241506233968e-03
9.879279641163489847e-03
9.870452980063740278e-03
9.861635947462461457e-03
9.852828467108621854e-03
9.844075690046269131e-03
9.835295489902995750e-03
9.826580565457166891e-03
9.817867752763543426e-03
9.809182069383713676e-03
9.800542037896800909e-03
9.791870009872461617e-03
9.783260722800802070e-03
9.774624982240267407e-03
9.766059877423254390e-03
9.757508817243304086e-03
9.748966241796375859e-03
9.740467590153234489e-03
9.731948990438032618e-03
9.723479925799773799e-03
9.715036857946853996e-03
9.706569605675181844e-03
9.698139010082824918e-03
9.689734294090014688e-03
9.681331398490210932e-03
9.672984586726858861e-03
9.664607063456592817e-03
9.656245491901778791e-03
9.647914467312182496e-03
9.639602388294267118e-03
9.631301026157942230e-03
9.622984245260729486e-03
9.614679309760350290e-03
9.606405802526566187e-03
9.598115548158689392e-03
9.589880466628116634e-03
9.581647609219689013e-03
9.573396027768889260e-03
9.565199900882880371e-03
9.557012982713357016e-03
9.548838709372516054e-03
9.540663223238978960e-03
9.532548875181208817e-03
9.524430394317618884e-03
9.516315872889086550e-03
9.508240271591496956e-03
9.500170220566239374e-03
9.492087263853513437e-03
9.484068874104970709e-03
