1.537037656757245241e-02
1.535518177119989287e-02
1.534002021064467987e-02
1.532492051455667040e-02
1.530990177619376107e-02
1.529499141382103730e-02
1.528018521517107535e-02
1.526542637723977795e-02
1.525072508234888956e-02
1.523609997748712544e-02
1.522154681507079457e-02
1.520700678227917928e-02
1.519247414503482538e-02
1.517800428405946186e-02
1.516358828199580039e-02
1.514922603289503913e-02
1.513490858247833540e-02
1.512061263485207745e-02
1.510640504852460604e-02
1.509222491417320025e-02
1.507812174359821067e-02
1.506407205308770043e-02
1.505010539914615822e-02
1.503618569657564664e-02
1.502224427610652016e-02
1.500836125911047918e-02
1.499455689465050735e-02
1.498075281272066850e-02
1.496699902597018079e-02
1.495325845392450614e-02
1.493963122622559911e-02
1.492602145118348232e-02
1.491245805121513626e-02
1.489897152833782705e-02
1.488552408130411689e-02
1.487207237223915277e-02
1.485870302391824153e-02
1.484538417946371265e-02
1.483212982411710040e-02
1.481887851560111623e-02
1.480569563074619552e-02
1.479253386180807289e-02
1.477942237360173848e-02
1.476635887699101132e-02
1.475334327565879997e-02
1.474033104703004020e-02
1.472735530492043018e-02
1.471444069366285162e-02
1.470154018322731432e-02
1.468866287076301541e-02
1.467579391220102773e-02
1.466295975300382394e-02
1.465015975587332167e-02
1.463735323486522501e-02
1.462460517351518371e-02
1.461187302856433931e-02
1.459915361833813950e-02
1.458649771960138924e-02
1.457386553734287861e-02
1.456130301160418923e-02
1.454868579060039635e-02
1.453614011232611317e-02
1.452356135394711027e-02
1.451102148840923561e-02
1.449853299359155773e-02
1.448603972305147897e-02
1.447358330182492263e-02
1.446112675378086534e-02
1.444871069744163745e-02
1.443627564255631560e-02
1.442385820727740998e-02
1.441145542664381586e-02
1.439905936733785162e-02
1.438669894214478912e-02
1.437435399189759128e-02
1.436212144369496124e-02
1.434987178957706534e-02
1.433766055955712319e-02
1.432544809667842325e-02
1.431326252232081007e-02
1.430112205967779861e-02
1.428899089805515596e-02
1.427682041016447786e-02
1.426466218986055523e-02
1.425252672286396807e-02
1.424038280725326358e-02
1.422825851785502506e-02
1.421613032119348370e-02
1.420397974365068816e-02
1.419186879738004899e-02
1.417978490176426305e-02
1.416769544544179034e-02
1.415560620904333933e-02
1.414355467275937861e-02
1.413148407692850148e-02
1.411944153505550505e-02
1.410740890100054684e-02
1.409540845611722236e-02
1.408338649881174173e-02
1.407143590123329825e-02
1.405948078477802649e-02
1.404751646843533340e-02
1.403556898029362579e-02
1.402363697833478029e-02
1.401172300211941425e-02
1.399974715501570675e-02
1.398783809418252359e-02
1.397589582161126720e-02
1.396397218318644329e-02
1.395206665397990924e-02
1.394019664009519925e-02
1.392833798039016906e-02
1.391651029786671566e-02
1.390468814233896885e-02
1.389286205867921661e-02
1.388105390765642308e-02
1.386925426464328745e-02
1.385745132116451839e-02
1.384566500362084847e-02
1.383389419152345617e-02
1.382211048898879073e-02
1.381035096525440146e-02
1.379862191464214724e-02
1.378691047721516960e-02
1.377520706942296676e-02
1.376351267530514545e-02
1.375180275487234045e-02
1.374008579687079415e-02
1.372836733953320711e-02
1.371665082780084734e-02
1.370492297794165433e-02
1.369319518105686223e-02
1.368144776598602744e-02
1.366968902723592408e-02
1.365796597878369233e-02
1.364623830390054686e-02
1.363453460715707138e-02
1.362282380060703645e-02
1.361111689650445003e-02
1.359940978210954880e-02
1.358773058682860059e-02
1.357601509124154587e-02
1.356432422553980471e-02
1.355261322153973255e-02
1.354093775533547241e-02
1.352925269915957081e-02
1.351760894054148884e-02
1.350595541858100324e-02
1.349436166779628861e-02
1.348275077578004084e-02
1.347116250383248795e-02
1.345955990953358328e-02
1.344798426957244386e-02
1.343644931234502966e-02
1.342489391502573598e-02
1.341336834068821739e-02
1.340179430761720414e-02
1.339027808245859923e-02
1.337872834216308551e-02
1.336717142303376141e-02
1.335562497036160007e-02
1.334407930909486777e-02
1.333256670064300944e-02
1.332109166709342409e-02
1.330959637645443179e-02
1.329810481168155513e-02
1.328667043036528203e-02
1.327523054773786099e-02
1.326379714082948774e-02
1.325239877728919512e-02
1.324096613770697588e-02
1.322955124133810313e-02
1.321814804910100873e-02
1.320674046640987233e-02
1.319531683408089670e-02
1.318392062162228838e-02
1.317253297014773887e-02
1.316116465593438270e-02
1.314978337101951195e-02
1.313842708038961624e-02
1.312701162698690430e-02
1.311560467998856491e-02
1.310418913990047188e-02
1.309275865621579472e-02
1.308134824019691576e-02
1.306991445123074913e-02
1.305848191920261532e-02
1.304704384573121025e-02
1.303564748398111130e-02
1.302424358862925603e-02
1.301288091057097723e-02
1.300153281331490815e-02
1.299017513571890971e-02
1.297877853959722612e-02
1.296736482632328269e-02
1.295596796051374372e-02
1.294455922843866166e-02
1.293314331752977095e-02
1.292172971502048191e-02
1.291029514107002937e-02
1.289884713409602743e-02
1.288742408769601860e-02
1.287599453507654902e-02
1.286458491046309563e-02
1.285320272498342853e-02
1.284185404179839264e-02
1.283058033665242584e-02
1.281931749928483244e-02
1.280802471853910093e-02
1.279676993970140821e-02
1.278548715827495033e-02
1.277422007492895299e-02
1.276295388412132699e-02
1.275172306255460165e-02
1.274050969685523900e-02
1.272927468228450890e-02
1.271807512042949333e-02
1.270688637177316491e-02
1.269574173955483921e-02
1.268457628518683891e-02
1.267339775256324033e-02
1.266224806530294802e-02
1.265112399196757949e-02
1.263999103980175537e-02
1.262888806793562198e-02
1.261779187037151764e-02
1.260674853002137323e-02
1.259570021007765106e-02
1.258464263245625062e-02
1.257362064078920531e-02
1.256258699475421535e-02
1.255154567706296895e-02
1.254048415686200013e-02
1.252947356111204155e-02
1.251847115873590960e-02
1.250752034700399959e-02
1.249658143043276028e-02
1.248565609296599203e-02
1.247474205670450441e-02
1.246387163121629067e-02
1.245302421588098847e-02
1.244222196523468715e-02
1.243140972329553548e-02
1.242065134187336946e-02
1.240989236167995731e-02
1.239918820517443496e-02
1.238845144533379065e-02
1.237774729845997693e-02
1.236705705014231813e-02
1.235639164681814027e-02
1.234571851083688526e-02
1.233502813249115308e-02
1.232436135985900787e-02
1.231370192658915591e-02
1.230306934812940706e-02
1.229244694717555181e-02
1.228183959255651006e-02
1.227125762070137467e-02
1.226071725301346345e-02
1.225017759486145101e-02
1.223961567301398018e-02
1.222906788088367995e-02
1.221853126795701024e-02
1.220799658297743590e-02
1.219747987558279616e-02
1.218697538440579632e-02
1.217653474503863076e-02
1.216606446408687731e-02
1.215562905794829486e-02
1.214520523393983892e-02
1.213478688716326109e-02
1.212440155306943740e-02
1.211399945980187395e-02
1.210360513611294202e-02
1.209322831002877623e-02
1.208288733156039421e-02
1.207253626066621781e-02
1.206223731176554390e-02
1.205192932190064445e-02
1.204162927016928265e-02
1.203134068659282747e-02
1.202110343039387678e-02
1.201085219216396077e-02
1.200063055057065849e-02
1.199046059593866613e-02
1.198030618527978937e-02
1.197015577820130516e-02
1.196002862046317491e-02
1.194990462032032540e-02
1.193978178882484052e-02
1.192965446253180066e-02
1.191954494205821856e-02
1.190942888486476101e-02
1.189933891515525775e-02
1.188926321482270364e-02
1.187919757320496372e-02
1.186915373617121981e-02
1.185912910958116656e-02
1.184908956668437319e-02
1.183908465299216700e-02
1.182905953197438409e-02
1.181903978384496283e-02
1.180903833596273073e-02
1.179907115128014244e-02
1.178910385262233254e-02
1.177915252494340405e-02
1.176918521825916913e-02
1.175920904558675796e-02
1.174927206915430886e-02
1.173934265361346006e-02
1.172938440394629724e-02
1.171948007098108993e-02
1.170953958218540897e-02
1.169960522076196434e-02
1.168970088298090272e-02
1.167980379787675153e-02
1.166987632312527570e-02
1.165998902865337042e-02
1.165009749462420086e-02
1.164021384896473874e-02
1.163036014507813111e-02
1.162052712207612901e-02
1.161071645106025348e-02
1.160093680217393064e-02
1.159113368723380111e-02
1.158134415781928231e-02
1.157156832630031051e-02
1.156185391940049538e-02
1.155213556671054118e-02
1.154242582797904322e-02
1.153276599915853580e-02
1.152308105726197567e-02
1.151343027582683344e-02
1.150380413711928410e-02
1.149417793420034160e-02
1.148456563625869196e-02
1.147494774550465724e-02
1.146535666300746437e-02
1.145578808820903009e-02
1.144622774210068798e-02
1.143666530912205472e-02
1.142714110279133798e-02
1.141760860195384884e-02
1.140808459949430899e-02
1.139855618571202454e-02
1.138906115222272468e-02
1.137955642923412468e-02
1.137010136573207882e-02
1.136065844460457282e-02
1.135119800821416530e-02
1.134179368295008990e-02
1.133238685986280234e-02
1.132299114695189957e-02
1.131362886088723915e-02
1.130425532017055937e-02
1.129495001850718688e-02
1.128563792006779566e-02
1.127636543042657112e-02
1.126709160518835941e-02
1.125780636155907476e-02
1.124858458928711634e-02
1.123936580445024716e-02
1.123015594981294912e-02
1.122096886132526589e-02
1.121177589910034994e-02
1.120261175013304369e-02
1.119344794148612564e-02
1.118428398354771522e-02
1.117516592872933381e-02
1.116602256659543491e-02
1.115692396301347193e-02
1.114784430821377098e-02
1.113877809767461514e-02
1.112974325600653638e-02
1.112069856270538754e-02
1.111167185341031469e-02
1.110264802881209822e-02
1.109366300394849097e-02
1.108467747181487301e-02
1.107571406853278748e-02
1.106678538274595905e-02
1.105788274270567452e-02
1.104896329854367608e-02
1.104006538767253291e-02
1.103119170857606510e-02
1.102233878420730631e-02
1.101350145197020972e-02
1.100468066700925271e-02
1.099586493548497523e-02
1.098707960002916206e-02
1.097829972414709337e-02
1.096952764673878207e-02
1.096080290757514564e-02
1.095209868234649393e-02
1.094338065487877876e-02
1.093473020990286780e-02
1.092606405560950407e-02
1.091740597108303672e-02
1.090877162871936763e-02
1.090012814265324363e-02
1.089150531018188289e-02
1.088288520187889914e-02
1.087429325187731083e-02
1.086569735448029810e-02
1.085715260145831904e-02
1.084859671257539827e-02
1.084005437550710459e-02
1.083152234115692183e-02
1.082300604501931947e-02
1.081450502798283336e-02
1.080601133586107584e-02
1.079753883992036131e-02
1.078909689255016895e-02
1.078068470234507491e-02
1.077229388971820759e-02
1.076389927417155216e-02
1.075555585918490029e-02
1.074721522615687715e-02
1.073887113213473771e-02
1.073050916968703271e-02
1.072222053344029473e-02
1.071390343709861109e-02
1.070560656092478351e-02
1.069733827005812064e-02
1.068906094304308829e-02
1.068081969480485539e-02
1.067261035802397756e-02
1.066440977807190695e-02
1.065622668930346455e-02
1.064806209983753041e-02
1.063991061993024845e-02
1.063178945341926133e-02
1.062367022769764892e-02
1.061554995693560384e-02
1.060743975130951089e-02
1.059936516374347139e-02
1.059129548032262079e-02
1.058325042036594582e-02
1.057520042817159528e-02
1.056716792154237770e-02
1.055914371423578683e-02
1.055114852084741185e-02
1.054316650283437101e-02
1.053522463058727439e-02
1.052727625693657305e-02
1.051936652329463553e-02
1.051145086213842346e-02
1.050352229609737356e-02
1.049562628443025808e-02
1.048775686992502870e-02
1.047989431881513923e-02
1.047201471315909772e-02
1.046418043111525635e-02
1.045633965810216157e-02
1.044852056365820105e-02
1.044074619726576524e-02
1.043298490511571780e-02
1.042523815764897187e-02
1.041750092149490783e-02
1.040977991958644093e-02
1.040207897490942092e-02
1.039438616260540335e-02
1.038671493335607474e-02
1.037906312965860590e-02
1.037144438359186883e-02
1.036381217560645475e-02
1.035619713212920269e-02
1.034860653312686708e-02
1.034101705702127755e-02
1.033341465114893595e-02
1.032582213463385627e-02
1.031827138441977071e-02
1.031073178933004583e-02
1.030322371079760331e-02
1.029572913030274775e-02
1.028821767826421096e-02
1.028074614725174411e-02
1.027325114777754428e-02
1.026577678664790209e-02
1.025831991108338941e-02
1.025086860987048896e-02
1.024343146325667336e-02
1.023600300123384682e-02
1.022861171198944166e-02
1.022122608378202638e-02
1.021385832078960769e-02
1.020649396581690786e-02
1.019913379100593175e-02
1.019178786068999400e-02
1.018447649215668133e-02
1.017715972183987939e-02
1.016986160011707462e-02
1.016255746579989953e-02
1.015529189122724510e-02
1.014801783432949314e-02
1.014077595295845118e-02
1.013354333006772842e-02
1.012633965367325944e-02
1.011912985873561835e-02
1.011192074845196180e-02
