1.276658330950500124e-02
1.277064902590578990e-02
1.277467771194876894e-02
1.277873623974513061e-02
1.278261065568647194e-02
1.278640618755306699e-02
1.279013347749769457e-02
1.279397224546794699e-02
1.279780724549118773e-02
1.280166453009141600e-02
1.280554533654828034e-02
1.280939272291132559e-02
1.281284470991158123e-02
1.281622801192960556e-02
1.281964807440628268e-02
1.282296903552333431e-02
1.282630897761299731e-02
1.282947010522320942e-02
1.283259323025821678e-02
1.283543941554106220e-02
1.283825414934938909e-02
1.284111304310974269e-02
1.284412373628196144e-02
1.284719267543353409e-02
1.285021727663506960e-02
1.285298820842215202e-02
1.285558837820498582e-02
1.285807771713974416e-02
1.286035609747609824e-02
1.286257221623668227e-02
1.286492756426703063e-02
1.286729571944769841e-02
1.286960738541198350e-02
1.287183046931210037e-02
1.287370352786397151e-02
1.287533143285184839e-02
1.287684810746350487e-02
1.287831383304685086e-02
1.287963351900177356e-02
1.288082299264048554e-02
1.288180299357722866e-02
1.288277604388514408e-02
1.288374461522138852e-02
1.288472394286131056e-02
1.288535440117267138e-02
1.288581236683608751e-02
1.288599628134548883e-02
1.288595837163881291e-02
1.288588983660055726e-02
1.288577557251911754e-02
1.288551699751819442e-02
1.288522983545638441e-02
1.288502073616328535e-02
1.288476007258788220e-02
1.288437568588460085e-02
1.288394193955915215e-02
1.288350120390965858e-02
1.288288689117868951e-02
1.288225678886334956e-02
1.288162131468414268e-02
1.288094830227236830e-02
1.288040145175469060e-02
1.287990292769681383e-02
1.287930687040308823e-02
1.287861774820400068e-02
1.287782548873387875e-02
1.287710127093796321e-02
1.287640061079176057e-02
1.287564685113041368e-02
1.287486693446797566e-02
1.287394549197448668e-02
1.287285326425961773e-02
1.287184249385160163e-02
1.287092094397887694e-02
1.287009808045954697e-02
1.286947748265752922e-02
1.286883559571304868e-02
1.286824480483871568e-02
1.286773337882723273e-02
1.286743796694459624e-02
1.286716246762198597e-02
1.286682707487104421e-02
1.286654785016616218e-02
1.286627387833734482e-02
1.286596617008129058e-02
1.286555588273274701e-02
1.286522469905432113e-02
1.286496984750090666e-02
1.286468386951281767e-02
1.286445632904542093e-02
1.286456121534038100e-02
1.286473237493800971e-02
1.286495944042158508e-02
1.286532323062683676e-02
1.286579182586708621e-02
1.286629886093852183e-02
1.286683832163663076e-02
1.286735307446962122e-02
1.286814529427714182e-02
1.286920382522737175e-02
1.287029471215288094e-02
1.287149694844240758e-02
1.287271085521017773e-02
1.287386296087528886e-02
1.287502375361720790e-02
1.287626864558209967e-02
1.287749081668140318e-02
1.287882400436583634e-02
1.288019813256002441e-02
1.288139402089877143e-02
1.288247746866830364e-02
1.288341460400811711e-02
1.288426762754901062e-02
1.288499172345498531e-02
1.288569233136264112e-02
1.288649770561007581e-02
1.288750920155345980e-02
1.288860416018345473e-02
1.288985651355407241e-02
1.289133785846282264e-02
1.289266565106625927e-02
1.289399595402206979e-02
1.289530947099160225e-02
1.289648671694090983e-02
1.289754007047075324e-02
1.289842716515253451e-02
1.289930075036576154e-02
1.290013928448166189e-02
1.290085184340790218e-02
1.290152406160029359e-02
1.290216741509359749e-02
1.290277567395745582e-02
1.290331414599270136e-02
1.290397677744442931e-02
1.290472450839055471e-02
1.290558171681945206e-02
1.290669613430802005e-02
1.290781013195345384e-02
1.290885111171943822e-02
1.290991575844913260e-02
1.291096563231134906e-02
1.291190313815789026e-02
1.291267493656324955e-02
1.291331437216556612e-02
1.291374359018293561e-02
1.291408196730269194e-02
1.291439658362283222e-02
1.291457123449665095e-02
1.291468402719236387e-02
1.291487918169568691e-02
1.291511501261389042e-02
1.291541235829012785e-02
1.291571462503092113e-02
1.291602931100245544e-02
1.291619488978203167e-02
1.291620687078941232e-02
1.291619037501728212e-02
1.291616633851422509e-02
1.291608684885929038e-02
1.291604148064903063e-02
1.291603829796721635e-02
1.291602495101858324e-02
1.291612372830574368e-02
1.291638222398146761e-02
1.291679605097522873e-02
1.291716313994795313e-02
1.291738451529948067e-02
1.291759552516904934e-02
1.291785696555098825e-02
1.291809797775909929e-02
1.291824217742982769e-02
1.291833749923387495e-02
1.291831453652316462e-02
1.291836596150267719e-02
1.291843491251454430e-02
1.291848469391460377e-02
1.291838083401034357e-02
1.291836599536099438e-02
1.291829927125901813e-02
1.291820193827093038e-02
1.291802925698378943e-02
1.291783028326228856e-02
1.291756402629288744e-02
1.291728917801734586e-02
1.291717320844410107e-02
1.291705975502751430e-02
1.291688510608845521e-02
1.291663676597312564e-02
1.291635925740123453e-02
1.291617469281214348e-02
1.291605723444032468e-02
1.291584151632990674e-02
1.291549492808454457e-02
1.291510118004025182e-02
1.291468115407230603e-02
1.291414945757001810e-02
1.291349556349888524e-02
1.291273285460061739e-02
1.291192642881058839e-02
1.291112474511972585e-02
1.291015689254718622e-02
1.290914017661867405e-02
1.290806265308726622e-02
1.290696620082179384e-02
1.290577248135010846e-02
1.290455933204126375e-02
1.290334126747214386e-02
1.290201419750193479e-02
1.290074560761715790e-02
1.289955298225280676e-02
1.289831680058185423e-02
1.289710974673748123e-02
1.289580314266893651e-02
1.289450739454425961e-02
1.289310653085544607e-02
1.289163493133776116e-02
1.289005246904844151e-02
1.288843445746084594e-02
1.288670256777662594e-02
1.288499308939623778e-02
1.288334226039286948e-02
1.288168635264192417e-02
1.287989111211149812e-02
1.287793014479228157e-02
1.287589928810212343e-02
1.287364616993990664e-02
1.287131816588651251e-02
1.286894329611785667e-02
1.286652285885856069e-02
1.286405900749759516e-02
1.286158705239025951e-02
1.285902203431231981e-02
1.285638503538681816e-02
1.285363934062198205e-02
1.285077886809666767e-02
1.284784950163493471e-02
1.284493555812036940e-02
1.284197186512929870e-02
1.283886706324816745e-02
1.283560729088192333e-02
1.283227698293456891e-02
1.282895949471347941e-02
1.282560775735349171e-02
1.282227492357567410e-02
1.281887005767912840e-02
1.281537682157474212e-02
1.281177207552117517e-02
1.280819427391641924e-02
1.280456011756116869e-02
1.280091110707848139e-02
1.279728053486794970e-02
1.279353559313150396e-02
1.278978180179832919e-02
1.278592587733507098e-02
1.278197537982026649e-02
1.277795544663596836e-02
1.277388968767043803e-02
1.276969801349283652e-02
1.276533060884478717e-02
1.276091126940770600e-02
1.275629312457332923e-02
1.275150915040782797e-02
1.274654394814855006e-02
1.274127796891443530e-02
1.273583647009881963e-02
1.273023732889317326e-02
1.272453994149225741e-02
1.271880370892772977e-02
1.271299072439505823e-02
1.270710710657584584e-02
1.270109420415831310e-02
1.269500776437800654e-02
1.268890611157210205e-02
1.268275466479019085e-02
1.267662323601277674e-02
1.267046668533139582e-02
1.266412373010323070e-02
1.265768291079508862e-02
1.265118681730045998e-02
1.264458998370365447e-02
1.263797214634163057e-02
1.263143815861841532e-02
1.262487615362142129e-02
1.261830150592879382e-02
1.261170926448717741e-02
1.260511217743668332e-02
1.259848723176281403e-02
1.259177934095089685e-02
1.258511230068234781e-02
1.257841678460167034e-02
1.257154661281026896e-02
1.256459204867960838e-02
1.255760079857859077e-02
1.255054578069037842e-02
1.254336769846040034e-02
1.253615930336274276e-02
1.252884904600153754e-02
1.252138558459199580e-02
1.251386712082988573e-02
1.250633669831014566e-02
1.249882436870772794e-02
1.249127559304531732e-02
1.248370345030714972e-02
1.247615596706507304e-02
1.246864661409242611e-02
1.246122070155663598e-02
1.245378026670491793e-02
1.244637279244128515e-02
1.243899150516753968e-02
1.243162464250429332e-02
1.242425006885115348e-02
1.241681777837578757e-02
1.240935344922594608e-02
1.240193901465968043e-02
1.239449353201656223e-02
1.238707561197838723e-02
1.237961481183257571e-02
1.237222305943667944e-02
1.236491013887698436e-02
1.235769977612740690e-02
1.235047577041076781e-02
1.234336237401207313e-02
1.233628422605632415e-02
1.232938065738823676e-02
1.232277713435533766e-02
1.231623067709759420e-02
1.230972906469726506e-02
1.230322288239149575e-02
1.229670274368738735e-02
1.229018188621957240e-02
1.228367319065928887e-02
1.227707477249324018e-02
1.227048254749709202e-02
1.226392337789231762e-02
1.225737754266022911e-02
1.225082675637478857e-02
1.224427930948680278e-02
1.223782580975518730e-02
1.223160794262877389e-02
1.222562273341255314e-02
1.221964689617852790e-02
1.221373864014559454e-02
1.220793859045746568e-02
1.220223601306021435e-02
1.219664209087231721e-02
1.219115576267737477e-02
1.218586918887998999e-02
1.218060632074153236e-02
1.217533031073910789e-02
1.217010001333439749e-02
1.216488387257579074e-02
1.215970984866161439e-02
1.215453223286367540e-02
1.214931391356420358e-02
1.214412593712120743e-02
1.213910238150333991e-02
1.213410279176975470e-02
1.212909869984736370e-02
1.212413684569196327e-02
1.211917701336179091e-02
1.211428111617563960e-02
1.210952558009442855e-02
1.210489513404972885e-02
1.210031949397935916e-02
1.209576341821203688e-02
1.209102283106155105e-02
1.208631085031956071e-02
1.208160804421414512e-02
1.207688441621104433e-02
1.207214503248188985e-02
1.206743080644978074e-02
1.206272188166276037e-02
1.205810545296137452e-02
1.205344765229853475e-02
1.204874478524814788e-02
1.204401991803063891e-02
1.203932362046116616e-02
1.203458876794223122e-02
1.202986034173189611e-02
1.202521347343598300e-02
1.202057750848558454e-02
1.201596920674770190e-02
1.201119805230846556e-02
1.200630429109843765e-02
1.200134964102555525e-02
1.199635067428500394e-02
1.199130355327837974e-02
1.198618278366022499e-02
1.198107348330517026e-02
1.197604931823759329e-02
1.197087822645368643e-02
1.196573883669584289e-02
1.196067641850151637e-02
1.195568242893359223e-02
1.195065994904283106e-02
1.194559059182824338e-02
1.194064251800793647e-02
1.193565969201087693e-02
1.193068355351514960e-02
1.192568271005644588e-02
1.192080943989997678e-02
1.191603694854090172e-02
1.191129627045665017e-02
1.190649052829534371e-02
1.190154107402307745e-02
1.189664254749675000e-02
1.189176021975674354e-02
1.188690891300693900e-02
1.188204196951887781e-02
1.187717771051167992e-02
1.187231779407550529e-02
1.186757541533635038e-02
1.186285779766823971e-02
1.185809098386526525e-02
1.185323857720384233e-02
1.184836389563923530e-02
1.184349739811358174e-02
1.183857807774360386e-02
1.183371630877378886e-02
1.182883312973895089e-02
1.182402841880524774e-02
1.181915828779847057e-02
1.181421854215681036e-02
1.180929152724240899e-02
1.180436403927894763e-02
1.179937701678531771e-02
1.179441126795606302e-02
1.178946615045053589e-02
1.178454006131926350e-02
1.177956558575060132e-02
1.177461317806569562e-02
1.176964669596202752e-02
1.176470418264478207e-02
1.175976499614904587e-02
1.175474452550756381e-02
1.174964536426743346e-02
1.174456401056737931e-02
1.173947023183230000e-02
1.173436492288915112e-02
1.172918771145625705e-02
1.172397089740082748e-02
1.171855535050164016e-02
1.171326004319318305e-02
1.170789904107559336e-02
1.170245140616552396e-02
1.169690445707212076e-02
1.169126981687198218e-02
1.168564289153125983e-02
1.168000686991177949e-02
1.167423094185619098e-02
1.166839766458296207e-02
1.166261728077283219e-02
1.165683004307192447e-02
1.165096946051696197e-02
1.164517980823434780e-02
1.163941569382931362e-02
1.163364420798493858e-02
1.162793717967005105e-02
1.162231033268714721e-02
1.161663830032889574e-02
1.161083428583182565e-02
1.160495364996297699e-02
1.159902898425477571e-02
1.159312334546976075e-02
1.158718870703608073e-02
1.158109825262673698e-02
1.157496129913933997e-02
1.156880470734428755e-02
1.156242928150625661e-02
1.155591801755076996e-02
1.154944405240117961e-02
1.154297689954500612e-02
1.153655956968625308e-02
1.153007109528036978e-02
1.152348878932008512e-02
1.151685870153521668e-02
1.151022026477302104e-02
1.150362791498479170e-02
1.149700176298744901e-02
1.149032015396870762e-02
1.148353730471207527e-02
1.147670809471280050e-02
1.146977219909085105e-02
1.146293470831457294e-02
1.145617056916401443e-02
1.144937377947082002e-02
1.144257767710146236e-02
1.143577514407029261e-02
1.142897560072853036e-02
1.142212004218682610e-02
1.141523678899273794e-02
1.140827238176558150e-02
1.140123681451320724e-02
1.139433118097146411e-02
1.138745675415697364e-02
1.138060174992428994e-02
1.137375827976919856e-02
1.136692731155588068e-02
1.136013528137469995e-02
1.135340625475012889e-02
