1.639445184574422204e-02
1.632994766579108636e-02
1.626521641522490208e-02
1.620002823451836133e-02
1.613518021689692994e-02
1.606960377647415061e-02
1.600321532309685948e-02
1.594424941836618606e-02
1.588659365665280945e-02
1.583652515087321036e-02
1.578237619778622911e-02
1.572806290887481320e-02
1.567539849831515314e-02
1.562323354718950751e-02
1.557138019353827320e-02
1.551804455239405925e-02
1.546465567202823764e-02
1.541326550399049582e-02
1.536866252645780438e-02
1.532472701290431977e-02
1.528167870104386351e-02
1.523975912539168691e-02
1.519793191352001270e-02
1.515737802575181821e-02
1.511780306612937538e-02
1.507807611366297589e-02
1.503875307390545486e-02
1.499889462097366878e-02
1.495905979751556425e-02
1.491940251364822986e-02
1.487979143045195345e-02
1.483921520477338163e-02
1.479833136670980626e-02
1.475725061460057483e-02
1.471507123024521843e-02
1.467314595959046987e-02
1.462967352718140199e-02
1.458625744521338877e-02
1.454281824688646169e-02
1.449957332497742342e-02
1.445697284835043180e-02
1.441497344485788423e-02
1.437230858727214441e-02
1.433040772943756057e-02
1.428830222444707303e-02
1.424879904574588747e-02
1.421102828794702962e-02
1.417354116324053524e-02
1.413640710470255232e-02
1.410131472405999620e-02
1.406702885647641114e-02
1.403283029906409081e-02
1.399934689873743449e-02
1.397477044255262049e-02
1.395237747095995004e-02
1.392937353136718993e-02
1.390781829034263596e-02
1.388869567728089061e-02
1.386951170554971691e-02
1.385025615043420852e-02
1.382908508066909951e-02
1.380779395630955461e-02
1.378819988013572570e-02
1.376922497973063000e-02
1.375062444347903076e-02
1.373415743105648595e-02
1.371990642530705913e-02
1.370594385667256790e-02
1.369306376329195232e-02
1.368131945582410323e-02
1.367197579709472990e-02
1.366496852212105602e-02
1.365805444271424481e-02
1.365140371195063332e-02
1.364467823113277474e-02
1.363765633479537519e-02
1.363039617862871547e-02
1.362027468882795293e-02
1.361098994289057160e-02
1.360075734342342316e-02
1.358991054729338267e-02
1.357852897404075547e-02
1.356678652822141534e-02
1.355510253484597250e-02
1.354468936577757007e-02
1.353522321763045780e-02
1.352638840177692453e-02
1.351658173077207974e-02
1.350644586765642995e-02
1.349615123448957496e-02
1.348531794416758106e-02
1.347158282504849237e-02
1.345386912058776571e-02
1.343531045554422453e-02
1.341781544245963451e-02
1.340102695761927545e-02
1.338477314412110826e-02
1.336707806128775711e-02
1.334811778177161234e-02
1.332912730252210076e-02
1.330724727290208409e-02
1.328403690082131071e-02
1.326190022348661471e-02
1.324021639957255990e-02
1.322094904002451415e-02
1.320285926796787787e-02
1.318444962014180682e-02
1.316572845411669371e-02
1.314709342467344083e-02
1.312948025173953266e-02
1.311160272782114361e-02
1.309418095066588843e-02
1.307674957042507559e-02
1.305980388807055290e-02
1.304351688579185285e-02
1.302515709587393801e-02
1.300702283795564414e-02
1.298610121979970264e-02
1.296445181850860301e-02
1.294335420577831172e-02
1.292245172195382631e-02
1.290144243352158229e-02
1.288044169405563009e-02
1.286020290335061246e-02
1.284101555125162324e-02
1.282182340897292799e-02
1.280044652681817767e-02
1.277741537436151258e-02
1.275488590015715767e-02
1.273229311170063181e-02
1.271000375643456873e-02
1.268786959475080162e-02
1.266653000905850097e-02
1.264584041068291843e-02
1.262573971878936004e-02
1.260520008739664070e-02
1.258426343794882656e-02
1.256321035604694020e-02
1.254238538804141462e-02
1.252102710248104156e-02
1.250066598624505892e-02
1.248141936993712488e-02
1.246231562981779152e-02
1.244262936094158757e-02
1.242309023005662427e-02
1.240338963442049261e-02
1.238397828084674898e-02
1.236435275824784678e-02
1.234612692455719710e-02
1.232866215177473926e-02
1.231144123457219262e-02
1.229664133742222609e-02
1.228701497027833572e-02
1.227747585201459379e-02
1.226841362913897067e-02
1.225873715479843147e-02
1.224928253996716496e-02
1.224039746405034684e-02
1.223273942773459196e-02
1.222609063140404906e-02
1.222193169954425944e-02
1.221890942152552804e-02
1.221616553984769191e-02
1.221454848511822552e-02
1.221329788592215131e-02
1.221216345038841564e-02
1.221079712011286823e-02
1.220839924031626514e-02
1.220481235473344986e-02
1.220208740941206189e-02
1.219912428583092012e-02
1.219641723134111400e-02
1.219468134602387163e-02
1.219272980134844184e-02
1.219130076191631863e-02
1.218991784385591026e-02
1.218825535792207246e-02
1.218582932154571065e-02
1.218341863027963025e-02
1.218106207022366140e-02
1.217909191396404113e-02
1.217688292671492353e-02
1.217610113423520102e-02
1.217560069851021838e-02
1.217475928145209628e-02
1.217403905250387906e-02
1.217533163390654462e-02
1.217641757730994652e-02
1.217692363931116052e-02
1.217618681755587573e-02
1.217429554364495015e-02
1.217033346122018030e-02
1.216673283369293021e-02
1.216353258935025904e-02
1.215791702672870678e-02
1.215289181726189258e-02
1.214768389841925506e-02
1.214190876079904516e-02
1.213521587067818014e-02
1.212811153659506397e-02
1.212143486301549798e-02
1.211424418235029776e-02
1.210651073076180959e-02
1.209996577800878138e-02
1.209373873863536959e-02
1.208738874515342780e-02
1.208138008388198563e-02
1.207499544647005520e-02
1.206865560339873134e-02
1.206222547489558053e-02
1.205504647737365778e-02
1.204792226726594286e-02
1.204108977071981570e-02
1.203421760065309133e-02
1.202772343323688271e-02
1.202136801152661229e-02
1.201515215255633678e-02
1.201052666086409142e-02
1.200449566167982596e-02
1.199768340535580131e-02
1.199090225603477618e-02
1.198382911172126211e-02
1.197629261601547077e-02
1.196838784758452907e-02
1.196050250105012286e-02
1.195345665052622436e-02
1.194625853034387425e-02
1.193869193651144085e-02
1.193146250806115770e-02
1.192504189679593173e-02
1.191873553564302968e-02
1.191161831809569790e-02
1.190465048350141004e-02
1.189848414895473133e-02
1.189197330584744472e-02
1.188631313180394874e-02
1.188143138783753425e-02
1.187747685463767106e-02
1.187367979804079474e-02
1.187145592711479590e-02
1.186852416018765143e-02
1.186537007322531652e-02
1.186353188088539942e-02
1.185976531593186355e-02
1.185490292744030040e-02
1.185014303805538051e-02
1.184713218922390371e-02
1.184326760078240580e-02
1.183953654561731295e-02
1.183629990623946866e-02
1.183375040750938613e-02
1.183315419286100519e-02
1.183301402957113307e-02
1.183219481111807622e-02
1.183129502005096645e-02
1.183140657101716502e-02
1.183309163923626853e-02
1.183526066943518459e-02
1.183757240996173056e-02
1.183997791994368699e-02
1.184225540393939874e-02
1.184458298714348608e-02
1.184677237165311474e-02
1.184841727505844995e-02
1.184926038648491733e-02
1.185000516130066753e-02
1.185049247211543248e-02
1.185081873795982427e-02
1.185164153633633255e-02
1.185227109594161679e-02
1.185249053676899408e-02
1.185266757116796091e-02
1.185290418847706299e-02
1.185353355916208412e-02
1.185384937343569693e-02
1.185416219218747916e-02
1.185428895374407952e-02
1.185362597950159746e-02
1.185305353064192678e-02
1.185215905300714134e-02
1.185173858750985035e-02
1.185142468538711961e-02
1.185145489788464596e-02
1.185120472200620195e-02
1.185024536656112057e-02
1.184896007414004172e-02
1.184776655805913105e-02
1.184653680760275850e-02
1.184566957155913126e-02
1.184475695689459797e-02
1.184377512674493135e-02
1.184465249397429268e-02
1.184545552643511378e-02
1.184613299617699039e-02
1.184430342979046757e-02
1.184273899247812768e-02
1.184133224209236133e-02
1.183975984235856836e-02
1.183829695298785172e-02
1.183651074700574693e-02
1.183427009296551119e-02
1.183141448278996789e-02
1.182964019213741946e-02
1.182744154658156750e-02
1.182440843726269807e-02
1.182155675786497259e-02
1.181865717623282498e-02
1.181559408025475121e-02
1.181267750907104459e-02
1.180957524417492778e-02
1.180640860280952019e-02
1.180420418240017005e-02
1.180177398124621947e-02
1.179944297086937301e-02
1.179730194625039710e-02
1.179567906110567249e-02
1.179389710466323751e-02
1.179274546748782307e-02
1.179154527102707108e-02
1.178976084193334925e-02
1.178770838142398011e-02
1.178552474265216407e-02
1.178360813862585656e-02
1.178208735146438896e-02
1.177879662424469349e-02
1.177615102163794870e-02
1.177451140177581540e-02
1.177295751995663907e-02
1.177128207806388098e-02
1.176963167785454768e-02
1.176870649999490169e-02
1.176740350994307308e-02
1.176595444198319691e-02
1.176569595312392837e-02
1.176682257005397421e-02
1.176829098595098821e-02
1.176974913788445508e-02
1.177049672522950154e-02
1.177058837197170540e-02
1.177113688121641556e-02
1.177112884532477595e-02
1.176950456934990584e-02
1.176806198630645645e-02
1.176676037818364003e-02
1.176569983262201920e-02
1.176533988243143140e-02
1.176520721584072698e-02
1.176519191376702161e-02
1.176528485178560991e-02
1.176492960897975414e-02
1.176477806948381805e-02
1.176638818280396556e-02
1.176482569614070717e-02
1.176195393974355415e-02
1.175963968906159479e-02
1.175863030761953483e-02
1.175753591185123466e-02
1.175698936538893506e-02
1.175638630892609192e-02
1.175581907952146302e-02
1.175460903969004038e-02
1.175358779833048616e-02
1.175305801093052584e-02
1.175240480833891071e-02
1.175148470069759150e-02
1.174999546894883902e-02
1.174776932030760501e-02
1.174525261346362134e-02
1.174296158346533649e-02
1.174102909830389459e-02
1.173873397460500206e-02
1.173630920967156689e-02
1.173366996947924207e-02
1.172974330587572660e-02
1.172190765614164812e-02
1.171410902312785933e-02
1.170647487492866047e-02
1.169854485249962987e-02
1.169162818326161847e-02
1.168472291351595714e-02
1.167836104177172492e-02
1.167216752917463012e-02
1.166627883350169689e-02
1.166082786338646683e-02
1.165624738283112770e-02
1.165192524363649514e-02
1.164722477173026592e-02
1.164304986310257979e-02
1.164032164668769506e-02
1.163834825130479096e-02
1.163694858008188816e-02
1.163564332526464094e-02
1.163385862280167000e-02
1.163343336111866827e-02
1.163350820399640384e-02
1.163368751537875029e-02
1.163386813899856126e-02
1.163427834684161756e-02
1.163554758827514517e-02
1.163716693163455856e-02
1.163844747752695169e-02
1.164053042649394222e-02
1.164239061848990411e-02
1.164430663589431994e-02
1.164638254050263944e-02
1.164713135038941347e-02
1.164739870885954202e-02
1.164724734812865210e-02
1.164728907455985819e-02
1.164690450073581872e-02
1.164567428775976042e-02
1.164580548709972033e-02
1.164683478366581107e-02
1.164783007879694257e-02
1.164861683842504693e-02
1.164949020077532538e-02
1.165035453764119190e-02
1.165142105704691268e-02
1.165240674990530682e-02
1.165455410242363481e-02
1.165692039301990425e-02
1.166183997427470455e-02
1.166558201555190251e-02
1.166971234609470373e-02
1.167425340458414819e-02
1.167892838421659418e-02
1.168465186570616030e-02
1.169063088080742920e-02
1.169648841674639922e-02
1.170229067873088634e-02
1.170886991531547294e-02
1.171444545616415721e-02
1.171937588225791665e-02
1.172396606218589245e-02
1.172862119157278525e-02
1.173268704752664440e-02
1.173861240378915559e-02
1.174820295437689795e-02
1.175754091454275785e-02
1.176688341180309044e-02
1.177442703573829477e-02
1.177995448030270606e-02
1.178566164906491576e-02
1.179191474153588014e-02
1.179864449422011498e-02
1.180566780576756784e-02
1.181248523800886366e-02
1.181862385406052401e-02
1.182377229842443943e-02
1.182958231073267912e-02
1.183402190185765118e-02
1.183510723330260736e-02
1.183600964161293616e-02
1.183745855819850167e-02
1.183875989492259688e-02
1.183990545243755570e-02
1.184125687226482079e-02
1.184285029653607546e-02
1.184549569773699768e-02
1.184826903870204659e-02
1.185059902440038955e-02
1.185299076427569209e-02
1.185598168574169414e-02
1.185912208792571330e-02
1.186221437892443636e-02
1.186570328036846284e-02
1.186938050294510626e-02
1.187302135136155366e-02
1.187678152282179572e-02
1.188095188570361359e-02
1.188542500352736397e-02
1.188981547422866825e-02
1.189416065750397919e-02
1.189855862495459507e-02
1.190328255309236992e-02
1.190763335493644735e-02
1.191168476243899266e-02
1.191585505220970134e-02
1.192039500605891582e-02
1.192644526308954574e-02
1.193328140379233855e-02
1.194027303791941538e-02
1.194765258104582908e-02
1.195582762509692781e-02
1.196396791919890172e-02
1.197226246327518819e-02
1.198063790242530173e-02
1.198884935382370752e-02
1.199690282305919571e-02
1.200591890280192434e-02
1.201582408256453294e-02
1.202557548732994391e-02
1.203522875690684994e-02
1.204566670768124348e-02
1.205608514878472870e-02
1.206653229596976219e-02
1.207779682174058185e-02
1.209260720530318592e-02
1.210828688183006145e-02
1.212390494186943446e-02
