8.443054006827616781e-03
8.486248890310280416e-03
8.529443773792945785e-03
8.572638657275609420e-03
8.615833540758274789e-03
8.659028424240938424e-03
8.691087955753145147e-03
8.722678630340279307e-03
8.754269304927411732e-03
8.785859979514547627e-03
8.817450654101681787e-03
8.856797415878029517e-03
8.896826031473211230e-03
8.936854647068391208e-03
8.976883262663572921e-03
9.016911878258754634e-03
9.063561725340651617e-03
9.111124845731061531e-03
9.158687966121471444e-03
9.206251086511881357e-03
9.253814206902293005e-03
9.296074717892401432e-03
9.337313039118595379e-03
9.378551360344792795e-03
9.419789681570986742e-03
9.461028002797184158e-03
9.491910905140890295e-03
9.520172182451056356e-03
9.548433459761220682e-03
9.576694737071386743e-03
9.604956014381552803e-03
9.623489640109747154e-03
9.638910417331707919e-03
9.654331194553672155e-03
9.669751971775632921e-03
9.685172748997595421e-03
9.694236315063484155e-03
9.700792811941061008e-03
9.707349308818637862e-03
9.713905805696216450e-03
9.720462302573793303e-03
9.724240783265357402e-03
9.726692450256138253e-03
9.729144117246920839e-03
9.731595784237701691e-03
9.734047451228484277e-03
9.736056113709572885e-03
9.737811630756550152e-03
9.739567147803527419e-03
9.741322664850502952e-03
9.743078181897481954e-03
9.745505726290121587e-03
9.748388882442532433e-03
9.751272038594941544e-03
9.754155194747352389e-03
9.757038350899763235e-03
9.760705151008970681e-03
9.764998866283614715e-03
9.769292581558260483e-03
9.773586296832906251e-03
9.777880012107550284e-03
9.783270613416987505e-03
9.789693578053284412e-03
9.796116542689581319e-03
9.802539507325878226e-03
9.808962471962175134e-03
9.816315995061641528e-03
9.824699072205464803e-03
9.833082149349286344e-03
9.841465226493107885e-03
9.849848303636932895e-03
9.858458031120096582e-03
9.867362931138223131e-03
9.876267831156349680e-03
9.885172731174476229e-03
9.894077631192602779e-03
9.902795810231321966e-03
9.911226726224799458e-03
9.919657642218276949e-03
9.928088558211754441e-03
9.936519474205230198e-03
9.944671409208979615e-03
9.952313207545800816e-03
9.959955005882623752e-03
9.967596804219444953e-03
9.975238602556266154e-03
9.982640686833585755e-03
9.989516946722324167e-03
9.996393206611060844e-03
1.000326946649979926e-02
1.001014572638853767e-02
1.001678013963958752e-02
1.002276962852346673e-02
1.002875911740734767e-02
1.003474860629122688e-02
1.004073809517510608e-02
1.004647969438358761e-02
1.005140217988205985e-02
1.005632466538053382e-02
1.006124715087900433e-02
1.006616963637747657e-02
1.007087045878892091e-02
1.007463796293919626e-02
1.007840546708946988e-02
1.008217297123974350e-02
1.008594047539001712e-02
1.008953767362347209e-02
1.009218115872273502e-02
1.009482464382199796e-02
1.009746812892126089e-02
1.010011161402052556e-02
1.010265147951888709e-02
1.010436238821003745e-02
1.010607329690118954e-02
1.010778420559234163e-02
1.010949511428349372e-02
1.011115265306353032e-02
1.011210875872606968e-02
1.011306486438860730e-02
1.011402097005114319e-02
1.011497707571368081e-02
1.011591107873056027e-02
1.011613779708637681e-02
1.011636451544219162e-02
1.011659123379800469e-02
1.011681795215381950e-02
1.011704467050963431e-02
1.011648438573537964e-02
1.011591607031693887e-02
1.011534775489849984e-02
1.011477943948005907e-02
1.011421112406162004e-02
1.011285272792507468e-02
1.011145230621841862e-02
1.011005188451176255e-02
1.010865146280510649e-02
1.010725104109844869e-02
1.010507196145458454e-02
1.010281501601699786e-02
1.010055807057941291e-02
1.009830112514182622e-02
1.009604417970423954e-02
1.009301633116393114e-02
1.008987195075925630e-02
1.008672757035458320e-02
1.008358318994990663e-02
1.008043880954523353e-02
1.007654213952254539e-02
1.007248950701807727e-02
1.006843687451360742e-02
1.006438424200913583e-02
1.006033160950466597e-02
1.005556642827285484e-02
1.005060940699906667e-02
1.004565238572528024e-02
1.004069536445149381e-02
1.003573834317770565e-02
1.003014389801550922e-02
1.002433410694507018e-02
1.001852431587462768e-02
1.001271452480418864e-02
1.000690473373374786e-02
1.000052817814586770e-02
9.993916820115050781e-03
9.987305462084233865e-03
9.980694104053416948e-03
9.974082746022598298e-03
9.966973557490920246e-03
9.959615453708809893e-03
9.952257349926699539e-03
9.944899246144590921e-03
9.937541142362480567e-03
9.929752418428562655e-03
9.921706711500825893e-03
9.913661004573089131e-03
9.905615297645350634e-03
9.897569590717613872e-03
9.889144455699811972e-03
9.880451104273515334e-03
9.871757752847220430e-03
9.863064401420923791e-03
9.854371049994628887e-03
9.845345979233732434e-03
9.836044475694005404e-03
9.826742972154278374e-03
9.817441468614549610e-03
9.808139965074820846e-03
9.798554860537206715e-03
9.788691827021666833e-03
9.778828793506125217e-03
9.768965759990581865e-03
9.759102726475040249e-03
9.748996379452899014e-03
9.738609692955764452e-03
9.728223006458631625e-03
9.717836319961495328e-03
9.707449633464362501e-03
9.696850087067649879e-03
9.685961659378655719e-03
9.675073231689663295e-03
9.664184804000669135e-03
9.653296376311674976e-03
9.642219805932087176e-03
9.630841217022862583e-03
9.619462628113637989e-03
9.608084039204411661e-03
9.596705450295187068e-03
9.585161693200392949e-03
9.573302173397886874e-03
9.561442653595382535e-03
9.549583133792876460e-03
9.537723613990372121e-03
9.525721675931788854e-03
9.513392175884228044e-03
9.501062675836667235e-03
9.488733175789108160e-03
9.476403675741547350e-03
9.463954248233744440e-03
9.451168101318338510e-03
9.438381954402932580e-03
9.425595807487526651e-03
9.412809660572120721e-03
9.399925656879085795e-03
9.386699154464351116e-03
9.373472652049618173e-03
9.360246149634885229e-03
9.347019647220152286e-03
9.333716595282134931e-03
9.320069070489336860e-03
9.306421545696540523e-03
9.292774020903742452e-03
9.279126496110947850e-03
9.265422443503824532e-03
9.251375186309728979e-03
9.237327929115635161e-03
9.223280671921539609e-03
9.209233414727444056e-03
9.195148039199513637e-03
9.180723410500470430e-03
9.166298781801425488e-03
9.151874153102380546e-03
9.137449524403335605e-03
9.123003442808315377e-03
9.108224841325672158e-03
9.093446239843030673e-03
9.078667638360387454e-03
9.063889036877745969e-03
9.049103777495222031e-03
9.033995609968389559e-03
9.018887442441555352e-03
9.003779274914721145e-03
8.988671107387888673e-03
8.973562939861054466e-03
8.958155980928906442e-03
8.942742861349224637e-03
8.927329741769541097e-03
8.911916622189859291e-03
8.896503502610177486e-03
8.880826384837512202e-03
8.865132234923363275e-03
8.849438085009214347e-03
8.833743935095065419e-03
8.818049785180914757e-03
8.802123697071754724e-03
8.786171548491244349e-03
8.770219399910735708e-03
8.754267251330225333e-03
8.738315102749716692e-03
8.722160706491805665e-03
8.705972998851736755e-03
8.689785291211667845e-03
8.673597583571598935e-03
8.657409875931531759e-03
8.641047381073843278e-03
8.624646044612240686e-03
8.608244708150638094e-03
8.591843371689035502e-03
8.575442035227434645e-03
8.558890945504575229e-03
8.542297069135644169e-03
8.525703192766713109e-03
8.509109316397785519e-03
8.492515440028854459e-03
8.475794298975627278e-03
8.459027830774568102e-03
8.442261362573510661e-03
8.425494894372453220e-03
8.408728426171395778e-03
8.391854767450362615e-03
8.374934504155424550e-03
8.358014240860489955e-03
8.341093977565555359e-03
8.324173714270619029e-03
8.307164262978842389e-03
8.290108159504103527e-03
8.273052056029362930e-03
8.255995952554624068e-03
8.238939849079885205e-03
8.221810839857278744e-03
8.204636413939283418e-03
8.187461988021286358e-03
8.170287562103291032e-03
8.153113136185295706e-03
8.135880533512085053e-03
8.118605063756084705e-03
8.101329594000086093e-03
8.084054124244085746e-03
8.066778654488087133e-03
8.049458187688816532e-03
8.032098666851989963e-03
8.014739146015165128e-03
7.997379625178336823e-03
7.980020104341510254e-03
7.962627142891271631e-03
7.945200058366120449e-03
7.927772973840971002e-03
7.910345889315823290e-03
7.892918804790673842e-03
7.875468264736994531e-03
7.857989578049078341e-03
7.840510891361163887e-03
7.823032204673249432e-03
7.805553517985335844e-03
7.788059768906210358e-03
7.770544712054153376e-03
7.753029655202098129e-03
7.735514598350042015e-03
7.717999541497985033e-03
7.700476321612585891e-03
7.682939423130773215e-03
7.665402524648963142e-03
7.647865626167150467e-03
7.630328727685338659e-03
7.612789165016524764e-03
7.595244273973704961e-03
7.577699382930886893e-03
7.560154491888067957e-03
7.542609600845249021e-03
7.525066239686298980e-03
7.507526571350483027e-03
7.489986903014665340e-03
7.472447234678847652e-03
7.454907566343031700e-03
7.437372423772226765e-03
7.419850677465861591e-03
7.402328931159495549e-03
7.384807184853128641e-03
7.367285438546762599e-03
7.349770079674684646e-03
7.332278445558538214e-03
7.314786811442390048e-03
7.297295177326242749e-03
7.279803543210095450e-03
7.262319081257026000e-03
7.244869214443515164e-03
7.227419347630003460e-03
7.209969480816491756e-03
7.192519614002980052e-03
7.175076692556997711e-03
7.157679717388521108e-03
7.140282742220042771e-03
7.122885767051564433e-03
7.105488791883086963e-03
7.088097585668936759e-03
7.070764068998071361e-03
7.053430552327204228e-03
7.036097035656337963e-03
7.018763518985470830e-03
7.001433714376588749e-03
6.984173696533033278e-03
6.966913678689476939e-03
6.949653660845919734e-03
6.932393643002363395e-03
6.915134464031588192e-03
6.897957494593358156e-03
6.880780525155128120e-03
6.863603555716897217e-03
6.846426586278667181e-03
6.829249616840437145e-03
6.812161905598197731e-03
6.795076983674581614e-03
6.777992061750966364e-03
6.760907139827351982e-03
6.743822217903737599e-03
6.726830698904953491e-03
6.709846286650450117e-03
6.692861874395946743e-03
6.675877462141443369e-03
6.658893049886940863e-03
6.642004961070487913e-03
6.625128912683791484e-03
6.608252864297095054e-03
6.591376815910398625e-03
6.574500767523703063e-03
6.557722896066040148e-03
6.540962556202847659e-03
6.524202216339656038e-03
6.507441876476463549e-03
6.490681536613271928e-03
6.474020310951132499e-03
6.457382624911741503e-03
6.440744938872351374e-03
6.424107252832959511e-03
6.407469566793570249e-03
6.390931115331748361e-03
6.374422695386822157e-03
6.357914275441895954e-03
6.341405855496968016e-03
6.324897435552042681e-03
6.308487549319735307e-03
6.292114613229659453e-03
6.275741677139584467e-03
6.259368741049508612e-03
6.242995804959433626e-03
6.226719873940920850e-03
6.210488165822678625e-03
6.194256457704437266e-03
6.178024749586195907e-03
6.161793041467954549e-03
6.145656031086206735e-03
6.129570808529105630e-03
6.113485585972004525e-03
6.097400363414903421e-03
6.081315140857802316e-03
6.065321632976392041e-03
6.049387739634180979e-03
6.033453846291969916e-03
6.017519952949760588e-03
6.001586059607549525e-03
5.985740301464252677e-03
5.969962218562980746e-03
5.954184135661707948e-03
5.938406052760436017e-03
5.922627969859164086e-03
5.906933939113087270e-03
5.891315878584208257e-03
5.875697818055330111e-03
5.860079757526451966e-03
5.844461696997572953e-03
5.828923094006199269e-03
5.813468914648421693e-03
5.798014735290645850e-03
5.782560555932870876e-03
5.767106376575095034e-03
5.751726614603958412e-03
5.736439874366121468e-03
5.721153134128285390e-03
5.705866393890449313e-03
5.690579653652613236e-03
5.675361903046910114e-03
5.660245912148605292e-03
5.645129921250298735e-03
5.630013930351993046e-03
5.614897939453689091e-03
5.599845166768734235e-03
5.584903025957150928e-03
5.569960885145565886e-03
5.555018744333980844e-03
5.540076603522394935e-03
5.525191530503406438e-03
5.510425943175166659e-03
5.495660355846927747e-03
5.480894768518689703e-03
5.466129181190448189e-03
5.451414171599821071e-03
5.436827412700988814e-03
5.422240653802159159e-03
5.407653894903328637e-03
5.393067136004497247e-03
5.378524188016939669e-03
5.364118149127106681e-03
5.349712110237276295e-03
5.335306071347441573e-03
5.320900032457611187e-03
5.306530857557876547e-03
5.292307295419039492e-03
5.278083733280200703e-03
5.263860171141361913e-03
5.249636609002523123e-03
5.235442803363726978e-03
5.221403359568899290e-03
5.207363915774072469e-03
5.193324471979246515e-03
5.179285028184417092e-03
5.165268069104971514e-03
5.151414124212030411e-03
5.137560179319092778e-03
5.123706234426153409e-03
5.109852289533214041e-03
5.096013421257799408e-03
5.082346049506720510e-03
5.068678677755642480e-03
5.055011306004561847e-03
5.041343934253484683e-03
5.027684133283186717e-03
5.014204138356467312e-03
5.000724143429747040e-03
4.987244148503025901e-03
4.973764153576305629e-03
4.960284158649584489e-03
