1.749098265062902849e-02
1.728100564902574840e-02
1.707102864742246137e-02
1.686105164581917781e-02
1.665107464421589079e-02
1.644109764261261070e-02
1.619177596154560556e-02
1.594079766239591897e-02
1.568981936324623239e-02
1.543884106409654407e-02
1.518786276494685748e-02
1.493741444765315368e-02
1.468701272217096468e-02
1.443661099668877741e-02
1.418620927120659014e-02
1.393580754572439767e-02
1.371373603837867765e-02
1.349557214732764396e-02
1.327740825627660853e-02
1.305924436522557484e-02
1.284108047417453595e-02
1.266413253810094383e-02
1.249512984636035225e-02
1.232612715461975893e-02
1.215712446287916734e-02
1.198812177113857229e-02
1.185359618227053470e-02
1.172779897387656554e-02
1.160200176548259292e-02
1.147620455708862376e-02
1.135040734869464940e-02
1.124778318592357072e-02
1.115257439775181603e-02
1.105736560958006306e-02
1.096215682140830837e-02
1.086694803323655194e-02
1.078413431890270363e-02
1.070620880270211142e-02
1.062828328650151921e-02
1.055035777030092527e-02
1.047243225410033479e-02
1.040090885997655562e-02
1.033244319579991292e-02
1.026397753162327196e-02
1.019551186744662753e-02
1.012704620326998484e-02
1.006229686929824459e-02
9.999671152586450326e-03
9.937045435874657801e-03
9.874419719162861805e-03
9.811794002451065810e-03
9.751716890533015936e-03
9.693367646271738858e-03
9.635018402010465249e-03
9.576669157749188172e-03
9.518319913487911094e-03
9.462767140748163525e-03
9.409451545225638175e-03
9.356135949703109356e-03
9.302820354180582271e-03
9.249504758658053452e-03
9.199407400547213176e-03
9.152338971765016859e-03
9.105270542982818807e-03
9.058202114200622490e-03
9.011133685418426173e-03
8.967132695234934781e-03
8.926525466905334966e-03
8.885918238575729947e-03
8.845311010246128397e-03
8.804703781916525113e-03
8.767219988327346752e-03
8.733803923702444447e-03
8.700387859077538671e-03
8.666971794452634631e-03
8.633555729827728856e-03
8.603618118701934075e-03
8.579031974497844382e-03
8.554445830293751218e-03
8.529859686089659790e-03
8.505273541885568361e-03
8.484200794557066744e-03
8.469552544372494982e-03
8.454904294187924954e-03
8.440256044003353192e-03
8.425607793818781430e-03
8.414069855103817330e-03
8.409354535096372554e-03
8.404639215088927778e-03
8.399923895081484737e-03
8.395208575074041696e-03
8.392949957712468601e-03
8.397242547406548116e-03
8.401535137100627632e-03
8.405827726794707147e-03
8.410120316488786663e-03
8.415962336913171762e-03
8.426924215402920026e-03
8.437886093892668291e-03
8.448847972382416555e-03
8.459809850872164819e-03
8.471498821005162341e-03
8.486249229636059696e-03
8.500999638266955316e-03
8.515750046897850936e-03
8.530500455528748291e-03
8.545509402513227354e-03
8.561966164277777860e-03
8.578422926042328367e-03
8.594879687806878873e-03
8.611336449571427645e-03
8.627836109037889667e-03
8.644678950119652483e-03
8.661521791201413564e-03
8.678364632283174646e-03
8.695207473364935727e-03
8.711983341447165213e-03
8.727878992964087368e-03
8.743774644481009523e-03
8.759670295997933412e-03
8.775565947514857301e-03
8.791385423097462098e-03
8.804767268781885439e-03
8.818149114466308780e-03
8.831530960150730386e-03
8.844912805835153727e-03
8.858294651519575333e-03
8.868036546486681576e-03
8.877741299099527889e-03
8.887446051712375936e-03
8.897150804325220513e-03
8.906855556938066826e-03
8.912913228360290485e-03
8.918776906102160104e-03
8.924640583844029723e-03
8.930504261585899342e-03
8.936367939327770696e-03
8.939401720653827876e-03
8.942152512338303813e-03
8.944903304022779750e-03
8.947654095707259156e-03
8.950404887391735093e-03
8.951189188179485903e-03
8.951676228715406414e-03
8.952163269251325189e-03
8.952650309787245700e-03
8.953137350323164476e-03
8.952184650080798403e-03
8.950933466994152876e-03
8.949682283907507349e-03
8.948431100820861822e-03
8.947179917734216295e-03
8.944780500077433721e-03
8.942071942344073654e-03
8.939363384610713587e-03
8.936654826877353519e-03
8.933946269143995186e-03
8.930268139752690210e-03
8.926262452368835879e-03
8.922256764984979813e-03
8.918251077601123747e-03
8.914245390217271151e-03
8.909427622649167613e-03
8.904273421861877771e-03
8.899119221074587929e-03
8.893965020287296352e-03
8.888810819500006510e-03
8.882995506090252472e-03
8.876849636369265467e-03
8.870703766648280197e-03
8.864557896927293193e-03
8.858412027206306188e-03
8.851725964801892416e-03
8.844717529344462564e-03
8.837709093887034448e-03
8.830700658429604596e-03
8.823692222972176480e-03
8.816264696417629165e-03
8.808540915811673144e-03
8.800817135205715389e-03
8.793093354599759368e-03
8.785369573993803347e-03
8.777359805621385777e-03
8.769111714110251407e-03
8.760863622599117037e-03
8.752615531087982667e-03
8.744367439576848297e-03
8.735950779437758398e-03
8.727368922043277771e-03
8.718787064648797144e-03
8.710205207254314783e-03
8.701623349859832421e-03
8.692966552453287865e-03
8.684223411119800992e-03
8.675480269786314119e-03
8.666737128452827246e-03
8.657993987119340373e-03
8.649243785740824003e-03
8.640484002872624372e-03
8.631724220004428211e-03
8.622964437136228580e-03
8.614204654268028949e-03
8.605476794852989775e-03
8.596800180981176154e-03
8.588123567109362533e-03
8.579446953237548912e-03
8.570770339365733556e-03
8.562135887622831371e-03
8.553582039949906776e-03
8.545028192276983917e-03
8.536474344604059322e-03
8.527920496931136463e-03
8.519401131968968102e-03
8.510961077241540468e-03
8.502521022514112833e-03
8.494080967786685199e-03
8.485640913059255830e-03
8.477222961379662913e-03
8.468867068257453223e-03
8.460511175135241799e-03
8.452155282013032109e-03
8.443799388890822419e-03
8.435457464232243296e-03
8.427164429196378967e-03
8.418871394160514637e-03
8.410578359124650308e-03
8.402285324088785978e-03
8.394000487795399978e-03
8.385752545843169065e-03
8.377504603890936416e-03
8.369256661938703767e-03
8.361008719986472854e-03
8.352764456069153298e-03
8.344542523078077312e-03
8.336320590087001325e-03
8.328098657095925339e-03
8.319876724104849353e-03
8.311655115486295264e-03
8.303436393783177050e-03
8.295217672080058835e-03
8.286998950376940620e-03
8.278780228673824140e-03
8.270560889054147727e-03
8.262331971727819233e-03
8.254103054401490738e-03
8.245874137075163979e-03
8.237645219748837219e-03
8.229415956102098875e-03
8.221169895915489759e-03
8.212923835728880642e-03
8.204677775542271526e-03
8.196431715355660674e-03
8.188185655169051558e-03
8.179924672068336622e-03
8.171663381278670979e-03
8.163402090489003601e-03
8.155140799699337958e-03
8.146879508909670581e-03
8.138601189976625225e-03
8.130321772453683732e-03
8.122042354930740504e-03
8.113762937407797277e-03
8.105483519884854049e-03
8.097178202379581857e-03
8.088869974763934767e-03
8.080561747148289412e-03
8.072253519532642321e-03
8.063945291916996966e-03
8.055598072682201155e-03
8.047244431298372289e-03
8.038890789914539953e-03
8.030537148530711086e-03
8.022183507146880485e-03
8.013782922347653659e-03
8.005371905678336855e-03
7.996960889009021786e-03
7.988549872339708452e-03
7.980138855670393383e-03
7.971685063580317282e-03
7.963219049941449093e-03
7.954753036302582639e-03
7.946287022663716185e-03
7.937821009024849730e-03
7.929325281160623518e-03
7.920818970147640650e-03
7.912312659134657783e-03
7.903806348121674916e-03
7.895300037108692048e-03
7.886776414657438450e-03
7.878245265493893229e-03
7.869714116330346274e-03
7.861182967166802787e-03
7.852651818003257567e-03
7.844109576362671282e-03
7.835561532503325724e-03
7.827013488643980166e-03
7.818465444784634608e-03
7.809917400925289049e-03
7.801355430945061155e-03
7.792784785676414201e-03
7.784214140407768982e-03
7.775643495139122029e-03
7.767072849870475942e-03
7.758479652650193854e-03
7.749869838202392419e-03
7.741260023754590984e-03
7.732650209306788681e-03
7.724040394858988114e-03
7.715401213705964586e-03
7.706736544469166422e-03
7.698071875232368258e-03
7.689407205995570094e-03
7.680742536758771062e-03
7.672045984952823895e-03
7.663316899913050206e-03
7.654587814873277385e-03
7.645858729833503696e-03
7.637129644793730875e-03
7.628371480760185244e-03
7.619578421934114498e-03
7.610785363108043752e-03
7.601992304281973006e-03
7.593199245455902260e-03
7.584382938878567529e-03
7.575533745238473109e-03
7.566684551598378689e-03
7.557835357958282534e-03
7.548986164318188113e-03
7.540120747566912002e-03
7.531228146142843541e-03
7.522335544718777682e-03
7.513442943294710956e-03
7.504550341870643362e-03
7.495647626407446994e-03
7.486724682865992207e-03
7.477801739324537421e-03
7.468878795783082634e-03
7.459955852241627848e-03
7.451026742192093724e-03
7.442082747467885367e-03
7.433138752743676143e-03
7.424194758019467787e-03
7.415250763295257695e-03
7.406302372468196067e-03
7.397340969176687334e-03
7.388379565885176865e-03
7.379418162593668132e-03
7.370456759302158531e-03
7.361491933093222868e-03
7.352514393190990281e-03
7.343536853288757695e-03
7.334559313386524240e-03
7.325581773484291653e-03
7.316601277805534487e-03
7.307606524851783907e-03
7.298611771898033326e-03
7.289617018944281879e-03
7.280622265990530431e-03
7.271625150124708982e-03
7.262612402686728467e-03
7.253599655248747953e-03
7.244586907810767439e-03
7.235574160372786924e-03
7.226559834148171130e-03
7.217529720057216415e-03
7.208499605966262568e-03
7.199469491875306985e-03
7.190439377784351403e-03
7.181408484044820954e-03
7.172362932912065142e-03
7.163317381779308463e-03
7.154271830646550916e-03
7.145226279513794236e-03
7.136180584407438021e-03
7.127120779888405401e-03
7.118060975369371914e-03
7.109001170850338426e-03
7.099941366331304939e-03
7.090881561812271451e-03
7.081807443915679248e-03
7.072732878726038092e-03
7.063658313536396935e-03
7.054583748346755778e-03
7.045509183157115489e-03
7.036419509091266025e-03
7.027328685437010322e-03
7.018237861782753752e-03
7.009147038128497181e-03
7.000056214474241478e-03
6.990948643636064885e-03
6.981838979399899482e-03
6.972729315163733212e-03
6.963619650927566941e-03
6.954509986691401538e-03
6.945382627495721127e-03
6.936252108485840492e-03
6.927121589475960725e-03
6.917991070466080090e-03
6.908860551456200323e-03
6.899712087809636851e-03
6.890559362311859427e-03
6.881406636814082871e-03
6.872253911316307182e-03
6.863101185818530625e-03
6.853932450960773144e-03
6.844758871165126414e-03
6.835585291369479684e-03
6.826411711573832954e-03
6.817238131778187091e-03
6.808051809505844161e-03
6.798860708804740048e-03
6.789669608103636803e-03
6.780478507402532690e-03
6.771287406701429444e-03
6.762086441245423497e-03
6.752880978621741970e-03
6.743675515998060442e-03
6.734470053374379782e-03
6.725264590750698254e-03
6.716053795402668683e-03
6.706840083721010530e-03
6.697626372039353244e-03
6.688412660357695959e-03
6.679198948676037806e-03
6.669982892532678488e-03
6.660765312489212372e-03
6.651547732445746257e-03
6.642330152402280141e-03
6.633112572358814026e-03
6.623895483067166433e-03
6.614678770602807831e-03
6.605462058138447494e-03
6.596245345674088892e-03
6.587028633209729422e-03
6.577814266016261506e-03
6.568602018586866195e-03
6.559389771157471752e-03
6.550177523728077308e-03
6.540965276298682865e-03
6.531756490728381215e-03
6.522551383383367284e-03
6.513346276038352485e-03
6.504141168693337687e-03
6.494936061348322888e-03
6.485735744316313729e-03
6.476541415175558584e-03
6.467347086034803440e-03
6.458152756894049162e-03
6.448958427753294885e-03
6.439769233145180814e-03
6.430587611972709249e-03
6.421405990800238550e-03
6.412224369627767852e-03
6.403042748455298021e-03
6.393867108524714515e-03
6.384701935767437067e-03
6.375536763010159619e-03
6.366371590252880436e-03
6.357206417495602987e-03
6.348047400255318364e-03
6.338901271128742805e-03
6.329755142002167247e-03
6.320609012875590821e-03
6.311462883749014395e-03
6.302322973927566158e-03
6.293198834486970691e-03
6.284074695046379562e-03
6.274950555605785830e-03
6.265826416165192099e-03
6.256708209152151041e-03
6.247608540975209054e-03
6.238508872798267067e-03
6.229409204621323345e-03
6.220309536444382226e-03
6.211215125722256356e-03
6.202141481946660088e-03
6.193067838171062087e-03
6.183994194395464952e-03
6.174920550619866950e-03
6.165851378777406980e-03
6.156805405088098919e-03
6.147759431398791725e-03
6.138713457709484532e-03
6.129667484020175604e-03
6.120625119420702691e-03
6.111608920722514868e-03
6.102592722024329647e-03
6.093576523326142691e-03
6.084560324627957470e-03
6.075546635988493017e-03
6.066561499266988691e-03
6.057576362545486100e-03
6.048591225823981773e-03
6.039606089102479182e-03
6.030622332506859959e-03
6.021671353901026681e-03
6.012720375295192536e-03
6.003769396689358391e-03
5.994818418083524246e-03
5.985867439477690968e-03
