8.637887469086122719e-03
8.695916881321751404e-03
8.753946293557380090e-03
8.811975705793012245e-03
8.870005118028640931e-03
8.928034530264269616e-03
8.985013397964836460e-03
9.041948032211291966e-03
9.098882666457749208e-03
9.155817300704204714e-03
9.212751934950661956e-03
9.268310663187956031e-03
9.323748432655213497e-03
9.379186202122470964e-03
9.434623971589728431e-03
9.490061741056987632e-03
9.543861735160809670e-03
9.597435829214500530e-03
9.651009923268191390e-03
9.704584017321883985e-03
9.758158111375576579e-03
9.809838077921337329e-03
9.861152911453521797e-03
9.912467744985707999e-03
9.963782578517890731e-03
1.001509741205007520e-02
1.006445448198562027e-02
1.011331591556758475e-02
1.016217734914954748e-02
1.021103878273151369e-02
1.025990021631347816e-02
1.030675539340743067e-02
1.035296856842522414e-02
1.039918174344301414e-02
1.044539491846080588e-02
1.049160809347859588e-02
1.053576807495387908e-02
1.057911834629972347e-02
1.062246861764556613e-02
1.066581888899140879e-02
1.070916916033725144e-02
1.075052303023991615e-02
1.079092339497568845e-02
1.083132375971145901e-02
1.087172412444723478e-02
1.091212448918300708e-02
1.095061286011690151e-02
1.098800866316401205e-02
1.102540446621112259e-02
1.106280026925823140e-02
1.110019607230534194e-02
1.113572259137710768e-02
1.116998179927915051e-02
1.120424100718119161e-02
1.123850021508323617e-02
1.127275942298527900e-02
1.130520246327853737e-02
1.133619256948476678e-02
1.136718267569100140e-02
1.139817278189723428e-02
1.142916288810346542e-02
1.145842866439358496e-02
1.148607154193912079e-02
1.151371441948466183e-02
1.154135729703019940e-02
1.156900017457573870e-02
1.159503881649080054e-02
1.161930255941043960e-02
1.164356630233007693e-02
1.166783004524971600e-02
1.169209378816935506e-02
1.171489025425819647e-02
1.173577584819529909e-02
1.175666144213240519e-02
1.177754703606950955e-02
1.179843263000661564e-02
1.181799948666727856e-02
1.183553751674880188e-02
1.185307554683032692e-02
1.187061357691184850e-02
1.188815160699337181e-02
1.190452387211098778e-02
1.191876445272316634e-02
1.193300503333534664e-02
1.194724561394752693e-02
1.196148619455970549e-02
1.197471353825465580e-02
1.198571829774407703e-02
1.199672305723349826e-02
1.200772781672291775e-02
1.201873257621233725e-02
1.202887634431272328e-02
1.203672413537568847e-02
1.204457192643865540e-02
1.205241971750161886e-02
1.206026750856458579e-02
1.206740294166107168e-02
1.207218449625963030e-02
1.207696605085818893e-02
1.208174760545674756e-02
1.208652916005530445e-02
1.209074247132215646e-02
1.209256317908708779e-02
1.209438388685202086e-02
1.209620459461695045e-02
1.209802530238188178e-02
1.209941446783826917e-02
1.209838699636682502e-02
1.209735952489537913e-02
1.209633205342393325e-02
1.209530458195248910e-02
1.209397402717052664e-02
1.209021880590444541e-02
1.208646358463836418e-02
1.208270836337228121e-02
1.207895314210619998e-02
1.207501396671536997e-02
1.206865710854214575e-02
1.206230025036892327e-02
1.205594339219569905e-02
1.204958653402247656e-02
1.204315487520494186e-02
1.203432959576947008e-02
1.202550431633399829e-02
1.201667903689852650e-02
1.200785375746305471e-02
1.199902847802758292e-02
1.198789673873599734e-02
1.197674146413975696e-02
1.196558618954351658e-02
1.195443091494727793e-02
1.194327564035103754e-02
1.193004090401004157e-02
1.191669555800177298e-02
1.190335021199350092e-02
1.189000486598523233e-02
1.187665951997696201e-02
1.186145411001545032e-02
1.184606269365861414e-02
1.183067127730177623e-02
1.181527986094494005e-02
1.179988844458810388e-02
1.178284247111235049e-02
1.176554639016513283e-02
1.174825030921791517e-02
1.173095422827069752e-02
1.171365814732347986e-02
1.169490023202589095e-02
1.167583925350932153e-02
1.165677827499275211e-02
1.163771729647618269e-02
1.161865631795961327e-02
1.159831365803217461e-02
1.157762593003257810e-02
1.155693820203298160e-02
1.153625047403338509e-02
1.151556274603378859e-02
1.149375994023825280e-02
1.147158041897111853e-02
1.144940089770398253e-02
1.142722137643684653e-02
1.140504185516971400e-02
1.138190085194783555e-02
1.135836152048756362e-02
1.133482218902729169e-02
1.131128285756702150e-02
1.128774352610675130e-02
1.126338161890187359e-02
1.123860842382469472e-02
1.121383522874751584e-02
1.118906203367033871e-02
1.116428883859315810e-02
1.113882108042838458e-02
1.111293882493714393e-02
1.108705656944590154e-02
1.106117431395465915e-02
1.103529205846341850e-02
1.100882772254298779e-02
1.098195191597433652e-02
1.095507610940568699e-02
1.092820030283703572e-02
1.090132449626838793e-02
1.087396946396215411e-02
1.084621507687459976e-02
1.081846068978704715e-02
1.079070630269949281e-02
1.076295191561194020e-02
1.073480821122106688e-02
1.070628297587294074e-02
1.067775774052481808e-02
1.064923250517669541e-02
1.062070726982856927e-02
1.059187195357437841e-02
1.056267937018928738e-02
1.053348678680419460e-02
1.050429420341910010e-02
1.047510162003400733e-02
1.044566721502922409e-02
1.041590462354057174e-02
1.038614203205192460e-02
1.035637944056327399e-02
1.032661684907462164e-02
1.029667090511334100e-02
1.026643063218283213e-02
1.023619035925231978e-02
1.020595008632180917e-02
1.017570981339129856e-02
1.014533557195236579e-02
1.011470521424733503e-02
1.008407485654230600e-02
1.005344449883727523e-02
1.002281414113224446e-02
9.992090651143649763e-03
9.961152956902851255e-03
9.930215262662052747e-03
9.899277568421255974e-03
9.868339874180457466e-03
9.837341996006906605e-03
9.806175139868311685e-03
9.775008283729718500e-03
9.743841427591125315e-03
9.712674571452532130e-03
9.681473272369621116e-03
9.650151422981602042e-03
9.618829573593582968e-03
9.587507724205562160e-03
9.556185874817543086e-03
9.524848113742268030e-03
9.493438750074337587e-03
9.462029386406405410e-03
9.430620022738473232e-03
9.399210659070544524e-03
9.367797957243632206e-03
9.336364988022916728e-03
9.304932018802197780e-03
9.273499049581480566e-03
9.242066080360763353e-03
9.210636710079631723e-03
9.179239370360832775e-03
9.147842030642033828e-03
9.116444690923233146e-03
9.085047351204434199e-03
9.053655458134485939e-03
9.022347988121764972e-03
8.991040518109045740e-03
8.959733048096324773e-03
8.928425578083603806e-03
8.897120950861479513e-03
8.865954198983205456e-03
8.834787447104929664e-03
8.803620695226655607e-03
8.772453943348379815e-03
8.741287191470102289e-03
8.710303249253153676e-03
8.679323076307568843e-03
8.648342903361987480e-03
8.617362730416402647e-03
8.586382557470821283e-03
8.555617405237888121e-03
8.524866125308994819e-03
8.494114845380104986e-03
8.463363565451213419e-03
8.432612285522320117e-03
8.402102324843641404e-03
8.371619478687458010e-03
8.341136632531276351e-03
8.310653786375094693e-03
8.280170940218913034e-03
8.249949045924881430e-03
8.219770131937557608e-03
8.189591217950232052e-03
8.159412303962911700e-03
8.129233389975587878e-03
8.099329678123649845e-03
8.069487122301797349e-03
8.039644566479946589e-03
8.009802010658095828e-03
7.979959454836245067e-03
7.950401023914791324e-03
7.920923771536306918e-03
7.891446519157824246e-03
7.861969266779341575e-03
7.832492014400858904e-03
7.803302890993187892e-03
7.774216388862793120e-03
7.745129886732399216e-03
7.716043384602005312e-03
7.686956882471611407e-03
7.658159420053803693e-03
7.629487627076249334e-03
7.600815834098695843e-03
7.572144041121144087e-03
7.543472248143590596e-03
7.515085392956864438e-03
7.486847582153034579e-03
7.458609771349202985e-03
7.430371960545373994e-03
7.402134149741544135e-03
7.374174609969821881e-03
7.346388419365643477e-03
7.318602228761465940e-03
7.290816038157287536e-03
7.263029847553108265e-03
7.235512533599683035e-03
7.208193339283654882e-03
7.180874144967629331e-03
7.153554950651602046e-03
7.126235756335573893e-03
7.099173876371100977e-03
7.072335325843824919e-03
7.045496775316552329e-03
7.018658224789278005e-03
6.991819674262001946e-03
6.965224102111630677e-03
6.938876467080547054e-03
6.912528832049465166e-03
6.886181197018381543e-03
6.859833561987298788e-03
6.833713877598125187e-03
6.807867733979246737e-03
6.782021590360369154e-03
6.756175446741489836e-03
6.730329303122611385e-03
6.704693779283205958e-03
6.679356205375738126e-03
6.654018631468272028e-03
6.628681057560804196e-03
6.603343483653337231e-03
6.578198231965847950e-03
6.553375249944271182e-03
6.528552267922696148e-03
6.503729285901120247e-03
6.478906303879543478e-03
6.454256402134196831e-03
6.429952660941308691e-03
6.405648919748422286e-03
6.381345178555535881e-03
6.357041437362647741e-03
6.332890546774308863e-03
6.309108605921091850e-03
6.285326665067873970e-03
6.261544724214656091e-03
6.237762783361437344e-03
6.214113086125808150e-03
6.190854829998248057e-03
6.167596573870686230e-03
6.144338317743125270e-03
6.121080061615562576e-03
6.097932989571404339e-03
6.075198886979889246e-03
6.052464784388371551e-03
6.029730681796854723e-03
6.006996579205337895e-03
5.984352359035007528e-03
5.962141689366870674e-03
5.939931019698732086e-03
5.917720350030593497e-03
5.895509680362454909e-03
5.873367579983172597e-03
5.851679091822472624e-03
5.829990603661770049e-03
5.808302115501069209e-03
5.786613627340367501e-03
5.764972364612726448e-03
5.743803356215693677e-03
5.722634347818660039e-03
5.701465339421626401e-03
5.680296331024592763e-03
5.659153386291830221e-03
5.638500438447358563e-03
5.617847490602886039e-03
5.597194542758413514e-03
5.576541594913940990e-03
5.555893819455133206e-03
5.535752937791535086e-03
5.515612056127935231e-03
5.495471174464335376e-03
5.475330292800735521e-03
5.455189411137137401e-03
5.435540408821014358e-03
5.415906777734499911e-03
5.396273146647985464e-03
5.376639515561470149e-03
5.357005884474957437e-03
5.337838944777742282e-03
5.318707514207974586e-03
5.299576083638206023e-03
5.280444653068438327e-03
5.261313222498671498e-03
5.242622548300153278e-03
5.223986968648041025e-03
5.205351388995928773e-03
5.186715809343817388e-03
5.168080229691706003e-03
5.149860133898323013e-03
5.131714231651141739e-03
5.113568329403959598e-03
5.095422427156777456e-03
5.077276524909597050e-03
5.059520876337510881e-03
5.041857913013260764e-03
5.024194949689009780e-03
5.006531986364757929e-03
4.988869023040508680e-03
4.971571261954530266e-03
4.954384022598555884e-03
4.937196783242582369e-03
4.920009543886607120e-03
4.902822304530633606e-03
4.885975502708207394e-03
4.869256364960861637e-03
4.852537227213515880e-03
4.835818089466169256e-03
4.819098951718825234e-03
4.802696015395705072e-03
4.786437229721866686e-03
4.770178444048026566e-03
4.753919658374188180e-03
4.737660872700348060e-03
4.721694509667223594e-03
4.705888065265739946e-03
4.690081620864255431e-03
4.674275176462772650e-03
4.658468732061289003e-03
4.642931417099748284e-03
4.627569036274170079e-03
4.612206655448593609e-03
4.596844274623017139e-03
4.581481893797439801e-03
4.566365914411144207e-03
4.551439136130011782e-03
4.536512357848879358e-03
4.521585579567748668e-03
4.506658801286617111e-03
4.491956436509564679e-03
4.477456907015046721e-03
4.462957377520528762e-03
4.448457848026011671e-03
4.433958318531493713e-03
4.419661714806539556e-03
4.405580719711748618e-03
4.391499724616957680e-03
4.377418729522166742e-03
4.363337734427375804e-03
4.349438900107820485e-03
4.335767766757309474e-03
4.322096633406798463e-03
4.308425500056288319e-03
4.294754366705777308e-03
4.281245314197137421e-03
4.267975330930255662e-03
4.254705347663373903e-03
4.241435364396492144e-03
4.228165381129612120e-03
4.215038085780767850e-03
4.202160494288495474e-03
4.189282902796220495e-03
4.176405311303946384e-03
4.163527719811672273e-03
4.150774221348294164e-03
4.138280542664169066e-03
4.125786863980042234e-03
4.113293185295918003e-03
4.100799506611789436e-03
4.088411659996407481e-03
4.076292173269616126e-03
4.064172686542827373e-03
4.052053199816037753e-03
4.039933713089248132e-03
4.027903068536551646e-03
4.016150055777898374e-03
4.004397043019245102e-03
3.992644030260590095e-03
3.980891017501936822e-03
3.969210228124736908e-03
3.957814721104288731e-03
3.946419214083838820e-03
3.935023707063388908e-03
3.923628200042938129e-03
3.912289073950626223e-03
3.901242423923029137e-03
3.890195773895432051e-03
3.879149123867836266e-03
3.868102473840237879e-03
3.857097087128148749e-03
3.846390859453480485e-03
3.835684631778815256e-03
3.824978404104148726e-03
3.814272176429482197e-03
3.803592775781852557e-03
3.793218532566772477e-03
3.782844289351693264e-03
3.772470046136611448e-03
3.762095802921532669e-03
3.751734638319238670e-03
3.741684090770645670e-03
3.731633543222051368e-03
3.721582995673457066e-03
3.711532448124863198e-03
3.701481900576268896e-03
