1.060085252090916738e-02
1.065084741734333845e-02
1.070084231377750779e-02
1.075083721021168059e-02
1.080083210664584993e-02
1.085082700308002100e-02
1.089894932281904733e-02
1.094699279722354153e-02
1.099503627162803573e-02
1.104307974603252994e-02
1.109112322043702414e-02
1.112823006535039461e-02
1.116437544833047760e-02
1.120052083131056059e-02
1.123666621429064531e-02
1.127281159727073004e-02
1.129366610560326653e-02
1.131241152777751925e-02
1.133115694995177197e-02
1.134990237212602469e-02
1.136864779430027741e-02
1.137409299599545162e-02
1.137697429976695061e-02
1.137985560353844960e-02
1.138273690730994860e-02
1.138561821108144759e-02
1.138005131412069167e-02
1.137234563216442569e-02
1.136463995020816145e-02
1.135693426825189895e-02
1.134922858629563470e-02
1.133735182066699515e-02
1.132414030826319612e-02
1.131092879585939882e-02
1.129771728345559979e-02
1.128450577105180250e-02
1.126973517139492377e-02
1.125434972042697185e-02
1.123896426945901646e-02
1.122357881849106453e-02
1.120819336752311088e-02
1.119238450592562051e-02
1.117637341835581340e-02
1.116036233078600975e-02
1.114435124321620264e-02
1.112834015564639727e-02
1.111234672442220316e-02
1.109636338253835661e-02
1.108038004065451179e-02
1.106439669877066698e-02
1.104841335688682043e-02
1.103272686869038663e-02
1.101724163723117808e-02
1.100175640577197127e-02
1.098627117431276272e-02
1.097078594285355764e-02
1.095563297297181583e-02
1.094074581235204673e-02
1.092585865173227762e-02
1.091097149111250504e-02
1.089608433049273593e-02
1.088141195996817669e-02
1.086694174482734018e-02
1.085247152968650541e-02
1.083800131454567064e-02
1.082353109940483414e-02
1.080926752747899192e-02
1.079523258208888413e-02
1.078119763669877808e-02
1.076716269130867203e-02
1.075312774591856424e-02
1.073937389961436562e-02
1.072598613584065455e-02
1.071259837206694349e-02
1.069921060829323069e-02
1.068582284451951962e-02
1.067272819152614155e-02
1.066008447819481730e-02
1.064744076486348959e-02
1.063479705153216534e-02
1.062215333820084109e-02
1.060972648408972652e-02
1.059769617255271017e-02
1.058566586101569382e-02
1.057363554947867573e-02
1.056160523794165765e-02
1.054970329235068588e-02
1.053808292367361052e-02
1.052646255499653516e-02
1.051484218631945980e-02
1.050322181764238444e-02
1.049165838934867402e-02
1.048024680207726433e-02
1.046883521480585291e-02
1.045742362753444323e-02
1.044601204026303527e-02
1.043461404844097523e-02
1.042326098071241769e-02
1.041190791298386015e-02
1.040055484525530434e-02
1.038920177752674506e-02
1.037783737770807749e-02
1.036642526382577922e-02
1.035501314994348096e-02
1.034360103606118443e-02
1.033218892217888790e-02
1.032075675180174450e-02
1.030921226505346518e-02
1.029766777830518412e-02
1.028612329155690307e-02
1.027457880480862375e-02
1.026301211887407222e-02
1.025126783944934651e-02
1.023952356002462080e-02
1.022777928059989336e-02
1.021603500117516765e-02
1.020427351973332564e-02
1.019228595463796648e-02
1.018029838954260559e-02
1.016831082444724643e-02
1.015632325935188554e-02
1.014432804198247412e-02
1.013208795184340413e-02
1.011984786170433415e-02
1.010760777156526589e-02
1.009536768142619591e-02
1.008312759128712592e-02
1.007065845575067127e-02
1.005818698301628143e-02
1.004571551028189333e-02
1.003324403754750349e-02
1.002077256481311539e-02
1.000812610114132015e-02
9.995470329440940896e-03
9.982814557740563380e-03
9.970158786040184129e-03
9.957503014339804878e-03
9.944689228493754779e-03
9.931859641233138983e-03
9.919030053972521452e-03
9.906200466711905656e-03
9.893370879451289859e-03
9.880402124907422881e-03
9.867412333448644449e-03
9.854422541989869486e-03
9.841432750531092788e-03
9.828442959072316090e-03
9.815316702882898731e-03
9.802162155224935017e-03
9.789007607566969568e-03
9.775853059909005854e-03
9.762698512251042141e-03
9.749402560944885054e-03
9.736068539425752830e-03
9.722734517906618870e-03
9.709400496387488380e-03
9.696066474868356155e-03
9.682595013385742605e-03
9.669077119483030988e-03
9.655559225580322841e-03
9.642041331677611224e-03
9.628523437774903077e-03
9.614882856759600707e-03
9.601191448226225472e-03
9.587500039692850237e-03
9.573808631159475002e-03
9.560117222626098032e-03
9.546312292172461078e-03
9.532450600758688927e-03
9.518588909344920246e-03
9.504727217931148095e-03
9.490865526517377679e-03
9.476909240371547694e-03
9.462896502530774093e-03
9.448883764690003961e-03
9.434871026849232095e-03
9.420858289008461964e-03
9.406763887212385433e-03
9.392611757447905108e-03
9.378459627683424782e-03
9.364307497918944456e-03
9.350155368154465865e-03
9.335938148188706320e-03
9.321666686388545980e-03
9.307395224588385640e-03
9.293123762788225301e-03
9.278852300988064961e-03
9.264527271838782219e-03
9.250149746687355221e-03
9.235772221535931692e-03
9.221394696384506429e-03
9.207017171233079431e-03
9.192600265587543701e-03
9.178137986764003248e-03
9.163675707940464529e-03
9.149213429116925811e-03
9.134751150293387092e-03
9.120262072501774189e-03
9.105736624682062713e-03
9.091211176862352972e-03
9.076685729042643230e-03
9.062160281222931754e-03
9.047617287735530700e-03
9.033046128834203159e-03
9.018474969932877353e-03
9.003903811031551546e-03
8.989332652130222270e-03
8.974752125077801318e-03
8.960153688324756782e-03
8.945555251571712246e-03
8.930956814818667711e-03
8.916358378065623175e-03
8.901754027630439173e-03
8.887136075726335266e-03
8.872518123822229624e-03
8.857900171918125717e-03
8.843282220014020076e-03
8.828661388322740083e-03
8.814032471075154002e-03
8.799403553827569655e-03
8.784774636579985307e-03
8.770145719332402695e-03
8.755514730094265258e-03
8.740876488889191137e-03
8.726238247684117016e-03
8.711600006479044631e-03
8.696961765273970510e-03
8.682322959875990454e-03
8.667681615609931084e-03
8.653040271343869980e-03
8.638398927077808875e-03
8.623757582811751241e-03
8.609116730082326183e-03
8.594478861682490131e-03
8.579840993282652345e-03
8.565203124882816293e-03
8.550565256482980242e-03
8.535927728525329050e-03
8.521293230503126231e-03
8.506658732480923413e-03
8.492024234458720594e-03
8.477389736436517775e-03
8.462755615928156325e-03
8.448127346884312661e-03
8.433499077840468997e-03
8.418870808796627067e-03
8.404242539752783403e-03
8.389614494244582860e-03
8.374997290214953108e-03
8.360380086185321621e-03
8.345762882155693604e-03
8.331145678126062118e-03
8.316528474096432366e-03
8.301922348150489114e-03
8.287316450618640792e-03
8.272710553086795940e-03
8.258104655554947618e-03
8.243498758023101031e-03
8.228902378496555023e-03
8.214306613034867005e-03
8.199710847573177253e-03
8.185115082111487500e-03
8.170519316649801217e-03
8.155935644306479271e-03
8.141353330740504907e-03
8.126771017174528808e-03
8.112188703608554444e-03
8.097606390042580080e-03
8.083037621643760287e-03
8.068471084213648878e-03
8.053904546783533999e-03
8.039338009353422590e-03
8.024771471923311181e-03
8.010220325922587717e-03
7.995672600239502742e-03
7.981124874556417767e-03
7.966577148873336262e-03
7.952029423190253021e-03
7.937496589536944050e-03
7.922968010749287596e-03
7.908439431961629407e-03
7.893910853173972952e-03
7.879382274386316498e-03
7.864871890498694590e-03
7.850367986986427071e-03
7.835864083474159553e-03
7.821360179961892034e-03
7.806856276449625383e-03
7.792371534227013515e-03
7.777895122999905347e-03
7.763418711772796313e-03
7.748942300545688146e-03
7.734465889318579979e-03
7.720010057945043969e-03
7.705564991417991789e-03
7.691119924890938743e-03
7.676674858363887431e-03
7.662229791836835252e-03
7.647806228275757720e-03
7.633396060004959092e-03
7.618985891734161332e-03
7.604575723463362705e-03
7.590165555192564077e-03
7.575777497685056046e-03
7.561405732318920124e-03
7.547033966952784202e-03
7.532662201586648280e-03
7.518290436220513226e-03
7.503941253410446356e-03
7.489611670554704830e-03
7.475282087698964170e-03
7.460952504843221776e-03
7.446622921987481117e-03
7.432313883739416135e-03
7.418025809376735738e-03
7.403737735014056208e-03
7.389449660651375811e-03
7.375161586288695413e-03
7.360895412006927818e-03
7.346655517822256107e-03
7.332415623637585263e-03
7.318175729452913551e-03
7.303935835268241840e-03
7.289716518493431253e-03
7.275526311225255678e-03
7.261336103957080103e-03
7.247145896688904528e-03
7.232955689420728952e-03
7.218784725533737914e-03
7.204646007312520695e-03
7.190507289091303475e-03
7.176368570870085388e-03
7.162229852648867301e-03
7.148109389920502717e-03
7.134025438177844271e-03
7.119941486435186692e-03
7.105857534692528246e-03
7.091773582949870668e-03
7.077706224597413165e-03
7.063678919255787260e-03
7.049651613914160488e-03
7.035624308572533715e-03
7.021597003230905208e-03
7.007584541595010021e-03
6.993616017328079318e-03
6.979647493061147748e-03
6.965678968794216178e-03
6.951710444527284607e-03
6.937754554918196433e-03
6.923845594038244462e-03
6.909936633158290757e-03
6.896027672278338787e-03
6.882118711398385082e-03
6.868220235195854513e-03
6.854372332143249605e-03
6.840524429090643829e-03
6.826676526038038054e-03
6.812828622985432278e-03
6.798989132597426169e-03
6.785205295221394955e-03
6.771421457845361140e-03
6.757637620469327325e-03
6.743853783093295244e-03
6.730075768924316006e-03
6.716355986825878199e-03
6.702636204727439526e-03
6.688916422629001719e-03
6.675196640530563046e-03
6.661480164915913396e-03
6.647825851196498270e-03
6.634171537477081410e-03
6.620517223757665416e-03
6.606862910038247688e-03
6.593209264308466655e-03
6.579621081562913448e-03
6.566032898817359374e-03
6.552444716071805300e-03
6.538856533326251226e-03
6.525268350580698887e-03
6.511746621075477186e-03
6.498226968234016576e-03
6.484707315392555967e-03
6.471187662551095357e-03
6.457668009709634747e-03
6.444213604534293136e-03
6.430764163855287249e-03
6.417314723176280496e-03
6.403865282497273742e-03
6.390415841818268723e-03
6.377029772247141438e-03
6.363651624064498545e-03
6.350273475881856519e-03
6.336895327699213626e-03
6.323517179516571600e-03
6.310200765805589265e-03
6.296895376107403304e-03
6.283589986409216475e-03
6.270284596711030514e-03
6.256979207012844553e-03
6.243733313247819619e-03
6.230501549766920624e-03
6.217269786286020762e-03
6.204038022805121767e-03
6.190806259324223640e-03
6.177632295235485974e-03
6.164475823068060745e-03
6.151319350900634648e-03
6.138162878733209420e-03
6.125006406565784191e-03
6.111905838859797539e-03
6.098826235326851655e-03
6.085746631793904904e-03
6.072667028260959020e-03
6.059587424728013136e-03
6.046561609174108502e-03
6.033560314610650344e-03
6.020559020047191318e-03
6.007557725483734026e-03
5.994556430920275868e-03
5.981606441266174197e-03
5.968684508984375622e-03
5.955762576702578782e-03
5.942840644420781075e-03
5.929918712138984235e-03
5.917045227439711279e-03
5.904203233669079107e-03
5.891361239898446067e-03
5.878519246127815630e-03
5.865677252357183458e-03
5.852881348039882387e-03
5.840120833838533670e-03
5.827360319637184954e-03
5.814599805435836238e-03
5.801839291234487522e-03
5.789122464882422332e-03
5.776445125624904420e-03
5.763767786367385640e-03
5.751090447109867727e-03
5.738413107852348947e-03
5.725776482922431340e-03
5.713183116965589274e-03
5.700589751008747208e-03
5.687996385051906009e-03
5.675403019095063076e-03
5.662847691809562260e-03
5.650339912863237141e-03
5.637832133916910286e-03
5.625324354970585167e-03
5.612816576024260047e-03
5.600343419274924489e-03
5.587921330266146930e-03
5.575499241257370238e-03
5.563077152248594413e-03
5.550655063239819456e-03
5.538264833552215306e-03
5.525930357676667008e-03
5.513595881801116975e-03
5.501261405925567810e-03
5.488926930050018645e-03
5.476620808919556958e-03
5.464374055536623184e-03
5.452127302153689410e-03
5.439880548770756503e-03
5.427633795387821862e-03
5.415412062856837447e-03
5.403253776057579533e-03
5.391095489258323353e-03
5.378937202459065439e-03
5.366778915659807525e-03
5.354642444527805793e-03
5.342574147355977354e-03
5.330505850184150650e-03
5.318437553012321344e-03
5.306369255840494639e-03
5.294319189188894173e-03
5.282341133092203350e-03
5.270363076995511660e-03
5.258385020898818235e-03
5.246406964802125678e-03
5.234443556837446894e-03
5.222556136057592002e-03
5.210668715277736243e-03
5.198781294497883086e-03
5.186893873718025592e-03
5.175017531061196392e-03
5.163221504796287192e-03
5.151425478531381462e-03
5.139629452266474864e-03
5.127833426001567399e-03
5.116044878457907258e-03
5.104341401368442908e-03
5.092637924278980294e-03
5.080934447189514210e-03
5.069230970100050727e-03
5.057531221636263688e-03
5.045920028032385186e-03
5.034308834428505817e-03
5.022697640824625581e-03
5.011086447220746212e-03
4.999475253616866843e-03
