1.465982000323649316e-02
1.466022294483482029e-02
1.466062588643314568e-02
1.466102882803147107e-02
1.466143176962979820e-02
1.466183471122812360e-02
1.465537899926856562e-02
1.464863450189604448e-02
1.464189000452352160e-02
1.463514550715099873e-02
1.462840100977847758e-02
1.461461965797191190e-02
1.460021968159971872e-02
1.458581970522752555e-02
1.457141972885533064e-02
1.455701975248313747e-02
1.453745814288689465e-02
1.451718458388043947e-02
1.449691102487398082e-02
1.447663746586752564e-02
1.445636390686106873e-02
1.443337183774268812e-02
1.440985571848224858e-02
1.438633959922181078e-02
1.436282347996137125e-02
1.433930736070093345e-02
1.431440799090809290e-02
1.428915843110705082e-02
1.426390887130600700e-02
1.423865931150496492e-02
1.421340975170392110e-02
1.418716522475874098e-02
1.416060230832743433e-02
1.413403939189612941e-02
1.410747647546482277e-02
1.408091355903351612e-02
1.405312555587479202e-02
1.402485441992215587e-02
1.399658328396951971e-02
1.396831214801688530e-02
1.394004101206424914e-02
1.391046152207692059e-02
1.388025714658048387e-02
1.385005277108404889e-02
1.381984839558761217e-02
1.378964402009117893e-02
1.375827743465598066e-02
1.372624672925577827e-02
1.369421602385557761e-02
1.366218531845537522e-02
1.363015461305517109e-02
1.359715398667411985e-02
1.356349578674673033e-02
1.352983758681934080e-02
1.349617938689195128e-02
1.346252118696456175e-02
1.342807558263107819e-02
1.339300005477271453e-02
1.335792452691435261e-02
1.332284899905599070e-02
1.328777347119762704e-02
1.325213734413711007e-02
1.321597359429809403e-02
1.317980984445907625e-02
1.314364609462005846e-02
1.310748234478104068e-02
1.307106188748905634e-02
1.303435741344059935e-02
1.299765293939213889e-02
1.296094846534367843e-02
1.292424399129521971e-02
1.288752935559347654e-02
1.285080148611071268e-02
1.281407361662794536e-02
1.277734574714517977e-02
1.274061787766241419e-02
1.270396903124263420e-02
1.266744175876590751e-02
1.263091448628918083e-02
1.259438721381245414e-02
1.255785994133572919e-02
1.252140800525455670e-02
1.248509382715383073e-02
1.244877964905310302e-02
1.241246547095237532e-02
1.237615129285164761e-02
1.233989769715457610e-02
1.230377699189132146e-02
1.226765628662806681e-02
1.223153558136481044e-02
1.219541487610155579e-02
1.215934843258806991e-02
1.212342668707395814e-02
1.208750494155984810e-02
1.205158319604573806e-02
1.201566145053162629e-02
1.197979690050264730e-02
1.194412134425061264e-02
1.190844578799857972e-02
1.187277023174654680e-02
1.183709467549451388e-02
1.180148060405497232e-02
1.176612541603645062e-02
1.173077022801792720e-02
1.169541503999940550e-02
1.166005985198088381e-02
1.162476212367946453e-02
1.158978616979381565e-02
1.155481021590816504e-02
1.151983426202251790e-02
1.148485830813686902e-02
1.144992717875634343e-02
1.141535464541680242e-02
1.138078211207726315e-02
1.134620957873772387e-02
1.131163704539818286e-02
1.127709385810813855e-02
1.124293636175429344e-02
1.120877886540044832e-02
1.117462136904660321e-02
1.114046387269275809e-02
1.110631972832836975e-02
1.107260284762657913e-02
1.103888596692478678e-02
1.100516908622299617e-02
1.097145220552120555e-02
1.093773532481941146e-02
1.090449226634885270e-02
1.087125404279902161e-02
1.083801581924919051e-02
1.080477759569935942e-02
1.077153937214952832e-02
1.073878244443723755e-02
1.070605111756737192e-02
1.067331979069750629e-02
1.064058846382763893e-02
1.060785713695777330e-02
1.057559820263689020e-02
1.054338650757090552e-02
1.051117481250492085e-02
1.047896311743893617e-02
1.044675142237295323e-02
1.041499619806466291e-02
1.038330997514998189e-02
1.035162375223529913e-02
1.031993752932061463e-02
1.028825130640593187e-02
1.025700269293143563e-02
1.022584480336527143e-02
1.019468691379910551e-02
1.016352902423294131e-02
1.013237113466677712e-02
1.010162973565086227e-02
1.007100046870616945e-02
1.004037120176147664e-02
1.000974193481678383e-02
9.979112667872091016e-03
9.948875301044336414e-03
9.918770332904737128e-03
9.888665364765136107e-03
9.858560396625535086e-03
9.828455428485934064e-03
9.798716957012655604e-03
9.769130319872568538e-03
9.739543682732481472e-03
9.709957045592394406e-03
9.680370408452305606e-03
9.651125524940316891e-03
9.622051518242379087e-03
9.592977511544439548e-03
9.563903504846500009e-03
9.534829498148560470e-03
9.506073058711622670e-03
9.477506135220767000e-03
9.448939211729909596e-03
9.420372288239053926e-03
9.391805364748198257e-03
9.363531743056027756e-03
9.335465455393959777e-03
9.307399167731895268e-03
9.279332880069827288e-03
9.251266592407762779e-03
9.223469634648866211e-03
9.195897118475949289e-03
9.168324602303027163e-03
9.140752086130106771e-03
9.113179569957188114e-03
9.085852935568600186e-03
9.058767265328658905e-03
9.031681595088715889e-03
9.004595924848774607e-03
8.977510254608833326e-03
8.950647588082113332e-03
8.924041860616278507e-03
8.897436133150443682e-03
8.870830405684608858e-03
8.844224678218775768e-03
8.817819462305724262e-03
8.791686369214306643e-03
8.765553276122892493e-03
8.739420183031478342e-03
8.713287089940060723e-03
8.687332494224524887e-03
8.661664433770263974e-03
8.635996373316003061e-03
8.610328312861743882e-03
8.584660252407484704e-03
8.559149432271970226e-03
8.533939218628177129e-03
8.508729004984385766e-03
8.483518791340592669e-03
8.458308577696801306e-03
8.433235129049873949e-03
8.408476239895736754e-03
8.383717350741597824e-03
8.358958461587460628e-03
8.334199572433323433e-03
8.309557604293960759e-03
8.285243914388396025e-03
8.260930224482833026e-03
8.236616534577268292e-03
8.212302844671701824e-03
8.188086695810803742e-03
8.164211940606227666e-03
8.140337185401653325e-03
8.116462430197080719e-03
8.092587674992506377e-03
8.068791499239764617e-03
8.045348931020268601e-03
8.021906362800772586e-03
7.998463794581274836e-03
7.975021226361778820e-03
7.951638764258792125e-03
7.928621232148909750e-03
7.905603700039029111e-03
7.882586167929146737e-03
7.859568635819262628e-03
7.836593261357212986e-03
7.813993089960856453e-03
7.791392918564499920e-03
7.768792747168143387e-03
7.746192575771787721e-03
7.723617206628451658e-03
7.701426272406946757e-03
7.679235338185441857e-03
7.657044403963936957e-03
7.634853469742432057e-03
7.612670637024917392e-03
7.590880727250955140e-03
7.569090817476992888e-03
7.547300907703029769e-03
7.525510997929067518e-03
7.503721088155104399e-03
7.482315879481924586e-03
7.460918602790203580e-03
7.439521326098482573e-03
7.418124049406761567e-03
7.396726772715040560e-03
7.375690830185813174e-03
7.354678199538035310e-03
7.333665568890258314e-03
7.312652938242480451e-03
7.291640307594702587e-03
7.270966712560090160e-03
7.250331211414598118e-03
7.229695710269106075e-03
7.209060209123613165e-03
7.188424707978121990e-03
7.168107097155416475e-03
7.147841844738817355e-03
7.127576592322216499e-03
7.107311339905618246e-03
7.087046087489019125e-03
7.067078715606136922e-03
7.047177539397415577e-03
7.027276363188694232e-03
7.007375186979973754e-03
6.987474010771251541e-03
6.967851609164214463e-03
6.948308857443372642e-03
6.928766105722530821e-03
6.909223354001690735e-03
6.889680602280848914e-03
6.870398320896673600e-03
6.851208809769394024e-03
6.832019298642112715e-03
6.812829787514834007e-03
6.793640276387553564e-03
6.774693470713750131e-03
6.755852189150153564e-03
6.737010907586556997e-03
6.718169626022962165e-03
6.699328344459365599e-03
6.680712410727942217e-03
6.662214351247192426e-03
6.643716291766442635e-03
6.625218232285695445e-03
6.606720172804945654e-03
6.588430358443688080e-03
6.570270270550310904e-03
6.552110182656934595e-03
6.533950094763557419e-03
6.515790006870179375e-03
6.497821466119495411e-03
6.479994065368691568e-03
6.462166664617887725e-03
6.444339263867083015e-03
6.426511863116279172e-03
6.408859682447198836e-03
6.391359579584897539e-03
6.373859476722597978e-03
6.356359373860296681e-03
6.338859270997996252e-03
6.321518431206026543e-03
6.304340104751129069e-03
6.287161778296232462e-03
6.269983451841334987e-03
6.252805125386437513e-03
6.235770685694752569e-03
6.218908910118924223e-03
6.202047134543097612e-03
6.185185358967269266e-03
6.168323583391440920e-03
6.151590758240800191e-03
6.135040350764816089e-03
6.118489943288832854e-03
6.101939535812847884e-03
6.085389128336863782e-03
6.068953231181171623e-03
6.052709216183805099e-03
6.036465201186439443e-03
6.020221186189072919e-03
6.003977171191706395e-03
5.987833681948266651e-03
5.971891244212678730e-03
5.955948806477092544e-03
5.940006368741504623e-03
5.924063931005918437e-03
5.908208435746801351e-03
5.892562801637788762e-03
5.876917167528775306e-03
5.861271533419760982e-03
5.845625899310747525e-03
5.830054030657458655e-03
5.814700507753115498e-03
5.799346984848772341e-03
5.783993461944428316e-03
5.768639939040085159e-03
5.753347396371569916e-03
5.738281351721847418e-03
5.723215307072125786e-03
5.708149262422403288e-03
5.693083217772679921e-03
5.678065743567927218e-03
5.663282550333030400e-03
5.648499357098132716e-03
5.633716163863234164e-03
5.618932970628336479e-03
5.604186331937170175e-03
5.589681515612227383e-03
5.575176699287284592e-03
5.560671882962340933e-03
5.546167066637397274e-03
5.531687152954403025e-03
5.517456265690893341e-03
5.503225378427383657e-03
5.488994491163873973e-03
5.474763603900363422e-03
5.460546324019137192e-03
5.446584862924851340e-03
5.432623401830564622e-03
5.418661940736277903e-03
5.404700479641992919e-03
5.390741696483689407e-03
5.377045351051768819e-03
5.363349005619847364e-03
5.349652660187925908e-03
5.335956314756005320e-03
5.322259969324085599e-03
5.308816432048237520e-03
5.295380795027266815e-03
5.281945158006296978e-03
5.268509520985325406e-03
5.255073883964355569e-03
5.241876559718496725e-03
5.228697367966395233e-03
5.215518176214293741e-03
5.202338984462192249e-03
5.189159792710091625e-03
5.176204747545422487e-03
5.163277720704182068e-03
5.150350693862941649e-03
5.137423667021701230e-03
5.124496640180461679e-03
5.111780040297792677e-03
5.099101016657724660e-03
5.086421993017656643e-03
5.073742969377588626e-03
5.061063945737522343e-03
5.048582044022698057e-03
5.036146958765121140e-03
5.023711873507543356e-03
5.011276788249965572e-03
4.998841702992388655e-03
4.986590819372985206e-03
4.974395680986185356e-03
4.962200542599387240e-03
4.950005404212588257e-03
4.937810265825790142e-03
4.925786815161935922e-03
4.913827747394186422e-03
4.901868679626436055e-03
4.889909611858686556e-03
4.877950544090937056e-03
4.866150971876000327e-03
4.854424110868962861e-03
4.842697249861926262e-03
4.830970388854890531e-03
4.819243527847853065e-03
4.807664283562708592e-03
4.796165767172348889e-03
4.784667250781988318e-03
4.773168734391629482e-03
4.761670218001269779e-03
4.750307770757969221e-03
4.739033768460256500e-03
4.727759766162543779e-03
4.716485763864831926e-03
4.705211761567119205e-03
4.694062568093205871e-03
4.683009209966138356e-03
4.671955851839069973e-03
4.660902493712003325e-03
4.649849135584935809e-03
4.638909676888598212e-03
4.628073165754653835e-03
4.617236654620708591e-03
4.606400143486764215e-03
4.595563632352818971e-03
4.584830423435878183e-03
4.574206973124503653e-03
4.563583522813129123e-03
4.552960072501755460e-03
4.542336622190380931e-03
4.531806244147847107e-03
4.521392206441365684e-03
4.510978168734884261e-03
4.500564131028402838e-03
4.490150093321920548e-03
4.479819177907956064e-03
4.469610867875454391e-03
4.459402557842951850e-03
4.449194247810450177e-03
4.438985937777949371e-03
4.428851155859682941e-03
4.418845048141335774e-03
4.408838940422986005e-03
4.398832832704637104e-03
4.388826724986288202e-03
4.378884852417090461e-03
4.369077472191430778e-03
4.359270091965770227e-03
4.349462711740112279e-03
4.339655331514449994e-03
4.329903166933690359e-03
4.320291013452492133e-03
4.310678859971296510e-03
4.301066706490099152e-03
4.291454553008902661e-03
4.281888921787503285e-03
4.272468672627970435e-03
4.263048423468438451e-03
4.253628174308903866e-03
4.244207925149371882e-03
4.234825763635317528e-03
4.225594048320915896e-03
4.216362333006512531e-03
4.207130617692108297e-03
4.197898902377704931e-03
4.188697116894899916e-03
4.179650592413518446e-03
4.170604067932135242e-03
4.161557543450754640e-03
4.152511018969370568e-03
4.143486545084254687e-03
4.134621938022061717e-03
4.125757330959870482e-03
4.116892723897678380e-03
4.108028116835487145e-03
4.099177951261160843e-03
4.090492057611310947e-03
4.081806163961461918e-03
4.073120270311611155e-03
4.064434376661762993e-03
4.055755576666769321e-03
4.047245250974645242e-03
4.038734925282520295e-03
4.030224599590395348e-03
4.021714273898270402e-03
4.013203948206145455e-03
