2.013931389897066510e-03
2.071043831112200171e-03
2.128156272327333398e-03
2.185268713542468360e-03
2.242381154757601587e-03
2.299493595972734814e-03
2.356999352425006092e-03
2.414521669518841177e-03
2.472043986612675829e-03
2.529566303706511782e-03
2.587088620800346867e-03
2.642699917718479858e-03
2.698143212862925272e-03
2.753586508007370686e-03
2.809029803151816100e-03
2.864473098296261948e-03
2.920015039041723177e-03
2.975570586076978913e-03
3.031126133112234649e-03
3.086681680147490385e-03
3.142237227182747422e-03
3.196681364403113415e-03
3.250911253948319830e-03
3.305141143493527112e-03
3.359371033038733526e-03
3.413600922583941242e-03
3.466407308264585208e-03
3.518853313220023440e-03
3.571299318175461673e-03
3.623745323130900340e-03
3.676191328086339440e-03
3.726076265067554752e-03
3.775141660297019839e-03
3.824207055526484492e-03
3.873272450755949579e-03
3.922337845985414233e-03
3.970322885030264440e-03
4.017881868114986203e-03
4.065440851199707099e-03
4.112999834284427995e-03
4.160558817369148892e-03
4.207491725422210851e-03
4.254125612564631058e-03
4.300759499707049530e-03
4.347393386849468869e-03
4.394027273991888208e-03
4.439532058856993438e-03
4.484391642420777063e-03
4.529251225984558954e-03
4.574110809548341712e-03
4.618970393112125337e-03
4.664353023251592047e-03
4.710090261238981078e-03
4.755827499226368375e-03
4.801564737213757407e-03
4.847301975201146439e-03
4.891199950898260027e-03
4.933626516763153086e-03
4.976053082628048747e-03
5.018479648492942674e-03
5.060906214357837468e-03
5.102106656890965583e-03
5.142153100994196514e-03
5.182199545097429180e-03
5.222245989200660979e-03
5.262292433303892777e-03
5.301400018045695529e-03
5.339468864770595402e-03
5.377537711495497010e-03
5.415606558220398617e-03
5.453675404945301092e-03
5.491011597317362741e-03
5.527393635183402640e-03
5.563775673049443406e-03
5.600157710915484172e-03
5.636539748781523203e-03
5.672413271812802582e-03
5.707504464329060841e-03
5.742595656845321701e-03
5.777686849361582562e-03
5.812778041877840821e-03
5.847020645144366396e-03
5.879711542354234578e-03
5.912402439564103628e-03
5.945093336773972677e-03
5.977784233983839991e-03
6.010065264695755964e-03
6.041447233412165600e-03
6.072829202128575236e-03
6.104211170844984873e-03
6.135593139561393641e-03
6.166489404231852677e-03
6.196090458113113000e-03
6.225691511994373324e-03
6.255292565875634515e-03
6.284893619756893972e-03
6.314355887030874762e-03
6.343359555080803173e-03
6.372363223130731585e-03
6.401366891180659130e-03
6.430370559230586675e-03
6.459102081243910456e-03
6.486687725208374784e-03
6.514273369172839979e-03
6.541859013137305175e-03
6.569444657101769502e-03
6.596858362101186424e-03
6.623309208896342899e-03
6.649760055691500242e-03
6.676210902486656718e-03
6.702661749281811458e-03
6.728982339692398881e-03
6.754260879026435620e-03
6.779539418360473225e-03
6.804817957694509964e-03
6.830096497028547570e-03
6.855314020502100390e-03
6.879729621237872135e-03
6.904145221973643880e-03
6.928560822709415624e-03
6.952976423445187369e-03
6.977365264316269522e-03
7.000897789517317692e-03
7.024430314718364994e-03
7.047962839919412296e-03
7.071495365120459599e-03
7.095027890321506901e-03
7.117048501860035251e-03
7.139053685708130273e-03
7.161058869556224428e-03
7.183064053404317716e-03
7.205069237252412738e-03
7.227245562276089601e-03
7.249430990553786848e-03
7.271616418831484095e-03
7.293801847109181342e-03
7.315987275386878590e-03
7.336924244315788830e-03
7.357736367309819850e-03
7.378548490303851737e-03
7.399360613297882756e-03
7.420172736291913776e-03
7.439792781192193158e-03
7.459232628241090762e-03
7.478672475289990101e-03
7.498112322338887706e-03
7.517552169387785310e-03
7.537453543048243908e-03
7.557450599054999461e-03
7.577447655061757617e-03
7.597444711068514038e-03
7.617441767075270459e-03
7.636829453935937810e-03
7.656053079872658304e-03
7.675276705809378798e-03
7.694500331746098425e-03
7.713723957682818919e-03
7.732162799329631020e-03
7.750336511148770043e-03
7.768510222967910800e-03
7.786683934787050690e-03
7.804857646606190580e-03
7.822524346432565764e-03
7.839980998433363629e-03
7.857437650434163229e-03
7.874894302434961094e-03
7.892350954435762428e-03
7.909354517789216402e-03
7.926131536818996695e-03
7.942908555848780458e-03
7.959685574878560751e-03
7.976462593908342780e-03
7.993261970688746165e-03
8.010074689997743677e-03
8.026887409306742924e-03
8.043700128615742170e-03
8.060512847924741417e-03
8.076884164592181350e-03
8.092943455254382815e-03
8.109002745916582544e-03
8.125062036578782274e-03
8.141121327240983738e-03
8.157025496503895329e-03
8.172800397934066804e-03
8.188575299364238280e-03
8.204350200794409756e-03
8.220125102224581232e-03
8.235561503405689279e-03
8.250666174342714126e-03
8.265770845279742443e-03
8.280875516216767290e-03
8.295980187153793872e-03
8.311016540371586950e-03
8.325974179695478858e-03
8.340931819019372501e-03
8.355889458343266143e-03
8.370847097667158052e-03
8.385563566779281885e-03
8.399952733461148180e-03
8.414341900143014474e-03
8.428731066824882504e-03
8.443120233506748798e-03
8.457349626420643945e-03
8.471322540391221234e-03
8.485295454361798523e-03
8.499268368332374077e-03
8.513241282302951365e-03
8.527204788075263067e-03
8.541150307586184778e-03
8.555095827097104755e-03
8.569041346608026466e-03
8.582986866118944708e-03
8.596771828221298414e-03
8.610187508283942762e-03
8.623603188346587109e-03
8.637018868409229722e-03
8.650434548471874069e-03
8.663784505388414173e-03
8.676949931933195317e-03
8.690115358477976462e-03
8.703280785022757607e-03
8.716446211567538752e-03
8.729507025110251617e-03
8.742201693145728106e-03
8.754896361181204595e-03
8.767591029216682819e-03
8.780285697252159308e-03
8.792967967403407872e-03
8.805594447075640319e-03
8.818220926747874500e-03
8.830847406420106946e-03
8.843473886092339392e-03
8.856033954389042756e-03
8.868190810762899279e-03
8.880347667136752332e-03
8.892504523510607120e-03
8.904661379884461908e-03
8.916812439672797824e-03
8.928911909850035036e-03
8.941011380027272248e-03
8.953110850204509460e-03
8.965210320381746673e-03
8.977286263932418575e-03
8.988997544771334253e-03
9.000708825610246461e-03
9.012420106449160404e-03
9.024131387288076081e-03
9.035837386707795682e-03
9.047287237296541135e-03
9.058737087885288322e-03
9.070186938474033775e-03
9.081636789062780962e-03
9.093086639651528150e-03
9.104428782889773322e-03
9.115768705357907287e-03
9.127108627826039516e-03
9.138448550294171746e-03
9.149788472762305711e-03
9.160720668733825928e-03
9.171626559770081413e-03
9.182532450806335164e-03
9.193438341842592385e-03
9.204344232878847870e-03
9.215129493846094949e-03
9.225901200873005623e-03
9.236672907899914561e-03
9.247444614926826970e-03
9.258216321953735908e-03
9.268796292930432668e-03
9.279344683851799974e-03
9.289893074773167281e-03
9.300441465694534587e-03
9.310989856615903629e-03
9.321386717894550311e-03
9.331749905919261776e-03
9.342113093943974975e-03
9.352476281968686439e-03
9.362839469993397903e-03
9.372954550578453670e-03
9.382998743323607560e-03
9.393042936068763185e-03
9.403087128813917075e-03
9.413131321559070966e-03
9.423028360567856782e-03
9.432872988656837085e-03
9.442717616745817388e-03
9.452562244834795957e-03
9.462406872923777995e-03
9.472227145480096450e-03
9.482036828674388768e-03
9.491846511868681086e-03
9.501656195062971669e-03
9.511465878257265721e-03
9.521108383478037868e-03
9.530663441758815274e-03
9.540218500039594415e-03
9.549773558320371822e-03
9.559328616601150963e-03
9.568631417547187115e-03
9.577777074579777242e-03
9.586922731612367368e-03
9.596068388644957495e-03
9.605214045677547621e-03
9.614301078615992632e-03
9.623344914853492263e-03
9.632388751090990159e-03
9.641432587328488055e-03
9.650476423565987685e-03
9.659455480107296751e-03
9.668378312761346377e-03
9.677301145415397737e-03
9.686223978069447363e-03
9.695146810723496988e-03
9.703924546937012230e-03
9.712554225558145057e-03
9.721183904179279620e-03
9.729813582800410712e-03
9.738443261421543540e-03
9.747009202851460510e-03
9.755498659651912555e-03
9.763988116452366334e-03
9.772477573252820113e-03
9.780967030053273892e-03
9.789393245045257055e-03
9.797729996015502527e-03
9.806066746985747998e-03
9.814403497955995204e-03
9.822740248926240675e-03
9.830984471112517997e-03
9.839073645066196902e-03
9.847162819019874072e-03
9.855251992973551242e-03
9.863341166927230147e-03
9.871370179549140284e-03
9.879278869507516353e-03
9.887187559465888953e-03
9.895096249424265022e-03
9.903004939382637623e-03
9.910879870775978276e-03
9.918673315977854371e-03
9.926466761179730466e-03
9.934260206381606562e-03
9.942053651583484392e-03
9.949767732225417438e-03
9.957246893769913440e-03
9.964726055314412911e-03
9.972205216858908913e-03
9.979684378403406650e-03
9.987134161372344249e-03
9.994474823917767065e-03
1.000181548646319335e-02
1.000915614900861790e-02
1.001649681155404245e-02
1.002381488927715780e-02
1.003102402844560127e-02
1.003823316761404474e-02
1.004544230678248995e-02
1.005265144595093342e-02
1.005983866577421504e-02
1.006688088069871215e-02
1.007392309562321273e-02
1.008096531054771157e-02
1.008800752547221041e-02
1.009502566577790382e-02
1.010180305989554286e-02
1.010858045401317844e-02
1.011535784813081575e-02
1.012213524224845479e-02
1.012890635796540040e-02
1.013555943974936077e-02
1.014221252153332115e-02
1.014886560331728325e-02
1.015551868510124363e-02
1.016216978905552966e-02
1.016862706570166065e-02
1.017508434234778991e-02
1.018154161899392091e-02
1.018799889564005190e-02
1.019445617228618289e-02
1.020080624268112322e-02
1.020715296288071672e-02
1.021349968308030848e-02
1.021984640327990024e-02
1.022619312347949373e-02
1.023234579407623739e-02
1.023848370002928589e-02
1.024462160598233265e-02
1.025075951193538115e-02
1.025689741788843139e-02
1.026291629351603479e-02
1.026892029035295952e-02
1.027492428718988424e-02
1.028092828402680896e-02
1.028693228086373194e-02
1.029273742989859734e-02
1.029850707039737905e-02
1.030427671089616075e-02
1.031004635139494245e-02
1.031581599189372415e-02
1.032146661498168326e-02
1.032708897143456983e-02
1.033271132788745640e-02
1.033833368434034297e-02
1.034395604079322954e-02
1.034947101879205369e-02
1.035495350067978070e-02
1.036043598256750596e-02
1.036591846445522949e-02
1.037140094634295649e-02
1.037677474639062819e-02
1.038210779074827741e-02
1.038744083510593011e-02
1.039277387946358107e-02
1.039810692382123203e-02
1.040332274716175912e-02
1.040848513150918406e-02
1.041364751585661073e-02
1.041880990020403741e-02
1.042397228455146235e-02
1.042900767360296736e-02
1.043397361210201407e-02
1.043893955060105731e-02
1.044390548910010402e-02
1.044887142759914726e-02
1.045375783809024406e-02
1.045859255537616959e-02
1.046342727266209513e-02
1.046826198994802240e-02
1.047309670723394794e-02
1.047783417926161781e-02
1.048249698082312671e-02
1.048715978238463561e-02
1.049182258394614452e-02
1.049648538550765342e-02
1.050106256313783001e-02
1.050556234990699354e-02
1.051006213667615881e-02
1.051456192344532234e-02
1.051906171021448587e-02
1.052349308091901116e-02
1.052785175955485604e-02
1.053221043819070092e-02
1.053656911682654754e-02
1.054092779546239242e-02
1.054521947468700822e-02
1.054942740464758812e-02
1.055363533460816801e-02
1.055784326456874617e-02
1.056205119452932432e-02
1.056620448654371595e-02
1.057027718758747799e-02
1.057434988863124176e-02
1.057842258967500379e-02
1.058249529071876756e-02
1.058651276984846554e-02
1.059043361062855272e-02
1.059435445140863991e-02
1.059827529218872535e-02
1.060219613296881427e-02
1.060608029262039356e-02
1.060988765115916319e-02
1.061369500969793281e-02
1.061750236823670070e-02
1.062130972677547205e-02
1.062507861479723877e-02
1.062874995257946827e-02
1.063242129036169777e-02
1.063609262814392900e-02
1.063976396592615850e-02
1.064339876182995512e-02
1.064691936436366025e-02
1.065043996689736192e-02
1.065396056943106705e-02
1.065748117196476871e-02
1.066097717160261957e-02
1.066437598980184316e-02
1.066777480800106849e-02
1.067117362620029382e-02
1.067457244439951915e-02
1.067795766002895518e-02
1.068127231232761029e-02
1.068458696462626714e-02
1.068790161692492226e-02
1.069121626922357737e-02
1.069451231285354839e-02
1.069767344363556014e-02
1.070083457441757015e-02
1.070399570519958016e-02
1.070715683598159190e-02
1.071030938045757289e-02
1.071336425570246567e-02
1.071641913094735672e-02
1.071947400619225124e-02
1.072252888143714403e-02
1.072557945830005834e-02
1.072852794859096258e-02
1.073147643888186682e-02
1.073442492917277453e-02
1.073737341946367878e-02
1.074032190975458476e-02
