1.543738543176228399e-03
1.562051068088953377e-03
1.580363593001678354e-03
1.598676117914403765e-03
1.616988642827128743e-03
1.635301167739853503e-03
1.656210098985195665e-03
1.677228352602437274e-03
1.698246606219679100e-03
1.719264859836920926e-03
1.740283113454162752e-03
1.763940740910214340e-03
1.787830401231216455e-03
1.811720061552218571e-03
1.835609721873220686e-03
1.859499382194223019e-03
1.886036717018732805e-03
1.912939248326485245e-03
1.939841779634237685e-03
1.966744310941989909e-03
1.993646842249742999e-03
2.023171417133825568e-03
2.053201446201297856e-03
2.083231475268769711e-03
2.113261504336241998e-03
2.143291533403714286e-03
2.175885997626152493e-03
2.209129685938454688e-03
2.242373374250756883e-03
2.275617062563059512e-03
2.308860750875362574e-03
2.344577185104832102e-03
2.381084898027796114e-03
2.417592610950759259e-03
2.454100323873722837e-03
2.490608036796686849e-03
2.529461199159178074e-03
2.569239327497822335e-03
2.609017455836465729e-03
2.648795584175109557e-03
2.688573712513752951e-03
2.730538234878711768e-03
2.773547005136837041e-03
2.816555775394960579e-03
2.859564545653086286e-03
2.902573315911210258e-03
2.947583092428467805e-03
2.993736301093801681e-03
3.039889509759133822e-03
3.086042718424467698e-03
3.132195927089801574e-03
3.180146515434650704e-03
3.229315666274090117e-03
3.278484817113527360e-03
3.327653967952966339e-03
3.376823118792405317e-03
3.427574039880921120e-03
3.479590377168699337e-03
3.531606714456478422e-03
3.583623051744258374e-03
3.635639389032037892e-03
3.689016698610748067e-03
3.743674923286805303e-03
3.798333147962864708e-03
3.852991372638923679e-03
3.907649597314981349e-03
3.963448955972355588e-03
4.020510845843099264e-03
4.077572735713843807e-03
4.134634625584588351e-03
4.191696515455332894e-03
4.249686802384193725e-03
4.308886164551532609e-03
4.368085526718874963e-03
4.427284888886215582e-03
4.486484251053555333e-03
4.546411172697868361e-03
4.607457416614444898e-03
4.668503660531022302e-03
4.729549904447599706e-03
4.790596148364174509e-03
4.852185856615716907e-03
4.914769328222616876e-03
4.977352799829518580e-03
5.039936271436421152e-03
5.102519743043321121e-03
5.165482247161441373e-03
5.229276177433210201e-03
5.293070107704978162e-03
5.356864037976746123e-03
5.420657968248512350e-03
5.484692581129411298e-03
5.549369014301333732e-03
5.614045447473256165e-03
5.678721880645177730e-03
5.743398313817098429e-03
5.808200349630987698e-03
5.873417420261818969e-03
5.938634490892650240e-03
6.003851561523480644e-03
6.069068632154310181e-03
6.134325015722755063e-03
6.199746927449585783e-03
6.265168839176415636e-03
6.330590750903246355e-03
6.396012662630074473e-03
6.461415378153675775e-03
6.526710594939201006e-03
6.592005811724727105e-03
6.657301028510254071e-03
6.722596245295778435e-03
6.787841391179454467e-03
6.852685969848343848e-03
6.917530548517234097e-03
6.982375127186122611e-03
7.047219705855011992e-03
7.112010383068611760e-03
7.176092641155550761e-03
7.240174899242489762e-03
7.304257157329425293e-03
7.368339415416364294e-03
7.432389648361294524e-03
7.495415076761970108e-03
7.558440505162646560e-03
7.621465933563319542e-03
7.684491361963993392e-03
7.747516790364669843e-03
7.809218746667435061e-03
7.870907198152875955e-03
7.932595649638312513e-03
7.994284101123752539e-03
8.055972552609192566e-03
8.116144700626362965e-03
8.176236194203729407e-03
8.236327687781095849e-03
8.296419181358464026e-03
8.356510674935830468e-03
8.414935314257391066e-03
8.473193268153366223e-03
8.531451222049344849e-03
8.589709175945323474e-03
8.647967129841298631e-03
8.704443695453463123e-03
8.760650981441329282e-03
8.816858267429197177e-03
8.873065553417065071e-03
8.929272839404929496e-03
8.983621599351350462e-03
9.037585055118441818e-03
9.091548510885536644e-03
9.145511966652629735e-03
9.199475422419724560e-03
9.251538315154473821e-03
9.303089517842050987e-03
9.354640720529629888e-03
9.406191923217208789e-03
9.457743125904787690e-03
9.507378103037497294e-03
9.556365706671942142e-03
9.605353310306386991e-03
9.654340913940830105e-03
9.703328517575274953e-03
9.750418751159497729e-03
9.796722931437195497e-03
9.843027111714898469e-03
9.889331291992596237e-03
9.935635472270299209e-03
9.980085700070457852e-03
1.002360895163184433e-02
1.006713220319323428e-02
1.011065545475462076e-02
1.015417870631600897e-02
1.019590811342513913e-02
1.023656700045792386e-02
1.027722588749070860e-02
1.031788477452348987e-02
1.035854366155627634e-02
1.039749320987234243e-02
1.043523443254383391e-02
1.047297565521532713e-02
1.051071687788681860e-02
1.054845810055831008e-02
1.058458387849654792e-02
1.061936345249040771e-02
1.065414302648427097e-02
1.068892260047813077e-02
1.072370217447199230e-02
1.075697747702963371e-02
1.078877859357977795e-02
1.082057971012992219e-02
1.085238082668006816e-02
1.088418194323021414e-02
1.091459711626089138e-02
1.094341544132349311e-02
1.097223376638609658e-02
1.100105209144869832e-02
1.102987041651130005e-02
1.105742965729785733e-02
1.108328014085263429e-02
1.110913062440741297e-02
1.113498110796219340e-02
1.116083159151697209e-02
1.118555176916873582e-02
1.120845750839723730e-02
1.123136324762574051e-02
1.125426898685424199e-02
1.127717472608274346e-02
1.129908458096664202e-02
1.131909053930938401e-02
1.133909649765212427e-02
1.135910245599486799e-02
1.137910841433760999e-02
1.139825143400380499e-02
1.141540969471394919e-02
1.143256795542408992e-02
1.144972621613423065e-02
1.146688447684437312e-02
1.148331073466011577e-02
1.149768175358004650e-02
1.151205277249997549e-02
1.152642379141990449e-02
1.154079481033983522e-02
1.155456239736126108e-02
1.156621797273791642e-02
1.157787354811457003e-02
1.158952912349122538e-02
1.160118469886788073e-02
1.161236194787427373e-02
1.162138672821448268e-02
1.163041150855469337e-02
1.163943628889490406e-02
1.164846106923511475e-02
1.165712534798174840e-02
1.166360086705310259e-02
1.167007638612445504e-02
1.167655190519580923e-02
1.168302742426716341e-02
1.168925525543292390e-02
1.169327866423890833e-02
1.169730207304489275e-02
1.170132548185087544e-02
1.170534889065686160e-02
1.170922935958928351e-02
1.171089426048151950e-02
1.171255916137375376e-02
1.171422406226598802e-02
1.171588896315822401e-02
1.171750831354166633e-02
1.171691846424868441e-02
1.171632861495570249e-02
1.171573876566272057e-02
1.171514891636973865e-02
1.171455906707675500e-02
1.171185924329819737e-02
1.170911591489107173e-02
1.170637258648394435e-02
1.170362925807681524e-02
1.170088592966968960e-02
1.169621912312270376e-02
1.169142822121185463e-02
1.168663731930100549e-02
1.168184641739015810e-02
1.167705551547931070e-02
1.167051995950437772e-02
1.166378837498291757e-02
1.165705679046145915e-02
1.165032520594000073e-02
1.164359362141854232e-02
1.163528774597226249e-02
1.162672257555013092e-02
1.161815740512799934e-02
1.160959223470586950e-02
1.160102706428373619e-02
1.159104676806850531e-02
1.158075199945480735e-02
1.157045723084110939e-02
1.156016246222741142e-02
1.154986769361371346e-02
1.153831313155663507e-02
1.152639862851573445e-02
1.151448412547483209e-02
1.150256962243393320e-02
1.149065511939303084e-02
1.147762476851266547e-02
1.146419699237440429e-02
1.145076921623614657e-02
1.143734144009788713e-02
1.142391366395962941e-02
1.140950126463006684e-02
1.139466076826080830e-02
1.137982027189155323e-02
1.136497977552229470e-02
1.135013927915303616e-02
1.133443815403548972e-02
1.131828685388037992e-02
1.130213555372526664e-02
1.128598425357015683e-02
1.126983295341504529e-02
1.125293534372399408e-02
1.123557281989579978e-02
1.121821029606760549e-02
1.120084777223941293e-02
1.118348524841121863e-02
1.116547899629409361e-02
1.114699841806933781e-02
1.112851783984458200e-02
1.111003726161982272e-02
1.109155668339506691e-02
1.107253060492981687e-02
1.105303107342565060e-02
1.103353154192148605e-02
1.101403201041732151e-02
1.099453247891315349e-02
1.097457026991717141e-02
1.095413594103158278e-02
1.093370161214599241e-02
1.091326728326040378e-02
1.089283295437481515e-02
1.087201549894727809e-02
1.085073829166941124e-02
1.082946108439154266e-02
1.080818387711367234e-02
1.078690666983580376e-02
1.076531472890508191e-02
1.074327755500203291e-02
1.072124038109898390e-02
1.069920320719593490e-02
1.067716603329288590e-02
1.065487433482374680e-02
1.063215613573035082e-02
1.060943793663695484e-02
1.058671973754355886e-02
1.056400153845016114e-02
1.054108284207945501e-02
1.051776315115413377e-02
1.049444346022881426e-02
1.047112376930349302e-02
1.044780407837817178e-02
1.042432924508574291e-02
1.040047993021753735e-02
1.037663061534932832e-02
1.035278130048112102e-02
1.032893198561291546e-02
1.030496651173757293e-02
1.028065720720111598e-02
1.025634790266465556e-02
1.023203859812819687e-02
1.020772929359173818e-02
1.018333681991693239e-02
1.015863543229969697e-02
1.013393404468246155e-02
1.010923265706522439e-02
1.008453126944799071e-02
1.005977342704747132e-02
1.003474327333935510e-02
1.000971311963123715e-02
9.984682965923120934e-03
9.959652812215002982e-03
9.934587060388463259e-03
9.909285813316971378e-03
9.883984566245477763e-03
9.858683319173984147e-03
9.833382072102488797e-03
9.808061444467545964e-03
9.782547011198100551e-03
9.757032577928655137e-03
9.731518144659207989e-03
9.706003711389760841e-03
9.680481182510530455e-03
9.654806456167362716e-03
9.629131729824189773e-03
9.603457003481018564e-03
9.577782277137847355e-03
9.552106426870415196e-03
9.526320432025487880e-03
9.500534437180558830e-03
9.474748442335628046e-03
9.448962447490698996e-03
9.423176452645771681e-03
9.397329003858378299e-03
9.371479634635282094e-03
9.345630265412185889e-03
9.319780896189089683e-03
9.293931526965996948e-03
9.268064474355103277e-03
9.242196076269051236e-03
9.216327678183000929e-03
9.190459280096947153e-03
9.164590882010898582e-03
9.138740575491193993e-03
9.112892530417280451e-03
9.087044485343366909e-03
9.061196440269455102e-03
9.035348395195543295e-03
9.009548064267628581e-03
8.983756253722930546e-03
8.957964443178230776e-03
8.932172632633531006e-03
8.906380822088832971e-03
8.880666811420492163e-03
8.854971278222788234e-03
8.829275745025084304e-03
8.803580211827380375e-03
8.777884678629676446e-03
8.752286083635625949e-03
8.726716825203210265e-03
8.701147566770792846e-03
8.675578308338375427e-03
8.650009049905958008e-03
8.624553405533712594e-03
8.599140366434025393e-03
8.573727327334341661e-03
8.548314288234657929e-03
8.522901249134975932e-03
8.497614643233310922e-03
8.472385675995449533e-03
8.447156708757588145e-03
8.421927741519730226e-03
8.396698774281867103e-03
8.371606109024168352e-03
8.346587983911869443e-03
8.321569858799568800e-03
8.296551733687269892e-03
8.271533608574970983e-03
8.246656801908312101e-03
8.221871852231317154e-03
8.197086902554322208e-03
8.172301952877330730e-03
8.147517003200335783e-03
8.122875629660694999e-03
8.098344502083664950e-03
8.073813374506633167e-03
8.049282246929603118e-03
8.024751119352574805e-03
8.000363569528478117e-03
7.976105791904152323e-03
7.951848014279824794e-03
7.927590236655500736e-03
7.903332459031174942e-03
7.879215948260683694e-03
7.855249533522398048e-03
7.831283118784112401e-03
7.807316704045826755e-03
7.783350289307539374e-03
7.759520224414802499e-03
7.735860596829002671e-03
7.712200969243202843e-03
7.688541341657403883e-03
7.664881714071603187e-03
7.641351590081052816e-03
7.618012483893495113e-03
7.594673377705937409e-03
7.571334271518379705e-03
7.547995165330823736e-03
7.524777122369462508e-03
7.501770940053950967e-03
7.478764757738438559e-03
7.455758575422926152e-03
7.432752393107413744e-03
7.409857932991010566e-03
7.387197391228993507e-03
7.364536849466975579e-03
7.341876307704961122e-03
7.319215765942941460e-03
7.296653977691218082e-03
7.274342600126296361e-03
7.252031222561378977e-03
7.229719844996459858e-03
7.207408467431540740e-03
7.185185275905545121e-03
7.163237665751186201e-03
7.141290055596829882e-03
7.119342445442469226e-03
7.097394835288112040e-03
7.075521737184970600e-03
7.053942961684155598e-03
7.032364186183336259e-03
7.010785410682516920e-03
6.989206635181697581e-03
6.967688314949300674e-03
6.946483606421842254e-03
6.925278897894382966e-03
6.904074189366926281e-03
6.882869480839464392e-03
6.861710627824108705e-03
6.840884227271481349e-03
6.820057826718860065e-03
6.799231426166236179e-03
6.778405025613611426e-03
6.757609598161263935e-03
6.737166489724562279e-03
6.716723381287863226e-03
6.696280272851160703e-03
6.675837164414461650e-03
6.655409620688529371e-03
6.635351738843387782e-03
6.615293856998244459e-03
6.595235975153100269e-03
6.575178093307956946e-03
6.555120211462812756e-03
