8.990263685029078675e-03
9.014559044697240814e-03
9.038854404365404688e-03
9.063149764033566827e-03
9.087445123701730701e-03
9.111740483369894575e-03
9.128899291236747607e-03
9.145757612711967119e-03
9.162615934187188366e-03
9.179474255662407878e-03
9.196332577137627390e-03
9.204338173128814513e-03
9.211565507538986217e-03
9.218792841949159655e-03
9.226020176359333094e-03
9.233247510769504798e-03
9.233180837805651797e-03
9.232108094859175357e-03
9.231035351912698916e-03
9.229962608966222476e-03
9.228889866019744301e-03
9.224137453812607593e-03
9.218675707772090028e-03
9.213213961731572463e-03
9.207752215691054898e-03
9.202290469650535598e-03
9.195886111261621781e-03
9.189243116835138503e-03
9.182600122408656959e-03
9.175957127982173681e-03
9.169314133555690402e-03
9.163018843056706247e-03
9.156834817814521812e-03
9.150650792572335643e-03
9.144466767330151208e-03
9.138282742087966773e-03
9.132901037309300307e-03
9.127835740600753409e-03
9.122770443892204775e-03
9.117705147183657877e-03
9.112639850475112713e-03
9.108352559303716303e-03
9.104436852866482771e-03
9.100521146429247504e-03
9.096605439992012238e-03
9.092689733554780440e-03
9.089308885170248667e-03
9.086233669958690071e-03
9.083158454747133209e-03
9.080083239535574613e-03
9.077008024324017751e-03
9.074212023035538657e-03
9.071605319322030569e-03
9.068998615608522482e-03
9.066391911895012659e-03
9.063785208181502837e-03
9.061266070271838807e-03
9.058816985005248290e-03
9.056367899738657773e-03
9.053918814472067256e-03
9.051469729205478473e-03
9.048998062387906410e-03
9.046505142345877964e-03
9.044012222303851253e-03
9.041519302261822807e-03
9.039026382219796096e-03
9.036454799970236942e-03
9.033796187193196894e-03
9.031137574416155112e-03
9.028478961639115064e-03
9.025820348862073281e-03
9.023049359180666112e-03
9.020132018181943948e-03
9.017214677183220048e-03
9.014297336184497883e-03
9.011379995185773983e-03
9.008331759387692983e-03
9.005082146975212573e-03
9.001832534562732163e-03
8.998582922150251753e-03
8.995333309737771343e-03
8.991957313301653792e-03
8.988350214650882991e-03
8.984743116000113924e-03
8.981136017349344858e-03
8.977528918698574056e-03
8.973817105485597939e-03
8.969875595813582916e-03
8.965934086141569628e-03
8.961992576469556340e-03
8.958051066797543052e-03
8.954030435027751644e-03
8.949798810997217427e-03
8.945567186966681475e-03
8.941335562936147258e-03
8.937103938905611306e-03
8.932814355933843889e-03
8.928333256460613265e-03
8.923852156987379172e-03
8.919371057514146814e-03
8.914889958040916190e-03
8.910366795512728033e-03
8.905666525384728360e-03
8.900966255256728688e-03
8.896265985128727280e-03
8.891565715000727607e-03
8.886835944018992364e-03
8.881940968256337582e-03
8.877045992493681065e-03
8.872151016731026282e-03
8.867256040968369765e-03
8.862342632917659738e-03
8.857281766562495606e-03
8.852220900207329740e-03
8.847160033852165609e-03
8.842099167497003212e-03
8.837029229971999494e-03
8.831840071357703256e-03
8.826650912743408753e-03
8.821461754129112515e-03
8.816272595514816277e-03
8.811080858395943516e-03
8.805806609130635912e-03
8.800532359865330043e-03
8.795258110600024173e-03
8.789983861334716569e-03
8.784709612069410700e-03
8.779393351645934512e-03
8.774076662537173138e-03
8.768759973428411764e-03
8.763443284319648655e-03
8.758126595210885545e-03
8.752806515983931057e-03
8.747486256431539695e-03
8.742165996879148332e-03
8.736845737326756969e-03
8.731525477774365607e-03
8.726231606304491947e-03
8.720940373642870058e-03
8.715649140981248169e-03
8.710357908319626280e-03
8.705066675658002656e-03
8.699820862329567597e-03
8.694581914714285056e-03
8.689342967099005985e-03
8.684104019483726913e-03
8.678865071868444372e-03
8.673681606829934318e-03
8.668509644276853679e-03
8.663337681723771305e-03
8.658165719170688931e-03
8.652993756617604823e-03
8.647880342540001722e-03
8.642782691513486992e-03
8.637685040486972263e-03
8.632587389460459268e-03
8.627489738433946273e-03
8.622450352314950037e-03
8.617430650286330568e-03
8.612410948257712834e-03
8.607391246229095100e-03
8.602371544200477366e-03
8.597408440938402938e-03
8.592468785736750644e-03
8.587529130535101821e-03
8.582589475333451262e-03
8.577649820131798969e-03
8.572764718139908729e-03
8.567906892752896048e-03
8.563049067365881631e-03
8.558191241978868949e-03
8.553333416591856267e-03
8.548528024306946763e-03
8.543753922744262361e-03
8.538979821181576224e-03
8.534205719618888353e-03
8.529431618056203951e-03
8.524707314096593644e-03
8.520018211890884041e-03
8.515329109685174439e-03
8.510640007479463101e-03
8.505950905273753498e-03
8.501308440851210527e-03
8.496704841247971346e-03
8.492101241644732165e-03
8.487497642041492985e-03
8.482894042438253804e-03
8.478333277527410131e-03
8.473814490615112424e-03
8.469295703702816452e-03
8.464776916790518746e-03
8.460258129878222774e-03
8.455777994396253966e-03
8.451342392084015137e-03
8.446906789771774574e-03
8.442471187459534010e-03
8.438035585147293446e-03
8.433634186302269367e-03
8.429279206448469022e-03
8.424924226594668678e-03
8.420569246740868333e-03
8.416214266887069723e-03
8.411889217160599050e-03
8.407612213164841752e-03
8.403335209169086190e-03
8.399058205173330627e-03
8.394781201177573329e-03
8.390529981314655272e-03
8.386328054646870547e-03
8.382126127979085822e-03
8.377924201311299363e-03
8.373722274643514638e-03
8.369542497033642323e-03
8.365413662256963173e-03
8.361284827480284024e-03
8.357155992703604874e-03
8.353027157926925725e-03
8.348917023034719068e-03
8.344859391664299561e-03
8.340801760293881789e-03
8.336744128923460548e-03
8.332686497553042776e-03
8.328644372421178596e-03
8.324656519124258927e-03
8.320668665827339258e-03
8.316680812530419589e-03
8.312692959233499920e-03
8.308717581508412789e-03
8.304798343856579015e-03
8.300879106204743507e-03
8.296959868552907999e-03
8.293040630901072491e-03
8.289130970595449954e-03
8.285279458463258237e-03
8.281427946331066520e-03
8.277576434198873068e-03
8.273724922066683085e-03
8.269880140502309726e-03
8.266095260991535021e-03
8.262310381480758581e-03
8.258525501969982141e-03
8.254740622459203966e-03
8.250959715081366067e-03
8.247240375764063394e-03
8.243521036446762457e-03
8.239801697129459784e-03
8.236082357812158847e-03
8.232364317943883722e-03
8.228709301353453326e-03
8.225054284763021195e-03
8.221399268172590799e-03
8.217744251582160403e-03
8.214089234991728272e-03
8.210496002892673367e-03
8.206904044700659082e-03
8.203312086508643061e-03
8.199720128316627041e-03
8.196128170124612755e-03
8.192594116507022003e-03
8.189063798668429900e-03
8.185533480829837796e-03
8.182003162991243958e-03
8.178472845152650120e-03
8.174996910147318968e-03
8.171527085572690904e-03
8.168057260998064575e-03
8.164587436423434777e-03
8.161117611848808448e-03
8.157698730901739859e-03
8.154288240669802651e-03
8.150877750437861974e-03
8.147467260205921297e-03
8.144056769973982354e-03
8.140693850055559858e-03
8.137341501317918793e-03
8.133989152580275994e-03
8.130636803842634930e-03
8.127284455104992131e-03
8.123976538672130973e-03
8.120681317183487194e-03
8.117386095694846884e-03
8.114090874206204840e-03
8.110795652717564530e-03
8.107541844371603246e-03
8.104302785912079199e-03
8.101063727452553417e-03
8.097824668993027636e-03
8.094585610533501854e-03
8.091384880661158657e-03
8.088200815391941717e-03
8.085016750122724777e-03
8.081832684853506102e-03
8.078648619584289162e-03
8.075500019119826595e-03
8.072369969476314577e-03
8.069239919832799091e-03
8.066109870189287073e-03
8.062979820545773321e-03
8.059882236380835896e-03
8.056804876612389324e-03
8.053727516843942752e-03
8.050650157075494445e-03
8.047572797307047873e-03
8.044525078679502436e-03
8.041499200892622545e-03
8.038473323105740920e-03
8.035447445318861029e-03
8.032421567531979403e-03
8.029422700702846041e-03
8.026447277346472967e-03
8.023471853990101627e-03
8.020496430633728552e-03
8.017521007277357212e-03
8.014569820994061830e-03
8.011643366417986814e-03
8.008716911841913533e-03
8.005790457265836782e-03
8.002864002689763501e-03
7.999959359314254628e-03
7.997080889379424434e-03
7.994202419444595975e-03
7.991323949509765781e-03
7.988445479574937322e-03
7.985586370803604214e-03
7.982754650995264531e-03
7.979922931186923113e-03
7.977091211378585164e-03
7.974259491570245481e-03
7.971444824283756975e-03
7.968658731493345054e-03
7.965872638702931399e-03
7.963086545912519479e-03
7.960300453122105824e-03
7.957529231064235098e-03
7.954787750471450231e-03
7.952046269878665363e-03
7.949304789285878761e-03
7.946563308693093894e-03
7.943834606234934093e-03
7.941136747550012892e-03
7.938438888865089957e-03
7.935741030180165287e-03
7.933043171495244086e-03
7.930356140920998345e-03
7.927701161554353768e-03
7.925046182187709190e-03
7.922391202821061143e-03
7.919736223454416565e-03
7.917090159199799068e-03
7.914477208218416091e-03
7.911864257237034848e-03
7.909251306255653605e-03
7.906638355274272362e-03
7.904032517977650427e-03
7.901460993748683076e-03
7.898889469519717460e-03
7.896317945290751844e-03
7.893746421061786228e-03
7.891180271372581767e-03
7.888649676331040833e-03
7.886119081289499899e-03
7.883588486247957230e-03
7.881057891206414562e-03
7.878530975568580688e-03
7.876040853967819153e-03
7.873550732367057617e-03
7.871060610766297816e-03
7.868570489165536280e-03
7.866082392663920411e-03
7.863632368026242034e-03
7.861182343388561922e-03
7.858732318750881810e-03
7.856282294113201697e-03
7.853832671815386135e-03
7.851422478824287773e-03
7.849012285833187677e-03
7.846602092842089315e-03
7.844191899850989219e-03
7.841781706859890858e-03
7.839409906475854756e-03
7.837039305860790325e-03
7.834668705245727630e-03
7.832298104630663199e-03
7.829927504015598769e-03
7.827593549212273627e-03
7.825262382677233147e-03
7.822931216142190933e-03
7.820600049607150453e-03
7.818268883072109973e-03
7.815972632106529469e-03
7.813680745587130161e-03
7.811388859067729985e-03
7.809096972548331544e-03
7.806805086028932236e-03
7.804546470336647113e-03
7.802293795863489770e-03
7.800041121390330692e-03
7.797788446917173349e-03
7.795535772444015139e-03
7.793314749565144299e-03
7.791101243939915072e-03
7.788887738314685845e-03
7.786674232689456618e-03
7.784460727064227391e-03
7.782277291039490022e-03
7.780102955025426474e-03
7.777928619011362926e-03
7.775754282997299378e-03
7.773579946983235830e-03
7.771434113271818815e-03
7.769298967923893816e-03
7.767163822575968816e-03
7.765028677228044685e-03
7.762893531880119685e-03
7.760785335813309531e-03
7.758689425448185399e-03
7.756593515083060400e-03
7.754497604717936268e-03
7.752401694352812137e-03
7.750331202654724659e-03
7.748274611790172649e-03
7.746218020925621506e-03
7.744161430061069495e-03
7.742104839196518352e-03
7.740072158773235629e-03
7.738055020136779157e-03
7.736037881500321817e-03
7.734020742863866212e-03
7.732003604227408872e-03
7.730008844522790259e-03
7.728031268640831591e-03
7.726053692758872923e-03
7.724076116876914255e-03
7.722098540994956455e-03
7.720141837357110542e-03
7.718203999016827466e-03
7.716266160676544389e-03
7.714328322336261312e-03
7.712390483995978235e-03
7.710471999214662392e-03
7.708574077589749884e-03
7.706676155964837377e-03
7.704778234339925737e-03
7.702880312715012362e-03
7.701000221791169144e-03
7.699142419243661453e-03
7.697284616696152895e-03
7.695426814148645205e-03
7.693569011601136647e-03
7.691727505261919742e-03
7.689910035829932225e-03
7.688092566397945575e-03
7.686275096965958058e-03
7.684457627533971408e-03
7.682654918015094196e-03
7.680878038344163272e-03
7.679101158673231481e-03
7.677324279002299690e-03
7.675547399331367898e-03
7.673783745718673437e-03
7.672047784165411839e-03
7.670311822612150242e-03
7.668575861058888644e-03
7.666839899505627047e-03
7.665115517253841444e-03
7.663420496802228477e-03
7.661725476350614641e-03
7.660030455899001674e-03
7.658335435447388706e-03
7.656650475839947394e-03
7.654996956370542505e-03
7.653343436901139350e-03
7.651689917431734461e-03
7.650036397962331307e-03
7.648391311501690805e-03
7.646779535425664992e-03
7.645167759349639179e-03
7.643555983273614234e-03
7.641944207197587553e-03
7.640339228703359534e-03
7.638769512664705941e-03
7.637199796626052348e-03
7.635630080587397887e-03
7.634060364548743427e-03
7.632495787430281994e-03
7.630968467483211989e-03
7.629441147536141117e-03
7.627913827589070245e-03
7.626386507642000240e-03
7.624862646679241886e-03
7.623378131663041679e-03
7.621893616646841473e-03
7.620409101630641266e-03
7.618924586614441059e-03
7.617441815160453863e-03
7.616000453309030443e-03
7.614559091457607024e-03
7.613117729606184471e-03
7.611676367754761918e-03
7.610235005903338498e-03
