7.903693461608936668e-03
7.933066481160110789e-03
7.962439500711283175e-03
7.991812520262455560e-03
8.021185539813629681e-03
8.050558559364802066e-03
8.078694835008205788e-03
8.106779037223912909e-03
8.134863239439621765e-03
8.162947441655328887e-03
8.191031643871037743e-03
8.217498463473818515e-03
8.243823095594144529e-03
8.270147727714470542e-03
8.296472359834794821e-03
8.322796991955122570e-03
8.347508598647390352e-03
8.371997719073718050e-03
8.396486839500047483e-03
8.420975959926375182e-03
8.445465080352702880e-03
8.469084600957153819e-03
8.492536487861001779e-03
8.515988374764848004e-03
8.539440261668695964e-03
8.562892148572542189e-03
8.585484484044900513e-03
8.607859211559923049e-03
8.630233939074943850e-03
8.652608666589964651e-03
8.674983394104985451e-03
8.696144446507033873e-03
8.716917122872933424e-03
8.737689799238831240e-03
8.758462475604730790e-03
8.779235151970630341e-03
8.799003564159113208e-03
8.818375928502986127e-03
8.837748292846855577e-03
8.857120657190725027e-03
8.876493021534596212e-03
8.895129239566231319e-03
8.913413865329336203e-03
8.931698491092441086e-03
8.949983116855544235e-03
8.968267742618649119e-03
8.985858916080254402e-03
9.003053831083863631e-03
9.020248746087469391e-03
9.037443661091076885e-03
9.054638576094682645e-03
9.071131840216350994e-03
9.087149408824837793e-03
9.103166977433326326e-03
9.119184546041813125e-03
9.135202114650301658e-03
9.150561981574018011e-03
9.165395687149920090e-03
9.180229392725823903e-03
9.195063098301725982e-03
9.209896803877629795e-03
9.224117331937115374e-03
9.237760751745852442e-03
9.251404171554591244e-03
9.265047591363330046e-03
9.278691011172070582e-03
9.291771352342676621e-03
9.304228712892369593e-03
9.316686073442064300e-03
9.329143433991757273e-03
9.341600794541451980e-03
9.353581026100826062e-03
9.364939880370480585e-03
9.376298734640135107e-03
9.387657588909793099e-03
9.399016443179445887e-03
9.409980479298788239e-03
9.420337102879188657e-03
9.430693726459589074e-03
9.441050350039989492e-03
9.451406973620389909e-03
9.461421929828409821e-03
9.470812122841220163e-03
9.480202315854030504e-03
9.489592508866842580e-03
9.498982701879654655e-03
9.508077254488449606e-03
9.516523305565859764e-03
9.524969356643269922e-03
9.533415407720680079e-03
9.541861458798090237e-03
9.550056186429340191e-03
9.557580718204164091e-03
9.565105249978984522e-03
9.572629781753808423e-03
9.580154313528630589e-03
9.587465711137973037e-03
9.594072839330947122e-03
9.600679967523919472e-03
9.607287095716891823e-03
9.613894223909865908e-03
9.620329147323617228e-03
9.626038997982746745e-03
9.631748848641874527e-03
9.637458699301004045e-03
9.643168549960131827e-03
9.648750069524598960e-03
9.653612934958951189e-03
9.658475800393305152e-03
9.663338665827657381e-03
9.668201531262011345e-03
9.672976347667412017e-03
9.677046771841201975e-03
9.681117196014993667e-03
9.685187620188783625e-03
9.689258044362573583e-03
9.693275263265049846e-03
9.696593212887395091e-03
9.699911162509740337e-03
9.703229112132085582e-03
9.706547061754432562e-03
9.709842899826910678e-03
9.712431168303607698e-03
9.715019436780306453e-03
9.717607705257005207e-03
9.720195973733702227e-03
9.722784242210400982e-03
9.724656968408162613e-03
9.726522393154097418e-03
9.728387817900032222e-03
9.730253242645968761e-03
9.732118667391901831e-03
9.733297094816862824e-03
9.734438979831134403e-03
9.735580864845404248e-03
9.736722749859674092e-03
9.737864634873945671e-03
9.738352723982820341e-03
9.738775433501158443e-03
9.739198143019494811e-03
9.739620852537831178e-03
9.740043562056167545e-03
9.739853035165635733e-03
9.739569809748183440e-03
9.739286584330731147e-03
9.739003358913277120e-03
9.738720133495824827e-03
9.737867172806606575e-03
9.736896096268364900e-03
9.735925019730121491e-03
9.734953943191879816e-03
9.733982866653638141e-03
9.732483231655233297e-03
9.730841292456014757e-03
9.729199353256797952e-03
9.727557414057579413e-03
9.725915474858362608e-03
9.723782411102130027e-03
9.721483426887446780e-03
9.719184442672763533e-03
9.716885458458080285e-03
9.714586474243398773e-03
9.711832075215828461e-03
9.708889004337202533e-03
9.705945933458576605e-03
9.703002862579952412e-03
9.700059791701328218e-03
9.696696149645982546e-03
9.693122222002276134e-03
9.689548294358571456e-03
9.685974366714865044e-03
9.682400439071160367e-03
9.678440474645874647e-03
9.674250133431584048e-03
9.670059792217291714e-03
9.665869451003001114e-03
9.661679109788708780e-03
9.657135970905903269e-03
9.652343440567768759e-03
9.647550910229634250e-03
9.642758379891498005e-03
9.637965849553361761e-03
9.632853646643757886e-03
9.627475049924593895e-03
9.622096453205429903e-03
9.616717856486267646e-03
9.611339259767103654e-03
9.605673015670456588e-03
9.599724877143871876e-03
9.593776738617287164e-03
9.587828600090702452e-03
9.581880461564119475e-03
9.575675982101702552e-03
9.569176153300173321e-03
9.562676324498642355e-03
9.556176495697113124e-03
9.549676666895583893e-03
9.542950588210247567e-03
9.535917456111176263e-03
9.528884324012103224e-03
9.521851191913031920e-03
9.514818059813957146e-03
9.507587083187586663e-03
9.500038514030551343e-03
9.492489944873512553e-03
9.484941375716477233e-03
9.477392806559440178e-03
9.469673526266755501e-03
9.461627886450043809e-03
9.453582246633330383e-03
9.445536606816616956e-03
9.437490966999905265e-03
9.429299981379908255e-03
9.420774700412359870e-03
9.412249419444813220e-03
9.403724138477264835e-03
9.395198857509716450e-03
9.386552207710329235e-03
9.377564791575389996e-03
9.368577375440449023e-03
9.359589959305508050e-03
9.350602543170568812e-03
9.341516364142057882e-03
9.332084514986054707e-03
9.322652665830055002e-03
9.313220816674051827e-03
9.303788967518050387e-03
9.294279582270647405e-03
9.284421284611944422e-03
9.274562986953237970e-03
9.264704689294533252e-03
9.254846391635830269e-03
9.244930431219685121e-03
9.234664375490510280e-03
9.224398319761337173e-03
9.214132264032164066e-03
9.203866208302992694e-03
9.193560881596996720e-03
9.182906043197288856e-03
9.172251204797580992e-03
9.161596366397873129e-03
9.150941527998166999e-03
9.140264309498625020e-03
9.129240199451667259e-03
9.118216089404709498e-03
9.107191979357751738e-03
9.096167869310795712e-03
9.085136685518968580e-03
9.073762425100988238e-03
9.062388164683006161e-03
9.051013904265025820e-03
9.039639643847042008e-03
9.028265383429061666e-03
9.016566894539231047e-03
9.004861720526268279e-03
8.993156546513305510e-03
8.981451372500341007e-03
8.969746198487379973e-03
8.957747816559023801e-03
8.945730517990963318e-03
8.933713219422904570e-03
8.921695920854845821e-03
8.909678622286787072e-03
8.897397330780794714e-03
8.885086377146945991e-03
8.872775423513097268e-03
8.860464469879248545e-03
8.848153516245399822e-03
8.835605822828745959e-03
8.823019136977278132e-03
8.810432451125808570e-03
8.797845765274342478e-03
8.785259079422874651e-03
8.772461137159969641e-03
8.759616249027856946e-03
8.746771360895742517e-03
8.733926472763631557e-03
8.721081584631518863e-03
8.708049254205759565e-03
8.694963368838959372e-03
8.681877483472157445e-03
8.668791598105357252e-03
8.655705712738557059e-03
8.642454329214297251e-03
8.629144001140804515e-03
8.615833673067311779e-03
8.602523344993820778e-03
8.589213016920328042e-03
8.575757693852348665e-03
8.562239329482421515e-03
8.548720965112492631e-03
8.535202600742565482e-03
8.521684236372636598e-03
8.508039713090843545e-03
8.494329198993611635e-03
8.480618684896379725e-03
8.466908170799147815e-03
8.453197656701915905e-03
8.439378450548477850e-03
8.425491534589536063e-03
8.411604618630592542e-03
8.397717702671650755e-03
8.383830786712705499e-03
8.369850998600809541e-03
8.355802778376209689e-03
8.341754558151609836e-03
8.327706337927009983e-03
8.313658117702411865e-03
8.299531708911457931e-03
8.285337438345936195e-03
8.271143167780414460e-03
8.256948897214892724e-03
8.242754626649370989e-03
8.228495046051343895e-03
8.214168822563001210e-03
8.199842599074663729e-03
8.185516375586322779e-03
8.171190152097981829e-03
8.156810419956646296e-03
8.142366477431718999e-03
8.127922534906789967e-03
8.113478592381860935e-03
8.099034649856931903e-03
8.084547530876007304e-03
8.069999333006115314e-03
8.055451135136221588e-03
8.040902937266327863e-03
8.026354739396434138e-03
8.011772527500998081e-03
7.997133319130329820e-03
7.982494110759659825e-03
7.967854902388991564e-03
7.953215694018323303e-03
7.938550443620788488e-03
7.923833109169525768e-03
7.909115774718261313e-03
7.894398440267000328e-03
7.879681105815735873e-03
7.864944507256685022e-03
7.850161409127113729e-03
7.835378310997542436e-03
7.820595212867969409e-03
7.805812114738398984e-03
7.791015403661131523e-03
7.776178398258689825e-03
7.761341392856245525e-03
7.746504387453802092e-03
7.731667382051358658e-03
7.716821334299794020e-03
7.701941700680068129e-03
7.687062067060342237e-03
7.672182433440615477e-03
7.657302799820889586e-03
7.642417727278579681e-03
7.627506419933217582e-03
7.612595112587855484e-03
7.597683805242494252e-03
7.582772497897132154e-03
7.567858433547178416e-03
7.552926130551467811e-03
7.537993827555756338e-03
7.523061524560045732e-03
7.508129221564335126e-03
7.493195920308565704e-03
7.478252636452219389e-03
7.463309352595872206e-03
7.448366068739524157e-03
7.433422784883176974e-03
7.418479427017801719e-03
7.403534677782710842e-03
7.388589928547618230e-03
7.373645179312526485e-03
7.358700430077433872e-03
7.343755758864147290e-03
7.328818733787735400e-03
7.313881708711322642e-03
7.298944683634909884e-03
7.284007658558497127e-03
7.269070633482086104e-03
7.254149758141148485e-03
7.239229387479445034e-03
7.224309016817741583e-03
7.209388646156038132e-03
7.194468275494335548e-03
7.179571326760146761e-03
7.164676160129138278e-03
7.149780993498130663e-03
7.134885826867122180e-03
7.119990660236115432e-03
7.105124986583981166e-03
7.090262999554205851e-03
7.075401012524429670e-03
7.060539025494655223e-03
7.045677038464880776e-03
7.030849682184273954e-03
7.016028509966018741e-03
7.001207337747764395e-03
6.986386165529510049e-03
6.971564993311255704e-03
6.956782738994990965e-03
6.942009727680447870e-03
6.927236716365905642e-03
6.912463705051363413e-03
6.897690693736821185e-03
6.882960107930249406e-03
6.868242361422143179e-03
6.853524614914036084e-03
6.838806868405929856e-03
6.824089121897823629e-03
6.809416548193212605e-03
6.794760914289911524e-03
6.780105280386612178e-03
6.765449646483311097e-03
6.750794012580010883e-03
6.736185407173739606e-03
6.721598241229347764e-03
6.707011075284956790e-03
6.692423909340565816e-03
6.677836743396174841e-03
6.663297652512981464e-03
6.648784852678881092e-03
6.634272052844780720e-03
6.619759253010681216e-03
6.605246453176580844e-03
6.590782079105128588e-03
6.576349181779395786e-03
6.561916284453664719e-03
6.547483387127932784e-03
6.533050489802201717e-03
6.518665770403880323e-03
6.504318044771249460e-03
6.489970319138618597e-03
6.475622593505988601e-03
6.461274867873356871e-03
6.446974587035083151e-03
6.432717188991709557e-03
6.418459790948334229e-03
6.404202392904960635e-03
6.389944994861587041e-03
6.375733732924224531e-03
6.361571490599501021e-03
6.347409248274777510e-03
6.333247005950054867e-03
6.319084763625330489e-03
6.304966841951663292e-03
6.290904321091817138e-03
6.276841800231971850e-03
6.262779279372125696e-03
6.248716758512280409e-03
6.234696226099616968e-03
6.220737626646548508e-03
6.206779027193480049e-03
6.192820427740411589e-03
6.178861828287344864e-03
6.164942422470415066e-03
6.151091605516734000e-03
6.137240788563049464e-03
6.123389971609366662e-03
6.109539154655682994e-03
6.095724361192608222e-03
6.081984991912993063e-03
6.068245622633378772e-03
6.054506253353767083e-03
6.040766884074151057e-03
6.027059925071804290e-03
6.013435149272519827e-03
5.999810373473240567e-03
5.986185597673957838e-03
5.972560821874676844e-03
5.958964705736826371e-03
5.945458151040950399e-03
5.931951596345076162e-03
5.918445041649198456e-03
5.904938486953324218e-03
5.891456433134526285e-03
5.878071157780196364e-03
5.864685882425865575e-03
5.851300607071533919e-03
5.837915331717202262e-03
5.824550120994085797e-03
5.811288995545398246e-03
5.798027870096709828e-03
5.784766744648023144e-03
5.771505619199332991e-03
5.758259838212367518e-03
5.745125304572874098e-03
5.731990770933383279e-03
5.718856237293891594e-03
5.705721703654399908e-03
5.692597580430574025e-03
5.679591875684947624e-03
5.666586170939323826e-03
5.653580466193695690e-03
5.640574761448071892e-03
5.627574341259087599e-03
5.614699429290364446e-03
5.601824517321641293e-03
5.588949605352918140e-03
5.576074693384194120e-03
5.563199781415470967e-03
