9.582250601444703558e-03
9.598106959794338103e-03
9.613583839726361560e-03
9.628813797648161019e-03
9.643831081150853676e-03
9.658953866329932775e-03
9.674058711876345334e-03
9.689000945801504519e-03
9.703746343039472769e-03
9.718193077613143313e-03
9.732585279111378301e-03
9.746519266568696299e-03
9.759987239322429411e-03
9.773512421498244118e-03
9.786745907809786885e-03
9.799480799013028653e-03
9.811864480572014477e-03
9.823958222583854816e-03
9.835743417851551193e-03
9.847396200969988495e-03
9.858908771330388010e-03
9.870381612883538311e-03
9.881596834530312345e-03
9.892469329255694846e-03
9.902767481122540932e-03
9.912933409663616038e-03
9.923113630375384603e-03
9.933038772969129612e-03
9.942451987382189618e-03
9.951400031570238613e-03
9.960260139731971080e-03
9.968917575299681907e-03
9.977453837811293275e-03
9.985687854053890145e-03
9.993655291836362961e-03
1.000114636459658451e-02
1.000825511968917760e-02
1.001493984932463020e-02
1.002120473844365402e-02
1.002753091813721881e-02
1.003362264695466070e-02
1.003913328915589931e-02
1.004418229790818469e-02
1.004868682054635767e-02
1.005265501624983369e-02
1.005622279083354630e-02
1.005929631680583906e-02
1.006195923348864214e-02
1.006401896032150037e-02
1.006561439972227315e-02
1.006696714564891265e-02
1.006811045075871672e-02
1.006889166214513555e-02
1.006934812342553769e-02
1.006957160443285731e-02
1.006932662998820741e-02
1.006862795494449167e-02
1.006803189037913139e-02
1.006753369889181599e-02
1.006688536222909852e-02
1.006619122153577447e-02
1.006529399050878903e-02
1.006412105767848578e-02
1.006277802042630787e-02
1.006135410873680233e-02
1.005987318927404478e-02
1.005855961559956949e-02
1.005736443436130133e-02
1.005641729918268189e-02
1.005532761757305625e-02
1.005417235116335024e-02
1.005313367000247420e-02
1.005209056614710626e-02
1.005105485313629969e-02
1.005001019849257465e-02
1.004923980792079771e-02
1.004863793153653630e-02
1.004822732698918732e-02
1.004813339786479742e-02
1.004807379118193185e-02
1.004810727803640003e-02
1.004826469291618223e-02
1.004864980672344130e-02
1.004909568558963462e-02
1.004972421173671270e-02
1.005058130850327094e-02
1.005158913426763487e-02
1.005270069676918350e-02
1.005400228942075758e-02
1.005533438073039944e-02
1.005671699784344182e-02
1.005803796732017419e-02
1.005963877342511310e-02
1.006124185748284369e-02
1.006306706909733048e-02
1.006500314575131325e-02
1.006690930573743772e-02
1.006874264128859719e-02
1.007075796431618382e-02
1.007269709210773141e-02
1.007487726256895734e-02
1.007734259745543537e-02
1.007998921086804452e-02
1.008280872818321378e-02
1.008572259688900359e-02
1.008862762796567877e-02
1.009192058612562448e-02
1.009542415468717320e-02
1.009902039333429244e-02
1.010276622825382470e-02
1.010667418365953849e-02
1.011086412043515903e-02
1.011518454200245956e-02
1.011975943620241347e-02
1.012474461690284454e-02
1.013002284217597027e-02
1.013531418680173671e-02
1.014073769903309913e-02
1.014629891079477791e-02
1.015194162274103695e-02
1.015754865588525298e-02
1.016312313141936631e-02
1.016891959547924079e-02
1.017494436395196579e-02
1.018101231221832728e-02
1.018735455009954147e-02
1.019377593606267916e-02
1.020031815224657114e-02
1.020697005116762666e-02
1.021370637186411537e-02
1.022052202795715320e-02
1.022747702975059306e-02
1.023461133410562447e-02
1.024209873558538063e-02
1.024979027530450483e-02
1.025745609946287530e-02
1.026519700574712174e-02
1.027299250982626790e-02
1.028090884735945003e-02
1.028907251930758458e-02
1.029732216069400436e-02
1.030565569963356326e-02
1.031423461534545193e-02
1.032290840602359538e-02
1.033154206028579457e-02
1.034016162973825856e-02
1.034875809892153199e-02
1.035745490774358200e-02
1.036608171974088069e-02
1.037470102255560675e-02
1.038330215671374145e-02
1.039200413059112801e-02
1.040075833981426827e-02
1.040959388928245494e-02
1.041835836675286502e-02
1.042712852401661908e-02
1.043587975086326079e-02
1.044460055859049684e-02
1.045336776969047789e-02
1.046212522059908681e-02
1.047091692939141651e-02
1.047965997151574166e-02
1.048830847881475174e-02
1.049688833735078035e-02
1.050543468187279533e-02
1.051403099650533544e-02
1.052266211307466628e-02
1.053123130696342544e-02
1.053982604828243227e-02
1.054841238156731947e-02
1.055690489393488682e-02
1.056527233552858810e-02
1.057359199119946649e-02
1.058190533098325552e-02
1.059017931357132507e-02
1.059838415658466600e-02
1.060653007395146417e-02
1.061464683705757792e-02
1.062287044171087054e-02
1.063104979225970755e-02
1.063930958657311431e-02
1.064750125483696769e-02
1.065572537595268522e-02
1.066399513156741398e-02
1.067222951640381043e-02
1.068044257194566971e-02
1.068870139239545998e-02
1.069691504415395608e-02
1.070511028131110667e-02
1.071339154028566436e-02
1.072173886894436587e-02
1.073016877296067290e-02
1.073864990849739479e-02
1.074721602624456769e-02
1.075592580762839597e-02
1.076466025246400685e-02
1.077345910464728475e-02
1.078219573561056688e-02
1.079107682257939883e-02
1.080003012160016262e-02
1.080909319863204363e-02
1.081812067208950609e-02
1.082722594341160513e-02
1.083633849349126092e-02
1.084557946251290574e-02
1.085489413606804260e-02
1.086421752568100460e-02
1.087362213698545195e-02
1.088318766772072843e-02
1.089285255410022031e-02
1.090269379041097254e-02
1.091270325551848587e-02
1.092296427921211552e-02
1.093337167818567678e-02
1.094377176563778552e-02
1.095402546961898871e-02
1.096424600619368486e-02
1.097448838680092388e-02
1.098483020065107486e-02
1.099532841079036392e-02
1.100590413383463820e-02
1.101662275013297158e-02
1.102766623509088273e-02
1.103901337150084080e-02
1.105044812977017468e-02
1.106207465424477454e-02
1.107383501232583368e-02
1.108578426934038810e-02
1.109804564080684765e-02
1.111034819433166267e-02
1.112275875920398088e-02
1.113525634368358469e-02
1.114784088870924769e-02
1.116039243014786859e-02
1.117319905789548352e-02
1.118609609674444706e-02
1.119895657539952960e-02
1.121182289896073374e-02
1.122482619025345560e-02
1.123789684540410679e-02
1.125105621871125110e-02
1.126437847814502902e-02
1.127785141096421424e-02
1.129146935849955138e-02
1.130519844072984913e-02
1.131900425039390062e-02
1.133292410168623525e-02
1.134680654221677590e-02
1.136066960592215652e-02
1.137459182225026427e-02
1.138841060814047533e-02
1.140230959529933870e-02
1.141629157641765174e-02
1.143035486803484560e-02
1.144452865415776857e-02
1.145875849240446387e-02
1.147313871261035692e-02
1.148755605603177243e-02
1.150203838749775005e-02
1.151668637363934683e-02
1.153146629092607033e-02
1.154635284735671362e-02
1.156127443701136966e-02
1.157624662618818474e-02
1.159139114697718687e-02
1.160673864913835084e-02
1.162231176088214003e-02
1.163806553187136592e-02
1.165397741451198316e-02
1.166997296708290228e-02
1.168612882001950765e-02
1.170244914123391017e-02
1.171899079246292719e-02
1.173560435181565491e-02
1.175236740203590424e-02
1.176915395819407538e-02
1.178606838881006078e-02
1.180302509691930936e-02
1.182018468509130928e-02
1.183744072887186680e-02
1.185491734004431343e-02
1.187263366781096847e-02
1.189038436619500351e-02
1.190821717046454051e-02
1.192617575532044574e-02
1.194426090623395414e-02
1.196241199189609916e-02
1.198072037959659053e-02
1.199906857370302421e-02
1.201756334139716248e-02
1.203616495818279897e-02
1.205497236584444735e-02
1.207378838523678541e-02
1.209277204712463569e-02
1.211186876168851741e-02
1.213093752347817016e-02
1.215003933800070691e-02
1.216913766403081298e-02
1.218834333061081902e-02
1.220780996418756315e-02
1.222728375063953862e-02
1.224691181105635324e-02
1.226660396885715862e-02
1.228629018087353843e-02
1.230618511958321039e-02
1.232628948596104813e-02
1.234650484175184651e-02
1.236672151585824740e-02
1.238703741282887877e-02
1.240739608133779349e-02
1.242771524952450586e-02
1.244801089151141571e-02
1.246836076722601834e-02
1.248880156964218488e-02
1.250922111260263994e-02
1.252971139367093159e-02
1.255025505229465099e-02
1.257085971987431487e-02
1.259144127554498276e-02
1.261204680145243048e-02
1.263285663653192399e-02
1.265391009529990250e-02
1.267497089835322582e-02
1.269605483918177617e-02
1.271732936154218452e-02
1.273878913009309118e-02
1.276040266433738600e-02
1.278208781312366316e-02
1.280387225245747593e-02
1.282585452578337108e-02
1.284793910997043820e-02
1.287005014367257824e-02
1.289220747275594825e-02
1.291443946945883096e-02
1.293679434326359262e-02
1.295911975025737170e-02
1.298170276336220279e-02
1.300437932040012824e-02
1.302716734882512772e-02
1.305013278424805093e-02
1.307322511078088355e-02
1.309637646793405247e-02
1.311961850907730938e-02
1.314311136299700818e-02
1.316684338212907937e-02
1.319072481237445679e-02
1.321472726338849581e-02
1.323899524290921004e-02
1.326342843177525342e-02
1.328804053305389539e-02
1.331284105172302230e-02
1.333782642341592786e-02
1.336296187745084942e-02
1.338818328669763059e-02
1.341340116261718028e-02
1.343861925236424643e-02
1.346408807125360277e-02
1.348976653767409301e-02
1.351578234976205661e-02
1.354186620728315034e-02
1.356799418181767539e-02
1.359416562843425609e-02
1.362059219627924540e-02
1.364736126967379566e-02
1.367431702311027938e-02
1.370150699527345611e-02
1.372876992314272203e-02
1.375614566830531300e-02
1.378376192372431606e-02
1.381132954890358991e-02
1.383893835915894592e-02
1.386677514403269681e-02
1.389482190924976393e-02
1.392313961375804023e-02
1.395172817004344465e-02
1.398064058965422726e-02
1.400978749829382038e-02
1.403923022134840465e-02
1.406900452319413339e-02
1.409900120867231023e-02
1.412916890399824356e-02
1.415960207480507389e-02
1.419033048708986423e-02
1.422145673150019239e-02
1.425296744166090410e-02
1.428481442921372170e-02
1.431719454049178858e-02
1.435019496150847888e-02
1.438372295104608893e-02
1.441754999258867097e-02
1.445158272757779069e-02
1.448592226150823004e-02
1.452080818379856107e-02
1.455612353726509940e-02
1.459178648330673733e-02
1.462777410487342382e-02
1.466399885296233545e-02
1.470050629826910940e-02
1.473727561761514412e-02
1.477429416284431474e-02
1.481188268169440769e-02
1.484986679006776097e-02
1.488815556040060627e-02
1.492701312830304640e-02
1.496623724829720774e-02
1.500595112296838375e-02
1.504598477323814722e-02
1.508630301240950974e-02
1.512686805940246029e-02
1.516770487254382252e-02
1.520885655359743849e-02
1.525007700045873625e-02
1.529181678606827965e-02
1.533393609051142241e-02
1.537660345815295045e-02
1.541970288454870552e-02
1.546296818246531944e-02
1.550649579673375224e-02
1.555044097432025339e-02
1.559480404027713089e-02
1.563957696012176213e-02
1.568470321312048429e-02
1.573025508159515279e-02
1.577627790689416221e-02
1.582272878771696228e-02
1.586972534730270168e-02
1.591712936814977664e-02
1.596476095492879027e-02
1.601264698006769904e-02
1.606096428624947600e-02
1.610955663152016312e-02
1.615859175752916085e-02
1.620809490799404728e-02
1.625799590265537831e-02
1.630825874994526123e-02
1.635905527665326709e-02
1.641014582395310464e-02
1.646158397546784724e-02
1.651318941855955957e-02
1.656511091380582362e-02
1.661759258885554119e-02
1.667067248733096821e-02
1.672419785706388828e-02
1.677818921859800666e-02
1.683266248009682164e-02
1.688750033475142076e-02
1.694225687244058434e-02
1.699723775830248168e-02
1.705217287559206499e-02
1.710714125211328096e-02
1.716225498650931700e-02
1.721751193317627368e-02
1.727321846641816094e-02
1.732908881438439616e-02
1.738513929198497870e-02
1.744152060084261380e-02
1.749838427202383626e-02
1.755532649334592965e-02
1.761224632766016790e-02
1.766923118881831914e-02
1.772617402489451433e-02
1.778315493477024278e-02
1.784028148079833467e-02
1.789739457423050392e-02
1.795411391852178365e-02
1.801069028808037487e-02
1.806749873701275766e-02
1.812435458107231404e-02
1.818126667664117513e-02
1.823806857689038580e-02
1.829513752959840978e-02
1.835226994510554682e-02
1.840944861460793933e-02
1.846701915730277616e-02
1.852469746087377633e-02
1.858223062966619585e-02
1.863978768506124872e-02
1.869761036359026893e-02
1.875492896854314556e-02
1.881225992677710776e-02
1.887016952619063534e-02
1.892820753075082421e-02
1.898683741137905528e-02
1.904564402475877188e-02
1.910436850918893065e-02
1.916259297457474295e-02
1.922039318979052586e-02
1.927763185601700374e-02
1.933448854590233065e-02
1.939188021843274781e-02
1.944945392068777104e-02
1.950697392486164597e-02
1.956478486788141083e-02
1.962318088997022300e-02
1.968215339340826514e-02
1.974182549994885419e-02
1.980166037826577852e-02
1.986201622770571162e-02
1.992280205366823639e-02
1.998401262513911994e-02
