1.312104738505839342e-02
1.315671669117121634e-02
1.319216264558112535e-02
1.322745480007891071e-02
1.326270994689704094e-02
1.329817763613547893e-02
1.333355398968959216e-02
1.336879063724837405e-02
1.340355508869435150e-02
1.343820746483073009e-02
1.347255576703354843e-02
1.350698239593064835e-02
1.354125840185468020e-02
1.357520241518203781e-02
1.360839928545636880e-02
1.364117851648482746e-02
1.367351635961804035e-02
1.370573612809258303e-02
1.373749785130376488e-02
1.376894912010955506e-02
1.380044495648615616e-02
1.383155188509938016e-02
1.386220427189558541e-02
1.389257935345179773e-02
1.392294695600271477e-02
1.395324187921212315e-02
1.398321246132558371e-02
1.401268597831877016e-02
1.404213627498035986e-02
1.407131086213289119e-02
1.410024394959197291e-02
1.412890175379593466e-02
1.415710266895708717e-02
1.418455763821368718e-02
1.421160114297887259e-02
1.423825627780968620e-02
1.426422455124421243e-02
1.428967914400742535e-02
1.431481162318832753e-02
1.433985923709577698e-02
1.436468691032876527e-02
1.438884686824226655e-02
1.441239118144642395e-02
1.443491561576208324e-02
1.445678810701625516e-02
1.447843658781387648e-02
1.449960253481676759e-02
1.451980828096166055e-02
1.453908910509396114e-02
1.455736054060350997e-02
1.457509983929278392e-02
1.459222689473604895e-02
1.460870830619186156e-02
1.462501152571755482e-02
1.464061103059603221e-02
1.465578593018304621e-02
1.467032975817079456e-02
1.468404116502317579e-02
1.469725503404990113e-02
1.470976310501223572e-02
1.472178254637127731e-02
1.473369715889937155e-02
1.474535975414706206e-02
1.475646443698253561e-02
1.476736881603209033e-02
1.477774919890331197e-02
1.478766972447388001e-02
1.479731832912998743e-02
1.480653212469739896e-02
1.481573756019100366e-02
1.482462177470283797e-02
1.483287648263018933e-02
1.484066554083766573e-02
1.484764675805071675e-02
1.485400290657018507e-02
1.485991369678175446e-02
1.486531748449800017e-02
1.487086165536596546e-02
1.487586326349015636e-02
1.488034925975941121e-02
1.488477197946647818e-02
1.488846254708360919e-02
1.489168995180347420e-02
1.489505594067865382e-02
1.489821625464494113e-02
1.490096504376527305e-02
1.490398929036057182e-02
1.490694964197519790e-02
1.491011059397519614e-02
1.491315436785088308e-02
1.491608318702041143e-02
1.491892840954736794e-02
1.492171365474996916e-02
1.492423816273441214e-02
1.492645166829962775e-02
1.492874761191579497e-02
1.493087332188685126e-02
1.493249056080728915e-02
1.493415718008813189e-02
1.493554836043147101e-02
1.493679936476849726e-02
1.493789200094747249e-02
1.493877482620713237e-02
1.493944779398826035e-02
1.494025359305925851e-02
1.494096973028749553e-02
1.494109260911368267e-02
1.494120500435623146e-02
1.494128843459271473e-02
1.494115746998255119e-02
1.494106446104942997e-02
1.494096528603781546e-02
1.494057090576122147e-02
1.493987534598237299e-02
1.493915367596721291e-02
1.493855361647068551e-02
1.493780075134919921e-02
1.493707185905109210e-02
1.493651121839810296e-02
1.493602558291888538e-02
1.493544381903902200e-02
1.493477933020859010e-02
1.493428465836138704e-02
1.493360561460247392e-02
1.493256865031361742e-02
1.493133113176750223e-02
1.492975425516139716e-02
1.492798055636413747e-02
1.492589471768011877e-02
1.492369446704969876e-02
1.492129382123934256e-02
1.491832938685562319e-02
1.491479029921908769e-02
1.491105515158301989e-02
1.490699307547342124e-02
1.490246141474347447e-02
1.489764514226367062e-02
1.489272358430615735e-02
1.488765965128154706e-02
1.488255324547366372e-02
1.487724913457392356e-02
1.487158983160056375e-02
1.486564437654325742e-02
1.485939433971204468e-02
1.485293590382665528e-02
1.484608205689534437e-02
1.483899715640207492e-02
1.483192302919423763e-02
1.482457243077071017e-02
1.481675490979316411e-02
1.480845774007568533e-02
1.479981372919743701e-02
1.479088405640033126e-02
1.478164175312027262e-02
1.477221231282835334e-02
1.476241255044178496e-02
1.475250903558282881e-02
1.474254297186499904e-02
1.473218261667797076e-02
1.472150884855448656e-02
1.471073188149596943e-02
1.469992170866272867e-02
1.468877031152089098e-02
1.467728800681690482e-02
1.466525831661027492e-02
1.465286965398028898e-02
1.464027058162772725e-02
1.462742069736115008e-02
1.461440777608173126e-02
1.460107082377781230e-02
1.458760414930505324e-02
1.457402466788556075e-02
1.456030534370303560e-02
1.454672405380285499e-02
1.453309261100415618e-02
1.451939304258706605e-02
1.450570184793132864e-02
1.449189727899617870e-02
1.447815414322311742e-02
1.446394467895715553e-02
1.444941075213173123e-02
1.443467230877348156e-02
1.441956848678853202e-02
1.440393818697588597e-02
1.438827098294851066e-02
1.437266472752248524e-02
1.435712164778034372e-02
1.434154372105108863e-02
1.432604454147709712e-02
1.431036810406727255e-02
1.429460514583740308e-02
1.427914824892988384e-02
1.426379606111421484e-02
1.424838292814602572e-02
1.423306394826060091e-02
1.421772362269871012e-02
1.420249557037697556e-02
1.418715068977171451e-02
1.417187426069936064e-02
1.415659480958895641e-02
1.414146416518411928e-02
1.412605810663025534e-02
1.411066363787252982e-02
1.409521292299434521e-02
1.407941394517486268e-02
1.406332588290299009e-02
1.404720465494905049e-02
1.403095659408433102e-02
1.401473723956336154e-02
1.399855503153749070e-02
1.398231890966303813e-02
1.396605997937672670e-02
1.394995947587859136e-02
1.393349284665076904e-02
1.391689689316296698e-02
1.390024612309510160e-02
1.388349398887022725e-02
1.386678064709498392e-02
1.385004572469167132e-02
1.383327041863438578e-02
1.381649965123852609e-02
1.379949212806996783e-02
1.378204645378782421e-02
1.376444339469552920e-02
1.374665270540855952e-02
1.372880033378147228e-02
1.371098227457271529e-02
1.369316341954623407e-02
1.367518191334486308e-02
1.365691610061516882e-02
1.363853335355039685e-02
1.361980484222229115e-02
1.360106979837741314e-02
1.358222606548986286e-02
1.356327339653712501e-02
1.354416291684362554e-02
1.352528191545858405e-02
1.350656793276162372e-02
1.348777519342511493e-02
1.346898042014059958e-02
1.345007538385322235e-02
1.343098693615353036e-02
1.341191436514675185e-02
1.339272370272213616e-02
1.337347383982231963e-02
1.335402445602119209e-02
1.333455186676155493e-02
1.331503161207266313e-02
1.329551361248805692e-02
1.327585504200600244e-02
1.325596549426737332e-02
1.323591705889054157e-02
1.321597892014267535e-02
1.319603087462813303e-02
1.317604877363316024e-02
1.315619945047118156e-02
1.313632299061460139e-02
1.311655126700941344e-02
1.309691690645786201e-02
1.307731108799949082e-02
1.305778561997163537e-02
1.303829154923781541e-02
1.301886926764298132e-02
1.299951362651374440e-02
1.298013693975632807e-02
1.296068768183752766e-02
1.294116111147710496e-02
1.292154236205848850e-02
1.290211816506920892e-02
1.288252233097620693e-02
1.286277997244146716e-02
1.284298309651274103e-02
1.282301062379135118e-02
1.280294721057315468e-02
1.278266145769529731e-02
1.276229831607043376e-02
1.274185569527595298e-02
1.272155655964100733e-02
1.270110120533184811e-02
1.268053162617536513e-02
1.265998050817942686e-02
1.263942405225551048e-02
1.261894869774502978e-02
1.259851288149385802e-02
1.257796980250712633e-02
1.255747105436130079e-02
1.253705758718082382e-02
1.251671537607941011e-02
1.249647691270824000e-02
1.247625867629902248e-02
1.245607300504419403e-02
1.243590740792500059e-02
1.241584405290582435e-02
1.239581648575793435e-02
1.237574624040578206e-02
1.235576213413121065e-02
1.233583036968500038e-02
1.231612555339869908e-02
1.229654162596317477e-02
1.227683436467133862e-02
1.225725790373909628e-02
1.223784060376490075e-02
1.221839720196091911e-02
1.219905609528272941e-02
1.217990582728968596e-02
1.216087213732438069e-02
1.214171453690135287e-02
1.212240472620779337e-02
1.210319996129819928e-02
1.208415574851880343e-02
1.206509880244028242e-02
1.204584360484576427e-02
1.202634222151274107e-02
1.200681366850567082e-02
1.198744436935953069e-02
1.196801861446868120e-02
1.194869756780747409e-02
1.192915592982830668e-02
1.190942363164099183e-02
1.188958692613452731e-02
1.186973974803757353e-02
1.185006733976830609e-02
1.183052940141467863e-02
1.181095014908494986e-02
1.179123012410116834e-02
1.177145246538138096e-02
1.175180674114766240e-02
1.173213511705631547e-02
1.171236440309636646e-02
1.169279266490689737e-02
1.167317814073720074e-02
1.165322509226237625e-02
1.163303104950949053e-02
1.161306547207877071e-02
1.159322514379102810e-02
1.157354383743034072e-02
1.155375608182707646e-02
1.153381424119037310e-02
1.151384222145136402e-02
1.149383119220192921e-02
1.147375518029678659e-02
1.145364730485878314e-02
1.143346590142438161e-02
1.141337041019915323e-02
1.139318242628767526e-02
1.137276813300442876e-02
1.135233103583591606e-02
1.133169263439720402e-02
1.131083810960092570e-02
1.128986599508392807e-02
1.126878327268097946e-02
1.124764426417269002e-02
1.122634761348524808e-02
1.120504809293941702e-02
1.118368092185164676e-02
1.116233718907235981e-02
1.114120112888336046e-02
1.112013855056264745e-02
1.109893141147827098e-02
1.107743938716252916e-02
1.105569002962470022e-02
1.103396654446162778e-02
1.101225893814698764e-02
1.099053716602898904e-02
1.096881490320701993e-02
1.094704443726151298e-02
1.092534205398567465e-02
1.090346630121525641e-02
1.088119094803939590e-02
1.085889665048945206e-02
1.083661411614717483e-02
1.081425524123303707e-02
1.079173086215256053e-02
1.076922582012789474e-02
1.074666734633653725e-02
1.072416544684345018e-02
1.070178925130791173e-02
1.067918183801373419e-02
1.065631799428283857e-02
1.063318907982390912e-02
1.060985559548305313e-02
1.058649068628445683e-02
1.056296268675085970e-02
1.053929193668564669e-02
1.051544520283122404e-02
1.049150217255342792e-02
1.046771776370720129e-02
1.044396552849222864e-02
1.042009790841027898e-02
1.039634482939033426e-02
1.037267249895226437e-02
1.034906353841036700e-02
1.032528163441228004e-02
1.030137517561786550e-02
1.027731692550503881e-02
1.025322878469838404e-02
1.022893279279750260e-02
1.020461045188265740e-02
1.018026507838194761e-02
1.015557299043805609e-02
1.013084742849200935e-02
1.010619660215857259e-02
1.008147340664938309e-02
1.005671514802185251e-02
1.003195943724507176e-02
1.000738604617744214e-02
9.982714670483727737e-03
9.957793535281350000e-03
9.932729080759703996e-03
9.907603940165486331e-03
9.882288323821684234e-03
9.856640007951710317e-03
9.830894912579546396e-03
9.805223834749155279e-03
9.779642839235982640e-03
9.753964402691744917e-03
9.728331336797449089e-03
9.702794825557739186e-03
9.677208531023707289e-03
9.651558401567160786e-03
9.625952983663378301e-03
9.600318580774560434e-03
9.574596546993465601e-03
9.548731422526341578e-03
9.522868699065214007e-03
9.496954267006670405e-03
9.471219555693776923e-03
9.445536266583882609e-03
9.419720363574973429e-03
9.393981329967639182e-03
9.368435151008342593e-03
9.343153014082438215e-03
9.317876995382499625e-03
9.292444044787431107e-03
9.266936881912891597e-03
9.241253270727996932e-03
9.215499802561095966e-03
9.189644684954204751e-03
9.163762426183380896e-03
9.137662739214751431e-03
9.111485340568645230e-03
9.085181665479273583e-03
9.058682164513446461e-03
9.032186238705391598e-03
9.005483361503389614e-03
8.978738233502920121e-03
8.951878475966483159e-03
8.925055460569932334e-03
8.898199084369668235e-03
8.871486145046989652e-03
8.844962320492484598e-03
8.818306895015151983e-03
8.791371377494291983e-03
8.764431225132061909e-03
8.737412586339780504e-03
8.710273659977148600e-03
8.682814757525969540e-03
8.654978491253932302e-03
8.626949145759059412e-03
8.598862607075909159e-03
8.570729235566515100e-03
8.542251426923441748e-03
8.513597301698344610e-03
8.484468341570355551e-03
8.454989598228468059e-03
8.424990801146298863e-03
8.394651309682374732e-03
8.363775682098196010e-03
8.332669902794388739e-03
8.301273202353878083e-03
8.269437997658361447e-03
8.237455753639958897e-03
8.205530044142076221e-03
8.173686827187684120e-03
8.141259104984199801e-03
8.108268635563560187e-03
8.074755758559572227e-03
8.041053665361806713e-03
8.007244717612268387e-03
7.973031739726205852e-03
7.938450235400001248e-03
7.903602360716664027e-03
7.868234391608039391e-03
7.832433340644746542e-03
7.796482631749530705e-03
7.760259143559865638e-03
7.723635700607489087e-03
7.686556280667247026e-03
7.648969074495390146e-03
7.611051768511085253e-03
7.572873141327085382e-03
7.534374035477534037e-03
7.495736321513565142e-03
7.456712407478196039e-03
7.417657040689846701e-03
7.378053209182548755e-03
7.337196566004129672e-03
7.296093752519375829e-03
7.254838342625542086e-03
7.213464647128528875e-03
