2.011707654256436606e-02
1.994802242356653529e-02
1.978022163841563694e-02
1.961488515952861458e-02
1.945378350174695875e-02
1.929519637348720701e-02
1.913859038860750081e-02
1.898351711379630755e-02
1.883135729686374535e-02
1.868133379724579157e-02
1.853491762377311100e-02
1.839070134493435774e-02
1.824735809352405827e-02
1.810622500390790535e-02
1.796830162596781133e-02
1.783265315483650512e-02
1.769887012835676815e-02
1.756698063285317205e-02
1.743699357548545922e-02
1.730936836950551505e-02
1.718341962311684817e-02
1.705971190725855818e-02
1.693760080301103671e-02
1.681724564729988533e-02
1.669810019057539272e-02
1.657931900325006550e-02
1.646165865546507512e-02
1.634615017895918107e-02
1.623162925495648737e-02
1.611866460881935734e-02
1.600757815785600405e-02
1.589844055557078362e-02
1.579130044695849569e-02
1.568593601647777502e-02
1.558091786885579776e-02
1.547637027095253963e-02
1.537413258837013602e-02
1.527359421524836572e-02
1.517478723085551387e-02
1.507745126641109150e-02
1.498175702395760679e-02
1.488802921872119794e-02
1.479603523699567734e-02
1.470592059268138914e-02
1.461727917462929925e-02
1.453014729821839983e-02
1.444501387481955494e-02
1.436128600238630038e-02
1.427855565985826011e-02
1.419663096138421184e-02
1.411649683576591055e-02
1.403809861714807976e-02
1.396173048960778693e-02
1.388684429324278310e-02
1.381356514951161130e-02
1.374196117830862179e-02
1.367152379706800674e-02
1.360250271852320170e-02
1.353513886040057408e-02
1.346937635481615381e-02
1.340486259746860587e-02
1.334185505367919966e-02
1.328102732948381604e-02
1.322150452710906844e-02
1.316342580995194002e-02
1.310720869184335731e-02
1.305248260422929747e-02
1.299904950114647191e-02
1.294651466085107797e-02
1.289474383569544705e-02
1.284398643880929961e-02
1.279442414059168281e-02
1.274561238661959910e-02
1.269792224549049810e-02
1.265113783102169050e-02
1.260522073792182639e-02
1.256015709638078591e-02
1.251623396047250522e-02
1.247331228407372317e-02
1.243092908656412941e-02
1.238971476588142211e-02
1.234949787481670960e-02
1.230978535094218000e-02
1.227070154308732702e-02
1.223242959822905956e-02
1.219536195867647332e-02
1.215907642367454640e-02
1.212345118836459512e-02
1.208868540065515841e-02
1.205396068973379163e-02
1.201965166243570624e-02
1.198596109759452952e-02
1.195319704026992329e-02
1.192050821454277744e-02
1.188829533033093806e-02
1.185680582174145244e-02
1.182624784201808353e-02
1.179657796685058997e-02
1.176769312951829113e-02
1.173957128169936422e-02
1.171197601231602561e-02
1.168457504590072159e-02
1.165773858902505698e-02
1.163120243179506172e-02
1.160471526229753941e-02
1.157826022394053619e-02
1.155244578247526487e-02
1.152705634528729262e-02
1.150212502937083235e-02
1.147757159120927142e-02
1.145367546265048213e-02
1.143012214297577447e-02
1.140693279146304424e-02
1.138379654588322562e-02
1.136103001017600353e-02
1.133921865638694813e-02
1.131768196713763518e-02
1.129627192884609735e-02
1.127506767604121232e-02
1.125397512997886214e-02
1.123339382451209699e-02
1.121293542732107462e-02
1.119257985346565690e-02
1.117274286858663604e-02
1.115322300839382066e-02
1.113402289275924537e-02
1.111493973713715590e-02
1.109564412658228805e-02
1.107661748646657576e-02
1.105755727349126694e-02
1.103876872392619245e-02
1.102028744783917734e-02
1.100217681499155754e-02
1.098451632661993221e-02
1.096726172791942164e-02
1.095039936849829740e-02
1.093368257466282960e-02
1.091697505341330046e-02
1.090045817593573128e-02
1.088416757107790733e-02
1.086802362783341122e-02
1.085206648226780778e-02
1.083660278523740708e-02
1.082135979444068079e-02
1.080656803784272799e-02
1.079214436254171718e-02
1.077779303433572602e-02
1.076327312520241122e-02
1.074887602554122461e-02
1.073434466976521708e-02
1.072002255517744314e-02
1.070605649142152005e-02
1.069256220051437341e-02
1.067926664142644123e-02
1.066615702866811378e-02
1.065317845561261113e-02
1.064028533054810211e-02
1.062712999712400047e-02
1.061399414417854049e-02
1.060125149976865952e-02
1.058887326610275480e-02
1.057628735488925185e-02
1.056390882729134686e-02
1.055202228810682430e-02
1.054047854188248576e-02
1.052920533606977599e-02
1.051819998874465104e-02
1.050727062538752560e-02
1.049637403494984439e-02
1.048571197608490213e-02
1.047507308789373537e-02
1.046449564951592963e-02
1.045409507650745494e-02
1.044379968936455863e-02
1.043402347043998098e-02
1.042464551975529931e-02
1.041544086948048217e-02
1.040645054736553769e-02
1.039783165167097907e-02
1.038923946391123905e-02
1.038082790521917438e-02
1.037260526310840834e-02
1.036437640685108040e-02
1.035622327199255642e-02
1.034838972716848292e-02
1.034094177914860781e-02
1.033367503728281102e-02
1.032647537431511178e-02
1.031960015849431138e-02
1.031324462792007277e-02
1.030706626535007539e-02
1.030096118623267595e-02
1.029488416615653018e-02
1.028878465240132961e-02
1.028294391760147322e-02
1.027750876743980732e-02
1.027262703311442558e-02
1.026793116237365196e-02
1.026314388478963974e-02
1.025852276306597581e-02
1.025399088945992340e-02
1.024946381218067373e-02
1.024497697101003045e-02
1.024072716184144284e-02
1.023655145352531451e-02
1.023277176020393787e-02
1.022930921215397561e-02
1.022626876212159863e-02
1.022362532848434570e-02
1.022117337477193057e-02
1.021866951426893266e-02
1.021611939322340963e-02
1.021361624431121710e-02
1.021127990704917034e-02
1.020922497029770268e-02
1.020737453806166463e-02
1.020558644241962264e-02
1.020393254078650301e-02
1.020241435746471401e-02
1.020102536608072548e-02
1.019966171754119015e-02
1.019833850654353578e-02
1.019707509406980218e-02
1.019603478942850486e-02
1.019523100218597961e-02
1.019469294226911689e-02
1.019441372163519370e-02
1.019437711094837128e-02
1.019451915285275734e-02
1.019475992950375810e-02
1.019505054658371816e-02
1.019543310512958934e-02
1.019609769429821733e-02
1.019689262249118093e-02
1.019775315439872855e-02
1.019902536494777384e-02
1.020050801033080268e-02
1.020198516436677735e-02
1.020407588087932430e-02
1.020615087093868119e-02
1.020839465168433234e-02
1.021079365568509922e-02
1.021338260948839206e-02
1.021590874919627544e-02
1.021823192580057806e-02
1.022077863401240835e-02
1.022324484063808110e-02
1.022571844274266194e-02
1.022793541454047016e-02
1.023029590663251422e-02
1.023290902779475792e-02
1.023563600731194900e-02
1.023826083817107324e-02
1.024105638858292811e-02
1.024401088467004686e-02
1.024724053953053951e-02
1.025072173567842353e-02
1.025437537444727140e-02
1.025839956735173468e-02
1.026238170014717212e-02
1.026593733467489125e-02
1.026917318223452731e-02
1.027221967081947719e-02
1.027535365635122259e-02
1.027836651468587263e-02
1.028128093255617666e-02
1.028437426714963118e-02
1.028761138382513866e-02
1.029118952278256470e-02
1.029520538083281318e-02
1.029979800028657001e-02
1.030458615923547649e-02
1.030954502027740631e-02
1.031442421494301563e-02
1.031952009695741648e-02
1.032472943602296030e-02
1.033005158268168570e-02
1.033548255310283957e-02
1.034078512376647614e-02
1.034612039311886417e-02
1.035175423654289585e-02
1.035750334409766583e-02
1.036369174707651823e-02
1.037012105660335172e-02
1.037672779295840432e-02
1.038376369665293571e-02
1.039115174311506726e-02
1.039872964098026951e-02
1.040635634352046930e-02
1.041439977987989110e-02
1.042230125982821290e-02
1.043026782772924106e-02
1.043834427629769523e-02
1.044675509316779667e-02
1.045534368007867282e-02
1.046422714607002889e-02
1.047312880168035226e-02
1.048212847866818523e-02
1.049132899454922711e-02
1.050066033908081051e-02
1.051006609537156675e-02
1.051961879055626249e-02
1.052948631630798264e-02
1.053974981574931635e-02
1.054992941327281310e-02
1.056032083049755245e-02
1.057101280508723415e-02
1.058184853195891229e-02
1.059296498913633693e-02
1.060433556298865689e-02
1.061583788702990215e-02
1.062751940211107381e-02
1.063919394616202885e-02
1.065131547326966625e-02
1.066376197530310294e-02
1.067614494914453406e-02
1.068849375264336460e-02
1.070108003121124363e-02
1.071398078988565483e-02
1.072703946791176560e-02
1.074080873089737140e-02
1.075494685795675212e-02
1.076955916956766346e-02
1.078439447937591320e-02
1.079961010054728519e-02
1.081519112200765055e-02
1.083120285300071678e-02
1.084753940207860805e-02
1.086424847500564242e-02
1.088112167609602693e-02
1.089794041322246325e-02
1.091511355220849133e-02
1.093281158053824829e-02
1.095099694806877209e-02
1.096960483052125679e-02
1.098869565839093176e-02
1.100813061275974364e-02
1.102793001333082432e-02
1.104778380891618082e-02
1.106803757511668103e-02
1.108880898550252889e-02
1.111019626865052297e-02
1.113182640173574628e-02
1.115371058397422212e-02
1.117593691399901626e-02
1.119832605729344926e-02
1.122097310607292169e-02
1.124413539970227360e-02
1.126758046591106767e-02
1.129108924142937370e-02
1.131468564780611398e-02
1.133856274512342818e-02
1.136295343179792236e-02
1.138803463592453526e-02
1.141369041230926550e-02
1.143968958940284365e-02
1.146617946378069089e-02
1.149290202285540609e-02
1.151953718718188094e-02
1.154600360816265305e-02
1.157249233588506995e-02
1.159939374858010887e-02
1.162644872569650392e-02
1.165346100348462789e-02
1.168066607463632417e-02
1.170794601322396912e-02
1.173526875209902204e-02
1.176267898250512971e-02
1.179054350748935491e-02
1.181883776730739861e-02
1.184746822104415336e-02
1.187649596778304548e-02
1.190574441889647936e-02
1.193501669229716892e-02
1.196452351257478418e-02
1.199440639997109703e-02
1.202453446752876735e-02
1.205485499523367178e-02
1.208536589363318897e-02
1.211585652648699586e-02
1.214644146778244387e-02
1.217718296032149934e-02
1.220828479266385450e-02
1.223982277655151843e-02
1.227129240523116595e-02
1.230269638409506143e-02
1.233441938579545039e-02
1.236622484257524253e-02
1.239788403955744724e-02
1.243014361071394062e-02
1.246282697240176651e-02
1.249609028455694361e-02
1.252982299956743872e-02
1.256396126367699886e-02
1.259871841846431882e-02
1.263350727700657435e-02
1.266841775113270938e-02
1.270361469726173816e-02
1.273875488071368745e-02
1.277417437005034552e-02
1.281007494362106612e-02
1.284614578968981506e-02
1.288232936998325896e-02
1.291845324065448060e-02
1.295469983036032398e-02
1.299128696251601947e-02
1.302831105041432624e-02
1.306539322981346840e-02
1.310276500771540183e-02
1.314024797442900176e-02
1.317823063904016365e-02
1.321695396500257962e-02
1.325554276823938220e-02
1.329463536246238038e-02
1.333387094557674825e-02
1.337342391121784657e-02
1.341300206263340046e-02
1.345300485254810260e-02
1.349324578350648111e-02
1.353392720011280421e-02
1.357450906086785265e-02
1.361532127649979843e-02
1.365616206539906931e-02
1.369648910404512067e-02
1.373714223855435762e-02
1.377862952494469592e-02
1.382054583771702427e-02
1.386276250960040944e-02
1.390497477460543758e-02
1.394732226190986517e-02
1.399045814852793376e-02
1.403386521054667165e-02
1.407871275922440574e-02
1.412449876402795644e-02
1.417077025584843886e-02
1.421710149734338458e-02
1.426380008971061923e-02
1.431070253624616706e-02
1.435755854471870707e-02
1.440508590493790216e-02
1.445341527882488056e-02
1.450256961717697607e-02
1.455221361198043815e-02
1.460216958647458409e-02
1.465273429267060362e-02
1.470375076190858117e-02
1.475510366905658129e-02
1.480663381414194790e-02
1.485850424992598770e-02
1.491078620070719271e-02
1.496309679328776572e-02
1.501562406614433132e-02
1.506881896419150040e-02
1.512261931522056874e-02
1.517683712461972458e-02
1.523189558038529762e-02
1.528684925995520485e-02
1.534141524433635558e-02
1.539658004191861614e-02
1.545152628956786636e-02
1.550681892024856692e-02
1.556251044296297521e-02
1.561913428610406905e-02
1.567660296082172555e-02
1.573432163142721510e-02
1.579266548840301682e-02
1.585250851014975010e-02
1.591292487472723005e-02
1.597360756917884372e-02
1.603482342657124027e-02
1.609596278319641582e-02
1.615664695726383437e-02
1.621730220053063318e-02
1.627860530376530265e-02
1.633980809007525015e-02
1.640054477908607644e-02
1.646157552747380681e-02
1.652232203305627894e-02
1.658364730169788540e-02
1.664606570392273416e-02
1.670870403535697213e-02
1.677203700362929831e-02
1.683588553114073044e-02
1.690044757631690292e-02
1.696578953390082134e-02
1.703128366608114633e-02
1.709715283908354658e-02
1.716403034791080112e-02
1.723083478874981589e-02
1.729767128643129245e-02
1.736572593177264714e-02
1.743432449897904662e-02
1.750374137807137603e-02
1.757322854254494277e-02
1.764315009995645958e-02
1.771321960856113431e-02
1.778375581295160018e-02
1.785445190960015249e-02
1.792384590697954083e-02
1.799250204233342545e-02
