1.516802536993774528e-02
1.518070933965506852e-02
1.519299534978221615e-02
1.520472335165660299e-02
1.521550366575184082e-02
1.522582396592772960e-02
1.523594802688666740e-02
1.524595547394736079e-02
1.525462122036718056e-02
1.526264832497005106e-02
1.526987615643125851e-02
1.527527472860695790e-02
1.527840008976292553e-02
1.528104192236904961e-02
1.528320787591840556e-02
1.528497322128210927e-02
1.528592440728963886e-02
1.528624208798345756e-02
1.528613674162322342e-02
1.528587690742386727e-02
1.528594941114608079e-02
1.528559203318852373e-02
1.528482852853658633e-02
1.528376003192641504e-02
1.528232925985699604e-02
1.528102578674214902e-02
1.527913516523047438e-02
1.527696124324864381e-02
1.527479274224414346e-02
1.527230939527198829e-02
1.526962360054628411e-02
1.526692740090762959e-02
1.526355194660214409e-02
1.526002641791116866e-02
1.525671102273658784e-02
1.525360464537695547e-02
1.525054342983625348e-02
1.524729220887772498e-02
1.524377076640043814e-02
1.524028111139956801e-02
1.523690682747085370e-02
1.523350863057573203e-02
1.523034542173387108e-02
1.522714318661902259e-02
1.522395730880974837e-02
1.522063698040504801e-02
1.521689649070927762e-02
1.521324992672677331e-02
1.520859113155528276e-02
1.520355170336820140e-02
1.519766650942671465e-02
1.519108167395937306e-02
1.518439417483168248e-02
1.517735670309523430e-02
1.516998708200393425e-02
1.516243093739277209e-02
1.515417058685852685e-02
1.514564241366287388e-02
1.513707253672730291e-02
1.512844171051765281e-02
1.511982269526100826e-02
1.511080927331789371e-02
1.510156960956914388e-02
1.509195025762330271e-02
1.508230952906873361e-02
1.507255202394329301e-02
1.506240980409973701e-02
1.505217890899819035e-02
1.504168006546394501e-02
1.503110467304540239e-02
1.502005500483830427e-02
1.500883446360750696e-02
1.499764703433131147e-02
1.498612630084190066e-02
1.497423071512478908e-02
1.496188319218877232e-02
1.494923152340871947e-02
1.493599172351955245e-02
1.492259825168065074e-02
1.490929140775240115e-02
1.489565351537412013e-02
1.488194808904418770e-02
1.486837610028235966e-02
1.485459684439867888e-02
1.484090735926441376e-02
1.482700586649516976e-02
1.481295744398366566e-02
1.479867888526759621e-02
1.478425766743940092e-02
1.476954858943543142e-02
1.475483949898064549e-02
1.474009782076868974e-02
1.472528423836841176e-02
1.471067000761859186e-02
1.469636831402193825e-02
1.468190084231187596e-02
1.466718487611911800e-02
1.465284335037487541e-02
1.463870284541231997e-02
1.462424148416612002e-02
1.460944187825872174e-02
1.459464930074713673e-02
1.457985062305714764e-02
1.456512242240316952e-02
1.455024722289587763e-02
1.453526360781180748e-02
1.452021262442607964e-02
1.450497497027604908e-02
1.448959344567573963e-02
1.447414847387880343e-02
1.445885391931593482e-02
1.444376328116164614e-02
1.442861188428491009e-02
1.441364799219675176e-02
1.439808852034349038e-02
1.438221536784684007e-02
1.436594042569029790e-02
1.434951086171302147e-02
1.433305671224478772e-02
1.431646021078457516e-02
1.429974303384339181e-02
1.428332531582576261e-02
1.426700800714886946e-02
1.425087962860839726e-02
1.423480444753569274e-02
1.421883073737118496e-02
1.420293374986106652e-02
1.418712653183723874e-02
1.417108498962326227e-02
1.415503825000531679e-02
1.413908585654125895e-02
1.412278946433421535e-02
1.410651476920909628e-02
1.409014203671404841e-02
1.407358990130317365e-02
1.405686755312278088e-02
1.404000912437265366e-02
1.402299269151036261e-02
1.400612497589453879e-02
1.398914960907381502e-02
1.397231971831738861e-02
1.395574053413876046e-02
1.393960785447267633e-02
1.392339229585489932e-02
1.390725035151805199e-02
1.389131886080990051e-02
1.387552243024585408e-02
1.385980042380716322e-02
1.384396773159277984e-02
1.382835230540830490e-02
1.381251497661804481e-02
1.379648762021502655e-02
1.378055599543503811e-02
1.376408853153257041e-02
1.374757520116712609e-02
1.373091010328556655e-02
1.371424943590984422e-02
1.369782405125671149e-02
1.368179251552954778e-02
1.366577178187834349e-02
1.364983404807806715e-02
1.363394928348058560e-02
1.361814965847004018e-02
1.360227962192560661e-02
1.358615505243281757e-02
1.356996710972651482e-02
1.355343078775510246e-02
1.353673490513898972e-02
1.351963006732774183e-02
1.350245993021577211e-02
1.348515824066152773e-02
1.346768521415532723e-02
1.345004378945081208e-02
1.343240591268772023e-02
1.341468202929168609e-02
1.339671835868411209e-02
1.337876683935186779e-02
1.336105897564578322e-02
1.334375215130254554e-02
1.332657027541621700e-02
1.330934181759607128e-02
1.329201564955571555e-02
1.327462806795213189e-02
1.325737251679391659e-02
1.324034084756045213e-02
1.322329360632510005e-02
1.320606801092966999e-02
1.318881718440528296e-02
1.317158818398215213e-02
1.315448233530894587e-02
1.313778285585037384e-02
1.312125115782357410e-02
1.310474662314813077e-02
1.308804188276838087e-02
1.307123225093432400e-02
1.305448293987876950e-02
1.303769554484247341e-02
1.302123056280280432e-02
1.300461201780315872e-02
1.298776382019588629e-02
1.297082798886850866e-02
1.295402531271027703e-02
1.293721043402987561e-02
1.292046302452079347e-02
1.290369475574344033e-02
1.288701777112129590e-02
1.287036637491241475e-02
1.285404293808789164e-02
1.283777366971439356e-02
1.282154881015608143e-02
1.280543952124388839e-02
1.278946876697544671e-02
1.277364987946876321e-02
1.275780644653027283e-02
1.274205167152689909e-02
1.272645266093225258e-02
1.271102407639502878e-02
1.269557185623785243e-02
1.267997556425196938e-02
1.266458270119812622e-02
1.264917026627241682e-02
1.263367533476139788e-02
1.261801888088026104e-02
1.260200879060221178e-02
1.258621706392063118e-02
1.257063505978826996e-02
1.255516260443745313e-02
1.253992362328298568e-02
1.252462631979632188e-02
1.250915040384024436e-02
1.249371615445208500e-02
1.247833649612093213e-02
1.246311053464114679e-02
1.244774198325051574e-02
1.243254437922758707e-02
1.241740463135301668e-02
1.240231579730402545e-02
1.238723909368877850e-02
1.237226833903525003e-02
1.235735718165950452e-02
1.234249722736527159e-02
1.232745548050063512e-02
1.231219067328470640e-02
1.229709402652867309e-02
1.228212036406810086e-02
1.226717053391429731e-02
1.225220913604952930e-02
1.223727002911651103e-02
1.222208173117684572e-02
1.220682111203672156e-02
1.219148960615653796e-02
1.217596195642544309e-02
1.216041151168497161e-02
1.214499490618677763e-02
1.212981229375918561e-02
1.211480094159373549e-02
1.210011503483034503e-02
1.208549971977679154e-02
1.207083948659746879e-02
1.205649144384313316e-02
1.204224257608443524e-02
1.202802575347992550e-02
1.201394847412554610e-02
1.199978265809617875e-02
1.198547724811118223e-02
1.197131929774994039e-02
1.195733555596814948e-02
1.194333657952942676e-02
1.192938589232020972e-02
1.191535286109330315e-02
1.190102099456635809e-02
1.188688140482905241e-02
1.187225094326674162e-02
1.185714817197201093e-02
1.184215973860231787e-02
1.182730395136185816e-02
1.181258283982398148e-02
1.179788606954255969e-02
1.178315933456624415e-02
1.176827460982327045e-02
1.175370133062163952e-02
1.173922433710438383e-02
1.172475092427961198e-02
1.171012043172559372e-02
1.169599060049633654e-02
1.168222156141000487e-02
1.166850576792557818e-02
1.165498688636309663e-02
1.164161160764855957e-02
1.162819474731134964e-02
1.161479728886529242e-02
1.160104079379635673e-02
1.158729623107588799e-02
1.157364337132723089e-02
1.155990489588323324e-02
1.154620962914907137e-02
1.153232956342338349e-02
1.151828169411610141e-02
1.150366706778218305e-02
1.148895601230882739e-02
1.147425300529602253e-02
1.145985256039239002e-02
1.144572852023647939e-02
1.143149395999998492e-02
1.141715897833283158e-02
1.140279324824600496e-02
1.138847485963793114e-02
1.137445313957200638e-02
1.136044431837175163e-02
1.134628406212827637e-02
1.133206292039860320e-02
1.131794920115774053e-02
1.130379764429088364e-02
1.128976872472063804e-02
1.127570977838186252e-02
1.126162189634504103e-02
1.124775314259234514e-02
1.123434421608697151e-02
1.122122391873063910e-02
1.120819806442802970e-02
1.119551931173824386e-02
1.118313987947923416e-02
1.117083102187785455e-02
1.115826988185835214e-02
1.114585024821285880e-02
1.113377495985808617e-02
1.112188245711657163e-02
1.111023652398855817e-02
1.109857946334910812e-02
1.108692224432263930e-02
1.107494714575017747e-02
1.106312909582503334e-02
1.105138760728011267e-02
1.103976383473371896e-02
1.102827057297893487e-02
1.101698075080254254e-02
1.100579367360025526e-02
1.099460371642481740e-02
1.098346508577893212e-02
1.097230957216391821e-02
1.096129936576027697e-02
1.095034192091048388e-02
1.093975236304889527e-02
1.092919933283851598e-02
1.091863299721623250e-02
1.090803551195122095e-02
1.089765511461530077e-02
1.088740802567026399e-02
1.087693341997400705e-02
1.086661083496047106e-02
1.085663747410823068e-02
1.084695245777304341e-02
1.083748871002188953e-02
1.082825179470070683e-02
1.081943435968761233e-02
1.081030812427760841e-02
1.080096453536619726e-02
1.079164656412296038e-02
1.078205794830386366e-02
1.077223189791369148e-02
1.076252090428022126e-02
1.075283041835989675e-02
1.074319903615074227e-02
1.073378088692188842e-02
1.072460901554690878e-02
1.071571439616163766e-02
1.070635291811074946e-02
1.069684449820512348e-02
1.068739991765173779e-02
1.067805221363262412e-02
1.066863482394870416e-02
1.065926077553521444e-02
1.064985792287904097e-02
1.064054939955010742e-02
1.063113406228858790e-02
1.062178668853189754e-02
1.061260917053109126e-02
1.060361925482770223e-02
1.059481259698893084e-02
1.058606101542812657e-02
1.057738813414898886e-02
1.056869668908557748e-02
1.056038439230042036e-02
1.055218614411670280e-02
1.054397327853882557e-02
1.053611286680094204e-02
1.052832703074101789e-02
1.052068425869287852e-02
1.051315855935106708e-02
1.050554725809552635e-02
1.049821351764152616e-02
1.049103856908451676e-02
1.048405281925872227e-02
1.047717956217850653e-02
1.047007283579655737e-02
1.046303276504234429e-02
1.045614575249379993e-02
1.044938069823251985e-02
1.044249253008127341e-02
1.043530905775604152e-02
1.042750440631286767e-02
1.041996818470013880e-02
1.041281283958187844e-02
1.040569029891462265e-02
1.039875292167339454e-02
1.039207337313651988e-02
1.038560431843410341e-02
1.037887822947740867e-02
1.037241172109106858e-02
1.036608856240862214e-02
1.035978330503452109e-02
1.035371737303011561e-02
1.034731987036316588e-02
1.034178537403111775e-02
1.033695808336674953e-02
1.033248935833703044e-02
1.032850525337875372e-02
1.032520523531243149e-02
1.032187170220759745e-02
1.031877424751599659e-02
1.031581880450532958e-02
1.031348623319061457e-02
1.031118673752689542e-02
1.030858281867268363e-02
1.030595126796002639e-02
1.030336575532635711e-02
1.030072601258530743e-02
1.029822358535682075e-02
1.029549979208056916e-02
1.029269208443301005e-02
1.029015823242017055e-02
1.028815461020004575e-02
1.028663658397998594e-02
1.028504335830619787e-02
1.028357715240786445e-02
1.028144819476305497e-02
1.027898739719551070e-02
1.027684959657804847e-02
1.027526284996417398e-02
1.027406289516689074e-02
1.027352476246074300e-02
1.027342765828742274e-02
1.027349184557457829e-02
1.027356543952142980e-02
1.027373019441228316e-02
1.027415228740132837e-02
1.027499686387717964e-02
1.027613725211771675e-02
1.027729714322056682e-02
1.027825555847791325e-02
1.027916877604692809e-02
1.028011623419083920e-02
1.028120631354180643e-02
1.028270357865655737e-02
1.028444756210665327e-02
1.028606096638714877e-02
1.028808586760002024e-02
1.029052365259031446e-02
1.029311376862023994e-02
1.029576952297061102e-02
1.029850117573469052e-02
1.030153116440715028e-02
1.030481958652825283e-02
1.030860668628495909e-02
1.031277016587969601e-02
1.031746513914909812e-02
1.032264059486588496e-02
1.032790517665834427e-02
1.033358655387954864e-02
1.033926897191967190e-02
1.034439849862617451e-02
1.034969821018653750e-02
1.035542625200584939e-02
1.036141418960192725e-02
1.036748696382634553e-02
1.037348680503476575e-02
1.038116132466370377e-02
1.038981595168090612e-02
1.039952699008205549e-02
1.040948687891377414e-02
1.041970173287478166e-02
1.043009042856162319e-02
1.044090861513724718e-02
1.045189218787366710e-02
1.046141325846037563e-02
1.047051170890861763e-02
1.047989597363450411e-02
1.048957544040158944e-02
1.049984966753131702e-02
1.051045751572724472e-02
1.052122302606079904e-02
1.053219217560591447e-02
1.054344486365847017e-02
1.055484658487441246e-02
1.056642603262607748e-02
1.057863923253397030e-02
1.059032066204666604e-02
1.060190646899657890e-02
1.061360230037404657e-02
1.062604063099597228e-02
