1.455931457142308622e-02
1.454858986648504930e-02
1.453792340524459430e-02
1.452750945113353773e-02
1.451718115728217740e-02
1.450680206303420379e-02
1.449639304469410063e-02
1.448572979876596237e-02
1.447510555246357515e-02
1.446439286070383239e-02
1.445359391843282007e-02
1.444285227130017064e-02
1.443204041717205573e-02
1.442135004648223071e-02
1.441077269026369741e-02
1.440022655471632183e-02
1.438980066578078761e-02
1.437941016762299754e-02
1.436903923703231403e-02
1.435863155818918081e-02
1.434822868075163495e-02
1.433772434010766733e-02
1.432721631860084908e-02
1.431672965765420739e-02
1.430649136532130723e-02
1.429643040212334043e-02
1.428664623605014131e-02
1.427684841417423654e-02
1.426696884567675745e-02
1.425687173590884510e-02
1.424690217867476301e-02
1.423720726061400606e-02
1.422758526595296717e-02
1.421774219505885298e-02
1.420805804243860382e-02
1.419875180254539897e-02
1.418937517993218433e-02
1.418005314717225851e-02
1.417068391361506023e-02
1.416143522086023288e-02
1.415215301719578711e-02
1.414275485632341539e-02
1.413365961131188286e-02
1.412484729715736409e-02
1.411607947685236154e-02
1.410731462588687805e-02
1.409851697938005986e-02
1.408962825269081433e-02
1.408077995865006891e-02
1.407206438911865441e-02
1.406292259830204880e-02
1.405380404947251249e-02
1.404488448047583847e-02
1.403613865140650868e-02
1.402731078318775366e-02
1.401867139913126094e-02
1.401048094899113444e-02
1.400246431900268457e-02
1.399441356083448718e-02
1.398667689236353026e-02
1.397927135814319190e-02
1.397204235569857698e-02
1.396487504327253298e-02
1.395772854157901338e-02
1.395058296994739280e-02
1.394318656799965056e-02
1.393559176129866191e-02
1.392828049836028308e-02
1.392084406592488353e-02
1.391322204571663647e-02
1.390570456176402556e-02
1.389806974993126019e-02
1.389052205341145471e-02
1.388348599984189080e-02
1.387653644327598024e-02
1.386955630128677841e-02
1.386248000648480569e-02
1.385535063206301890e-02
1.384818139799399821e-02
1.384111947789620767e-02
1.383410921063053627e-02
1.382708431156871344e-02
1.382002037152196133e-02
1.381316214537189196e-02
1.380631784375526035e-02
1.379955877758346286e-02
1.379302659663470161e-02
1.378647305897070900e-02
1.377996401380530457e-02
1.377351462312187934e-02
1.376695560422381420e-02
1.376045849481814624e-02
1.375395728565805692e-02
1.374773731786376949e-02
1.374159283451674082e-02
1.373536647600215148e-02
1.372894439089691714e-02
1.372255272058239134e-02
1.371601753246812910e-02
1.370945483842267443e-02
1.370289934606993242e-02
1.369627823312193765e-02
1.368966713054967262e-02
1.368302710897563446e-02
1.367643288593571073e-02
1.366984081024763889e-02
1.366318927980707948e-02
1.365665247494387592e-02
1.365032481450287327e-02
1.364406817462768609e-02
1.363766946868066529e-02
1.363132149610345005e-02
1.362506573744892355e-02
1.361894777905159511e-02
1.361299801928320639e-02
1.360710472622262725e-02
1.360121351151266124e-02
1.359548955206829092e-02
1.358976593014805945e-02
1.358446015417572213e-02
1.357904835987592401e-02
1.357354630467951136e-02
1.356792852733662916e-02
1.356164138912103849e-02
1.355538961320978952e-02
1.354908143564310767e-02
1.354271835096291544e-02
1.353636432622871456e-02
1.352987824662975000e-02
1.352346132601795446e-02
1.351713954065846685e-02
1.351090528981526047e-02
1.350464660609007952e-02
1.349815591899563953e-02
1.349167673349349443e-02
1.348537647922285442e-02
1.347900445846636486e-02
1.347260321319056382e-02
1.346607830314358774e-02
1.345954678227898223e-02
1.345298796248690747e-02
1.344666442861104823e-02
1.344021778405228747e-02
1.343349106096489685e-02
1.342644002789112299e-02
1.341935443932871369e-02
1.341228775294946336e-02
1.340528210648070893e-02
1.339825556822375752e-02
1.339118792871291444e-02
1.338421783679593670e-02
1.337743059068384303e-02
1.337085218971146607e-02
1.336415859158398244e-02
1.335759368243244483e-02
1.335095767082808069e-02
1.334419151831203049e-02
1.333727489134107179e-02
1.333031240182280114e-02
1.332321347502966186e-02
1.331618672270259811e-02
1.330954193650978057e-02
1.330293070653462174e-02
1.329633378537992995e-02
1.328965283422376201e-02
1.328281707691433659e-02
1.327606844219210089e-02
1.326933547864915693e-02
1.326249977974138482e-02
1.325555657565412326e-02
1.324860852132003775e-02
1.324111960408876944e-02
1.323339133090727961e-02
1.322586170128151918e-02
1.321849385150666509e-02
1.321110285056866125e-02
1.320367537021285842e-02
1.319613118548208612e-02
1.318849485562203182e-02
1.318065776083377459e-02
1.317284450846808314e-02
1.316500978653272272e-02
1.315725875561985295e-02
1.314954923331759437e-02
1.314197851802557417e-02
1.313448532063905307e-02
1.312696394040254767e-02
1.311899812567091962e-02
1.311094672113568074e-02
1.310300815794512852e-02
1.309505562948546677e-02
1.308704735384297671e-02
1.307900063474136051e-02
1.307094283969365521e-02
1.306284501353479136e-02
1.305469610338837010e-02
1.304650258830459403e-02
1.303832305511673159e-02
1.303015654258762694e-02
1.302210730099187183e-02
1.301410769456545942e-02
1.300600163834600247e-02
1.299794721833185882e-02
1.298977329835333296e-02
1.298142074746496712e-02
1.297306338935163249e-02
1.296469760498140597e-02
1.295632814816564601e-02
1.294792561398420798e-02
1.293958478187577470e-02
1.293120929618055658e-02
1.292267418817020369e-02
1.291412714543929176e-02
1.290539877804830829e-02
1.289662253460393919e-02
1.288776682771006037e-02
1.287874051067702634e-02
1.286983098240000040e-02
1.286082399963921555e-02
1.285176577888509468e-02
1.284281435230671606e-02
1.283389403240196500e-02
1.282488366359236208e-02
1.281583759329159473e-02
1.280662312587940721e-02
1.279727183752882649e-02
1.278768956336944797e-02
1.277830842803354648e-02
1.276904351593445043e-02
1.275980223322698004e-02
1.275041846420518245e-02
1.274094423227109009e-02
1.273137888544611726e-02
1.272168458611033781e-02
1.271189970186308374e-02
1.270202137268607555e-02
1.269229977234447547e-02
1.268243987917658244e-02
1.267251033756994910e-02
1.266258814812861073e-02
1.265266059799753477e-02
1.264292943911363154e-02
1.263319447019738313e-02
1.262333703031455305e-02
1.261336196430825479e-02
1.260328561300234733e-02
1.259301347919816565e-02
1.258265334761335050e-02
1.257219169421262828e-02
1.256180585446990336e-02
1.255126337505300949e-02
1.254071525603172622e-02
1.253020753869152001e-02
1.251968197497026723e-02
1.250924128090413756e-02
1.249892896510054058e-02
1.248853626430677065e-02
1.247816605999570866e-02
1.246774569147115520e-02
1.245735947814490679e-02
1.244689024458382753e-02
1.243655171194600791e-02
1.242629108607308693e-02
1.241596211021097490e-02
1.240554915828058317e-02
1.239522933391580713e-02
1.238507613705082389e-02
1.237516445523059901e-02
1.236530615615762455e-02
1.235543262703527392e-02
1.234564523047779888e-02
1.233595217222908935e-02
1.232635514489788253e-02
1.231675642506185539e-02
1.230709063820246800e-02
1.229725177825453236e-02
1.228745397757780369e-02
1.227772883094655453e-02
1.226810029509262968e-02
1.225853481483754615e-02
1.224882638209409333e-02
1.223890801733746973e-02
1.222915910902757676e-02
1.221969877959640759e-02
1.221028363465065901e-02
1.220098583005517143e-02
1.219169607667820558e-02
1.218217815635937867e-02
1.217262722279198982e-02
1.216304459001321323e-02
1.215370091237474338e-02
1.214454497391376057e-02
1.213526978104552054e-02
1.212603142902025054e-02
1.211670117212302993e-02
1.210732557881295628e-02
1.209789680872017797e-02
1.208843741381935948e-02
1.207897870643692521e-02
1.206960423055205948e-02
1.206023213884709934e-02
1.205090688952784560e-02
1.204161511142171417e-02
1.203234662643007727e-02
1.202323389615092032e-02
1.201421679525192798e-02
1.200531086293713141e-02
1.199634606238039226e-02
1.198741175455250892e-02
1.197844416464141290e-02
1.196951077378181905e-02
1.196061534160607412e-02
1.195174338273782312e-02
1.194288562025127079e-02
1.193424898128027031e-02
1.192570581290665344e-02
1.191714969796747910e-02
1.190853984789670521e-02
1.189987752196697106e-02
1.189123018458227050e-02
1.188250672293007446e-02
1.187365142931621521e-02
1.186471783571351954e-02
1.185539008832074866e-02
1.184598563950251329e-02
1.183668072746751551e-02
1.182705883890627571e-02
1.181745484608690694e-02
1.180783041715771295e-02
1.179832788723301183e-02
1.178881080282680183e-02
1.177934495901186533e-02
1.177008629485038274e-02
1.176083388569290449e-02
1.175148342161617780e-02
1.174211776864141771e-02
1.173263629188884064e-02
1.172315592954786129e-02
1.171392872184641443e-02
1.170482412280227785e-02
1.169546110018805304e-02
1.168558368236778840e-02
1.167564207624759848e-02
1.166588029484184365e-02
1.165613975594595279e-02
1.164648776351525500e-02
1.163677350598637215e-02
1.162704106424055327e-02
1.161734328429100266e-02
1.160762188305539296e-02
1.159789209536330606e-02
1.158814391426829168e-02
1.157839685402776465e-02
1.156874347845473529e-02
1.155929626601387081e-02
1.154995746127624942e-02
1.154063162087408216e-02
1.153096531099776292e-02
1.152113983749829089e-02
1.151147844572694527e-02
1.150186390579780414e-02
1.149218867740725049e-02
1.148243683779165414e-02
1.147263757437176450e-02
1.146270644500918014e-02
1.145291494318965639e-02
1.144324223500705826e-02
1.143365527582972628e-02
1.142417752192268626e-02
1.141475076731041267e-02
1.140529730474966821e-02
1.139565850942969583e-02
1.138623541042831609e-02
1.137655956404020827e-02
1.136683754989900250e-02
1.135712990069373020e-02
1.134777744503752753e-02
1.133819005106924925e-02
1.132878800887710848e-02
1.131942519233134631e-02
1.131020388330069258e-02
1.130108352838447502e-02
1.129195236947434615e-02
1.128303647614464951e-02
1.127420731862109095e-02
1.126525698941183672e-02
1.125634761472492015e-02
1.124739686059688173e-02
1.123842121499880886e-02
1.122947626778238346e-02
1.122039030821788720e-02
1.121130449787896381e-02
1.120217380997504293e-02
1.119307281177726182e-02
1.118397485482993184e-02
1.117489981627048379e-02
1.116629142826740945e-02
1.115838273336527096e-02
1.115046576065243517e-02
1.114234861149637247e-02
1.113417842392379689e-02
1.112612562341240910e-02
1.111800416188666110e-02
1.111001728364311401e-02
1.110205494141969229e-02
1.109400349999372856e-02
1.108595618825043531e-02
1.107790109833193051e-02
1.106991626134043970e-02
1.106179755139502507e-02
1.105361305702837540e-02
1.104545591313228770e-02
1.103734503477569670e-02
1.102919246340683390e-02
1.102105406451863931e-02
1.101324071072943764e-02
1.100542422252771824e-02
1.099770301698532217e-02
1.098994537213729590e-02
1.098219283171837646e-02
1.097426919908687723e-02
1.096653051056304187e-02
1.095883230716605643e-02
1.095100681762783100e-02
1.094315647428967427e-02
1.093538276867553165e-02
1.092778362757433966e-02
1.092050345437103019e-02
1.091339925833558280e-02
1.090622085593458308e-02
1.089914611844072616e-02
1.089221910766639302e-02
1.088527829778707968e-02
1.087810161397420247e-02
1.087086652268971429e-02
1.086344131849154362e-02
1.085570679586563697e-02
1.084798047939928949e-02
1.084055528730751283e-02
1.083320592721517817e-02
1.082568876706959185e-02
1.081828085085161616e-02
1.081086625954301786e-02
1.080365344428019583e-02
1.079658693528816847e-02
1.078947569593032701e-02
1.078251563964103751e-02
1.077568429737182053e-02
1.076891340647616498e-02
1.076235649507758206e-02
1.075590291428344530e-02
1.074969829619956858e-02
1.074362092461239593e-02
1.073732216935213528e-02
1.072984514345586005e-02
1.072198358845532010e-02
1.071434636797006894e-02
1.070658980760539301e-02
1.069887793811787058e-02
1.069104156810243150e-02
1.068303579271573031e-02
1.067486546942685889e-02
1.066668973863340274e-02
1.065854620725836810e-02
1.065054058722837531e-02
1.064222948639309205e-02
1.063388144796761740e-02
1.062559082278278014e-02
1.061748950930746331e-02
1.060940129053214269e-02
1.060091300240935397e-02
1.059238245663839117e-02
1.058393078136350869e-02
1.057547298331967811e-02
1.056699340182327800e-02
1.055843518816565463e-02
1.054991908875001043e-02
1.054140542599262681e-02
1.053304106191525064e-02
1.052453415244643080e-02
1.051596647699372389e-02
1.050744416528417990e-02
1.049883165133946687e-02
1.049014096460097571e-02
1.048120421855607172e-02
1.047207165618773382e-02
1.046296801032714670e-02
1.045391659170282969e-02
1.044479124988823351e-02
1.043536863987079566e-02
1.042600455407631521e-02
1.041639483747935739e-02
1.040678351644768601e-02
1.039723650337697619e-02
1.038780979053955007e-02
1.037823705694474428e-02
1.036863465484297656e-02
1.035897568289525020e-02
1.034925337295279461e-02
1.033963088078657631e-02
