1.879449477141102026e-02
1.875813756474221591e-02
1.872385527323756557e-02
1.868826117357614419e-02
1.864945504128481119e-02
1.861592323246877984e-02
1.858601757357233875e-02
1.855638608868519571e-02
1.852946177143810838e-02
1.850249539877372312e-02
1.847426292305642120e-02
1.844578862583791390e-02
1.841814998345988122e-02
1.839060296309248319e-02
1.836283618032768031e-02
1.833431640424670883e-02
1.830373439674863253e-02
1.827104938147847829e-02
1.823897082723364982e-02
1.820583958513755443e-02
1.817135811834338227e-02
1.813678405673051913e-02
1.810157635026518261e-02
1.806711869636990625e-02
1.803256441638042759e-02
1.799886285259606408e-02
1.796625226179393228e-02
1.793321350084271792e-02
1.790048093400397125e-02
1.786756001959115617e-02
1.783363974093234161e-02
1.779764988310189242e-02
1.776310465045211409e-02
1.772669007029102628e-02
1.768920271027805274e-02
1.765194094883786036e-02
1.761429513591375798e-02
1.757607779819907873e-02
1.753749315937806058e-02
1.749878472574156393e-02
1.746152085529424983e-02
1.742583700655260179e-02
1.738969822585851102e-02
1.735495721493946278e-02
1.732134900483808457e-02
1.728815860150729675e-02
1.725967697775601661e-02
1.723520626597972727e-02
1.720949167902234220e-02
1.718412485246526011e-02
1.715853560270392056e-02
1.713176258940053362e-02
1.710510537104617187e-02
1.707553668738776009e-02
1.704578633672635887e-02
1.701604683648044736e-02
1.698657195550937193e-02
1.695581141793000082e-02
1.692396740239772435e-02
1.689164690159898966e-02
1.685852394123585687e-02
1.682558799017919160e-02
1.679140324361804576e-02
1.675669642266879727e-02
1.672215455896243139e-02
1.668669107235856014e-02
1.665175380786796180e-02
1.661686512804975632e-02
1.658184374795810406e-02
1.654641582517242526e-02
1.650958195197256215e-02
1.647240254501458959e-02
1.643568151806661104e-02
1.640019875599811605e-02
1.636462694824517006e-02
1.632850994935530070e-02
1.629179976122951956e-02
1.625494781251019677e-02
1.621768619634530659e-02
1.617808942522024757e-02
1.613856355764263506e-02
1.609956816488006953e-02
1.606043801924161504e-02
1.602164935276672100e-02
1.598279370554218579e-02
1.594398086022243491e-02
1.590718189149790962e-02
1.587056266564981777e-02
1.583338461936194611e-02
1.579595176228324252e-02
1.575937927200005140e-02
1.572113475660588677e-02
1.568241752710064496e-02
1.564357168390984043e-02
1.560447310248770647e-02
1.556561515257079767e-02
1.552585363078400928e-02
1.548586424736498116e-02
1.544483343506711237e-02
1.540370964401177080e-02
1.536249439715144972e-02
1.532107509657091270e-02
1.527949555140232715e-02
1.523821328693233251e-02
1.519679202228179510e-02
1.515572641869444154e-02
1.511386203298156240e-02
1.507221911361092750e-02
1.503071334139709399e-02
1.499008824932710968e-02
1.494913377490979939e-02
1.490737339434998129e-02
1.486419555617552596e-02
1.482095220065629895e-02
1.477810914809735143e-02
1.473551679029942024e-02
1.469375673706941297e-02
1.465084508816468477e-02
1.460717200931125996e-02
1.456508705111542352e-02
1.452272594871278043e-02
1.448029345573447792e-02
1.443679900220454053e-02
1.439226172270907829e-02
1.434853074076211134e-02
1.430557161038305269e-02
1.426250033633582118e-02
1.421913588442686414e-02
1.417537780097753372e-02
1.413224216825496350e-02
1.408845990848336949e-02
1.404480801667273848e-02
1.400138153884865171e-02
1.395772251684208182e-02
1.391431245753499066e-02
1.387022878606047026e-02
1.382495814157260784e-02
1.378035065244263835e-02
1.373557731701532079e-02
1.369107151247038814e-02
1.364661117479542586e-02
1.360235611233980534e-02
1.355898702670958571e-02
1.351565894635807161e-02
1.347265264146915893e-02
1.342964022296603069e-02
1.338706259865553826e-02
1.334421259170067743e-02
1.330229739679579352e-02
1.326587714557774141e-02
1.323021535407405309e-02
1.319494377908263412e-02
1.315935632460627468e-02
1.312395417568565890e-02
1.308925663195869768e-02
1.305396622907252675e-02
1.301876302158219353e-02
1.298463889687799001e-02
1.295119256965599625e-02
1.291625887152155448e-02
1.288057980788932452e-02
1.284500461269025458e-02
1.280793813012233787e-02
1.277136888221591139e-02
1.273486582364233462e-02
1.269847593914959043e-02
1.266238467020914388e-02
1.262642974540105663e-02
1.259081536714142316e-02
1.255599905664969880e-02
1.252200109272321588e-02
1.248861996795521193e-02
1.245606679136393620e-02
1.242444157101033758e-02
1.239206511546445816e-02
1.236138763285723682e-02
1.233076765160349454e-02
1.230067116257922005e-02
1.227025730700309625e-02
1.224016106801094177e-02
1.221004461425096756e-02
1.217991874518481801e-02
1.215069797413226814e-02
1.212328294784070434e-02
1.209548266906694362e-02
1.206807321817322809e-02
1.204166056724677823e-02
1.201587735782281424e-02
1.198931781833840853e-02
1.196315673994902476e-02
1.193709600789439468e-02
1.191150862682087593e-02
1.188492252257519234e-02
1.185864598935648141e-02
1.183299992128107082e-02
1.180680045598929764e-02
1.178100205873661328e-02
1.175535994158596713e-02
1.173023132357843730e-02
1.170492476156452868e-02
1.167963507966801942e-02
1.165437955417352768e-02
1.162925795435506421e-02
1.160464836783772768e-02
1.158151531246307507e-02
1.155854092422690417e-02
1.153481165878222220e-02
1.151119499424217013e-02
1.148863719571960491e-02
1.146379707414691557e-02
1.143926814745698656e-02
1.141464278717413405e-02
1.139008164158453185e-02
1.136568623314306199e-02
1.134108506524377641e-02
1.131742946953691667e-02
1.129366362989299433e-02
1.126997033371710151e-02
1.124571827555946070e-02
1.122119468818904252e-02
1.119691968728559438e-02
1.117274532429834120e-02
1.114803002834263181e-02
1.112373668547610855e-02
1.110088187382159142e-02
1.107879023342572822e-02
1.105812601933509574e-02
1.103690100441091955e-02
1.101566138395771582e-02
1.099519681250996084e-02
1.097452834949659388e-02
1.095301850105283650e-02
1.093157917937391012e-02
1.091054351928341833e-02
1.088929783591927741e-02
1.086893845940454205e-02
1.084868678879675682e-02
1.082862800198028386e-02
1.080860464529427058e-02
1.078950503064643462e-02
1.077103258259265797e-02
1.075306064066628396e-02
1.073530224782778125e-02
1.071771583240462011e-02
1.070096398479299972e-02
1.068441377668202970e-02
1.066773593453172221e-02
1.064888091417731664e-02
1.063040756381914038e-02
1.061379091519220122e-02
1.059709318096209614e-02
1.058072001403640924e-02
1.056373262044187251e-02
1.054702047376313880e-02
1.053004509113494684e-02
1.051321209859563781e-02
1.049646452877823349e-02
1.048079642081654189e-02
1.046754589439756813e-02
1.045464990397761487e-02
1.044204933098862725e-02
1.042979875884473238e-02
1.041837606449664069e-02
1.040671842723790014e-02
1.039604865701732224e-02
1.038448985743595405e-02
1.037315059212584774e-02
1.036070338915668493e-02
1.034855228509104497e-02
1.033758766850543381e-02
1.032604755901042788e-02
1.031401603868252297e-02
1.030256078856650603e-02
1.029246316073234233e-02
1.028408918589083891e-02
1.027571145699706853e-02
1.026714054025293539e-02
1.025837137835580379e-02
1.024800040333903421e-02
1.023667417989791023e-02
1.022492736446170558e-02
1.021380381737832174e-02
1.020293411743829204e-02
1.019213760339278754e-02
1.017945181137743654e-02
1.016529905680963256e-02
1.015146103965746532e-02
1.013670647106432697e-02
1.012123702285218189e-02
1.010501016603338083e-02
1.008942238474845945e-02
1.007398504596655579e-02
1.006094707482274413e-02
1.004733058296780265e-02
1.003421153032682707e-02
1.002058488782377188e-02
1.000750301672907565e-02
9.993673734588188681e-03
9.978075702737048552e-03
9.962863883441724910e-03
9.947785011238892416e-03
9.934796730329114103e-03
9.922204282211912266e-03
9.911349075521181176e-03
9.901804854765595271e-03
9.896479608149117563e-03
9.891706005965122603e-03
9.886722870802220828e-03
9.881314948844912779e-03
9.875359075453518654e-03
9.869166236273959128e-03
9.862887691948775057e-03
9.856687822754027495e-03
9.850612053658315548e-03
9.845505873585905926e-03
9.840241104579657005e-03
9.834182219049096910e-03
9.828665979866087893e-03
9.823325187829443778e-03
9.818743733885927291e-03
9.813744125840942814e-03
9.809203013899025006e-03
9.804626423309491939e-03
9.800104899786233822e-03
9.795276347024659339e-03
9.789532494041604596e-03
9.782839236111265727e-03
9.776552443403575127e-03
9.771606839933119973e-03
9.766920279533382668e-03
9.761858642784795870e-03
9.756805220669913237e-03
9.752460004798988585e-03
9.748605772087998167e-03
9.744662875774273703e-03
9.741804102987085615e-03
9.738557874011467483e-03
9.735496526241676704e-03
9.732755149686784721e-03
9.729807125333563012e-03
9.727436674211149478e-03
9.724607334498957742e-03
9.721875538368734623e-03
9.719141993099237112e-03
9.716364291764383390e-03
9.713412479318839221e-03
9.711939938096478264e-03
9.710589218062112143e-03
9.709014368070468387e-03
9.706807894231044703e-03
9.704699057795432293e-03
9.702544138251631076e-03
9.701200598592587057e-03
9.699980949491333188e-03
9.698380669409627924e-03
9.697139988911590222e-03
9.699556351935251577e-03
9.704492032866504983e-03
9.710990279081808951e-03
9.721707245139901005e-03
9.732440874162560235e-03
9.743557747231229929e-03
9.754720328456136999e-03
9.766510767463961254e-03
9.777707011367093096e-03
9.791182204502316827e-03
9.806003994122354517e-03
9.821248304107330768e-03
9.837363001702606816e-03
9.853518645492748140e-03
9.872254877215630442e-03
9.895075330405088410e-03
9.917424918991946114e-03
9.939232145386639461e-03
9.961177662463693155e-03
9.983701679489753733e-03
1.000709472262766020e-02
1.003004820103217155e-02
1.005320911976295174e-02
1.007651606178004179e-02
1.010010885302950467e-02
1.012377104663953441e-02
1.014752306444815719e-02
1.017122812477176501e-02
1.019533906267188796e-02
1.022081967713529480e-02
1.024694125494742675e-02
1.027104978620644975e-02
1.029193731024754220e-02
1.031288814240000941e-02
1.033329804623589650e-02
1.035363201140751185e-02
1.037170299391769641e-02
1.038949557758583192e-02
1.040635573969994274e-02
1.042323822277873083e-02
1.043936608952817507e-02
1.045621973390691191e-02
1.047303655791651487e-02
1.048963060225987023e-02
1.050322237223223418e-02
1.051606000403671956e-02
1.053157358939860525e-02
1.054689779740916773e-02
1.056273031004722682e-02
1.057835928025975709e-02
1.059307425006309790e-02
1.060898957411899463e-02
1.062705207670128042e-02
1.064483153419329073e-02
1.066076992247877615e-02
1.067728069687587031e-02
1.069464397364769566e-02
1.071192591305139032e-02
1.072903554653005694e-02
1.074802783664705400e-02
1.076817776782137102e-02
1.078747528679909091e-02
1.080861698578687580e-02
1.082851381676168748e-02
1.084837341377452302e-02
1.086789062074828595e-02
1.088725635159088455e-02
1.090669130891590635e-02
1.092444332164898939e-02
1.094120133597824979e-02
1.095674709937763218e-02
1.097212038514681909e-02
1.098644600056686640e-02
1.100061458177321351e-02
1.101452615959825493e-02
1.102715636066904127e-02
1.103931230552251605e-02
1.105198150377985876e-02
1.106507564030975721e-02
1.107870434206118491e-02
1.109271944419856076e-02
1.110677369974119068e-02
1.112093145868776022e-02
1.113494895099591091e-02
1.114948151557731276e-02
1.116391316298886820e-02
1.117892523560862390e-02
1.119473372173664279e-02
1.121063702477125522e-02
1.122630178185292545e-02
1.124153806476976478e-02
1.125307700862718599e-02
1.126521428902180211e-02
1.127712601569054798e-02
1.128939186678790639e-02
1.130160450689563986e-02
1.131124762109473290e-02
1.132091796963295878e-02
1.133102762886424239e-02
1.134090083353504232e-02
1.135103961871710906e-02
1.136078316002413907e-02
1.137151729717728911e-02
1.138315347747156925e-02
1.139519268242425269e-02
1.140655255929517303e-02
1.141713043272701497e-02
1.142882946069608691e-02
1.144103340393050859e-02
1.145553008339743675e-02
1.147084738555692075e-02
1.148589162516582517e-02
1.150094459072385084e-02
1.151615189332634570e-02
1.153104068660480014e-02
1.154531274055792950e-02
1.155938513662732245e-02
1.157265745256373483e-02
1.158438870830165099e-02
1.159871759394928009e-02
1.161112377836936820e-02
1.162269353608771406e-02
1.163497782212471153e-02
1.164730097088896056e-02
1.165966838248534872e-02
1.167192478741083811e-02
1.168404002682889471e-02
1.169650256655330872e-02
1.170767453927165462e-02
1.171828038144684912e-02
1.172760405178014873e-02
1.173721962006456232e-02
1.174539190912575470e-02
1.175321988860607465e-02
1.176170898718830946e-02
1.176997714357139700e-02
1.177763852126047228e-02
1.178462596368991255e-02
1.179277459334655831e-02
1.180208154560632820e-02
1.181134608012827589e-02
1.182035843030888878e-02
1.182933561874196897e-02
1.183862431404129022e-02
