1.480205196477923056e-02
1.478973562568784185e-02
1.477743669779552245e-02
1.476520579026755105e-02
1.475300390424274556e-02
1.474106143251190451e-02
1.472930331141442985e-02
1.471769087823187813e-02
1.470619554004309014e-02
1.469467757270254311e-02
1.468313326304920147e-02
1.467146011717925143e-02
1.465981128349682847e-02
1.464829933753435988e-02
1.463638256756535222e-02
1.462452387974561008e-02
1.461266163345684155e-02
1.460082403085426542e-02
1.458888852955189663e-02
1.457717448472966443e-02
1.456557668094381544e-02
1.455418520035900269e-02
1.454309289533204860e-02
1.453206765056172349e-02
1.452133142453081865e-02
1.451067876026931013e-02
1.449992395958737100e-02
1.448915564884195768e-02
1.447852679122697654e-02
1.446789296842980466e-02
1.445734724156960693e-02
1.444677565593353169e-02
1.443669013381354040e-02
1.442696096623819445e-02
1.441696750001575378e-02
1.440685613614817173e-02
1.439659829907428794e-02
1.438624024280993341e-02
1.437597896580156999e-02
1.436586177936664994e-02
1.435588097367323721e-02
1.434617016347244575e-02
1.433654309682350775e-02
1.432704832324337152e-02
1.431764889456274732e-02
1.430806116844640305e-02
1.429856823745926514e-02
1.428933021612158009e-02
1.428019682341529449e-02
1.427113920380772456e-02
1.426227727589169519e-02
1.425357908686661172e-02
1.424454646113078662e-02
1.423544917336201816e-02
1.422649910483741661e-02
1.421784008362947382e-02
1.420925652381419511e-02
1.420053263745021076e-02
1.419197449776663997e-02
1.418379291425386421e-02
1.417558975258827701e-02
1.416752141910488857e-02
1.415946724099058709e-02
1.415147013703960989e-02
1.414330949897938533e-02
1.413509205766035406e-02
1.412691922469514784e-02
1.411872682755870023e-02
1.411044850946153485e-02
1.410248251220447800e-02
1.409467471655006902e-02
1.408676296255943587e-02
1.407907108661548591e-02
1.407143113234154801e-02
1.406377904795856441e-02
1.405608808203264067e-02
1.404833623269418491e-02
1.404024962343931524e-02
1.403186649072650678e-02
1.402352954822875045e-02
1.401530056106984126e-02
1.400704928300281274e-02
1.399854681850952985e-02
1.399006238873799768e-02
1.398176247302712442e-02
1.397330823108562659e-02
1.396483648340490942e-02
1.395620451925538852e-02
1.394756157739146171e-02
1.393884931935501434e-02
1.393012102797303552e-02
1.392144447780548945e-02
1.391274727255080272e-02
1.390403431967191829e-02
1.389531111200667524e-02
1.388670056766904207e-02
1.387807113984922645e-02
1.386950862168524409e-02
1.386096285780452630e-02
1.385243959602687654e-02
1.384393290453856708e-02
1.383534945795031855e-02
1.382661949536391315e-02
1.381767713722411271e-02
1.380865923542513862e-02
1.379953054893844067e-02
1.379031965166657887e-02
1.378077090749370813e-02
1.377158591134728695e-02
1.376255683943641145e-02
1.375378807160262083e-02
1.374510927945141875e-02
1.373650548649660297e-02
1.372793119205804706e-02
1.371940971051007103e-02
1.371084100975217962e-02
1.370206299511797510e-02
1.369265292751944800e-02
1.368325242915299431e-02
1.367387873308414416e-02
1.366461789052892881e-02
1.365533474534482566e-02
1.364619381994498434e-02
1.363701261889439277e-02
1.362767412205739131e-02
1.361831163059930121e-02
1.360882849662517491e-02
1.359945758921423525e-02
1.359014319690815716e-02
1.358088451362778927e-02
1.357175200440194525e-02
1.356249962600952590e-02
1.355342152126593445e-02
1.354451758910719776e-02
1.353548934494783543e-02
1.352650293397432597e-02
1.351748087108199312e-02
1.350848961235510959e-02
1.349963852847040242e-02
1.349071884713944243e-02
1.348183481042946989e-02
1.347279661312763416e-02
1.346385286817786305e-02
1.345490669349102067e-02
1.344597853472847063e-02
1.343680495394546613e-02
1.342745534073517578e-02
1.341814476674531298e-02
1.340887125426234137e-02
1.339979744175200799e-02
1.339077600205063404e-02
1.338165980547840507e-02
1.337251884602199542e-02
1.336337711874478751e-02
1.335384435594801078e-02
1.334422003029990360e-02
1.333439381687640674e-02
1.332454819098819604e-02
1.331476720711916549e-02
1.330462898268186707e-02
1.329428010665281538e-02
1.328410532315357079e-02
1.327371294273423617e-02
1.326334626706221140e-02
1.325289535158548880e-02
1.324221132244146962e-02
1.323147070853142662e-02
1.322090674316294019e-02
1.321057051892762790e-02
1.320021870496674785e-02
1.318994633989185351e-02
1.317998195455042341e-02
1.317036041070468282e-02
1.316071407301424613e-02
1.315089014956320572e-02
1.314088535720997833e-02
1.313068793383336853e-02
1.312055188525690710e-02
1.311023229455884724e-02
1.309989965754161309e-02
1.308955751254989829e-02
1.307917725715323706e-02
1.306895224132242558e-02
1.305878341772252239e-02
1.304866445669716594e-02
1.303860846604426929e-02
1.302858372759971989e-02
1.301854406530184548e-02
1.300846736228485415e-02
1.299829312479642424e-02
1.298820227547735524e-02
1.297790961865909025e-02
1.296755304274969413e-02
1.295716473584968692e-02
1.294676772484288328e-02
1.293644399693529186e-02
1.292631402126405600e-02
1.291635431250857599e-02
1.290642022358013188e-02
1.289655881689574096e-02
1.288685212632333099e-02
1.287720290908375524e-02
1.286768714714863794e-02
1.285838176567961032e-02
1.284922296611041084e-02
1.284021689565149893e-02
1.283105054061064836e-02
1.282185486087472279e-02
1.281260644963014284e-02
1.280335188476185160e-02
1.279413903896779899e-02
1.278500674646556624e-02
1.277586811922060139e-02
1.276687817100813360e-02
1.275774635043262425e-02
1.274867041204057021e-02
1.273975681378757517e-02
1.273053620508641376e-02
1.272124550199804811e-02
1.271211028151558384e-02
1.270305763007567937e-02
1.269371214014268848e-02
1.268424534336944597e-02
1.267468567146128565e-02
1.266515358537293086e-02
1.265576095141984943e-02
1.264638300756819496e-02
1.263687952988126230e-02
1.262720331661971139e-02
1.261758051489243401e-02
1.260792177640958356e-02
1.259820490579834952e-02
1.258863570380105296e-02
1.257907420699161741e-02
1.256941148411149824e-02
1.255945030451035942e-02
1.254924618172036793e-02
1.253895316730814329e-02
1.252848802702231923e-02
1.251798052302008357e-02
1.250758938942495881e-02
1.249714345284151304e-02
1.248656521224251158e-02
1.247609749803207067e-02
1.246563644696697774e-02
1.245530231256649842e-02
1.244496290050376569e-02
1.243466501202172662e-02
1.242445074877814200e-02
1.241421556175436626e-02
1.240398319855080117e-02
1.239383217658418870e-02
1.238362934772262343e-02
1.237350315233039753e-02
1.236358102300701318e-02
1.235378082725318433e-02
1.234421007435517956e-02
1.233470228718555953e-02
1.232517673818902225e-02
1.231562701831760177e-02
1.230567665919567871e-02
1.229556317995083616e-02
1.228534388385421963e-02
1.227522883115172297e-02
1.226479328292714478e-02
1.225443310255024121e-02
1.224410799225560641e-02
1.223368116538725570e-02
1.222345062443120668e-02
1.221326462017750455e-02
1.220308612606041225e-02
1.219316633027535228e-02
1.218320060213211146e-02
1.217315470416515527e-02
1.216317587021432250e-02
1.215296864827667377e-02
1.214272608955402517e-02
1.213238378998087591e-02
1.212206133587737274e-02
1.211195693447698549e-02
1.210202537657073009e-02
1.209216900782573989e-02
1.208228304215428102e-02
1.207228718323681560e-02
1.206197208822683276e-02
1.205167817772881400e-02
1.204140499750775903e-02
1.203116472853641913e-02
1.202119549964339972e-02
1.201102025792851781e-02
1.200084744550841340e-02
1.199063624602903812e-02
1.198052248880299153e-02
1.197043650714048509e-02
1.196030510087226113e-02
1.195049090565765762e-02
1.194103318739230847e-02
1.193172258664371328e-02
1.192252932846243549e-02
1.191346188983777137e-02
1.190437224588869990e-02
1.189527491952986106e-02
1.188619435430982724e-02
1.187719664407483819e-02
1.186827595895971824e-02
1.185937712732485633e-02
1.185052127397264940e-02
1.184156702456207362e-02
1.183232570040076634e-02
1.182324938959793299e-02
1.181420348556021065e-02
1.180512716967100847e-02
1.179596197034199143e-02
1.178692250653390339e-02
1.177788476501509356e-02
1.176884021041357808e-02
1.175986386315581306e-02
1.175092159789756230e-02
1.174198074665031011e-02
1.173303629756994489e-02
1.172405443845573637e-02
1.171522250696740639e-02
1.170654686571215297e-02
1.169788610452320889e-02
1.168954669181856282e-02
1.168132239208178637e-02
1.167311987616410397e-02
1.166475656503711614e-02
1.165646147828216031e-02
1.164821044590894084e-02
1.163997571402627766e-02
1.163174491545603331e-02
1.162360720763858622e-02
1.161539245811527878e-02
1.160741940606234597e-02
1.159947734681286355e-02
1.159166512269892667e-02
1.158375692032177773e-02
1.157586404760185990e-02
1.156794620168740025e-02
1.155993143896379659e-02
1.155171358012009077e-02
1.154334278738439711e-02
1.153489326493127749e-02
1.152635835514404829e-02
1.151766012929806605e-02
1.150858238214843426e-02
1.149923655408237842e-02
1.148973103477055752e-02
1.148062743890721805e-02
1.147186926863692606e-02
1.146315685093267540e-02
1.145434767697167330e-02
1.144556528253018110e-02
1.143687947229342881e-02
1.142803204086502954e-02
1.141940800393449751e-02
1.141085768620416115e-02
1.140234477673849472e-02
1.139391580963542566e-02
1.138552184627066033e-02
1.137695886966989464e-02
1.136842952503542767e-02
1.135996546109135745e-02
1.135150864279262962e-02
1.134321427410050001e-02
1.133506814833988401e-02
1.132699411546778286e-02
1.131894062091744722e-02
1.131099683982097863e-02
1.130310805919669884e-02
1.129537052533742710e-02
1.128762007828920319e-02
1.127985291786982522e-02
1.127203338773753900e-02
1.126429129803833105e-02
1.125642939534377170e-02
1.124881392906885991e-02
1.124108916222067885e-02
1.123343312528552775e-02
1.122561545764943006e-02
1.121766181717662354e-02
1.120969793761886560e-02
1.120150010801758238e-02
1.119327955627241918e-02
1.118528958186484901e-02
1.117728000171048716e-02
1.116930849436615844e-02
1.116133886986350049e-02
1.115332862405804190e-02
1.114531570304285076e-02
1.113771898336041351e-02
1.113068565594813215e-02
1.112387397464915072e-02
1.111740121612911185e-02
1.111087061186546120e-02
1.110451257090327125e-02
1.109822613896096002e-02
1.109191159929300008e-02
1.108574185134360117e-02
1.107975969139180991e-02
1.107343968807735467e-02
1.106664233530520181e-02
1.105989338952105029e-02
1.105318646202240948e-02
1.104652244004921194e-02
1.104009667826566683e-02
1.103373618124996874e-02
1.102762478812352280e-02
1.102146864510946365e-02
1.101517452522872247e-02
1.100886120982802821e-02
1.100250787950835495e-02
1.099650986047450915e-02
1.099102254731606360e-02
1.098548876529792211e-02
1.098028855364893870e-02
1.097522229200923252e-02
1.097018762778762500e-02
1.096534871540941897e-02
1.096088832895427030e-02
1.095656715336351499e-02
1.095267593906457983e-02
1.094873784015044926e-02
1.094488985181829750e-02
1.094100913932640785e-02
1.093720650240046985e-02
1.093333079467600014e-02
1.092958482721521039e-02
1.092581573468153801e-02
1.092186562728896145e-02
1.091806753293416733e-02
1.091428120136400844e-02
1.091053069774532321e-02
1.090603994322570866e-02
1.090133362191126991e-02
1.089671576562738393e-02
1.089195736960952600e-02
1.088708850492235529e-02
1.088195807849770720e-02
1.087679878891082211e-02
1.087164544440645877e-02
1.086654161240166450e-02
1.086174391422013892e-02
1.085711123050281911e-02
1.085245394710746859e-02
1.084770028008729195e-02
1.084271914217501548e-02
1.083769316370504152e-02
1.083272575855080688e-02
1.082762018501698571e-02
1.082267168545958738e-02
1.081763146360420307e-02
1.081254859297451146e-02
1.080706589337524989e-02
1.080106026048706543e-02
1.079510492251492017e-02
1.078929877884671901e-02
1.078350257173499652e-02
1.077765018919950475e-02
1.077155332783356380e-02
1.076554317581576714e-02
1.075905079761670449e-02
1.075239438131542387e-02
1.074577170180390090e-02
1.073890121078352466e-02
1.073207812186125452e-02
1.072522236384473512e-02
1.071840645201238042e-02
1.071148686690169376e-02
1.070452073752034029e-02
1.069802575930136820e-02
1.069071711063483872e-02
1.068357559744901111e-02
1.067639511227130682e-02
1.066932895388550927e-02
1.066248980441668152e-02
1.065669915869823028e-02
1.065079057707628632e-02
1.064479103478504878e-02
1.063873283315206787e-02
1.063289209442437079e-02
1.062719776023697202e-02
1.062147954885729953e-02
1.061588237385565486e-02
1.061031313762370032e-02
1.060448063439327349e-02
1.059871286849618788e-02
1.059281278044952972e-02
1.058698042616130174e-02
1.058109740034446876e-02
1.057518110966460152e-02
1.056959375600208945e-02
1.056382337349910314e-02
1.055835431034856525e-02
1.055298105938018774e-02
1.054789164867319870e-02
1.054261309000088451e-02
1.053732525898573059e-02
1.053171974874972383e-02
