1.598146752261187659e-02
1.598733950744346544e-02
1.599125488192161201e-02
1.599417452891628219e-02
1.599599804568541811e-02
1.599717412625578997e-02
1.599712889790204026e-02
1.599622436033168449e-02
1.599473427081666080e-02
1.599221408925426829e-02
1.598914722439969543e-02
1.598508020455531933e-02
1.598043287816616753e-02
1.597550539070902512e-02
1.596984974919949188e-02
1.596361144985517302e-02
1.595712092453196659e-02
1.595021900036365514e-02
1.594318462905367981e-02
1.593572039614925620e-02
1.592754557824408237e-02
1.591907370253518514e-02
1.591043827508771547e-02
1.590168750447984447e-02
1.589258748145045211e-02
1.588317614087993504e-02
1.587332593611445394e-02
1.586319763806740696e-02
1.585295267051451198e-02
1.584234159387874763e-02
1.583133638967998066e-02
1.582035826448286928e-02
1.580944115649355469e-02
1.579812909779519658e-02
1.578659501597633186e-02
1.577526144135325825e-02
1.576351481277404529e-02
1.575186154091313268e-02
1.573989301475388347e-02
1.572764797650048202e-02
1.571550001423150864e-02
1.570331979791811383e-02
1.569102161700886011e-02
1.567886446162392727e-02
1.566674317826120821e-02
1.565451908334865999e-02
1.564196923840974890e-02
1.562942256907409733e-02
1.561688863613043196e-02
1.560452981087376116e-02
1.559271423165528581e-02
1.558063088083852868e-02
1.556938549307861942e-02
1.555805192818233637e-02
1.554624518737611309e-02
1.553423144810175786e-02
1.552224702330539004e-02
1.551019646915838962e-02
1.549848370991962695e-02
1.548703256029115675e-02
1.547542840393456055e-02
1.546348055914121937e-02
1.545132409007877669e-02
1.543939231887512913e-02
1.542758845279004927e-02
1.541542518249480569e-02
1.540319856198812606e-02
1.539099376360559407e-02
1.537918365149303947e-02
1.536756960324770285e-02
1.535610968031164529e-02
1.534458346941339028e-02
1.533290135826073305e-02
1.532097288171629067e-02
1.530887220825997465e-02
1.529668648891637471e-02
1.528440587809628409e-02
1.527198051496369072e-02
1.525983887433179226e-02
1.524778715647132077e-02
1.523581577335853497e-02
1.522413817050942419e-02
1.521225875876028484e-02
1.520036787510220880e-02
1.518831565482047299e-02
1.517638703302259286e-02
1.516444222039474606e-02
1.515232504459171348e-02
1.514045879669467277e-02
1.512865171207875004e-02
1.511698800427716156e-02
1.510525742542457965e-02
1.509352689922636645e-02
1.508178421842806295e-02
1.506995603523167415e-02
1.505780044093211860e-02
1.504513783147038049e-02
1.503235709387297329e-02
1.501940717544755430e-02
1.500642072733905132e-02
1.499351472239955109e-02
1.498078900965721730e-02
1.496787722207464262e-02
1.495460640897836556e-02
1.494153949150336773e-02
1.492861909609837119e-02
1.491538221161113446e-02
1.490204210925352019e-02
1.488876482278220052e-02
1.487538778636630921e-02
1.486168902370363538e-02
1.484772657028611206e-02
1.483376630371095739e-02
1.481954341658752589e-02
1.480509739139376953e-02
1.479045210105079874e-02
1.477591981191594094e-02
1.476153511998589893e-02
1.474760968777871425e-02
1.473386654811602997e-02
1.471980075388147104e-02
1.470575156782112994e-02
1.469157269637978540e-02
1.467731140061631287e-02
1.466281498259582906e-02
1.464810774918409025e-02
1.463334053129054964e-02
1.461873155508493748e-02
1.460399671055113632e-02
1.458925617337951744e-02
1.457432633881640752e-02
1.455925708481697368e-02
1.454427714300576824e-02
1.452921128171161085e-02
1.451395327061159521e-02
1.449872638187609496e-02
1.448340400145615298e-02
1.446788969274184419e-02
1.445229647717300933e-02
1.443638130295189087e-02
1.442043579047543565e-02
1.440432788465656998e-02
1.438807779491722144e-02
1.437156841689906511e-02
1.435494265067390786e-02
1.433824066685785575e-02
1.432157753885492796e-02
1.430498636758895104e-02
1.428806871406365815e-02
1.427095249753388903e-02
1.425402040348254171e-02
1.423705842716789689e-02
1.422000202781909493e-02
1.420252240405007332e-02
1.418473746040996124e-02
1.416670780648909833e-02
1.414855433801989401e-02
1.413024854953412630e-02
1.411203423050950284e-02
1.409391314914723928e-02
1.407549094936954778e-02
1.405682309672005338e-02
1.403868418861098886e-02
1.402046562818600947e-02
1.400207013273392122e-02
1.398378071612615438e-02
1.396545037877203188e-02
1.394700831351179844e-02
1.392899643757408538e-02
1.391050233838267078e-02
1.389177766622001244e-02
1.387286859365204419e-02
1.385336131490639937e-02
1.383363664753271653e-02
1.381383505757020902e-02
1.379400864638915397e-02
1.377392001540367859e-02
1.375341083849729654e-02
1.373299719283098061e-02
1.371248935796260358e-02
1.369208259004652158e-02
1.367142622381216019e-02
1.365050721161017132e-02
1.363011577506466170e-02
1.360968798625276401e-02
1.358864048221207488e-02
1.356732413714467622e-02
1.354567812461759599e-02
1.352370305313898256e-02
1.350154625456674931e-02
1.347899117081126016e-02
1.345633308122947368e-02
1.343334788233447111e-02
1.341009208212267170e-02
1.338657171937602218e-02
1.336271435011010186e-02
1.333876243823532183e-02
1.331471918594150962e-02
1.329091284336497009e-02
1.326722915292020792e-02
1.324310480829125371e-02
1.321903398851625826e-02
1.319490344506719579e-02
1.317121774539129798e-02
1.314742332085925419e-02
1.312349103654966535e-02
1.309925466481845838e-02
1.307520167023397753e-02
1.305125256200991013e-02
1.302739379941336532e-02
1.300367657591579816e-02
1.298002057901145173e-02
1.295674965396131396e-02
1.293367528702914909e-02
1.291087887694407355e-02
1.288840758269848424e-02
1.286618283236374768e-02
1.284427814006600978e-02
1.282208016707266605e-02
1.280019230134806472e-02
1.277877218398310900e-02
1.275734040704696107e-02
1.273572822514769561e-02
1.271405236472531765e-02
1.269255899592246217e-02
1.267070925513978305e-02
1.264935104145008607e-02
1.262854734912904030e-02
1.260765902800558072e-02
1.258711036152069043e-02
1.256698801883365281e-02
1.254705177001894795e-02
1.252731260972422128e-02
1.250773518238753115e-02
1.248833955921308143e-02
1.246890472497061940e-02
1.244986551167806023e-02
1.243112240601127599e-02
1.241298912783463972e-02
1.239525678853725318e-02
1.237770125353888050e-02
1.236017236379205984e-02
1.234280737001500032e-02
1.232567481234389355e-02
1.230840273469385217e-02
1.229139071403103842e-02
1.227464958869354042e-02
1.225840826905193540e-02
1.224261276109663357e-02
1.222710247061763525e-02
1.221186088576839239e-02
1.219689624361841411e-02
1.218233019087334133e-02
1.216802555005771190e-02
1.215376137869768509e-02
1.213988607500784793e-02
1.212599235483577224e-02
1.211234316963521844e-02
1.209931883103291909e-02
1.208702074966117382e-02
1.207526972573889912e-02
1.206398434020798660e-02
1.205286718326829647e-02
1.204153953577980114e-02
1.203034851291208580e-02
1.201944734188345291e-02
1.200905618425220089e-02
1.199895954159790543e-02
1.198927067673076843e-02
1.198010166005347883e-02
1.197087008614152251e-02
1.196146214124295046e-02
1.195192953170678279e-02
1.194282060146429139e-02
1.193363327398636563e-02
1.192473878314353683e-02
1.191594807033707383e-02
1.190761121739210629e-02
1.190009092677691768e-02
1.189278989598150163e-02
1.188553888025660824e-02
1.187837487644696072e-02
1.187158246401611057e-02
1.186513950877197965e-02
1.185942565576419798e-02
1.185365805569387962e-02
1.184815402495561359e-02
1.184230683203250575e-02
1.183635194383425224e-02
1.183079310965513310e-02
1.182490956877785097e-02
1.181875997342162789e-02
1.181220168492221403e-02
1.180586079849002198e-02
1.179968249797452504e-02
1.179390079118546389e-02
1.178785455472190075e-02
1.178207935661613852e-02
1.177646900212912448e-02
1.177091113933236531e-02
1.176582858700640603e-02
1.176097413309079576e-02
1.175608675498717760e-02
1.175120510589958318e-02
1.174630898754326289e-02
1.174070188828952102e-02
1.173422123420182935e-02
1.172725677027465496e-02
1.171962098243477593e-02
1.171127637597969319e-02
1.170266708842015654e-02
1.169404850254129533e-02
1.168554178787662053e-02
1.167652652924923776e-02
1.166745170493521840e-02
1.165815612918966702e-02
1.164892495037192152e-02
1.163987362532427176e-02
1.163065792555412550e-02
1.162137458647847892e-02
1.161223706239985706e-02
1.160295759036463446e-02
1.159309930454739852e-02
1.158289217057035560e-02
1.157306927008715410e-02
1.156260456870356577e-02
1.155120418890419852e-02
1.153932028663533227e-02
1.152715337633111216e-02
1.151483638182709650e-02
1.150249829882605580e-02
1.149058627502168480e-02
1.147818224347487565e-02
1.146491803197708520e-02
1.145109609484576234e-02
1.143711769724541603e-02
1.142332177447776681e-02
1.140866478018511335e-02
1.139329986224755197e-02
1.137800861650462535e-02
1.136242167624901614e-02
1.134604036429542537e-02
1.132927335006988015e-02
1.131257205236557012e-02
1.129568799074828246e-02
1.127867219679511493e-02
1.126117500481743985e-02
1.124354704463167466e-02
1.122526661783774041e-02
1.120674249171319838e-02
1.118743391064758001e-02
1.116773587565771282e-02
1.114755211149710996e-02
1.112717669459812111e-02
1.110659580476494948e-02
1.108612224473079673e-02
1.106536325418736727e-02
1.104433323091957159e-02
1.102304449305920031e-02
1.100239883501438753e-02
1.098152556705901846e-02
1.096008829074426351e-02
1.093855389402605995e-02
1.091668064470413362e-02
1.089528380205443542e-02
1.087408525831057987e-02
1.085241561846390403e-02
1.083063007314689213e-02
1.080854123668809064e-02
1.078638575532217016e-02
1.076382929004600364e-02
1.074095441426305662e-02
1.071759547322113058e-02
1.069415148141839370e-02
1.067011310076841461e-02
1.064570722550056171e-02
1.062113265956817626e-02
1.059680637066047829e-02
1.057246173692052635e-02
1.054785342171684140e-02
1.052251610547597777e-02
1.049665047116497829e-02
1.047078142403247945e-02
1.044468566420904063e-02
1.041861649113860061e-02
1.039266840845395022e-02
1.036638838548949518e-02
1.033994562142142269e-02
1.031316104866183796e-02
1.028583019653033642e-02
1.025826542016554377e-02
1.023113406565056074e-02
1.020437867242086211e-02
1.017775616590988960e-02
1.015090806935209193e-02
1.012423707956616563e-02
1.009749327262336738e-02
1.007080175921782131e-02
1.004421065690011376e-02
1.001815233475483909e-02
9.991983541871647667e-03
9.965454213429205191e-03
9.938534448018640152e-03
9.911777390427825574e-03
9.885980999991023088e-03
9.861289313852735980e-03
9.836684836741120888e-03
9.812602612028181737e-03
9.789224049460793983e-03
9.766057466047275287e-03
9.742589304294536900e-03
9.719255140950854716e-03
9.696123957648497896e-03
9.673090686510002131e-03
9.650747425679374880e-03
9.629003108749945375e-03
9.608010693361453483e-03
9.587262792884999885e-03
9.567160812772293813e-03
9.547279437558505583e-03
9.526832188172715959e-03
9.506112454106730239e-03
9.485059694951007009e-03
9.464345998640082830e-03
9.444341778921356428e-03
9.425050155723856474e-03
9.406495537612273236e-03
9.388143208943029380e-03
9.369875773316172982e-03
9.351846838272412019e-03
9.334164976229552754e-03
9.316789946861282756e-03
9.299627996623267834e-03
9.282279856283022837e-03
9.265315554334810355e-03
9.248818360210605063e-03
9.232523039273686158e-03
9.216511888428747384e-03
9.201809343119303833e-03
9.188188206816138778e-03
9.174898002906575062e-03
9.160781410365448005e-03
9.147666985038020379e-03
9.135130034304246929e-03
9.122846237151784748e-03
9.111145706392157623e-03
9.100241607878836042e-03
9.089917956208889288e-03
9.079236084270941864e-03
9.069211743720091354e-03
9.059884085574577625e-03
9.050729912743532210e-03
9.042487149833695892e-03
9.034748672686471194e-03
9.026928560722640230e-03
9.018788333971293134e-03
9.010743229517531594e-03
9.002973711924383213e-03
8.993518731189805576e-03
8.984134771715113210e-03
8.975033533440765834e-03
8.966045545906783931e-03
8.957767207375693166e-03
8.950351820415257051e-03
8.943267507739785516e-03
8.936711510533927594e-03
8.930317665617509143e-03
8.922913660767198968e-03
8.914645027750129139e-03
8.906639321609064949e-03
8.898649418153981722e-03
8.890542886268741965e-03
8.882991262235368640e-03
8.876120740861337052e-03
8.869330826643699595e-03
8.862173410398348217e-03
8.854500080701668829e-03
8.845802712437919255e-03
8.837394975075362619e-03
8.828970917635167726e-03
8.820280092939706065e-03
8.811767539963421061e-03
8.803891181838423979e-03
8.796119827885463122e-03
8.787819762035421409e-03
8.779444344868464478e-03
8.771110065877269282e-03
8.763238329507582261e-03
8.755491864201880858e-03
8.747407080424835640e-03
8.738984593397097073e-03
8.730392928195065960e-03
8.721497240546265128e-03
8.712337236862337589e-03
8.702643192146671328e-03
8.691983619257525814e-03
8.680043775572340858e-03
8.666999490871006920e-03
8.652461590547552012e-03
8.637948227178903621e-03
