1.338561994547881988e-02
1.338072282195224699e-02
1.337596366208365466e-02
1.337033026481676025e-02
1.336465964362158060e-02
1.335894747809232563e-02
1.335267308220892263e-02
1.334669140754082481e-02
1.334071221174209544e-02
1.333521036401004792e-02
1.332899029414216265e-02
1.332119239944260479e-02
1.331346443335637043e-02
1.330589360493671103e-02
1.329865088357117149e-02
1.329407096647452005e-02
1.329055628215803850e-02
1.328581137240566340e-02
1.328114888191196663e-02
1.327672570088298670e-02
1.327291844225841205e-02
1.326861185962426894e-02
1.326295917381450050e-02
1.325734848611173980e-02
1.325088313635334157e-02
1.324496713162641275e-02
1.323783695712782427e-02
1.323029361248259997e-02
1.322141308707643244e-02
1.321079337265385935e-02
1.320060862866729266e-02
1.318969891450662464e-02
1.318146641545544194e-02
1.317368851194881951e-02
1.316477839474277343e-02
1.315542221961228490e-02
1.314658377908381123e-02
1.313727570241626785e-02
1.312887540788656646e-02
1.312028552825118474e-02
1.310855865261820533e-02
1.309633959952796745e-02
1.308399143612416771e-02
1.307186347280698928e-02
1.305935831130015067e-02
1.304740436870929256e-02
1.303537852487279824e-02
1.302512357289952946e-02
1.301522662444046935e-02
1.300567813796523094e-02
1.299504529131437040e-02
1.298303051715947107e-02
1.297020917806381186e-02
1.295854419361906068e-02
1.294681448740063814e-02
1.293525981518978477e-02
1.292317625236968047e-02
1.291115835469004540e-02
1.290067122836934324e-02
1.289178947918008002e-02
1.288277478357454167e-02
1.287351698742381784e-02
1.286522925480293629e-02
1.285733765351904784e-02
1.284947901311995003e-02
1.284156688325773128e-02
1.283384724345389832e-02
1.282415588990253388e-02
1.281439005515180168e-02
1.280427559872578287e-02
1.279688518725589919e-02
1.279217246809973528e-02
1.278701989082421664e-02
1.278164810432115030e-02
1.277617192209653217e-02
1.277004763782149492e-02
1.276291670442335907e-02
1.275639112767505343e-02
1.275028957306376456e-02
1.274460894079868303e-02
1.273839970691081208e-02
1.273206281660353191e-02
1.272618096304622450e-02
1.271990533150207589e-02
1.271151973747225786e-02
1.270439830492845097e-02
1.269678231589041820e-02
1.268654345434171681e-02
1.267573595634696564e-02
1.266405126467494251e-02
1.265278730626495651e-02
1.264166485532245907e-02
1.263157600351294194e-02
1.261856768451353333e-02
1.260246238438711419e-02
1.258505188682633794e-02
1.256797356372436197e-02
1.255080421125647459e-02
1.253388394796555935e-02
1.251761453128453355e-02
1.250166015418383708e-02
1.248619648463524835e-02
1.247106268745862279e-02
1.245542896189923490e-02
1.244000214999287264e-02
1.242473945629401534e-02
1.241042416500247846e-02
1.239748241558381522e-02
1.238327489177539625e-02
1.236982744238658040e-02
1.235705777312097117e-02
1.234459132374154944e-02
1.233286920442108574e-02
1.232000824733240837e-02
1.230575124031431204e-02
1.229168812959553943e-02
1.227784155102388912e-02
1.226445676152624134e-02
1.225081479400195322e-02
1.223737483253203688e-02
1.222179874532929034e-02
1.220726605589047761e-02
1.219363044323003298e-02
1.218057406849041083e-02
1.216771346308391163e-02
1.215634729876896927e-02
1.214593013514583819e-02
1.213785432705598299e-02
1.213017745491701965e-02
1.212030598511936418e-02
1.211095569351988699e-02
1.210113216883057508e-02
1.209185744421029801e-02
1.208306548707235341e-02
1.207449052144166438e-02
1.206752719427325003e-02
1.206179475069621768e-02
1.205556363139571527e-02
1.204406659160673146e-02
1.202639825904789489e-02
1.200959860402546833e-02
1.199331918317749109e-02
1.197785970813075064e-02
1.196243803239940319e-02
1.194739476032588565e-02
1.193291952704070812e-02
1.192090370039930458e-02
1.190805737299324533e-02
1.189534191213559820e-02
1.188256166558723272e-02
1.187121883945257972e-02
1.185898435361254152e-02
1.184707734520933954e-02
1.183326931372295950e-02
1.182026189201708898e-02
1.180633728321229918e-02
1.179050683775120269e-02
1.177339297672861523e-02
1.175734471477372922e-02
1.174120824421551190e-02
1.172531537453171471e-02
1.170946817615332175e-02
1.169592805851646725e-02
1.168184409686020934e-02
1.166879412177773169e-02
1.165496788497449171e-02
1.164125703057444262e-02
1.162730118232127227e-02
1.161354111049322547e-02
1.159980072057593785e-02
1.158609724650956803e-02
1.157258652331898813e-02
1.155910366396259784e-02
1.154801921285616463e-02
1.153712563512353934e-02
1.152613114297893447e-02
1.151569523856907015e-02
1.150708694128903427e-02
1.149992387547884957e-02
1.149244987565451077e-02
1.148518835019632887e-02
1.147923883736929815e-02
1.147378222916591028e-02
1.146779574901307143e-02
1.146170444376923281e-02
1.145480937410686510e-02
1.144616102859870484e-02
1.143797437974823986e-02
1.142946857680943000e-02
1.142200010253400545e-02
1.141794063670830035e-02
1.141162629620390452e-02
1.140577663670144272e-02
1.140042628477019870e-02
1.139458732999723209e-02
1.138838031645704636e-02
1.138192425656946172e-02
1.137578270838979222e-02
1.137000518305804342e-02
1.136521763204556557e-02
1.136064047501918889e-02
1.135458723813443163e-02
1.134807704257040709e-02
1.134110856525107590e-02
1.133483211052013252e-02
1.132631273680701975e-02
1.131690295563550844e-02
1.130723863681834702e-02
1.129788587792273681e-02
1.128829607392478791e-02
1.127920365884655697e-02
1.127285520334967567e-02
1.126604737514896697e-02
1.125926117833401900e-02
1.125233403682275070e-02
1.124621921931126881e-02
1.124132391233480591e-02
1.124006237767723702e-02
1.123923700940107628e-02
1.123918659411110403e-02
1.123739428702495713e-02
1.123528589680381461e-02
1.123332953028388821e-02
1.123180892342640590e-02
1.122963324819946720e-02
1.122848534428410455e-02
1.122834081603198836e-02
1.122789553465625492e-02
1.122728040738832020e-02
1.122618532672346042e-02
1.122322478425155125e-02
1.122004651173370664e-02
1.121756147516502454e-02
1.121613023706207433e-02
1.121403278964261223e-02
1.120991611030469279e-02
1.120672269118306794e-02
1.120418203506047539e-02
1.120187684729087932e-02
1.119988837207725255e-02
1.119666009040736453e-02
1.119230429371806911e-02
1.118730427620572704e-02
1.118290415011935143e-02
1.117732668281893119e-02
1.117226793384296611e-02
1.116711386805663980e-02
1.116211695927210416e-02
1.115717170361811561e-02
1.115258853412782331e-02
1.114667103969507050e-02
1.114036785451277475e-02
1.113496628576495992e-02
1.112899015025242515e-02
1.112309533044021463e-02
1.111715250896965629e-02
1.111114945251448147e-02
1.110531124706534874e-02
1.109962943175574722e-02
1.109377811377574088e-02
1.108826569625566243e-02
1.108212322501395466e-02
1.107538966525114903e-02
1.106889068635708712e-02
1.106237952639814968e-02
1.105624087295454215e-02
1.105006577775476811e-02
1.104592959526593150e-02
1.104516391047867183e-02
1.104420324834348710e-02
1.104324744895112884e-02
1.104256517561389914e-02
1.104145052145052985e-02
1.104111853470952052e-02
1.104102301423973663e-02
1.104009035756758558e-02
1.104367689352612342e-02
1.104680669012771989e-02
1.104923200479316497e-02
1.105168862570142692e-02
1.105531154428852046e-02
1.105918693876517880e-02
1.106350551563964509e-02
1.107265473098511047e-02
1.108108592194422849e-02
1.109008535631223619e-02
1.109965306157600050e-02
1.110822668590729506e-02
1.111810347897503742e-02
1.112775046435899966e-02
1.113719769717392248e-02
1.114690489590156389e-02
1.115679540635535795e-02
1.116696760911028118e-02
1.117766188439659261e-02
1.118783358098424802e-02
1.119762533410836695e-02
1.120592876149862846e-02
1.121434719318205840e-02
1.122287370019545670e-02
1.123108171911829135e-02
1.123952619295953519e-02
1.124821140739200656e-02
1.125666843288047718e-02
1.126574873207978993e-02
1.127583187808922291e-02
1.128651883422719486e-02
1.129703874963505772e-02
1.130786334228273647e-02
1.131855051138322063e-02
1.132866658603987747e-02
1.133866353229616084e-02
1.134864510638421316e-02
1.135483592987321377e-02
1.136123328770777610e-02
1.137051697591298476e-02
1.138103602382947548e-02
1.139145330598518788e-02
1.139915165267120500e-02
1.140624833301653873e-02
1.141406380406207420e-02
1.142223826475482346e-02
1.143053088746740290e-02
1.143910722560834842e-02
1.144661914308793028e-02
1.145593954293580921e-02
1.146621145311458798e-02
1.147739512155554996e-02
1.148832757817137319e-02
1.149838706406608631e-02
1.150723052749673229e-02
1.151581152647113658e-02
1.152428946849882660e-02
1.153450828214985791e-02
1.154509103031775043e-02
1.155490360932999450e-02
1.156441237595439916e-02
1.157410314850019183e-02
1.158314168991756224e-02
1.159246514548977099e-02
1.160138470623469503e-02
1.160965549210046452e-02
1.161756665900656911e-02
1.162500569989708722e-02
1.163264523073819987e-02
1.163962543978113058e-02
1.164586466209267292e-02
1.165213131040952407e-02
1.166453308568764745e-02
1.168096108633794386e-02
1.169835270835162255e-02
1.171551456205319371e-02
1.173331012464884880e-02
1.175124675582272030e-02
1.176945542806622988e-02
1.178757035885654933e-02
1.180578263133930800e-02
1.182371731345885010e-02
1.184198058352685032e-02
1.186026582427594789e-02
1.187883721727886997e-02
1.189848280425075643e-02
1.191845727420127662e-02
1.193845811300953130e-02
1.195900049933829382e-02
1.197970492679603823e-02
1.199914589189961939e-02
1.201956319122428340e-02
1.203997909111591269e-02
1.206137320979434359e-02
1.208578781262585958e-02
1.211116360948880262e-02
1.213683117277106378e-02
1.216305547306296801e-02
1.219005677474912369e-02
1.221637210232578812e-02
1.224109473869825111e-02
1.226153518162520148e-02
1.228041498850871230e-02
1.229924484689400889e-02
1.232377979179255859e-02
1.234907130634672542e-02
1.237701926108695019e-02
1.241097431474197724e-02
1.244416985660683726e-02
1.247767641650635376e-02
1.250997901291509874e-02
1.254399571775085750e-02
1.257707283908978020e-02
1.260874246627092729e-02
1.263641139644277635e-02
1.266380880405952418e-02
1.269047584215902968e-02
1.271615704938752409e-02
1.274335245348056159e-02
1.277260945649904764e-02
1.280233443366689955e-02
1.283322216526280000e-02
1.286484471567695027e-02
1.289697084369065792e-02
1.292799826641640240e-02
1.296040709476217051e-02
1.299246726644385022e-02
1.302301796678794789e-02
1.305380778079042250e-02
1.308467023487867691e-02
1.311644384820170872e-02
1.314890433972851387e-02
1.318202285288215016e-02
1.321529057718728688e-02
1.324875068966231001e-02
1.328198879628654690e-02
1.331253205632632747e-02
1.334001572644272562e-02
1.336742374839649736e-02
1.339457650109636411e-02
1.342441375613542473e-02
1.345455649008626270e-02
1.348870103853328645e-02
1.352261813868503061e-02
1.355073420598050526e-02
1.358111167194506717e-02
1.361038803495346131e-02
1.364059561510669143e-02
1.366946797622914204e-02
1.369680126868829360e-02
1.372374261569471107e-02
1.375075773083795673e-02
1.377865498618349553e-02
1.380577775572043066e-02
1.383488851444343928e-02
1.386357228192031804e-02
1.389247896525930455e-02
1.392194367572506357e-02
1.395116469697902685e-02
1.398031599984583991e-02
1.400960615289196728e-02
1.403817306950309353e-02
1.406575626803819451e-02
1.409440658143146924e-02
1.412541764887136238e-02
1.415697332656425111e-02
1.418862509433288857e-02
1.421631293521042130e-02
1.424361065578644454e-02
1.427142463289251921e-02
1.429997640640123628e-02
1.432909286196533058e-02
1.435878581913153235e-02
1.438904482183079279e-02
1.442001029574886510e-02
1.445116134642381381e-02
1.448184582589869505e-02
1.451122037710220712e-02
1.454088663995166397e-02
1.457061500515954670e-02
1.460156544750010332e-02
1.463245750070575786e-02
1.466360438991335009e-02
1.469330740520647521e-02
1.472557265226319065e-02
1.475970458588896951e-02
1.479395253357242840e-02
1.482823533375566064e-02
1.486335000843445192e-02
1.489862129392448102e-02
1.493505747898621512e-02
1.497049825809002206e-02
1.500607312901626640e-02
1.504268733626685367e-02
1.508192752510132718e-02
1.512131634327801635e-02
1.515707933992058339e-02
1.519278443219831271e-02
1.522751372381225647e-02
1.526336510340055470e-02
1.529696413371261880e-02
1.533174456464451475e-02
1.537115021437513579e-02
1.541149319563461101e-02
1.545136642927248845e-02
1.549346311167800957e-02
1.553683062504856299e-02
1.558187282289226483e-02
1.562705377101959378e-02
1.567301095249981624e-02
1.572012495477601024e-02
1.576767924794833173e-02
1.581625063117198318e-02
1.586515738398537947e-02
1.591286793887807666e-02
1.596165451944002445e-02
1.601270919548768851e-02
1.607171060327255638e-02
1.613225340897343763e-02
1.619419071602058377e-02
1.625650930399929681e-02
1.631769019719885028e-02
1.637817251501281698e-02
1.643915485230226098e-02
