8.115364660231612348e-03
8.121726293784423123e-03
8.128124180692940237e-03
8.134519128806864258e-03
8.141047738382070978e-03
8.147645409704275948e-03
8.154315497017472839e-03
8.161024738072307494e-03
8.167770359133076988e-03
8.174542669901124076e-03
8.181353402423400742e-03
8.188167481577990695e-03
8.195022137965688944e-03
8.201914162112567547e-03
8.208968157516307804e-03
8.216113348334023667e-03
8.223386187670697622e-03
8.230719800890453838e-03
8.238106191434340850e-03
8.245503373881963097e-03
8.253029315372086352e-03
8.260703735322711891e-03
8.268579050695560456e-03
8.276639440329271874e-03
8.284869508656303103e-03
8.293176332196332268e-03
8.301631529627234718e-03
8.310131591740370360e-03
8.318696245040016479e-03
8.327373113057550194e-03
8.336100759828667800e-03
8.344982961186270254e-03
8.353983855917500659e-03
8.363050071869208846e-03
8.372262877359447353e-03
8.381578201597206582e-03
8.390930260976177738e-03
8.400345967141292433e-03
8.409827896450047802e-03
8.419335052057087820e-03
8.428982345989370628e-03
8.438656405287660311e-03
8.448341348961465463e-03
8.457978025950819295e-03
8.467648703778214020e-03
8.477325992448566869e-03
8.487040867811502728e-03
8.496835516922769671e-03
8.506697305313790439e-03
8.516633625311048617e-03
8.526602173716719274e-03
8.536598276664425153e-03
8.546632714889618176e-03
8.556633029627724873e-03
8.566533562979620695e-03
8.576321728571758077e-03
8.586120470812086403e-03
8.595963414643026379e-03
8.605865743219167502e-03
8.615797471636998245e-03
8.625728827837063697e-03
8.635667084487576306e-03
8.645596501057074487e-03
8.655488870891573511e-03
8.665384796955695815e-03
8.675335867387046901e-03
8.685243294709361558e-03
8.695143385883419632e-03
8.704885415845256547e-03
8.714628536728882130e-03
8.724394244342693547e-03
8.734190058768106016e-03
8.744040937833477342e-03
8.753963531982324534e-03
8.763937370813722899e-03
8.773971724529087968e-03
8.784126501866893269e-03
8.794309733191047959e-03
8.804609073811883388e-03
8.814982540612718506e-03
8.825453352281584576e-03
8.836043029994645678e-03
8.846781874034832099e-03
8.857629090040885014e-03
8.868625004801513126e-03
8.879755455692736610e-03
8.890920343928130840e-03
8.902070919582760408e-03
8.913263597015410461e-03
8.924487945506541162e-03
8.935820437720986761e-03
8.947228552638592652e-03
8.958742515408969417e-03
8.970378106534991972e-03
8.982066686845745565e-03
8.993822092889030076e-03
9.005714300230777472e-03
9.017719343187746012e-03
9.029727060362787230e-03
9.041819568715366018e-03
9.053970358214211492e-03
9.066187247278081549e-03
9.078471558425837973e-03
9.090790965119053754e-03
9.103167540306418212e-03
9.115585906243839354e-03
9.128056134298841856e-03
9.140566904276850591e-03
9.153206769059904838e-03
9.165851400854713171e-03
9.178578171110295808e-03
9.191391332342894668e-03
9.204271104726078484e-03
9.217176594151929581e-03
9.230146077227396190e-03
9.243152848631157673e-03
9.256224627748587883e-03
9.269432408978758170e-03
9.282685145449918324e-03
9.295997934203660898e-03
9.309351841751264608e-03
9.322787255195558176e-03
9.336269501392038470e-03
9.349759431341204963e-03
9.363286006465597333e-03
9.376921064538155937e-03
9.390571209009431625e-03
9.404317220632483348e-03
9.418176359404742404e-03
9.432088372903659271e-03
9.446021191528703245e-03
9.460033063177259935e-03
9.474092399199041808e-03
9.488259571701806311e-03
9.502490504519223863e-03
9.516810243384420803e-03
9.531201454796757108e-03
9.545635383643839150e-03
9.560132855367562202e-03
9.574692083850753696e-03
9.589288169450604221e-03
9.603904816171798461e-03
9.618581696724189806e-03
9.633288231563851695e-03
9.648038941669843938e-03
9.662827888370958962e-03
9.677656309959139710e-03
9.692535040289921092e-03
9.707440111282047285e-03
9.722410260581099140e-03
9.737476405824204220e-03
9.752625745975032623e-03
9.767860597192959751e-03
9.783120451626395320e-03
9.798384914344530905e-03
9.813744589421571560e-03
9.829138085674118258e-03
9.844575114309367034e-03
9.860072915224530818e-03
9.875619118594919019e-03
9.891203567936936517e-03
9.906826537702079563e-03
9.922525608129839636e-03
9.938281288583645026e-03
9.954070857734600986e-03
9.969908986154806668e-03
9.985815817225971239e-03
1.000179103721225704e-02
1.001785438398830608e-02
1.003398367715278849e-02
1.005017084008267766e-02
1.006640168708994136e-02
1.008269241916537849e-02
1.009905223919084841e-02
1.011545197124269664e-02
1.013194158241371989e-02
1.014850382359185586e-02
1.016515530391548516e-02
1.018189340970968720e-02
1.019871202565844279e-02
1.021560231003715465e-02
1.023258152208882110e-02
1.024960930639674285e-02
1.026671106101367803e-02
1.028389961979373282e-02
1.030113892876674021e-02
1.031844938970727897e-02
1.033584850898863761e-02
1.035338289411123248e-02
1.037099929275531532e-02
1.038870253716404207e-02
1.040652606924930001e-02
1.042443419221046781e-02
1.044247078713938029e-02
1.046062451514233327e-02
1.047887495989499422e-02
1.049717950225429602e-02
1.051561080596123167e-02
1.053416726881830495e-02
1.055284355289753430e-02
1.057163554320480862e-02
1.059052321927691012e-02
1.060946421556762005e-02
1.062849218824744174e-02
1.064756924598156060e-02
1.066665509004343163e-02
1.068581669424976087e-02
1.070506191988719429e-02
1.072442288440879181e-02
1.074391798581839433e-02
1.076348286656084174e-02
1.078307891546564923e-02
1.080277420706544748e-02
1.082261043018117701e-02
1.084255838948951049e-02
1.086258663025180260e-02
1.088269646367043958e-02
1.090291313464853036e-02
1.092324838020419277e-02
1.094356694990815219e-02
1.096393066750263844e-02
1.098434549332183083e-02
1.100478727498757463e-02
1.102528833903829684e-02
1.104582791920110697e-02
1.106644890599894383e-02
1.108710398470551250e-02
1.110777426575079371e-02
1.112846526370757719e-02
1.114924045872689451e-02
1.117013245508583288e-02
1.119109785474443376e-02
1.121216617980274298e-02
1.123334814211390115e-02
1.125465445967427716e-02
1.127604165501302352e-02
1.129747998099387730e-02
1.131902903869534509e-02
1.134065604245339080e-02
1.136245751491320524e-02
1.138440668301627344e-02
1.140643744431456795e-02
1.142856985677733785e-02
1.145078726384478329e-02
1.147312883917014567e-02
1.149557573909597112e-02
1.151803581463349026e-02
1.154055204015534859e-02
1.156313508138657152e-02
1.158578914126645945e-02
1.160853153885367181e-02
1.163133491220182114e-02
1.165420445525020346e-02
1.167717161120543877e-02
1.170019558578709942e-02
1.172327013596464844e-02
1.174638545240087525e-02
1.176958967624817595e-02
1.179285868616787407e-02
1.181616749214701480e-02
1.183949048208977721e-02
1.186280436151468387e-02
1.188615329765875875e-02
1.190952327684440502e-02
1.193298314355575006e-02
1.195661144556257882e-02
1.198027455252392327e-02
1.200399411641555301e-02
1.202788850219079116e-02
1.205186027606643465e-02
1.207597925380360544e-02
1.210017147436202520e-02
1.212445378506495780e-02
1.214884001615530555e-02
1.217333007882567472e-02
1.219790594172605498e-02
1.222256478845493155e-02
1.224725837439498421e-02
1.227200899903998187e-02
1.229682238895803484e-02
1.232176956225893016e-02
1.234676012486993560e-02
1.237180670619415432e-02
1.239699954575358525e-02
1.242224621552748785e-02
1.244764264474659647e-02
1.247319479514617802e-02
1.249879728381897252e-02
1.252449640140406231e-02
1.255025676009451432e-02
1.257610497106934760e-02
1.260200343625214082e-02
1.262795881447310344e-02
1.265400411535472919e-02
1.268013475281416433e-02
1.270632272105140688e-02
1.273254139056552957e-02
1.275880637529165466e-02
1.278511161390951875e-02
1.281146830498852175e-02
1.283787503644797344e-02
1.286437119587640829e-02
1.289096159568620635e-02
1.291766753219245577e-02
1.294456295996887843e-02
1.297156166902124763e-02
1.299868334225845641e-02
1.302600239445759513e-02
1.305340032314321504e-02
1.308091012694466079e-02
1.310848591507167774e-02
1.313613029850479140e-02
1.316384492944954257e-02
1.319169778414688160e-02
1.321958173501223618e-02
1.324755130806170612e-02
1.327563955667482656e-02
1.330383689267066599e-02
1.333203920360504120e-02
1.336030463374874092e-02
1.338873125793640408e-02
1.341727104171384043e-02
1.344590505703501145e-02
1.347459342506853244e-02
1.350341919538623932e-02
1.353228222514828334e-02
1.356119847037069726e-02
1.359022657885358004e-02
1.361927737978139812e-02
1.364842116334507097e-02
1.367769878051518576e-02
1.370717478047256584e-02
1.373683537306696900e-02
1.376666019683202291e-02
1.379657753117420442e-02
1.382656122447121529e-02
1.385658264927128527e-02
1.388670193507848122e-02
1.391693698348055175e-02
1.394728777895775512e-02
1.397776726281684326e-02
1.400835826203558447e-02
1.403914479142735761e-02
1.407005082410218988e-02
1.410103449556432409e-02
1.413207907467298532e-02
1.416317438953261856e-02
1.419438745868695576e-02
1.422567717724523666e-02
1.425704933277677049e-02
1.428845233120280139e-02
1.432000064051331366e-02
1.435179205316992022e-02
1.438368592498741154e-02
1.441564156148590278e-02
1.444774338314750231e-02
1.447994635082763305e-02
1.451243487997963023e-02
1.454505989359569824e-02
1.457780828439410488e-02
1.461074284135861767e-02
1.464380787966596160e-02
1.467699631627973449e-02
1.471032496769926999e-02
1.474381841158668195e-02
1.477756309806104763e-02
1.481146767319689063e-02
1.484549601092192278e-02
1.487967423957883492e-02
1.491403949402294975e-02
1.494851912721855206e-02
1.498316095763679856e-02
1.501798966899134911e-02
1.505299288084157965e-02
1.508807077884878091e-02
1.512333103163287021e-02
1.515866359734718491e-02
1.519415620174712107e-02
1.522993113692660237e-02
1.526593059660026445e-02
1.530199808316958301e-02
1.533811820234685583e-02
1.537442658069947121e-02
1.541093222096931968e-02
1.544764720699757371e-02
1.548445805198662810e-02
1.552134260668241311e-02
1.555848513047866470e-02
1.559589285859144976e-02
1.563345683340031100e-02
1.567107008898462397e-02
1.570874369264265227e-02
1.574657058562428311e-02
1.578460673038368026e-02
1.582285967382499742e-02
1.586125073173407299e-02
1.589970866850923259e-02
1.593842637941671886e-02
1.597726418292623810e-02
1.601626748375844372e-02
1.605532613530843283e-02
1.609440521557699288e-02
1.613365321570177716e-02
1.617287883506971641e-02
1.621231851000572155e-02
1.625193311093691209e-02
1.629174755480414238e-02
1.633189605415414150e-02
1.637216405161395771e-02
1.641255729595354762e-02
1.645307724042402095e-02
1.649388585721180828e-02
1.653483357569519516e-02
1.657583416691138165e-02
1.661702042938644625e-02
1.665833262462752817e-02
1.669974381424777637e-02
1.674135396735219189e-02
1.678309859856332020e-02
1.682480746496718693e-02
1.686651895377583310e-02
1.690830549345530981e-02
1.695024946665978777e-02
1.699238007852020560e-02
1.703471535823105135e-02
1.707708861905409339e-02
1.711971239993401867e-02
1.716241156492806161e-02
1.720506797088584144e-02
1.724797399891116537e-02
1.729092018426096541e-02
1.733394214904712335e-02
1.737698451970334790e-02
1.742012568255103117e-02
1.746336363726827198e-02
1.750683335471348370e-02
1.755050231370485284e-02
1.759421484651878254e-02
1.763794469720583388e-02
1.768166248991794726e-02
1.772543273891653490e-02
1.776923910795195904e-02
1.781305894467194104e-02
1.785692576438380544e-02
1.790089826230906872e-02
1.794487519931076830e-02
1.798871982838258499e-02
1.803247180202637717e-02
1.807613698239242048e-02
1.811978673786238461e-02
1.816338109993528155e-02
1.820696297637821107e-02
1.825063997157661683e-02
1.829421592077258574e-02
1.833775618922655129e-02
1.838136043392431598e-02
1.842504990009515703e-02
1.846862914163130073e-02
1.851213348490737473e-02
1.855558948807662159e-02
1.859886509971595339e-02
1.864201349433087726e-02
1.868519319829467160e-02
1.872829814841818832e-02
1.877145915109657351e-02
1.881453455853483725e-02
1.885747928244255536e-02
1.890025874958354071e-02
1.894273754204467072e-02
1.898507577050591311e-02
1.902725213024565251e-02
1.906926172909729350e-02
1.911121693988606859e-02
1.915283169804190763e-02
1.919420506088514305e-02
1.923542639926349718e-02
1.927643256896362234e-02
1.931720870897328524e-02
1.935784786185177839e-02
1.939832967130597843e-02
1.943870857325127877e-02
1.947909163534881916e-02
1.951925672659304833e-02
1.955889271200006788e-02
1.959808718713191081e-02
1.963695579775430813e-02
1.967547597213140098e-02
1.971381000448420295e-02
1.975181982862858274e-02
1.978939964564205983e-02
1.982661237125293852e-02
1.986350462848137516e-02
1.989974375775889134e-02
1.993553862114536349e-02
1.997085878012171828e-02
2.000551916568116262e-02
2.003947481153567703e-02
2.007295959109772765e-02
2.010572997638392090e-02
2.013805592764856753e-02
