1.519436218012410605e-02
1.520710457014373684e-02
1.521976507608092770e-02
1.523230546333446955e-02
1.524480302106632351e-02
1.525726638687339987e-02
1.526958106776184904e-02
1.528187235803269567e-02
1.529405975723133367e-02
1.530604352064246672e-02
1.531802335906852150e-02
1.532996537438199684e-02
1.534197058693450785e-02
1.535388980224266543e-02
1.536551813884436991e-02
1.537674264925310147e-02
1.538792212849274081e-02
1.539904241243046298e-02
1.541010038246095649e-02
1.542095460267697490e-02
1.543156233926188878e-02
1.544202818210725810e-02
1.545243530903820349e-02
1.546273399265574514e-02
1.547292428167462187e-02
1.548302839260107776e-02
1.549294320280553312e-02
1.550260617183568147e-02
1.551193193379877058e-02
1.552109303564309928e-02
1.553025309938933785e-02
1.553917058185659734e-02
1.554787304114348297e-02
1.555649218702308614e-02
1.556482049234892730e-02
1.557288795009419829e-02
1.558070611686003873e-02
1.558818774606311221e-02
1.559557283257479929e-02
1.560270379866607847e-02
1.560954221854117703e-02
1.561614620435356794e-02
1.562233913026579192e-02
1.562825613461993335e-02
1.563390401613939246e-02
1.563941891569826936e-02
1.564462871270998201e-02
1.564968925294380267e-02
1.565446408771746858e-02
1.565874372685308047e-02
1.566278810765540236e-02
1.566639792024860506e-02
1.566969133278692944e-02
1.567249629236709685e-02
1.567491371652244767e-02
1.567680865982988558e-02
1.567836141337186628e-02
1.567940188770763563e-02
1.567993066935399749e-02
1.567996764189866221e-02
1.567957758839621379e-02
1.567875523235096741e-02
1.567760921107306735e-02
1.567581796290113544e-02
1.567346384031195403e-02
1.567079504984319333e-02
1.566773628541064459e-02
1.566427937694953032e-02
1.566039985392708375e-02
1.565623727608655980e-02
1.565182634168421627e-02
1.564703730656500161e-02
1.564192408845739915e-02
1.563660467876306845e-02
1.563103312633727995e-02
1.562517704536487209e-02
1.561874857443529448e-02
1.561190555101764181e-02
1.560480300975927367e-02
1.559737544615330540e-02
1.558956774831356425e-02
1.558141185650938065e-02
1.557294370367846154e-02
1.556418867688038124e-02
1.555517891426113491e-02
1.554591097668969225e-02
1.553641400420026526e-02
1.552662916318707509e-02
1.551668123924859061e-02
1.550632460751259420e-02
1.549580193634104291e-02
1.548512588919422929e-02
1.547420697688654638e-02
1.546306581114012535e-02
1.545190222863971653e-02
1.544059954056396962e-02
1.542914241427305322e-02
1.541726086472456486e-02
1.540495243505761620e-02
1.539232690026542602e-02
1.537949714747997333e-02
1.536641813906560253e-02
1.535309000801785700e-02
1.533955285712651842e-02
1.532562163441366504e-02
1.531156450372344463e-02
1.529739745857790559e-02
1.528282713797457504e-02
1.526813794996654226e-02
1.525334243579615917e-02
1.523862732184873281e-02
1.522374917325964444e-02
1.520857361215402145e-02
1.519322531161222678e-02
1.517775404279027816e-02
1.516214270832469749e-02
1.514643723823612398e-02
1.513063636335479703e-02
1.511482441621751945e-02
1.509880463391005331e-02
1.508259042311574025e-02
1.506627355140408020e-02
1.504986046420886230e-02
1.503347554447755086e-02
1.501718190710834427e-02
1.500091605589168493e-02
1.498446283810048359e-02
1.496784382401630635e-02
1.495105996206763654e-02
1.493430799921787420e-02
1.491762358775611946e-02
1.490096490220156784e-02
1.488433252282001656e-02
1.486761054539913370e-02
1.485080790241086884e-02
1.483395806756097196e-02
1.481711946124217305e-02
1.480032880315672664e-02
1.478355226393819784e-02
1.476678043194270228e-02
1.475003878497717011e-02
1.473333308582243373e-02
1.471653466398759914e-02
1.469973645727359023e-02
1.468293612306203859e-02
1.466619366066355956e-02
1.464939929982707160e-02
1.463269533888309284e-02
1.461602252195961030e-02
1.459931031356771422e-02
1.458244659674246858e-02
1.456554711295449805e-02
1.454851237916854854e-02
1.453146538845324562e-02
1.451466749709170827e-02
1.449783719232436256e-02
1.448105618967203412e-02
1.446428032082000721e-02
1.444762030574115591e-02
1.443104571884956493e-02
1.441448872897082255e-02
1.439793216135830910e-02
1.438140549036727965e-02
1.436481794966694772e-02
1.434826388418122822e-02
1.433172497199613690e-02
1.431515870045131991e-02
1.429869627191063079e-02
1.428211911693335473e-02
1.426547367855371916e-02
1.424894325113921882e-02
1.423246995339249796e-02
1.421604291287424313e-02
1.419957853639076777e-02
1.418317196058822838e-02
1.416674449995926344e-02
1.415015791480063283e-02
1.413357713962870577e-02
1.411699012358176922e-02
1.410041296601786953e-02
1.408391754854771902e-02
1.406744729137651001e-02
1.405095073665438114e-02
1.403443151944906535e-02
1.401784811820798275e-02
1.400130117455800766e-02
1.398475587168931770e-02
1.396819757405701884e-02
1.395159340848303904e-02
1.393495777448290791e-02
1.391831480201734424e-02
1.390153812484557980e-02
1.388468913776142073e-02
1.386779235850350671e-02
1.385086620469088217e-02
1.383388965569940302e-02
1.381688860125574424e-02
1.379982716446569342e-02
1.378274412872567550e-02
1.376571689075806529e-02
1.374869206783427104e-02
1.373166713541009581e-02
1.371460245003691854e-02
1.369739388849310589e-02
1.368021027600734539e-02
1.366295011887598554e-02
1.364567768520004616e-02
1.362836558910691595e-02
1.361104289173880114e-02
1.359371235841140384e-02
1.357636359779731440e-02
1.355894054699525487e-02
1.354145999642275555e-02
1.352399846011703884e-02
1.350654798485857212e-02
1.348902709223364846e-02
1.347148161267791404e-02
1.345385857408920062e-02
1.343614926385853017e-02
1.341846462591723445e-02
1.340075673746708891e-02
1.338302917063466553e-02
1.336525532286306391e-02
1.334737610662633210e-02
1.332946028859425223e-02
1.331159498364792998e-02
1.329372330914209768e-02
1.327571364367995284e-02
1.325763240376859678e-02
1.323947750480531683e-02
1.322124221876774808e-02
1.320302854935540525e-02
1.318477388153501371e-02
1.316656844103312150e-02
1.314833703234365506e-02
1.313004026313599297e-02
1.311172793905445930e-02
1.309336363634960171e-02
1.307498602762414974e-02
1.305660201980857540e-02
1.303827588553048596e-02
1.301994323339315980e-02
1.300152402530088160e-02
1.298313104836952905e-02
1.296466757496416225e-02
1.294618555891963348e-02
1.292771629988493341e-02
1.290927204659844153e-02
1.289082430869946221e-02
1.287231869640078838e-02
1.285387192051007030e-02
1.283550865137671193e-02
1.281728776679464006e-02
1.279903411831932215e-02
1.278075935847250086e-02
1.276245614361549811e-02
1.274421292612913995e-02
1.272610582688393256e-02
1.270796209178617388e-02
1.268970057738985288e-02
1.267137297606533292e-02
1.265299275204832471e-02
1.263463526013777587e-02
1.261621736605005734e-02
1.259779799478496706e-02
1.257939161720572629e-02
1.256087254261131075e-02
1.254229180938753151e-02
1.252376794070265802e-02
1.250530184295255143e-02
1.248690867849102173e-02
1.246847363056522232e-02
1.244994860070210499e-02
1.243148936030552543e-02
1.241300661289329935e-02
1.239455544534757286e-02
1.237615564059331083e-02
1.235776359657070854e-02
1.233932810180575837e-02
1.232088402828957624e-02
1.230242188656402967e-02
1.228390368301495936e-02
1.226536681277659233e-02
1.224680765004992726e-02
1.222826537247586297e-02
1.220974050104341353e-02
1.219119700441541332e-02
1.217269123357829670e-02
1.215415279886402668e-02
1.213549010137249251e-02
1.211683451741795044e-02
1.209823418761385092e-02
1.207952601426959260e-02
1.206077975246832960e-02
1.204217252058368062e-02
1.202352747119080079e-02
1.200488296628209571e-02
1.198625729856426202e-02
1.196770279898025716e-02
1.194910988125257381e-02
1.193039734028734922e-02
1.191166697468643877e-02
1.189303964948204562e-02
1.187437308897661137e-02
1.185568309786868939e-02
1.183699530571377320e-02
1.181832637165826892e-02
1.179973270283988726e-02
1.178109338303284098e-02
1.176245660339750310e-02
1.174373731662687638e-02
1.172493133336143835e-02
1.170606528353318639e-02
1.168720134859268893e-02
1.166839583921816699e-02
1.164964166364337514e-02
1.163091589824396220e-02
1.161212163302805488e-02
1.159325308603070120e-02
1.157450547875429718e-02
1.155568362122091734e-02
1.153675429644715998e-02
1.151770277506915414e-02
1.149861841801910929e-02
1.147948953650866806e-02
1.146036617576812883e-02
1.144124181017838228e-02
1.142217203316860802e-02
1.140315593629519925e-02
1.138416590864933277e-02
1.136516469100227328e-02
1.134610158774966918e-02
1.132699590178233573e-02
1.130785146911629513e-02
1.128866021533794090e-02
1.126943345616912735e-02
1.125005981485024779e-02
1.123056974062404401e-02
1.121099985441609791e-02
1.119130045167593922e-02
1.117154700888157992e-02
1.115174151902615686e-02
1.113188491765893483e-02
1.111202938429763261e-02
1.109213469441951670e-02
1.107215534258736318e-02
1.105204256793704612e-02
1.103184068918464447e-02
1.101151805293350619e-02
1.099118878126649837e-02
1.097079027949305827e-02
1.095034598896632745e-02
1.092977786323652556e-02
1.090920803305678657e-02
1.088857636162131326e-02
1.086786996355909932e-02
1.084711651231597476e-02
1.082636864311338834e-02
1.080561947267769281e-02
1.078472298888029542e-02
1.076375106495233019e-02
1.074268430167820906e-02
1.072161044981723155e-02
1.070045149689599108e-02
1.067916966312784828e-02
1.065773117227991791e-02
1.063621800880100790e-02
1.061457042536070872e-02
1.059289625779319920e-02
1.057120661386660825e-02
1.054945307644130671e-02
1.052757165359218504e-02
1.050554846135003800e-02
1.048343467093455425e-02
1.046135247711778640e-02
1.043921208106031451e-02
1.041700248537006344e-02
1.039486009097107151e-02
1.037260635999943427e-02
1.035026196458571288e-02
1.032793245134870641e-02
1.030548460778157524e-02
1.028288702819725106e-02
1.026021461949124663e-02
1.023747704371142861e-02
1.021461199718928445e-02
1.019164786581018903e-02
1.016864845458878217e-02
1.014550038784464529e-02
1.012217360466530387e-02
1.009868247432166126e-02
1.007505503628019529e-02
1.005140514225428931e-02
1.002769677860898198e-02
1.000388690502626750e-02
9.980005640482922033e-03
9.956038645912254625e-03
9.931961639604988332e-03
9.907783987049953792e-03
9.883586998968192650e-03
9.859314737572849249e-03
9.834914639293283398e-03
9.810374166302300233e-03
9.785748943519868501e-03
9.761036487141104209e-03
9.736242600032762179e-03
9.711274931274462702e-03
9.686228922949440684e-03
9.661100616796787846e-03
9.635857797920550222e-03
9.610442861401360254e-03
9.584906596938726556e-03
9.559258264663734669e-03
9.533449027763887806e-03
9.507541457609722246e-03
9.481578776943529532e-03
9.455485704307908454e-03
9.429138887982763811e-03
9.402766360886201033e-03
9.376289222134067541e-03
9.349634623206950351e-03
9.322796317201124255e-03
9.295906576140051947e-03
9.269031618684472201e-03
9.242096360438593894e-03
9.214985274018646505e-03
9.187700460348656797e-03
9.160294747316451158e-03
9.132702884038931823e-03
9.104961580154767933e-03
9.077200669198967620e-03
9.049396262248387418e-03
9.021574530271076267e-03
8.993690605125928897e-03
8.965777258415540130e-03
8.937791702482451167e-03
8.909643636931577002e-03
8.881345489368983395e-03
8.852873843155905156e-03
8.824306223625125872e-03
8.795593976698292543e-03
8.766707988842291355e-03
8.737599396278739397e-03
8.708325724780712276e-03
8.678912381711766794e-03
8.649361956278306049e-03
8.619587491169368801e-03
8.589668812401149781e-03
8.559564631446175270e-03
8.529279563259464098e-03
8.498724358377781479e-03
8.467908753320504620e-03
8.436949420747640732e-03
8.405825387104520763e-03
8.374433660924910858e-03
8.342851000217138893e-03
8.311008994497517260e-03
8.278953590877588531e-03
8.246635535920025795e-03
8.214088764547714666e-03
8.181387829482454979e-03
8.148617154724110620e-03
8.115735372994658386e-03
8.082745737174792250e-03
8.049547886108588193e-03
8.016170942578523459e-03
7.982598738505906205e-03
7.948882779735426396e-03
7.914900225626509550e-03
7.880654031960244305e-03
7.846160701853753527e-03
7.811455544101503570e-03
7.776594856115173066e-03
7.741560704356512980e-03
7.706394143645871331e-03
7.671015995312439884e-03
7.635464578631447237e-03
7.599842223864424276e-03
7.564111987123323284e-03
7.528254972760598483e-03
7.492180021830252210e-03
7.455980261285078715e-03
7.419661734813431594e-03
7.383106066925373620e-03
7.346488896137485375e-03
7.309765124352640350e-03
7.272912248563242338e-03
7.235949084244992259e-03
7.198912577600594977e-03
7.161891682935752311e-03
7.124669872190928128e-03
7.087386284839107368e-03
7.050071089852477657e-03
7.012666991024556554e-03
6.975137810681572396e-03
6.937463071578853571e-03
6.899642240833720255e-03
6.861742858455394112e-03
6.823873059637792365e-03
6.786038608014267719e-03
