9.854149662867619716e-03
9.859440578542977979e-03
9.864604196254206370e-03
9.869711774774803104e-03
9.874767854167283351e-03
9.879754600850531795e-03
9.884743410311858797e-03
9.889714257238132675e-03
9.894667528976169510e-03
9.899562959132227405e-03
9.904400431954918718e-03
9.909194963761637845e-03
9.913977548441001847e-03
9.918724064115456290e-03
9.923439017383080263e-03
9.928133141490540214e-03
9.932869897512507443e-03
9.937531113899658250e-03
9.942136509773607730e-03
9.946640845742048959e-03
9.951155254775483419e-03
9.955570189826729380e-03
9.959995128319696148e-03
9.964341511498577691e-03
9.968650417849013110e-03
9.972861755265211015e-03
9.976998771992755255e-03
9.981034544517890586e-03
9.985002616924112256e-03
9.988876609104075169e-03
9.992601887050178364e-03
9.996317812090284999e-03
1.000005308086832079e-02
1.000381896664242522e-02
1.000759379146281929e-02
1.001141396237372957e-02
1.001527068776638003e-02
1.001899088138134657e-02
1.002264344503955157e-02
1.002630381286313821e-02
1.002988715870129117e-02
1.003342918905445955e-02
1.003694405997228659e-02
1.004041979582067159e-02
1.004384300037052501e-02
1.004730020349511692e-02
1.005090793817188521e-02
1.005458069538150111e-02
1.005830932343569281e-02
1.006196418498524030e-02
1.006569680441451141e-02
1.006950280795930290e-02
1.007334756730991418e-02
1.007713030946045737e-02
1.008102625775996082e-02
1.008500351763607153e-02
1.008909174633989235e-02
1.009339510729361129e-02
1.009778472717182476e-02
1.010225995403772267e-02
1.010684529011023243e-02
1.011142849599079921e-02
1.011603411011107942e-02
1.012067394654899734e-02
1.012525067121414907e-02
1.012973203699899828e-02
1.013431917422343183e-02
1.013902598286139933e-02
1.014386424681355987e-02
1.014877798314833476e-02
1.015381535651326862e-02
1.015880443007959565e-02
1.016388795440594829e-02
1.016904432827903451e-02
1.017412627993850849e-02
1.017926390941580571e-02
1.018447261164528300e-02
1.018978170136602447e-02
1.019514627253678349e-02
1.020058212220403826e-02
1.020612505203441836e-02
1.021177876952110951e-02
1.021749806760459400e-02
1.022330163205053578e-02
1.022919626955776616e-02
1.023512709683287170e-02
1.024117661713130380e-02
1.024729663940040884e-02
1.025342862641823866e-02
1.025960450314997163e-02
1.026589620671102508e-02
1.027229576405107835e-02
1.027881562307850737e-02
1.028537018402662061e-02
1.029197063641162924e-02
1.029857743324435332e-02
1.030520222219663551e-02
1.031188436412855923e-02
1.031872123764200795e-02
1.032568276138746098e-02
1.033263807766844622e-02
1.033965558499213254e-02
1.034674125263810446e-02
1.035395003341526947e-02
1.036130829859333892e-02
1.036874248892085022e-02
1.037624640102882342e-02
1.038381877674064702e-02
1.039147207495784431e-02
1.039919039829451282e-02
1.040698884099006821e-02
1.041487805454310335e-02
1.042285968404594969e-02
1.043089607968973077e-02
1.043901670828542225e-02
1.044719685055329680e-02
1.045551528361037853e-02
1.046399290262960656e-02
1.047256134617874888e-02
1.048116697049576371e-02
1.048988311583135165e-02
1.049879892648813984e-02
1.050784781330185366e-02
1.051692105338811363e-02
1.052607668216397514e-02
1.053533625784011316e-02
1.054468579777841433e-02
1.055413481256111015e-02
1.056363789876087547e-02
1.057329230241515344e-02
1.058307798689433685e-02
1.059291868561472796e-02
1.060279858999781978e-02
1.061276325220176543e-02
1.062272206648186626e-02
1.063267306765117680e-02
1.064265406351813485e-02
1.065269014475843726e-02
1.066278576683046646e-02
1.067287353031024996e-02
1.068303866637068320e-02
1.069331601186795412e-02
1.070364725828071815e-02
1.071413617079897476e-02
1.072462221755432835e-02
1.073508716544016757e-02
1.074564351682840042e-02
1.075620757376700987e-02
1.076676776003962152e-02
1.077740531091745876e-02
1.078809110145491357e-02
1.079877901496332018e-02
1.080954949714718963e-02
1.082042383720838857e-02
1.083137948561291482e-02
1.084238439065106190e-02
1.085342294118988617e-02
1.086451448129064322e-02
1.087562769686232882e-02
1.088673595323077191e-02
1.089789548078116607e-02
1.090911169245356756e-02
1.092034278065793541e-02
1.093162856128448122e-02
1.094300938199002475e-02
1.095441302382500065e-02
1.096584415456644361e-02
1.097734694834902498e-02
1.098889907140622631e-02
1.100049505303007588e-02
1.101219097616824849e-02
1.102390992844346461e-02
1.103569936275079939e-02
1.104753386508666030e-02
1.105939935344349076e-02
1.107133055151271819e-02
1.108323622564687076e-02
1.109515819680020367e-02
1.110716030412547441e-02
1.111916381340049415e-02
1.113118399820388522e-02
1.114324241114197402e-02
1.115534930688225415e-02
1.116746750013026396e-02
1.117968032455526201e-02
1.119198596348558450e-02
1.120428882395153695e-02
1.121660565951128688e-02
1.122899869310922151e-02
1.124150019459360141e-02
1.125402826155998300e-02
1.126654054710739608e-02
1.127909399229574949e-02
1.129167763674053179e-02
1.130427283692425275e-02
1.131686149683132879e-02
1.132949048219337833e-02
1.134219908942045961e-02
1.135489939531163055e-02
1.136765239114755598e-02
1.138039876048606291e-02
1.139316857023469666e-02
1.140595164504907069e-02
1.141878657519112758e-02
1.143168019753696557e-02
1.144456220508263504e-02
1.145743268879104680e-02
1.147031658586493072e-02
1.148322159323258117e-02
1.149624078406163985e-02
1.150928576999010397e-02
1.152237493716645571e-02
1.153554280407668477e-02
1.154876419080659404e-02
1.156203290282483559e-02
1.157530614186469929e-02
1.158869968517856411e-02
1.160225248946664817e-02
1.161591319215297957e-02
1.162953991307762516e-02
1.164322654321224733e-02
1.165695456190395628e-02
1.167079923686881009e-02
1.168465338318544662e-02
1.169847776609165765e-02
1.171225708226265524e-02
1.172607061773356558e-02
1.173988891560880619e-02
1.175373752698299738e-02
1.176762390521075667e-02
1.178150351640124167e-02
1.179531798003875982e-02
1.180909506050514292e-02
1.182290045759740345e-02
1.183668451332422697e-02
1.185050460157379380e-02
1.186436156860297929e-02
1.187828076331869445e-02
1.189222011386423423e-02
1.190616275933656897e-02
1.192011423510924706e-02
1.193407580129884904e-02
1.194811969237468026e-02
1.196216488279754249e-02
1.197622815156073120e-02
1.199023623989217517e-02
1.200422327483556019e-02
1.201821639136108413e-02
1.203227114280533069e-02
1.204634390275107977e-02
1.206039227558262927e-02
1.207445096472952416e-02
1.208847290141023059e-02
1.210251833066463070e-02
1.211658092819911138e-02
1.213062973558335159e-02
1.214471313775896365e-02
1.215881174755430692e-02
1.217292861589139123e-02
1.218712204008286400e-02
1.220138640801868464e-02
1.221568156797874123e-02
1.223000078741406406e-02
1.224436508953544514e-02
1.225885297533787881e-02
1.227334277222372205e-02
1.228793024646641918e-02
1.230264077801235950e-02
1.231735177127053424e-02
1.233207763545632503e-02
1.234682093046444648e-02
1.236163698459527040e-02
1.237652364707164145e-02
1.239163579023049543e-02
1.240680737786936487e-02
1.242199311994123846e-02
1.243715351741723867e-02
1.245231886224112614e-02
1.246748866166118817e-02
1.248272667636927784e-02
1.249797304112801322e-02
1.251317900714411964e-02
1.252842884573775011e-02
1.254368255391961895e-02
1.255900928980189200e-02
1.257438315654465719e-02
1.258980413992148370e-02
1.260531340991980637e-02
1.262082593432115908e-02
1.263642771489658680e-02
1.265204179788283895e-02
1.266755780689668605e-02
1.268305810131266365e-02
1.269861424566468000e-02
1.271417154365062259e-02
1.272980467323646912e-02
1.274547209497878253e-02
1.276112607145393936e-02
1.277676697039353479e-02
1.279243349112878063e-02
1.280825527348774737e-02
1.282418052163508335e-02
1.284023352827324757e-02
1.285638561766684618e-02
1.287251524611828651e-02
1.288868489221654291e-02
1.290490079705218507e-02
1.292116630426673983e-02
1.293755249124675481e-02
1.295392962030358919e-02
1.297034794348967020e-02
1.298670706232058630e-02
1.300306408598674891e-02
1.301950561247583460e-02
1.303608331906963048e-02
1.305267901217863416e-02
1.306925816297035969e-02
1.308594939559218177e-02
1.310277577065172526e-02
1.311969822712164002e-02
1.313675085281516136e-02
1.315394541169439060e-02
1.317115082016444109e-02
1.318842687405497212e-02
1.320574961045797857e-02
1.322316722290496627e-02
1.324067365007567526e-02
1.325827272793224376e-02
1.327597331307235097e-02
1.329375481037134085e-02
1.331164611801419553e-02
1.332959687056816875e-02
1.334754040859906232e-02
1.336543741974596973e-02
1.338338639270321428e-02
1.340142457527531382e-02
1.341953206124158089e-02
1.343768256188869296e-02
1.345578836654990999e-02
1.347400773258966740e-02
1.349230349583759384e-02
1.351067308174143909e-02
1.352911623767434450e-02
1.354771165043707273e-02
1.356634443042009294e-02
1.358507796325489868e-02
1.360398828057358435e-02
1.362304668594777404e-02
1.364220023421923444e-02
1.366152646243473309e-02
1.368089250179829915e-02
1.370027249599378195e-02
1.371979854903890642e-02
1.373945019514017339e-02
1.375916425171600475e-02
1.377892888280995119e-02
1.379874675264386452e-02
1.381858513353718086e-02
1.383833852790904324e-02
1.385805478225234783e-02
1.387791408978918811e-02
1.389779006466342580e-02
1.391791415619047199e-02
1.393809344970445632e-02
1.395834948358527956e-02
1.397864397494805351e-02
1.399902792639702749e-02
1.401943757163599813e-02
1.403980808126664703e-02
1.406011824885904787e-02
1.408047104184550688e-02
1.410081686258925389e-02
1.412123377279045702e-02
1.414167767009323270e-02
1.416205996308566098e-02
1.418259136024539041e-02
1.420306667855293116e-02
1.422358288749260222e-02
1.424412631934766048e-02
1.426476835284624586e-02
1.428539726526777999e-02
1.430617319014068980e-02
1.432703811252535910e-02
1.434801961056675172e-02
1.436899872719042681e-02
1.438994519674996302e-02
1.441082296646073457e-02
1.443171705474587986e-02
1.445279054431533247e-02
1.447401148002664187e-02
1.449528880153608777e-02
1.451658138325993656e-02
1.453786836149582352e-02
1.455929834593492830e-02
1.458085002582018390e-02
1.460239310302793338e-02
1.462391734013483713e-02
1.464542978568898757e-02
1.466700748614096703e-02
1.468866578792594503e-02
1.471026823805047026e-02
1.473182850595570158e-02
1.475345386925033288e-02
1.477524721216362698e-02
1.479712698493409508e-02
1.481908999308214313e-02
1.484108315177188296e-02
1.486306689213561481e-02
1.488508465521589871e-02
1.490701267626806138e-02
1.492904166486173044e-02
1.495127175133472049e-02
1.497383265699372794e-02
1.499648593872543803e-02
1.501929447087216492e-02
1.504217227925351737e-02
1.506516001092794363e-02
1.508823011534112836e-02
1.511126968423687385e-02
1.513433743827181759e-02
1.515767368249684374e-02
1.518112778836140306e-02
1.520478757905034499e-02
1.522842592706444287e-02
1.525224296417927033e-02
1.527614096389213159e-02
1.529992480644091872e-02
1.532354938973990062e-02
1.534707521447354998e-02
1.537065346747190989e-02
1.539422416839286711e-02
1.541774070499387327e-02
1.544121763263452130e-02
1.546464913184381930e-02
1.548798722938433438e-02
1.551118953740023357e-02
1.553411419987339899e-02
1.555674244999063864e-02
1.557910362523176606e-02
1.560149380837380639e-02
1.562375710105264048e-02
1.564598745890551090e-02
1.566799736102247875e-02
1.568990690000554925e-02
1.571150663568462655e-02
1.573278851396186021e-02
1.575389529617347850e-02
1.577491289097208982e-02
1.579556882369019533e-02
1.581609820371496916e-02
1.583661576136306467e-02
1.585686387672820621e-02
1.587696231089353108e-02
1.589684926727636879e-02
1.591638701164259720e-02
1.593551662481225081e-02
1.595424172870440679e-02
1.597258489203718171e-02
1.599053933850456966e-02
1.600825765645526311e-02
1.602599419005286061e-02
1.604365353019346699e-02
1.606122627881294979e-02
1.607847275552991978e-02
1.609524269241221009e-02
1.611162292800345439e-02
1.612764413340325026e-02
1.614324387399521457e-02
1.615852926205971554e-02
1.617361155688068486e-02
1.618838104317265464e-02
1.620258352571841282e-02
1.621633813942273752e-02
1.622975356772400277e-02
1.624273863021606645e-02
1.625526258057169784e-02
1.626738124092073565e-02
1.627900749077763193e-02
1.629004811126163327e-02
1.630054328383902934e-02
1.631055158582441628e-02
1.632011993683739684e-02
1.632936778411749751e-02
1.633815885487267805e-02
1.634654051901052174e-02
1.635426797334247478e-02
1.636137570315953499e-02
1.636768446345254757e-02
1.637326025913227526e-02
1.637828331931020717e-02
1.638257618654934480e-02
1.638631728029494791e-02
1.638941121386051566e-02
1.639176842660487743e-02
1.639338158394252828e-02
1.639435384062040355e-02
1.639475370367606336e-02
1.639416268690602196e-02
1.639262365615251280e-02
1.639049175035577760e-02
