1.474548546329510976e-02
1.475197348025153454e-02
1.475851144015903268e-02
1.476498072026394097e-02
1.477141562328485036e-02
1.477783083779247303e-02
1.478419592440546534e-02
1.479057723194784554e-02
1.479688995711711010e-02
1.480313443056992077e-02
1.480927738251253817e-02
1.481513495145972241e-02
1.482103284478420921e-02
1.482677798119805788e-02
1.483240152088826508e-02
1.483796748385579969e-02
1.484338848211496330e-02
1.484876178088754065e-02
1.485407651247632604e-02
1.485932120089656500e-02
1.486448926491673247e-02
1.486963068068290067e-02
1.487471307143297707e-02
1.487970602278963946e-02
1.488463438659710578e-02
1.488953433117591423e-02
1.489445662159219995e-02
1.489932464681011266e-02
1.490412257454039324e-02
1.490881197834048252e-02
1.491345108309771218e-02
1.491803178492171790e-02
1.492252836156959285e-02
1.492693130202797820e-02
1.493123503945273031e-02
1.493542332295274243e-02
1.493951874107696601e-02
1.494346261196798260e-02
1.494728005820323072e-02
1.495105433197352687e-02
1.495464517924237693e-02
1.495804644212224768e-02
1.496135738184579088e-02
1.496457363779746426e-02
1.496765833507750221e-02
1.497058578334468232e-02
1.497341250333276974e-02
1.497607623933334964e-02
1.497853365118206534e-02
1.498087664806634425e-02
1.498305391526262922e-02
1.498513908660351751e-02
1.498716749622357874e-02
1.498910055084305866e-02
1.499088637013014022e-02
1.499248580123225920e-02
1.499386284439048304e-02
1.499504631846674749e-02
1.499609774241297822e-02
1.499700244317819266e-02
1.499775590581166676e-02
1.499843149298166721e-02
1.499897884615300145e-02
1.499935885127245093e-02
1.499956507713263477e-02
1.499960235468340668e-02
1.499940418960319689e-02
1.499898647022476425e-02
1.499842096154547187e-02
1.499767950515449796e-02
1.499677894945289705e-02
1.499576628001926364e-02
1.499461630141960683e-02
1.499326330480358835e-02
1.499178109299651590e-02
1.499022925791605731e-02
1.498853965713058817e-02
1.498672523668902190e-02
1.498473912008204019e-02
1.498261717601299947e-02
1.498023281557556326e-02
1.497758361424162375e-02
1.497487459164276169e-02
1.497221388156017539e-02
1.496948723715993412e-02
1.496673497139508653e-02
1.496386550789038580e-02
1.496085008943174970e-02
1.495769906121850387e-02
1.495438168123439625e-02
1.495097890474887323e-02
1.494750643040899767e-02
1.494385171855212337e-02
1.494005709409301427e-02
1.493613398300837510e-02
1.493222558032523094e-02
1.492828571525128128e-02
1.492437696078738676e-02
1.492045421527882047e-02
1.491640020338703444e-02
1.491223071946414826e-02
1.490794133952234868e-02
1.490340686022310554e-02
1.489874294931867009e-02
1.489391556986598836e-02
1.488902535400798803e-02
1.488403640329514534e-02
1.487887950098501499e-02
1.487364433220021188e-02
1.486841676679418606e-02
1.486301376410344849e-02
1.485744531970209677e-02
1.485176318760852120e-02
1.484597332826468642e-02
1.484003332406850194e-02
1.483407088479633991e-02
1.482809043271159782e-02
1.482205694235006616e-02
1.481590818214514362e-02
1.480958666525931076e-02
1.480314615896598240e-02
1.479654005016029991e-02
1.478979138910344916e-02
1.478288448145940667e-02
1.477594557211362944e-02
1.476891645169852926e-02
1.476166693460826719e-02
1.475416844296796072e-02
1.474647828470703088e-02
1.473873214760988183e-02
1.473077457821123440e-02
1.472271572958276306e-02
1.471452895993702673e-02
1.470620720865500539e-02
1.469776326012166637e-02
1.468926262358626056e-02
1.468071086675514121e-02
1.467206542113985886e-02
1.466326017868790563e-02
1.465425770061566310e-02
1.464515362515894994e-02
1.463593514034215032e-02
1.462673137470444154e-02
1.461746289261748113e-02
1.460814580184589470e-02
1.459874350856962995e-02
1.458924058573705766e-02
1.457966199857271133e-02
1.456992601323357089e-02
1.456015429369547642e-02
1.455030639422538914e-02
1.454042955389097530e-02
1.453051518294782261e-02
1.452062136013905318e-02
1.451078410203664702e-02
1.450089000116588575e-02
1.449105394756766349e-02
1.448118124626140979e-02
1.447124437169676654e-02
1.446117999256118711e-02
1.445095438273749817e-02
1.444070685904239731e-02
1.443049581320040957e-02
1.442030360530379036e-02
1.441009604752313371e-02
1.439985084661563053e-02
1.438956816769406191e-02
1.437933840634020126e-02
1.436906389252573871e-02
1.435878905883221368e-02
1.434851122163809632e-02
1.433825445593844665e-02
1.432802894871747570e-02
1.431781924102186812e-02
1.430763933726051686e-02
1.429742510642321128e-02
1.428719832227260712e-02
1.427691272305348959e-02
1.426655261054990409e-02
1.425606298625580956e-02
1.424554126239940474e-02
1.423507664600912395e-02
1.422471743753033271e-02
1.421433542667507530e-02
1.420389270518763319e-02
1.419344187334327552e-02
1.418295979207341746e-02
1.417243547685171148e-02
1.416191609000933167e-02
1.415140544789320054e-02
1.414080193393472094e-02
1.413015269020319320e-02
1.411942104786649207e-02
1.410865840398901373e-02
1.409784466848422631e-02
1.408702850435584325e-02
1.407617608913497992e-02
1.406530851199135936e-02
1.405440721627488482e-02
1.404340658905582628e-02
1.403228785532997791e-02
1.402100020713637103e-02
1.400964155117933110e-02
1.399828649925056144e-02
1.398691561783470955e-02
1.397549223551303003e-02
1.396406937396481307e-02
1.395261933692257608e-02
1.394111986821844340e-02
1.392956602136672349e-02
1.391793867669567815e-02
1.390627950017781986e-02
1.389451903149702301e-02
1.388265040446210775e-02
1.387069521565204543e-02
1.385869750685272267e-02
1.384673857369008408e-02
1.383472442215843805e-02
1.382266255454270634e-02
1.381056071001938307e-02
1.379843734177364431e-02
1.378626637901510764e-02
1.377399769320248983e-02
1.376169492992305142e-02
1.374933018037510779e-02
1.373688210556424372e-02
1.372435456279224968e-02
1.371182063871314270e-02
1.369923725236376656e-02
1.368660181043885107e-02
1.367390992796548368e-02
1.366114760193586075e-02
1.364827048340259627e-02
1.363523886964015421e-02
1.362214632387369340e-02
1.360901182588175780e-02
1.359578673518580666e-02
1.358245818042566957e-02
1.356908836514619798e-02
1.355567544950389558e-02
1.354229392350361945e-02
1.352886546786047535e-02
1.351534175033518650e-02
1.350170273397477069e-02
1.348797621118287549e-02
1.347412756313400711e-02
1.346018174599951552e-02
1.344618733968784736e-02
1.343207525829657675e-02
1.341785152423885345e-02
1.340346198160113043e-02
1.338898445389886428e-02
1.337440790983093764e-02
1.335967035623118054e-02
1.334482227363717986e-02
1.332995306393631486e-02
1.331499128998570557e-02
1.329990084446601266e-02
1.328477656860978587e-02
1.326965877784892604e-02
1.325448869602204385e-02
1.323924308598442914e-02
1.322382320328917976e-02
1.320831600842862705e-02
1.319272950468426686e-02
1.317704177802302493e-02
1.316124812149129311e-02
1.314534731005356782e-02
1.312938583955445757e-02
1.311326345501302205e-02
1.309702199435832694e-02
1.308071553622855085e-02
1.306417299285360378e-02
1.304746633842399431e-02
1.303063147596972282e-02
1.301367710543612638e-02
1.299667634834274742e-02
1.297957598782802612e-02
1.296239587078202443e-02
1.294502662653268868e-02
1.292746169529590365e-02
1.290977816679447429e-02
1.289192860376073280e-02
1.287396304862297239e-02
1.285585465966933467e-02
1.283753846281212273e-02
1.281913041561315997e-02
1.280056215394566148e-02
1.278189843548318584e-02
1.276306446246660078e-02
1.274410357861687111e-02
1.272506901787804831e-02
1.270593371441815569e-02
1.268662202723891408e-02
1.266712439418726972e-02
1.264745783605193512e-02
1.262766689647757713e-02
1.260772529774396335e-02
1.258766455181884077e-02
1.256730508686204270e-02
1.254663379489126540e-02
1.252576457866567093e-02
1.250471431991603474e-02
1.248347120548049666e-02
1.246209009564241965e-02
1.244056515506078951e-02
1.241889438839833236e-02
1.239707930626991923e-02
1.237510710882473199e-02
1.235297871369427786e-02
1.233067542950850269e-02
1.230823482082557194e-02
1.228568004958951500e-02
1.226292473490019769e-02
1.224004079821873654e-02
1.221703630186091530e-02
1.219388844687215381e-02
1.217062870359173626e-02
1.214733307595350191e-02
1.212401280741555974e-02
1.210058267739381327e-02
1.207706338189126760e-02
1.205339981467980909e-02
1.202956089942213737e-02
1.200553764868053132e-02
1.198135559169809065e-02
1.195710178979156324e-02
1.193274247184730741e-02
1.190828514270992830e-02
1.188370812046883260e-02
1.185904819770989757e-02
1.183432151409943150e-02
1.180948448719271009e-02
1.178455842505244343e-02
1.175956736379351296e-02
1.173456505252908587e-02
1.170951783857783479e-02
1.168430404094878902e-02
1.165889116023080714e-02
1.163334531992878118e-02
1.160774932605449991e-02
1.158207947116936254e-02
1.155622375744091469e-02
1.153025106976940384e-02
1.150412944445759929e-02
1.147792221603785405e-02
1.145144339405893517e-02
1.142477772273517087e-02
1.139803597141467693e-02
1.137124666071635294e-02
1.134438605853436803e-02
1.131738836603892774e-02
1.129027925670431608e-02
1.126305144161507919e-02
1.123567773534833204e-02
1.120827226354393497e-02
1.118076800205367559e-02
1.115314293519826909e-02
1.112538346840040611e-02
1.109757296274504167e-02
1.106965489786214916e-02
1.104164772016049019e-02
1.101353624644502670e-02
1.098535268732772976e-02
1.095714266313515747e-02
1.092880013925205326e-02
1.090033832239697791e-02
1.087180276770550146e-02
1.084315172643316762e-02
1.081437117337032648e-02
1.078548624168340284e-02
1.075649350101162693e-02
1.072746347473282381e-02
1.069837339393496858e-02
1.066916407840457631e-02
1.063988445810643002e-02
1.061052687324103017e-02
1.058107365168909492e-02
1.055155758097386064e-02
1.052190558393906530e-02
1.049209610380201496e-02
1.046213715901367358e-02
1.043203494872629693e-02
1.040184764610822300e-02
1.037157162073954440e-02
1.034119202191407377e-02
1.031078311532794903e-02
1.028035245813752746e-02
1.024976894007307779e-02
1.021901713474983320e-02
1.018815776905394183e-02
1.015716834248941644e-02
1.012604158448292095e-02
1.009474664410385351e-02
1.006337647775827626e-02
1.003191289183268976e-02
1.000035779115950214e-02
9.968719282411036414e-03
9.937037576799834585e-03
9.905313677625825902e-03
9.873537767987255326e-03
9.841633558936741313e-03
9.809602419101054807e-03
9.777465922911206600e-03
9.745301546965293854e-03
9.713098698489125785e-03
9.680891844795393858e-03
9.648616726095083848e-03
9.616332704972082451e-03
9.584071601471731358e-03
9.551828324264183268e-03
9.519520257501598234e-03
9.487137240463423132e-03
9.454758394132805124e-03
9.422320078648079023e-03
9.389834511849643947e-03
9.357338603428697402e-03
9.324818400277705421e-03
9.292291726473327074e-03
9.259657653859209095e-03
9.226989063789631240e-03
9.194270559572106580e-03
9.161534862400500662e-03
9.128761077856258760e-03
9.095900789419299540e-03
9.063057691794371151e-03
9.030198469989193094e-03
8.997263044197774048e-03
8.964236936537937905e-03
8.931087678981557490e-03
8.897890068432291397e-03
8.864671120053940062e-03
8.831419587781564814e-03
8.798141550334518182e-03
8.764833075695326395e-03
8.731497078294481531e-03
8.698059562428115538e-03
8.664549753401536158e-03
8.631036288930814954e-03
8.597556290433031045e-03
8.564043985513815002e-03
8.530528127251342171e-03
8.496957954082201558e-03
8.463312660600675469e-03
8.429669836468587849e-03
8.396051692820300991e-03
8.362450981627862767e-03
8.328851487849148194e-03
8.295191416969303205e-03
8.261421944273513243e-03
8.227607039515567530e-03
8.193767694880296770e-03
8.159874981597856070e-03
8.125914316798807380e-03
8.091887769155229823e-03
8.057834556892544062e-03
8.023725379727054269e-03
7.989549286532849834e-03
7.955404410875931490e-03
7.921274228929296377e-03
7.887083445096424589e-03
7.852767113978234917e-03
7.818423423335198186e-03
7.784044255872315035e-03
7.749669011434350691e-03
7.715220607711468885e-03
7.680698567737768816e-03
7.646211006568374297e-03
7.611727065758674970e-03
7.577247342997126857e-03
7.542726066787906400e-03
7.508209927548289975e-03
7.473658839921121580e-03
7.439106341482994676e-03
7.404532881630077230e-03
7.369968475857474263e-03
7.335461058579800450e-03
7.300962777346063637e-03
7.266472629752221239e-03
7.232007911476318399e-03
7.197543269354239256e-03
7.163086829249167529e-03
7.128598594052256050e-03
7.094074193434650802e-03
7.059566531327032476e-03
7.025100928692081838e-03
6.990625857005669866e-03
6.956142703408459312e-03
6.921694377499824739e-03
6.887235557253502255e-03
6.852741441951500437e-03
6.818217712727637006e-03
6.783715388170797646e-03
6.749198852911766043e-03
6.714622709891999303e-03
6.680028214646193362e-03
6.645427014953990061e-03
6.610807245271041986e-03
6.576159945103620189e-03
6.541514662488791265e-03
