1.559358436914523062e-02
1.550663238252985437e-02
1.542052296520810342e-02
1.533535404843006274e-02
1.525108922207989333e-02
1.516787227915229394e-02
1.508562602985465476e-02
1.500417554250665572e-02
1.492366003959376929e-02
1.484398458563357566e-02
1.476519806462429051e-02
1.468748692211421444e-02
1.461067580534233280e-02
1.453473698433429238e-02
1.445968109186261327e-02
1.438528081017655981e-02
1.431166459461939884e-02
1.423898583234831615e-02
1.416732535223831808e-02
1.409627597227576870e-02
1.402591900627362352e-02
1.395622111241693122e-02
1.388734679075038364e-02
1.381909875631969452e-02
1.375163065863569366e-02
1.368498351054845720e-02
1.361932939565065753e-02
1.355484231742906144e-02
1.349124064607908069e-02
1.342833216173955693e-02
1.336622083019849833e-02
1.330474422364663276e-02
1.324386459128901357e-02
1.318377966801763564e-02
1.312455643433129392e-02
1.306620467326986314e-02
1.300885791003881901e-02
1.295234930924997994e-02
1.289660542109837861e-02
1.284175139700119081e-02
1.278765976579831869e-02
1.273416836386632306e-02
1.268163784161965846e-02
1.263031500165267065e-02
1.258008081675571557e-02
1.253089896669811430e-02
1.248274170412663753e-02
1.243578958905192273e-02
1.238975971366199254e-02
1.234469097861356536e-02
1.230017700633280302e-02
1.225630323524578083e-02
1.221341082645063629e-02
1.217134645939572761e-02
1.213009987014482607e-02
1.208979921086741037e-02
1.205043682844610803e-02
1.201223053004942497e-02
1.197476734027451764e-02
1.193816735660024712e-02
1.190238600566282529e-02
1.186741021394134392e-02
1.183331702982634570e-02
1.179992380221098203e-02
1.176713097978381202e-02
1.173506241254029629e-02
1.170378076317769855e-02
1.167325069413963946e-02
1.164322665955341146e-02
1.161367267337465488e-02
1.158447046436128676e-02
1.155582536949075270e-02
1.152767947960554699e-02
1.150003376854234066e-02
1.147314824826799542e-02
1.144689884078699781e-02
1.142135317910077802e-02
1.139646221094589053e-02
1.137222630144036316e-02
1.134850378023712428e-02
1.132537147718400312e-02
1.130291199458255923e-02
1.128111655623598338e-02
1.125984797651676146e-02
1.123887433345800019e-02
1.121835145461500156e-02
1.119827716560767641e-02
1.117854605049546819e-02
1.115912774151422461e-02
1.113991122114845259e-02
1.112102995524601699e-02
1.110242434938359460e-02
1.108418865679480433e-02
1.106656567304445567e-02
1.104930656972728277e-02
1.103245356527529641e-02
1.101576365846020436e-02
1.099950437239834503e-02
1.098353273305763267e-02
1.096782588616752874e-02
1.095244085776928347e-02
1.093743196991296858e-02
1.092273183799381125e-02
1.090834002999185350e-02
1.089419350424259726e-02
1.088023297485836254e-02
1.086670690208171863e-02
1.085336819614926389e-02
1.084023950450946176e-02
1.082744835873083664e-02
1.081496254921189559e-02
1.080273179167519533e-02
1.079082264392219881e-02
1.077922737626071416e-02
1.076795829341874872e-02
1.075696414781728699e-02
1.074623229932952263e-02
1.073572306171972912e-02
1.072536303610708251e-02
1.071528177911660121e-02
1.070548837814819243e-02
1.069597418687508183e-02
1.068666184117703956e-02
1.067759104749778191e-02
1.066871059490212374e-02
1.066002692925496417e-02
1.065162078262154623e-02
1.064340108414999105e-02
1.063535183088783892e-02
1.062750968967327361e-02
1.061991141437356595e-02
1.061246686979388197e-02
1.060519857593760461e-02
1.059813631556094649e-02
1.059124756602711909e-02
1.058457776244958216e-02
1.057805028630223049e-02
1.057161616952158843e-02
1.056538725079517529e-02
1.055930704112937116e-02
1.055346259289531574e-02
1.054782132439499760e-02
1.054241737776073599e-02
1.053714204950782773e-02
1.053199385615401044e-02
1.052708186670616580e-02
1.052240394455968182e-02
1.051797014650538223e-02
1.051370205642184266e-02
1.050955763909618840e-02
1.050560738060213155e-02
1.050186207529531235e-02
1.049823730253197918e-02
1.049478140651443313e-02
1.049142406461121314e-02
1.048811567191067044e-02
1.048500262487065023e-02
1.048209003331130457e-02
1.047937460952682795e-02
1.047687147798779563e-02
1.047456271544349241e-02
1.047240328991645708e-02
1.047039272191141977e-02
1.046847968835230500e-02
1.046668432184321568e-02
1.046500067735416095e-02
1.046349819208316351e-02
1.046211333129068617e-02
1.046095979678734501e-02
1.045988403778509365e-02
1.045888367464451775e-02
1.045804852445969546e-02
1.045728628687054608e-02
1.045664191792636255e-02
1.045609632333668881e-02
1.045567719602788839e-02
1.045543176509824458e-02
1.045526277033777610e-02
1.045517808327184328e-02
1.045526738702900159e-02
1.045541677453930805e-02
1.045577371064374504e-02
1.045625281694745334e-02
1.045684498832138119e-02
1.045761732726671611e-02
1.045849639545663040e-02
1.045947869900989632e-02
1.046065355844283742e-02
1.046195046984481868e-02
1.046332106002180462e-02
1.046475288505312878e-02
1.046629359344724078e-02
1.046798375832827532e-02
1.046986797491159839e-02
1.047189241395273841e-02
1.047400287470347073e-02
1.047612832568981141e-02
1.047839326959846239e-02
1.048077630061396148e-02
1.048324743912729812e-02
1.048581109436096635e-02
1.048850048006512783e-02
1.049132735190313505e-02
1.049428879582845267e-02
1.049739703180329643e-02
1.050073711608016068e-02
1.050419332637241888e-02
1.050783727592871121e-02
1.051158649598189949e-02
1.051538634066902581e-02
1.051923976768589022e-02
1.052320980764995598e-02
1.052740598443656882e-02
1.053183962810179918e-02
1.053645255126448715e-02
1.054116297578587547e-02
1.054593860282596919e-02
1.055089544501984673e-02
1.055589957488824171e-02
1.056098978962294321e-02
1.056612370470917488e-02
1.057139405489804750e-02
1.057679528563188441e-02
1.058237353795671992e-02
1.058806206276874905e-02
1.059388196443406503e-02
1.059985511468362201e-02
1.060596128633991241e-02
1.061215620686880613e-02
1.061845455589558243e-02
1.062484376835939014e-02
1.063145710234297998e-02
1.063822457772690619e-02
1.064509035427496642e-02
1.065215725823295476e-02
1.065929918644109228e-02
1.066657026226445863e-02
1.067403235869888306e-02
1.068170307297278479e-02
1.068948684003044429e-02
1.069728844519580481e-02
1.070519400987122657e-02
1.071329478904382154e-02
1.072153880721570841e-02
1.072993247813455210e-02
1.073864178831809152e-02
1.074758654964638044e-02
1.075663462199674854e-02
1.076591651818257535e-02
1.077552856070905507e-02
1.078524487885250231e-02
1.079504486196851930e-02
1.080490912245435885e-02
1.081485041074553392e-02
1.082487406239895401e-02
1.083498902335857175e-02
1.084533096815204316e-02
1.085574583459436755e-02
1.086635526165708604e-02
1.087717912452141125e-02
1.088813606559040081e-02
1.089919031014142080e-02
1.091043306757234939e-02
1.092185907798500291e-02
1.093330004457605982e-02
1.094485842925466482e-02
1.095649945783635018e-02
1.096828507310187995e-02
1.098021161632669121e-02
1.099227520692939650e-02
1.100447748515240472e-02
1.101680605120930467e-02
1.102925694201621273e-02
1.104191750293322810e-02
1.105472283914202616e-02
1.106765634910243656e-02
1.108075250824395140e-02
1.109389546279326670e-02
1.110716131411351899e-02
1.112064365539137609e-02
1.113424739373762400e-02
1.114796184111761443e-02
1.116181359065787811e-02
1.117583776756920014e-02
1.119006065927159038e-02
1.120440477781023403e-02
1.121887292864738074e-02
1.123351655977145036e-02
1.124828641136943648e-02
1.126312597574858840e-02
1.127812392876329471e-02
1.129324491526275190e-02
1.130848180058586887e-02
1.132393650512145133e-02
1.133951966545834744e-02
1.135524669436783519e-02
1.137107294870118648e-02
1.138706211087795947e-02
1.140321056498759013e-02
1.141957345239303680e-02
1.143611141500944228e-02
1.145276029622995309e-02
1.146945784118155558e-02
1.148623235018900700e-02
1.150320851629830880e-02
1.152044856221134776e-02
1.153778164359738241e-02
1.155519957573409445e-02
1.157279175638623037e-02
1.159056702458398369e-02
1.160847945464465146e-02
1.162655324946636377e-02
1.164479024215661629e-02
1.166319240927271572e-02
1.168162520680298896e-02
1.170012300420620981e-02
1.171876605300153744e-02
1.173750487725821155e-02
1.175626852989082767e-02
1.177527787068737182e-02
1.179441588892650092e-02
1.181376737643238285e-02
1.183315303975057686e-02
1.185266787390971965e-02
1.187243684439997886e-02
1.189244062486230144e-02
1.191250396943595649e-02
1.193277091762621686e-02
1.195327936604891235e-02
1.197382133351065914e-02
1.199451711051707260e-02
1.201544907976271476e-02
1.203656156958646251e-02
1.205784572258231796e-02
1.207911713302378155e-02
1.210046423937520717e-02
1.212186799323175176e-02
1.214336793577616355e-02
1.216506680177938289e-02
1.218698067714094752e-02
1.220913682290199198e-02
1.223149895513886073e-02
1.225393331326336994e-02
1.227660375454435633e-02
1.229951522958993085e-02
1.232250961929875176e-02
1.234553937546138160e-02
1.236874009674466916e-02
1.239204343661640638e-02
1.241555411980947710e-02
1.243918878464634996e-02
1.246293527204475789e-02
1.248677375852901179e-02
1.251081670431714206e-02
1.253516607680174935e-02
1.255972852692219949e-02
1.258448091472754923e-02
1.260940646994088317e-02
1.263459082595499126e-02
1.266002595559581265e-02
1.268569897573541654e-02
1.271137606513170551e-02
1.273712260374303823e-02
1.276296951749854997e-02
1.278892767571879370e-02
1.281510833790325266e-02
1.284139625773090231e-02
1.286780994785899877e-02
1.289445730250273273e-02
1.292123219547119777e-02
1.294817683944386906e-02
1.297545177014886204e-02
1.300299738683101392e-02
1.303080276003751835e-02
1.305879282613284231e-02
1.308695475721077112e-02
1.311534576494991465e-02
1.314391024067073852e-02
1.317264872277480736e-02
1.320161559819332461e-02
1.323075067334269876e-02
1.326013858064644876e-02
1.328960709363464880e-02
1.331909438560125239e-02
1.334872317677342907e-02
1.337848505979740213e-02
1.340854859331819943e-02
1.343881280015510327e-02
1.346937080086349839e-02
1.350022810491701905e-02
1.353131479747477633e-02
1.356246408988967360e-02
1.359379872952148384e-02
1.362531147617623839e-02
1.365692917790805629e-02
1.368877252210080539e-02
1.372076847087599395e-02
1.375282362787954432e-02
1.378508644057285445e-02
1.381777752563501278e-02
1.385082796824462295e-02
1.388411407498449726e-02
1.391744780733716186e-02
1.395081114528929495e-02
1.398424007431269336e-02
1.401784437305834789e-02
1.405162775878664345e-02
1.408552917041851031e-02
1.411966427079539704e-02
1.415400886751385853e-02
1.418852660969442334e-02
1.422320923858616179e-02
1.425817025100306959e-02
1.429339377646955331e-02
1.432894950472966833e-02
1.436467356475966926e-02
1.440058753571918544e-02
1.443669657944374532e-02
1.447294463711401927e-02
1.450926758871309494e-02
1.454575562606534068e-02
1.458235099655110466e-02
1.461919710288136880e-02
1.465625626492180270e-02
1.469363288664380859e-02
1.473107545880256511e-02
1.476864974381291058e-02
1.480626770287745385e-02
1.484408182903050426e-02
1.488208049981306659e-02
1.492030666834906656e-02
1.495867522733050972e-02
1.499724130997989735e-02
1.503606422253436076e-02
1.507514213322013255e-02
1.511436895860305239e-02
1.515357307132968179e-02
1.519293924251398364e-02
1.523275922893709868e-02
1.527281968903331996e-02
1.531324799209425082e-02
1.535395077895189246e-02
1.539499322549754863e-02
1.543621051316140108e-02
1.547755673987378372e-02
1.551903262376952766e-02
1.556076894501039025e-02
1.560252827356029513e-02
1.564442435906554865e-02
1.568664170054285753e-02
1.572908148097863085e-02
1.577170713630244095e-02
1.581465090484443503e-02
1.585764240233952793e-02
1.590070410409776328e-02
1.594394446481986818e-02
1.598758531248236150e-02
1.603134877297664879e-02
1.607530995202813978e-02
1.611948316337618106e-02
1.616387718082967426e-02
1.620875031532068716e-02
1.625371374869128555e-02
1.629895010721943080e-02
1.634454058631608017e-02
1.639049944074018328e-02
1.643658222792158258e-02
1.648279285686757301e-02
1.652923830319522405e-02
1.657597398034791475e-02
1.662293724818387011e-02
1.667017347494493054e-02
1.671767940413316361e-02
1.676543620841581747e-02
1.681343326970483748e-02
1.686193236692708208e-02
1.691065362703629213e-02
1.695939070234549900e-02
1.700865195634176236e-02
1.705818884768782809e-02
1.710781117013456670e-02
1.715778846857437742e-02
1.720814560231153506e-02
1.725873232088705189e-02
1.730960093822881546e-02
1.736104024490786255e-02
1.741286945642969014e-02
1.746530014937028655e-02
1.751814028379036423e-02
1.757144785014418467e-02
1.762516461997110789e-02
1.767916519182045204e-02
1.773381886234587368e-02
1.778844586400520414e-02
1.784325774658873653e-02
1.789856273747334955e-02
1.795441461777481235e-02
1.801037203609332643e-02
1.806636742422775346e-02
1.812278598090591789e-02
