8.451220219191505831e-03
8.453651586759286518e-03
8.456053878096170262e-03
8.458456620367690859e-03
8.460804517821775630e-03
8.463139850753878535e-03
8.465438643538414007e-03
8.467832850815726689e-03
8.470227604301628146e-03
8.472598669492665754e-03
8.474939824266837854e-03
8.477277557154126730e-03
8.479578476789552052e-03
8.481891709182304978e-03
8.484309589450294772e-03
8.486810301367166479e-03
8.489353990458881408e-03
8.491878269745985544e-03
8.494427279090430161e-03
8.497042522154066302e-03
8.499700863748283625e-03
8.502400649296467522e-03
8.505169111629415704e-03
8.507969358172155772e-03
8.510769707317613827e-03
8.513526279590569873e-03
8.516322963275462649e-03
8.519074681318962797e-03
8.521838880034741590e-03
8.524743115294917267e-03
8.527642983472997693e-03
8.530717585805147607e-03
8.533917550121871906e-03
8.537178959456119889e-03
8.540572430344469876e-03
8.544155875986076537e-03
8.547819160984676881e-03
8.551594602178880580e-03
8.555525420748317719e-03
8.559541745319428074e-03
8.563864155570652739e-03
8.568367756402895524e-03
8.572943924301129962e-03
8.577628324487638484e-03
8.582422807906844864e-03
8.587325498610302171e-03
8.592478839995252790e-03
8.597802955198670036e-03
8.603236300049141999e-03
8.608650948140785311e-03
8.614108055220432922e-03
8.619719671863243504e-03
8.625499004935947497e-03
8.631410592266179627e-03
8.637370251125561435e-03
8.643387331079041558e-03
8.649472482547469060e-03
8.655701172848044925e-03
8.662117803091661308e-03
8.668690442277663874e-03
8.675355062860859792e-03
8.682168068530241034e-03
8.689255438180004329e-03
8.696334509942683574e-03
8.703519826820398445e-03
8.710900556395451133e-03
8.718460764206995353e-03
8.726119728643984622e-03
8.733983280530648041e-03
8.742113444719199974e-03
8.750381843653568664e-03
8.758698064507951589e-03
8.767030674637755691e-03
8.775505447516190188e-03
8.783969321011301720e-03
8.792517165131691001e-03
8.801277611569156140e-03
8.810184033222230940e-03
8.819220975448663694e-03
8.828480010959186344e-03
8.837917623052478355e-03
8.847564564737895806e-03
8.857241447448553975e-03
8.866950997054154696e-03
8.876743688272313582e-03
8.886641961352220731e-03
8.896697386661947538e-03
8.906932496491361262e-03
8.917330129242475451e-03
8.927798318822283488e-03
8.938314382270122829e-03
8.948959523386699685e-03
8.959753056918227931e-03
8.970612463335018993e-03
8.981607531238689282e-03
8.992712604776360863e-03
9.003881066747754930e-03
9.015153008302925763e-03
9.026515052504669595e-03
9.037977053093901661e-03
9.049537825612768982e-03
9.061213860646096310e-03
9.072988455937064725e-03
9.084815118658854868e-03
9.096751647121443379e-03
9.108775617565361207e-03
9.120821792444659681e-03
9.132909906831812585e-03
9.145069268568267046e-03
9.157292189132242022e-03
9.169640070754204314e-03
9.182068469967307953e-03
9.194599111496112170e-03
9.207194746350530132e-03
9.219897306925201735e-03
9.232748992036953276e-03
9.245720073518074247e-03
9.258843319788467516e-03
9.272150921804415621e-03
9.285552606848870502e-03
9.299004655386142529e-03
9.312545566176409773e-03
9.326176791177471018e-03
9.339878801276717962e-03
9.353689464744937079e-03
9.367613405494346762e-03
9.381622609857283648e-03
9.395722521705509103e-03
9.409865467418737292e-03
9.424031215616173601e-03
9.438208992150165857e-03
9.452352604026631466e-03
9.466548327522065001e-03
9.480803515651668387e-03
9.495165059258894522e-03
9.509626441023375995e-03
9.524176259972446865e-03
9.538765765157273743e-03
9.553438324117246097e-03
9.568157870703490955e-03
9.582937210101716979e-03
9.597794272568092866e-03
9.612776551629266530e-03
9.627738561911389215e-03
9.642746801400318285e-03
9.657867517718346159e-03
9.673068291100817007e-03
9.688334293622712784e-03
9.703596051496008942e-03
9.718898358998317305e-03
9.734296254081601166e-03
9.749781767144366160e-03
9.765302286702720602e-03
9.780905577447639512e-03
9.796541634780268903e-03
9.812108133936294288e-03
9.827675874563658598e-03
9.843285280085718736e-03
9.858963532570791388e-03
9.874688436852229259e-03
9.890505004483988657e-03
9.906357578125631752e-03
9.922188438143639613e-03
9.938019608125321994e-03
9.953906098431998875e-03
9.969870222137220545e-03
9.985944050134844263e-03
1.000201573597739313e-02
1.001807286829252928e-02
1.003415462579899074e-02
1.005021506371074451e-02
1.006622215769314814e-02
1.008225884156669847e-02
1.009834041132742950e-02
1.011451338944054958e-02
1.013077833623329815e-02
1.014710548279865177e-02
1.016350220629362762e-02
1.017994484181074591e-02
1.019647328995215707e-02
1.021308719872156094e-02
1.022982046732428402e-02
1.024662408884357417e-02
1.026356245747845827e-02
1.028057081841153401e-02
1.029761557787455852e-02
1.031476359091516339e-02
1.033198560810647329e-02
1.034929067540854737e-02
1.036668898594880935e-02
1.038411590852889033e-02
1.040162732541766340e-02
1.041925706522719638e-02
1.043698388046489928e-02
1.045479924174091794e-02
1.047273456057575339e-02
1.049072191062868850e-02
1.050877565660364270e-02
1.052691142008783942e-02
1.054511692539888620e-02
1.056343946031911354e-02
1.058182883142617763e-02
1.060034450529421385e-02
1.061893439272165729e-02
1.063759998877668832e-02
1.065627893827376417e-02
1.067498453839587497e-02
1.069376177289077523e-02
1.071262660025335683e-02
1.073154177311016859e-02
1.075053631725296152e-02
1.076967925316404777e-02
1.078889875107281494e-02
1.080816965509908203e-02
1.082755019562667287e-02
1.084698128523729072e-02
1.086647493405335820e-02
1.088598129288895905e-02
1.090562019072618440e-02
1.092536091831271955e-02
1.094520223309946444e-02
1.096513608993397206e-02
1.098512715899275898e-02
1.100514631295911906e-02
1.102520783128618787e-02
1.104548550681275568e-02
1.106590766690556532e-02
1.108637575874351668e-02
1.110692181021786205e-02
1.112758584468757223e-02
1.114825765885753099e-02
1.116897959143776063e-02
1.118974181864907172e-02
1.121059935796599183e-02
1.123159470157152583e-02
1.125267169301474336e-02
1.127381857264456860e-02
1.129493058804307941e-02
1.131607670084691653e-02
1.133732364765792193e-02
1.135864153260898561e-02
1.138005113857051137e-02
1.140151645554490084e-02
1.142307610009146365e-02
1.144469448124555387e-02
1.146633747767558144e-02
1.148804570863383098e-02
1.150976949478930977e-02
1.153149045850782213e-02
1.155329080569099734e-02
1.157513780833492080e-02
1.159703181692702846e-02
1.161900467107395904e-02
1.164107725657216250e-02
1.166320491267844837e-02
1.168538191756684358e-02
1.170761710229213139e-02
1.172996868613720642e-02
1.175232124945024999e-02
1.177472967832689232e-02
1.179718707359652015e-02
1.181969805356700327e-02
1.184226246519647259e-02
1.186490278559349659e-02
1.188761324831285639e-02
1.191035962500142618e-02
1.193318207945026632e-02
1.195613662907930863e-02
1.197919752297727652e-02
1.200236919396959964e-02
1.202559508446321250e-02
1.204888088502905664e-02
1.207231135068588188e-02
1.209581590434311536e-02
1.211944872390052080e-02
1.214322855763383738e-02
1.216706910070594096e-02
1.219100434608724574e-02
1.221491312600262585e-02
1.223894525723417948e-02
1.226301915035879833e-02
1.228717760773870987e-02
1.231142495442338371e-02
1.233578971784850438e-02
1.236030046748238555e-02
1.238493682138120874e-02
1.240962457406877099e-02
1.243443092601466578e-02
1.245943498154380817e-02
1.248460205791960924e-02
1.250989705725246218e-02
1.253529542386653747e-02
1.256080894284803892e-02
1.258643143755642201e-02
1.261212914781735528e-02
1.263795284969005013e-02
1.266386538891949368e-02
1.268987818436915702e-02
1.271603168586751126e-02
1.274226801923029895e-02
1.276858259169255487e-02
1.279499677587476320e-02
1.282152010994981259e-02
1.284812274148430453e-02
1.287485796547730051e-02
1.290169018891641241e-02
1.292864694252520395e-02
1.295565119364835635e-02
1.298271847129353965e-02
1.300984576980464789e-02
1.303708946355560706e-02
1.306451104326095125e-02
1.309203689276344784e-02
1.311973262693270047e-02
1.314753091639905662e-02
1.317540385408528386e-02
1.320339643042124991e-02
1.323144734200704803e-02
1.325960740995224540e-02
1.328786639898901258e-02
1.331630977718188322e-02
1.334495283147370953e-02
1.337378610129029768e-02
1.340279768816513180e-02
1.343194565948801524e-02
1.346120723357550376e-02
1.349058145510144413e-02
1.351997774914498289e-02
1.354946784621507277e-02
1.357897995674153466e-02
1.360859472344340057e-02
1.363837173478942878e-02
1.366818812574859161e-02
1.369804842377362469e-02
1.372799220247439972e-02
1.375801167051086613e-02
1.378821251859849856e-02
1.381851090953866053e-02
1.384889953913866559e-02
1.387945641176192846e-02
1.391011135792657311e-02
1.394092181791082088e-02
1.397190690858421055e-02
1.400300028349389138e-02
1.403421592592464691e-02
1.406544591161190509e-02
1.409677842241899813e-02
1.412823956815116577e-02
1.415978891040419428e-02
1.419151208623532952e-02
1.422333612829864737e-02
1.425529049521417034e-02
1.428734816452978396e-02
1.431957874184352011e-02
1.435198927785899525e-02
1.438449234428242941e-02
1.441711612409752284e-02
1.444984083308596158e-02
1.448265484998101198e-02
1.451555348437267960e-02
1.454855637131734734e-02
1.458170701436766782e-02
1.461503880855300266e-02
1.464860401788753777e-02
1.468218719304430556e-02
1.471584623687597314e-02
1.474966780643151461e-02
1.478367988207581959e-02
1.481786948370278877e-02
1.485226718045598235e-02
1.488699086458340586e-02
1.492195470675549210e-02
1.495716137507402572e-02
1.499251479071518102e-02
1.502811430759880447e-02
1.506400465663023866e-02
1.510015627270680852e-02
1.513653392041677641e-02
1.517306550539953419e-02
1.520970810824815583e-02
1.524645704976134927e-02
1.528339663402323093e-02
1.532039851624161959e-02
1.535754657844995430e-02
1.539484782737925855e-02
1.543234987241534455e-02
1.546990907233889920e-02
1.550764138719042638e-02
1.554549231035346792e-02
1.558351122822394449e-02
1.562159452412705159e-02
1.565988732659042218e-02
1.569831558102419491e-02
1.573674184850027899e-02
1.577530417838983109e-02
1.581402286533813845e-02
1.585283847650493377e-02
1.589182199658950231e-02
1.593080135824623961e-02
1.596996579106538597e-02
1.600924389174581894e-02
1.604859691267266145e-02
1.608807459676472179e-02
1.612756720049914397e-02
1.616724030698838202e-02
1.620722801884775383e-02
1.624752116348044187e-02
1.628793122132427343e-02
1.632838335576698718e-02
1.636884527626730410e-02
1.640939376975135075e-02
1.644991433632738559e-02
1.649046404595541984e-02
1.653114284187426689e-02
1.657186472921048231e-02
1.661274563998281842e-02
1.665387791318912250e-02
1.669500094654640873e-02
1.673622451375480352e-02
1.677753854767698172e-02
1.681899427078019718e-02
1.686056067505716655e-02
1.690214040820325545e-02
1.694376260680391030e-02
1.698548470165306065e-02
1.702728090153122348e-02
1.706917421057143128e-02
1.711121028525901949e-02
1.715345316133015316e-02
1.719581496602296672e-02
1.723820561544390714e-02
1.728071589532360897e-02
1.732333138480688164e-02
1.736611487417083488e-02
1.740914751828588972e-02
1.745235484180482355e-02
1.749550957884388885e-02
1.753865918488482084e-02
1.758197195425223805e-02
1.762533241922623756e-02
1.766875998551594579e-02
1.771236939227574178e-02
1.775613758234681136e-02
1.779996667834002691e-02
1.784373769127916426e-02
1.788750862144636300e-02
1.793128140751567776e-02
1.797513525361256123e-02
1.801890959251797528e-02
1.806256515713688948e-02
1.810632777131064228e-02
1.815009825011210109e-02
1.819389784049497277e-02
1.823783147831187570e-02
1.828194470106347252e-02
1.832601907575299310e-02
1.837005761665861867e-02
1.841397716557029163e-02
1.845824343730517736e-02
1.850278674004447038e-02
1.854734261312564886e-02
1.859197536711358623e-02
1.863659070127232295e-02
1.868116110858901446e-02
1.872582781049701370e-02
1.877054169090251745e-02
1.881535503688376229e-02
1.886015222854119100e-02
1.890502274492964277e-02
1.895014901799369975e-02
1.899550151690344510e-02
1.904086503418117582e-02
1.908624614459186047e-02
1.913179578643428233e-02
1.917753016339365443e-02
1.922343087078401402e-02
1.926943970031561384e-02
1.931546019228436856e-02
1.936165902588428758e-02
1.940795672410116843e-02
1.945431715612056314e-02
1.950062746628085028e-02
1.954695063907143857e-02
1.959345615866359483e-02
1.964021622848720686e-02
1.968693968983329171e-02
1.973354693829645207e-02
1.978012623614089360e-02
1.982675098849850590e-02
1.987336362748432644e-02
1.992008231263075330e-02
1.996656213433740598e-02
2.001285859765728273e-02
2.005910009200181227e-02
2.010522118981601658e-02
2.015114585666557059e-02
2.019702097890408235e-02
2.024280899315898316e-02
2.028856260812807871e-02
2.033430130733474700e-02
