1.345081605542080942e-02
1.332781406482178368e-02
1.320155550373562289e-02
1.307185695273495839e-02
1.293847713812455898e-02
1.280179177332241638e-02
1.266166597671698237e-02
1.251867450583169471e-02
1.237339112866218949e-02
1.222572516883810127e-02
1.207736261218713032e-02
1.192815919980909703e-02
1.177803318776851627e-02
1.162862480993132400e-02
1.148209071947173775e-02
1.134077442592855076e-02
1.120715104241476641e-02
1.107819729958181044e-02
1.095441614901306732e-02
1.083647728942215525e-02
1.072591095709066883e-02
1.062074843983511034e-02
1.052128518456636047e-02
1.042764628468590728e-02
1.033861937206697300e-02
1.025520378413806444e-02
1.017535129069614859e-02
1.009779360623387461e-02
1.002430753680475309e-02
9.953597458217135902e-03
9.885929276171901217e-03
9.820962896408566220e-03
9.759165522102731041e-03
9.702451854087072725e-03
9.650668752419168037e-03
9.603268622558565337e-03
9.559152636430638672e-03
9.519735386900544244e-03
9.485267212423445504e-03
9.455803664591750160e-03
9.431007694048646611e-03
9.411460248384472677e-03
9.398379288079017346e-03
9.391918050918372785e-03
9.390486842200132522e-03
9.394548452800797686e-03
9.404447496128310116e-03
9.420157977283943190e-03
9.439331291940031635e-03
9.461790965043785639e-03
9.487309430347342157e-03
9.515391820833569297e-03
9.546126876973860115e-03
9.579576640437504481e-03
9.614462165699163426e-03
9.648658930631909270e-03
9.681283524322403800e-03
9.711439693409446711e-03
9.739263220083602124e-03
9.764401981902270239e-03
9.786528913625658702e-03
9.805462478575733762e-03
9.821879865722693559e-03
9.835664251047119763e-03
9.846996935567670431e-03
9.856522633821010806e-03
9.864485919831822783e-03
9.870888428061523265e-03
9.876171150674378785e-03
9.880463929509539570e-03
9.884421147727032869e-03
9.888242628777419232e-03
9.891982677322891035e-03
9.895715466549189279e-03
9.899393610142944236e-03
9.903040883785551793e-03
9.906698836004602590e-03
9.910406515098071911e-03
9.914036945793654534e-03
9.917719557581489848e-03
9.921466989754809673e-03
9.925328840267196723e-03
9.929217151945659778e-03
9.933125555288335393e-03
9.936955006918752817e-03
9.940877859058503893e-03
9.944902996483489729e-03
9.948811186349075172e-03
9.952863620399855782e-03
9.956895632248335612e-03
9.961017424061068340e-03
9.965128126595550195e-03
9.969348302795036712e-03
9.973573421911574588e-03
9.977887568222073081e-03
9.982268841217349989e-03
9.986734064956542464e-03
9.991206083065320986e-03
9.995727379351303232e-03
1.000019549842842866e-02
1.000464089295723634e-02
1.000914526756004411e-02
1.001360756697058756e-02
1.001798264396904642e-02
1.002243470186015353e-02
1.002690470862820614e-02
1.003132198962995020e-02
1.003566468531657055e-02
1.003994023608940044e-02
1.004414816096610777e-02
1.004830338291767648e-02
1.005232196349928157e-02
1.005631869957649728e-02
1.006019746672064813e-02
1.006398011909969206e-02
1.006753920100805950e-02
1.007084777919222199e-02
1.007403118688595008e-02
1.007693102211226766e-02
1.007963200628494982e-02
1.008207181178082459e-02
1.008421095324490979e-02
1.008616832709355315e-02
1.008787823289734355e-02
1.008928913965886562e-02
1.009042887495130610e-02
1.009148953433262538e-02
1.009236967577405858e-02
1.009311427244131629e-02
1.009382426693219981e-02
1.009422606046405518e-02
1.009463079260028949e-02
1.009494839138303651e-02
1.009512166427948415e-02
1.009522171629127774e-02
1.009528394266657331e-02
1.009559881522389957e-02
1.009586133911384749e-02
1.009624263708810629e-02
1.009652351605446439e-02
1.009687180194918793e-02
1.009724687153169993e-02
1.009758223503446316e-02
1.009798068650781012e-02
1.009832830407868254e-02
1.009868535175839112e-02
1.009898226786165067e-02
1.009922629501600923e-02
1.009931149214107933e-02
1.009935385767975376e-02
1.009928562693187919e-02
1.009922649004446095e-02
1.009909484034866335e-02
1.009891663178284424e-02
1.009866571911384459e-02
1.009827628507088508e-02
1.009773916946626361e-02
1.009707505497947112e-02
1.009629916898400516e-02
1.009544757197709461e-02
1.009448142847897516e-02
1.009339708631832970e-02
1.009221529362338415e-02
1.009094336813399530e-02
1.008958838929512394e-02
1.008810458450010335e-02
1.008648429954106703e-02
1.008493798593089810e-02
1.008331828386095294e-02
1.008168663014877460e-02
1.007990535008108056e-02
1.007813965823344503e-02
1.007613318728975936e-02
1.007403810117167911e-02
1.007171758720046793e-02
1.006925386568177996e-02
1.006683242602402113e-02
1.006430904292988406e-02
1.006155995854745612e-02
1.005860895734319270e-02
1.005552615226523207e-02
1.005233112368698195e-02
1.004908487422412691e-02
1.004557896897555203e-02
1.004194987953983126e-02
1.003830126200184331e-02
1.003444662260058289e-02
1.003037789510861748e-02
1.002603111151143672e-02
1.002159263203705221e-02
1.001703168611536507e-02
1.001219595454868640e-02
1.000728550578109007e-02
1.000229074630152454e-02
9.997109220504299398e-03
9.991833727011954422e-03
9.986394777933754741e-03
9.980833229753767813e-03
9.975038144446397859e-03
9.969088942956208857e-03
9.962961360493290813e-03
9.956644563754238342e-03
9.950260093020833058e-03
9.943709045148206582e-03
9.936926249666020936e-03
9.930008154073733523e-03
9.922887771588730435e-03
9.915576804796641386e-03
9.908160225924863077e-03
9.900508264183460402e-03
9.892660120730546389e-03
9.884727003952103672e-03
9.876631831048728397e-03
9.868343332678232091e-03
9.859889020590701172e-03
9.851306065935261369e-03
9.842507090035474207e-03
9.833520780961682584e-03
9.824336634630803991e-03
9.815094244414407018e-03
9.805658301636948140e-03
9.795997744064163446e-03
9.786193047507342133e-03
9.776258923876270102e-03
9.766011300793596417e-03
9.755671280346244964e-03
9.745060905880146770e-03
9.734363381149311115e-03
9.723540224931735698e-03
9.712542992423481292e-03
9.701441643492923761e-03
9.690176582891854573e-03
9.678647837893695691e-03
9.667037930970637238e-03
9.655241174711051352e-03
9.643309041472040294e-03
9.631187420302106741e-03
9.618947788030792617e-03
9.606474945656156075e-03
9.593885321869669719e-03
9.581184676819095095e-03
9.568269584807893857e-03
9.555310492137720352e-03
9.542148068909061046e-03
9.528807438432341029e-03
9.515433286561920251e-03
9.501811954577164474e-03
9.488068574533848124e-03
9.474190052950859364e-03
9.460164118629210694e-03
9.445970678586929417e-03
9.431561548936521003e-03
9.417033143574567167e-03
9.402384562910369101e-03
9.387593681317446537e-03
9.372657662317804284e-03
9.357644764551900987e-03
9.342418111649273063e-03
9.327152661042658124e-03
9.311726514678488401e-03
9.296265969731834500e-03
9.280694205637493935e-03
9.264976193264913909e-03
9.249210283397972521e-03
9.233214657028592995e-03
9.217105193342409533e-03
9.200926870117294085e-03
9.184553122453305990e-03
9.168128190362735339e-03
9.151599549476894385e-03
9.135008501243411377e-03
9.118291877747604357e-03
9.101483058943624777e-03
9.084599856551587096e-03
9.067546032595840202e-03
9.050412151656795495e-03
9.033140167732529521e-03
9.015735562923486018e-03
8.998210545176178049e-03
8.980564935055647402e-03
8.962846415261405131e-03
8.945021440460448545e-03
8.927148400370378545e-03
8.909144400431771860e-03
8.891112007820648269e-03
8.872970480757859726e-03
8.854636535725206314e-03
8.836298072533416148e-03
8.817786011837009871e-03
8.799187896153899333e-03
8.780500733290803189e-03
8.761758758867243049e-03
8.742855048314755739e-03
8.723919448633718834e-03
8.704893094614862825e-03
8.685708913821185706e-03
8.666465467658509073e-03
8.647059210733781462e-03
8.627530956264617412e-03
8.607883525794399540e-03
8.588073712834067702e-03
8.568240255089818597e-03
8.548269981592058336e-03
8.528206822719236468e-03
8.507985456458635673e-03
8.487630368983811735e-03
8.467184516848717465e-03
8.446586710315773933e-03
8.425943971906924707e-03
8.405206732329858349e-03
8.384288535559633257e-03
8.363352427139175704e-03
8.342222811181116901e-03
8.321115474807813314e-03
8.299934657731546442e-03
8.278626830791778121e-03
8.257282813775060695e-03
8.235726627106299685e-03
8.214156736174755072e-03
8.192537547629049483e-03
8.170821061189555146e-03
8.149119531763169763e-03
8.127310464351130900e-03
8.105397497068650425e-03
8.083375215899541583e-03
8.061285344853081486e-03
8.039122130480119005e-03
8.016902756588216786e-03
7.994662378044180631e-03
7.972331967843767839e-03
7.949961849696778396e-03
7.927432755798225969e-03
7.904895325202042702e-03
7.882234306195891674e-03
7.859571353706656938e-03
7.836799582808485695e-03
7.813998264111509523e-03
7.791092141560860586e-03
7.768151053022315754e-03
7.745152765142529136e-03
7.722136196200508201e-03
7.699013694414096748e-03
7.675783248003316059e-03
7.652580661560649117e-03
7.629289143022354412e-03
7.605961059065194201e-03
7.582604991270497710e-03
7.559161316387662602e-03
7.535644291260088293e-03
7.512016700813318668e-03
7.488324614589233867e-03
7.464625103118052198e-03
7.440832654549737850e-03
7.416980217272100585e-03
7.393077879505187931e-03
7.369070290834587450e-03
7.345002005488205157e-03
7.320875587167754647e-03
7.296650588004526157e-03
7.272328231977757962e-03
7.247957745213140512e-03
7.223457833131285283e-03
7.198852568238983153e-03
7.174158812371150308e-03
7.149392782209462206e-03
7.124547326381237312e-03
7.099528773797126983e-03
7.074443459437891948e-03
7.049225688584413556e-03
7.023917609674438720e-03
6.998449488615774046e-03
6.972925982112247040e-03
6.947228052088331648e-03
6.921438634393262124e-03
6.895555755352280117e-03
6.869524233334042308e-03
6.843372114330421342e-03
6.817101177317162579e-03
6.790722402308265598e-03
6.764191605036889640e-03
6.737521397452747585e-03
6.710620344155823237e-03
6.683622804814968316e-03
6.656481345897084963e-03
6.629181926561575344e-03
6.601722163749631882e-03
6.574133472855152836e-03
6.546332371597836895e-03
6.518328290415958091e-03
6.490153901407021315e-03
6.461796983666538534e-03
6.433273088297665823e-03
6.404535527619362525e-03
6.375601188174541759e-03
6.346483273147817718e-03
6.317135821053617220e-03
6.287540971414713742e-03
6.257701990188986423e-03
6.227619585782145223e-03
6.197262456127638520e-03
6.166659091302395014e-03
6.135807363343947010e-03
6.104746264655291910e-03
6.073399287090116595e-03
6.041784848867486415e-03
6.009928191347144177e-03
5.977772254321321935e-03
5.945302036851582081e-03
5.912575770963605232e-03
5.879525805504207635e-03
5.846236503346684960e-03
5.812661947370044609e-03
5.778821988637522500e-03
5.744715857247947172e-03
5.710357368485367326e-03
5.675821654864666999e-03
5.641038942870672292e-03
5.606016365537242092e-03
5.570798907780115904e-03
5.535371245260635453e-03
5.499709125378170714e-03
5.463803252215761012e-03
5.427645631473698024e-03
5.391217989117801784e-03
5.354553150654780061e-03
5.317689699817369428e-03
5.280600803007630753e-03
5.243317047956485080e-03
5.205831143169458233e-03
5.168216233430573264e-03
5.130479016089350627e-03
5.092573643152281844e-03
5.054536505215431220e-03
5.016357494676699710e-03
4.978041907832395953e-03
4.939584145630894832e-03
4.901022840616954188e-03
4.862330859457181416e-03
4.823550556324574315e-03
4.784613179297251585e-03
4.745597532608186557e-03
4.706472316771438680e-03
4.667238221579361399e-03
4.627925952318035809e-03
4.588551741372439742e-03
4.549101655628838385e-03
4.509622847827673975e-03
4.470104978825467645e-03
4.430545176235270444e-03
4.390966408994939098e-03
4.351334535759684985e-03
4.311663032160963430e-03
4.271964140297234390e-03
4.232216638525245281e-03
4.192456475936618028e-03
4.152658128072876133e-03
4.112878315818637234e-03
4.073100775272500348e-03
4.033376621129592179e-03
3.993679285430386770e-03
3.954031879485704962e-03
3.914439094740102508e-03
3.874905967177415950e-03
3.835418089345284370e-03
3.796003484229691118e-03
3.756703899339960268e-03
3.717489915523587967e-03
3.678349093292676130e-03
3.639286828132412728e-03
3.600322797189190512e-03
3.561463344323459890e-03
3.522731850218110191e-03
3.484099655354262661e-03
3.445617280940969484e-03
3.407246175667875705e-03
3.369011284865473105e-03
3.330902119687278486e-03
3.292931961312814751e-03
3.255121763138851734e-03
3.217483537973642345e-03
3.180016930708369667e-03
3.142724029690347788e-03
3.105583000874906786e-03
3.068619942110759058e-03
3.031821981959322964e-03
2.995212009249637649e-03
2.958809430657895374e-03
2.922605352101517642e-03
2.886598217580700620e-03
2.850802869161463658e-03
2.815243916310266638e-03
2.779895950147151171e-03
2.744749512725606216e-03
2.709835698565014710e-03
2.675167104845198492e-03
2.640755648781916050e-03
2.606580045575531031e-03
2.572668585827082768e-03
2.539000529699249765e-03
2.505596958164424230e-03
