3.251177058832327958e-03
3.221840951649309389e-03
3.189475575619884432e-03
3.154199831021745233e-03
3.116085170872877688e-03
3.075322872294083010e-03
3.032070669585176358e-03
2.986573254128390819e-03
2.938961317015171843e-03
2.889684470990622808e-03
2.839138056728252469e-03
2.787739792969969217e-03
2.735401345766525372e-03
2.683861959391162493e-03
2.644568303686939664e-03
2.629089778929288510e-03
2.633474241694395632e-03
2.651479401906600437e-03
2.680787461392239533e-03
2.719794743756639814e-03
2.764711691397282733e-03
2.811034278070139846e-03
2.858177065771429042e-03
2.906082273765376624e-03
2.954637538685687612e-03
3.003971256179732187e-03
3.054050860430460382e-03
3.104833411146637988e-03
3.156192688005502768e-03
3.208101701621794612e-03
3.260629124321533234e-03
3.313551689070801370e-03
3.366998393594217934e-03
3.420928590602136370e-03
3.475046047076801523e-03
3.529144694901465481e-03
3.583546188916341291e-03
3.638293294178062028e-03
3.693236523667226250e-03
3.748051594920265902e-03
3.802834081398016527e-03
3.857061604234349791e-03
3.910928998674852164e-03
3.964062187794928013e-03
4.016110614911843485e-03
4.066835215554963183e-03
4.116341464097956170e-03
4.164358382487622252e-03
4.209925802450955289e-03
4.252949222188423702e-03
4.292831924190456359e-03
4.329778058414825333e-03
4.363889470831607345e-03
4.395710174686942584e-03
4.425532732527914445e-03
4.453652294803424512e-03
4.480299430592514856e-03
4.505867301070323391e-03
4.530264787456188789e-03
4.553736699475069080e-03
4.576372550162390897e-03
4.598409770447058932e-03
4.620175348479539298e-03
4.641770582323222552e-03
4.663247360294273287e-03
4.684731336583191144e-03
4.706246587650017056e-03
4.727869869462181067e-03
4.749557302979011408e-03
4.771340198063769161e-03
4.793281278655820571e-03
4.815395406615017790e-03
4.837694451196139500e-03
4.860180755156500235e-03
4.882814550701312754e-03
4.905523591484294010e-03
4.928338805822335932e-03
4.951273522471565970e-03
4.974296084997891117e-03
4.997431861540500495e-03
5.020626028843873725e-03
5.043905216966937041e-03
5.067327049953871711e-03
5.090864278508455514e-03
5.114557933827691867e-03
5.138273970748228822e-03
5.162085994171805060e-03
5.186011914321058888e-03
5.210013349904150243e-03
5.234139359581403347e-03
5.258408267132410815e-03
5.282808594649605546e-03
5.307377009019316819e-03
5.332026655374731174e-03
5.356760399733623279e-03
5.381633962910661179e-03
5.406607149497998956e-03
5.431664114861500629e-03
5.456850966867836730e-03
5.482100738061615464e-03
5.507462802377197965e-03
5.532876786758719745e-03
5.558387191515697101e-03
5.583843821130364017e-03
5.609319028962080761e-03
5.634831758137549135e-03
5.660381818789544765e-03
5.685951572703015072e-03
5.711516937487998505e-03
5.737083404249623819e-03
5.762586542439758139e-03
5.788098191271809356e-03
5.813662462096524930e-03
5.839178479961225701e-03
5.864725630121054613e-03
5.890231434139283663e-03
5.915698888711533668e-03
5.941111946158842035e-03
5.966514681154308324e-03
5.991905145939121526e-03
6.017113149527787870e-03
6.042225626621403230e-03
6.067184071759191243e-03
6.091807004268118275e-03
6.116151913067079636e-03
6.140165238247866260e-03
6.163719455252101437e-03
6.186597850572535424e-03
6.208827599820655047e-03
6.230314305821564938e-03
6.251094985107196779e-03
6.271037528742610598e-03
6.290197510941697781e-03
6.308629698900278422e-03
6.326213043421867466e-03
6.342850490508167641e-03
6.358587800686327750e-03
6.373599648619590087e-03
6.387955835166565961e-03
6.401744889517717307e-03
6.415099556207465997e-03
6.428174611067051167e-03
6.441065234569762210e-03
6.453770649456937181e-03
6.466333695001854134e-03
6.478816340287133629e-03
6.491201310579805192e-03
6.503459197434196225e-03
6.515590146133326717e-03
6.527676552903692066e-03
6.539679285659800133e-03
6.551600567462448864e-03
6.563491259008503304e-03
6.575370390836068023e-03
6.587235449757558765e-03
6.599066882962734831e-03
6.610849655800487938e-03
6.622589270796529204e-03
6.634322441837287899e-03
6.646089012927994602e-03
6.657874848788611702e-03
6.669669998026496113e-03
6.681545014270548824e-03
6.693460491890302830e-03
6.705449936905556220e-03
6.717511202465954387e-03
6.729697627645123137e-03
6.741929151506577053e-03
6.754240796592028348e-03
6.766697746878779646e-03
6.779298931247733882e-03
6.791955209726754754e-03
6.804731445638257693e-03
6.817565625974296960e-03
6.830609524050383456e-03
6.843790494074293400e-03
6.857148679182733901e-03
6.870650177149455543e-03
6.884365506463098819e-03
6.898278593638570468e-03
6.912336663713255190e-03
6.926681092548329748e-03
6.941253647020045707e-03
6.956076180417832856e-03
6.971031398062530783e-03
6.986150655719369426e-03
7.001471633302531507e-03
7.017029196101060018e-03
7.032668156923028123e-03
7.048358291080377043e-03
7.064125150484880725e-03
7.080044207303928978e-03
7.096186785726470853e-03
7.112432380241756613e-03
7.128757870204859882e-03
7.145159262913370647e-03
7.161779665874666231e-03
7.178514388452726137e-03
7.195377956862997020e-03
7.212411336194868988e-03
7.229584542361259039e-03
7.246831369132692748e-03
7.264139129337350911e-03
7.281546081056531131e-03
7.299101100880079143e-03
7.316681750033791377e-03
7.334325415779358905e-03
7.351943291867319916e-03
7.369612540821458141e-03
7.387345284055383404e-03
7.405118736403854159e-03
7.422920794023391694e-03
7.440731058431397649e-03
7.458609600587298369e-03
7.476599813662746126e-03
7.494609240993977545e-03
7.512598908736491110e-03
7.530575852190282173e-03
7.548542794505998417e-03
7.566501948421986562e-03
7.584428655357809516e-03
7.602403576269919569e-03
7.620302589824463381e-03
7.638240144778665752e-03
7.656143096238773697e-03
7.674056135809103826e-03
7.692021389415624154e-03
7.709942565933152782e-03
7.727843793543802582e-03
7.745798957063460520e-03
7.763740375469798359e-03
7.781707242892831403e-03
7.799625933456478914e-03
7.817586987142860142e-03
7.835550704461067759e-03
7.853486982286389181e-03
7.871399984300564076e-03
7.889357754349126187e-03
7.907265505749340104e-03
7.925190264377284313e-03
7.943078760451534326e-03
7.960950143877269097e-03
7.978863694738406662e-03
7.996783958048385779e-03
8.014706236871995890e-03
8.032677417103260137e-03
8.050667996296306805e-03
8.068659953646490496e-03
8.086602852555973761e-03
8.104568629752390355e-03
8.122536865888613927e-03
8.140503804470677895e-03
8.158504529975005304e-03
8.176516024212500053e-03
8.194573862964363298e-03
8.212623114095174773e-03
8.230749266613702347e-03
8.248897329085331728e-03
8.267120473118380608e-03
8.285407716063342143e-03
8.303803973763327143e-03
8.322306728418592606e-03
8.340898207622212193e-03
8.359517222734815303e-03
8.378297381203870381e-03
8.397157961016719907e-03
8.416117410371444160e-03
8.435227760355247517e-03
8.454456289015418319e-03
8.473772777264373599e-03
8.493242766521766005e-03
8.512832650618050445e-03
8.532625164224367023e-03
8.552541316425193649e-03
8.572593256087468819e-03
8.592791873397887664e-03
8.613208494522035102e-03
8.633771392695345145e-03
8.654456727226965754e-03
8.675330588163880641e-03
8.696411606653162846e-03
8.717617646945501064e-03
8.739027530624282267e-03
8.760700635287650348e-03
8.782552304092151527e-03
8.804547289159149123e-03
8.826639563115129886e-03
8.848868169426241451e-03
8.871181418524696355e-03
8.893603018886113085e-03
8.916228598802485028e-03
8.938975668925625007e-03
8.961884163527311306e-03
8.984952972175275221e-03
9.008165656035519581e-03
9.031641140075716626e-03
9.055259356391185191e-03
9.079123653809022254e-03
9.103189828735293310e-03
9.127378721141969284e-03
9.151710332646317142e-03
9.176117422797043163e-03
9.200664798801952426e-03
9.225297229833400933e-03
9.250088659567211671e-03
9.275015234134938169e-03
9.300017293937838311e-03
9.325157155617682520e-03
9.350406298020407306e-03
9.375784648090221968e-03
9.401257070397328261e-03
9.426799745554657536e-03
9.452470775568854941e-03
9.478201374036741150e-03
9.503974410520041674e-03
9.529834633286746876e-03
9.555723391263622538e-03
9.581711563236802384e-03
9.607641502086235533e-03
9.633651566222759671e-03
9.659671365090249581e-03
9.685651666303713575e-03
9.711646637917509609e-03
9.737679741766544841e-03
9.763710731489592953e-03
9.789771767673684233e-03
9.815865315188547144e-03
9.842017227163884704e-03
9.868195808401501734e-03
9.894412402617094177e-03
9.920648923118020185e-03
9.946896626567945307e-03
9.973106485493522799e-03
9.999232720918968878e-03
1.002533597812736189e-02
1.005142022247759552e-02
1.007747694277868512e-02
1.010346523840166023e-02
1.012938550138006363e-02
1.015534461521205509e-02
1.018131378486915317e-02
1.020721917604960026e-02
1.023315899568171157e-02
1.025897345407780249e-02
1.028477167317069091e-02
1.031043315337954944e-02
1.033597112138902492e-02
1.036145350936450507e-02
1.038687450170250673e-02
1.041214592841193005e-02
1.043737019820806071e-02
1.046242912813181124e-02
1.048739628179511454e-02
1.051228614445305111e-02
1.053702845754510460e-02
1.056169309879920713e-02
1.058632105252207446e-02
1.061080475843607755e-02
1.063515773972181951e-02
1.065941186815730878e-02
1.068357009365769432e-02
1.070764884506396168e-02
1.073164008601791217e-02
1.075548697088706505e-02
1.077916727631111037e-02
1.080280686295703903e-02
1.082636296501668198e-02
1.084975746184506026e-02
1.087304781106426983e-02
1.089622168799625479e-02
1.091931254408359461e-02
1.094226407814823457e-02
1.096506064179243733e-02
1.098768229094111183e-02
1.101015662815992176e-02
1.103241377099896392e-02
1.105457814804975368e-02
1.107663703787871781e-02
1.109861424548737666e-02
1.112057340461842896e-02
1.114252537657766697e-02
1.116445394655025958e-02
1.118641695485771657e-02
1.120826854986766916e-02
1.123017474933010566e-02
1.125217423114263995e-02
1.127430179031379057e-02
1.129654038766015126e-02
1.131886612330149609e-02
1.134122861181299964e-02
1.136359980248084420e-02
1.138607661412313621e-02
1.140871138091183526e-02
1.143151143036017468e-02
1.145452638106658587e-02
1.147770268684952626e-02
1.150110605626451614e-02
1.152468302516055677e-02
1.154836333069441702e-02
1.157218843628831512e-02
1.159604928721518456e-02
1.161993065368564781e-02
1.164387364728006191e-02
1.166778496632118502e-02
1.169169991787703811e-02
1.171553756524992482e-02
1.173922142434273737e-02
1.176279470449963227e-02
1.178630164313704438e-02
1.180974374700350521e-02
1.183304512806858735e-02
1.185620197416297969e-02
1.187921875227280870e-02
1.190208586328655137e-02
1.192468778622975643e-02
1.194716394349448936e-02
1.196951476697652970e-02
1.199165420388553782e-02
1.201362672048890065e-02
1.203539753945804223e-02
1.205698626785098662e-02
1.207840746878045303e-02
1.209973639138298487e-02
1.212089760972259907e-02
1.214182970927392934e-02
1.216260687683948065e-02
1.218325421190016508e-02
1.220381435397883269e-02
1.222422137665034152e-02
1.224444839453980166e-02
1.226448425511650862e-02
1.228432596508904906e-02
1.230396886639612691e-02
1.232342060819418238e-02
1.234270560879211463e-02
1.236187838402305963e-02
1.238090223504501389e-02
1.239974484797155135e-02
1.241840879045766344e-02
1.243692067224681091e-02
1.245536563226290472e-02
1.247376981112691997e-02
1.249204418406088708e-02
1.251015750643065527e-02
1.252809965092264652e-02
1.254601702833864352e-02
1.256372798010803836e-02
1.258123073549108351e-02
1.259860102197113418e-02
1.261587517479830119e-02
1.263297229428197652e-02
1.264988670548954260e-02
1.266679302620094504e-02
1.268359436790655187e-02
1.270025351059035808e-02
1.271682761010746281e-02
1.273331237110995537e-02
1.274972181851549008e-02
1.276597070940693919e-02
1.278195636086516644e-02
1.279767313979642517e-02
1.281308858318780559e-02
1.282820003136075915e-02
1.284286931115951463e-02
1.285708018932060423e-02
1.287074835612047295e-02
1.288379705128151961e-02
1.289618133743722361e-02
1.290778777677175845e-02
1.291861823369562859e-02
1.292855340647167117e-02
1.293753475987970136e-02
1.294569249122443089e-02
1.295299321242556270e-02
1.295933734646892259e-02
1.296475367042851205e-02
1.296922734836042368e-02
1.297266632211342176e-02
1.297500799864561780e-02
1.297631326148008211e-02
1.297675851407111523e-02
1.297622668790008281e-02
1.297481959221137224e-02
1.297244792154417584e-02
1.296931882214008742e-02
1.296538994191261465e-02
1.296057166045635513e-02
1.295503557875980066e-02
1.294871530583256714e-02
1.294179423880970591e-02
1.293426574968881484e-02
1.292609435377883344e-02
1.291733426876974164e-02
1.290794494054849258e-02
1.289798750916206632e-02
1.288740361778201345e-02
1.287628160370002384e-02
1.286462808563927813e-02
1.285250898936603561e-02
1.283991193743693783e-02
