2.583423193668680715e-02
2.511539398690210839e-02
2.439323448756130358e-02
2.366985319887857792e-02
2.294758291415258458e-02
2.222853075877672183e-02
2.151408609875311503e-02
2.080541990006324130e-02
2.010540942207513643e-02
1.941635114787471431e-02
1.873942191186714692e-02
1.807763624072648151e-02
1.743225013898891743e-02
1.680494522795348764e-02
1.619933168720614353e-02
1.561583280019633591e-02
1.505478928712079313e-02
1.451981147811952540e-02
1.401678767628561535e-02
1.354644464559257369e-02
1.311350797584245886e-02
1.271266041691391201e-02
1.234264110459216794e-02
1.200080333926832089e-02
1.168355056227090606e-02
1.138766303186085002e-02
1.110612914288507114e-02
1.083365697201673673e-02
1.057029423292276532e-02
1.031444112736018548e-02
1.006600812107195236e-02
9.825013429561770331e-03
9.593308030039146561e-03
9.370046436827098729e-03
9.156289472929825257e-03
8.953206200934569342e-03
8.762935214339047721e-03
8.586278677246780497e-03
8.425187307283883015e-03
8.279641094651950251e-03
8.151294067692951839e-03
8.038466705891533781e-03
7.942465657654471795e-03
7.860376715220884769e-03
7.793469676118928123e-03
7.740793967334765394e-03
7.701157256894037434e-03
7.673988549477010410e-03
7.658461760839324790e-03
7.651934113217446695e-03
7.652084997676836080e-03
7.658678953352728719e-03
7.671226156678661971e-03
7.687240076891686293e-03
7.704430375180646925e-03
7.721740346101505469e-03
7.737708330113429039e-03
7.751102574621989913e-03
7.762237441552894898e-03
7.770684106084504821e-03
7.776652125684776172e-03
7.780641738944662870e-03
7.782827713182767157e-03
7.783129492451450887e-03
7.782032846613459384e-03
7.779656703107516898e-03
7.775837639511233752e-03
7.770340987317839176e-03
7.763158692297000146e-03
7.754606140548329744e-03
7.745088345824709813e-03
7.735076859854671423e-03
7.725012403783639188e-03
7.714991666590650769e-03
7.705247442241687852e-03
7.695702134560011148e-03
7.686443380173625488e-03
7.677431642938850782e-03
7.668608482239553346e-03
7.660145784085053110e-03
7.651950633834948313e-03
7.644045703217372707e-03
7.636342041084001608e-03
7.628949633818323667e-03
7.621796862107949391e-03
7.614865871844804859e-03
7.608159434222870089e-03
7.601786745683535018e-03
7.595587813439039215e-03
7.589706823967820072e-03
7.584052579066537757e-03
7.578851798487320698e-03
7.573772240994235301e-03
7.568984265367884740e-03
7.564580370550355592e-03
7.560279533060689817e-03
7.556199590385527347e-03
7.552548622564449719e-03
7.548877132116773095e-03
7.545643202387239228e-03
7.542719938980923210e-03
7.540019956412877949e-03
7.537676997146332616e-03
7.535661295842269874e-03
7.533850238024917406e-03
7.532509154961946653e-03
7.531467236759644898e-03
7.530818183278540669e-03
7.530698598881642794e-03
7.531014934482107952e-03
7.531919224971093604e-03
7.533431894198120218e-03
7.535830273500777020e-03
7.538814797309599004e-03
7.542553878842641474e-03
7.546919521563615237e-03
7.551843232929632103e-03
7.557396751894691553e-03
7.563354079905631154e-03
7.569571484946430867e-03
7.575972895378637814e-03
7.582693323381967630e-03
7.589500339405932071e-03
7.596634236513073561e-03
7.604006949364193989e-03
7.611683571121121913e-03
7.619505571544768485e-03
7.627525201788337358e-03
7.635825224745167519e-03
7.644315146444725755e-03
7.653033914596029177e-03
7.662119844563389931e-03
7.671662309672431027e-03
7.681491894548762682e-03
7.691819200710459450e-03
7.702595479609900854e-03
7.713819407118101615e-03
7.725394852766559635e-03
7.737318151645608370e-03
7.749696979117468888e-03
7.762307504124241891e-03
7.775479958592680998e-03
7.788874647103939328e-03
7.802597536215199504e-03
7.816539245273233100e-03
7.830653842222388972e-03
7.844971019046388661e-03
7.859340826977671488e-03
7.873898542626418459e-03
7.888713924463448823e-03
7.903718217272415886e-03
7.918867689876181795e-03
7.934157813134275899e-03
7.949652285579388022e-03
7.965232005883405783e-03
7.980869931418711066e-03
7.996804041700868171e-03
8.012833459181087706e-03
8.028990982461844256e-03
8.045477643928711231e-03
8.062034129974009894e-03
8.078876843773020663e-03
8.095696821383481512e-03
8.112849438687497888e-03
8.130012912794982657e-03
8.147291956634284890e-03
8.164769905555565102e-03
8.182383917350386296e-03
8.200047999186292971e-03
8.217903535490199418e-03
8.235876354833304713e-03
8.254006604525307780e-03
8.272276591444461397e-03
8.290538070686637173e-03
8.308951436242554417e-03
8.327598748749382232e-03
8.346420858361677103e-03
8.365376301327685782e-03
8.384331744513319126e-03
8.403506855843793227e-03
8.422677448795495500e-03
8.442053452609371567e-03
8.461526073254935568e-03
8.481140219547341971e-03
8.500691179915620052e-03
8.520259228993147874e-03
8.539956543719473547e-03
8.559737063996623527e-03
8.579532722039618156e-03
8.599488843694972143e-03
8.619331936259426799e-03
8.639282949399241379e-03
8.659199752396191593e-03
8.679054875448854317e-03
8.698921731834887913e-03
8.718760491605080307e-03
8.738620333994886330e-03
8.758408264035460675e-03
8.778064082505294616e-03
8.797837251439703452e-03
8.817487997412765816e-03
8.837155067135503070e-03
8.856729406759121861e-03
8.876183326416308209e-03
8.895670035232026984e-03
8.914875546622491251e-03
8.933922007039117943e-03
8.952826714934587760e-03
8.971793359298254819e-03
8.990676859826183739e-03
9.009520521400209495e-03
9.028155311674793126e-03
9.046724101070666504e-03
9.065252221763207829e-03
9.083555127420608888e-03
9.101606641842325748e-03
9.119556137934884885e-03
9.137394116407050737e-03
9.154995410282295090e-03
9.172397059812303216e-03
9.189631066354869704e-03
9.206759063732684184e-03
9.223605673268953781e-03
9.240293130583504197e-03
9.256693046777064726e-03
9.272851917027976482e-03
9.288590570366329902e-03
9.304193929524369466e-03
9.319485375154434176e-03
9.334508534989514536e-03
9.349337746496150583e-03
9.363689050444145082e-03
9.377979674188298767e-03
9.391839951839469139e-03
9.405578157273029177e-03
9.418987772269309458e-03
9.432081772150303911e-03
9.444893316804302622e-03
9.457426880684750500e-03
9.469800181471957692e-03
9.481715440588577709e-03
9.493364386816279324e-03
9.504628472725323504e-03
9.515513612202123814e-03
9.526147639369066805e-03
9.536313878494222934e-03
9.546224058658816375e-03
9.555512378084727101e-03
9.564543109729064380e-03
9.573194183790110015e-03
9.581522484225314662e-03
9.589397383481112688e-03
9.596789594784924105e-03
9.603855116300357916e-03
9.610549382269066576e-03
9.616844855683872109e-03
9.622552808082576042e-03
9.628117171222572851e-03
9.633105240440441308e-03
9.637683906502398506e-03
9.641840487946891705e-03
9.645433018775675590e-03
9.648641570867115200e-03
9.651389851199110997e-03
9.653692771102449430e-03
9.655484701306685236e-03
9.656866988742350208e-03
9.657960106525524668e-03
9.658545315312409146e-03
9.658704425585440748e-03
9.658539395056826501e-03
9.658068990602931836e-03
9.657136582633575259e-03
9.655880371867963871e-03
9.654094809738021643e-03
9.652008862282198884e-03
9.649489591913976844e-03
9.646687723122195079e-03
9.643603182990808861e-03
9.640075090177601183e-03
9.636150167394105098e-03
9.631920893486573335e-03
9.627138956165123135e-03
9.622064136622535818e-03
9.616677841926738954e-03
9.610931210861648963e-03
9.604871100550298191e-03
9.598379262914057478e-03
9.591571180273338049e-03
9.584444218426276321e-03
9.577057613531586577e-03
9.569329324279240295e-03
9.561291158755589811e-03
9.552963555634952364e-03
9.544239977550519199e-03
9.535285261100588314e-03
9.526070703939057416e-03
9.516529367381482141e-03
9.506647377174050687e-03
9.496462048980251064e-03
9.485909039223961586e-03
9.475144796083766197e-03
9.463985575523954294e-03
9.452691996612921574e-03
9.441098330409351119e-03
9.429181476583730834e-03
9.417029524744002095e-03
9.404533884453569054e-03
9.391739293218811721e-03
9.378675821659765779e-03
9.365283109568599273e-03
9.351672577929985228e-03
9.337818338913155686e-03
9.323627068109312591e-03
9.309348029450549913e-03
9.294626273789312679e-03
9.279729660844912228e-03
9.264554396167589551e-03
9.249171230281674413e-03
9.233531848402148565e-03
9.217735686268567485e-03
9.201602437770755108e-03
9.185305960012178639e-03
9.168793416424837056e-03
9.152043641040811042e-03
9.135122998220892090e-03
9.117962080457630430e-03
9.100633489288635983e-03
9.083109249331970669e-03
9.065469584816694681e-03
9.047564903209650428e-03
9.029446393110375849e-03
9.011187180195449203e-03
8.992664517114983685e-03
8.973951612234985775e-03
8.955024535366699553e-03
8.936023485063024005e-03
8.916764497551797272e-03
8.897365743383451112e-03
8.877701228028295893e-03
8.857916731081473538e-03
8.837888794920555069e-03
8.817731055245208241e-03
8.797339656769093477e-03
8.776873876461860693e-03
8.756060263129685980e-03
8.735140975892820292e-03
8.714025154663131503e-03
8.692753339223112385e-03
8.671254100511947491e-03
8.649642180049406728e-03
8.627701924245924359e-03
8.605830351401624889e-03
8.583628867065833459e-03
8.561236726824487595e-03
8.538659730577774151e-03
8.515930183427123865e-03
8.493004563719208644e-03
8.469829506464346056e-03
8.446486252323666746e-03
8.422916256523102149e-03
8.399193274079353941e-03
8.375153204912048899e-03
8.350963550020009882e-03
8.326495868891704843e-03
8.301808645794064856e-03
8.276909274567582908e-03
8.251730915030361033e-03
8.226361429696396263e-03
8.200735984782920804e-03
8.174907395444335617e-03
8.148897690671423263e-03
8.122580165222700876e-03
8.096060447540147711e-03
8.069258600446712476e-03
8.042101474216703516e-03
8.014735747377080624e-03
7.987041829930466644e-03
7.959007064134986098e-03
7.930772912275192016e-03
7.902126112385762791e-03
7.873217226980894212e-03
7.844039073720540656e-03
7.814484312722167619e-03
7.784627172407691115e-03
7.754493223467016048e-03
7.723976557544019218e-03
7.693079430863125796e-03
7.661806450971519848e-03
7.630062017908834961e-03
7.597959568173379488e-03
7.565508017069163225e-03
7.532680203589812475e-03
7.499545973946985383e-03
7.465985447577265684e-03
7.432071892255663614e-03
7.397740022537234103e-03
7.363079089635191435e-03
7.328119053587564199e-03
7.292760461743549340e-03
7.257073701584648186e-03
7.220984878631243886e-03
7.184470842808394347e-03
7.147597567102226615e-03
7.110401914086480687e-03
7.072770666340419399e-03
7.034789092038412107e-03
6.996416367091282812e-03
6.957577631540728079e-03
6.918489937558731061e-03
6.879098952919905467e-03
6.839222792947635340e-03
6.798910913497120852e-03
6.758264255519060709e-03
6.717259276685339300e-03
6.675780922837665741e-03
6.633976266293560749e-03
6.591806323105611244e-03
6.549288207349943103e-03
6.506497192541814065e-03
6.463305029025238728e-03
6.419799273703756179e-03
6.375956864353073822e-03
6.331797081336634596e-03
6.287339604189290040e-03
6.242548801015153186e-03
6.197481729825781750e-03
6.152132786518133001e-03
6.106475113939283453e-03
6.060511721962457896e-03
6.014304034776727335e-03
5.967805517451327084e-03
5.921074019422397847e-03
5.874101605469788517e-03
5.826830395848883910e-03
5.779394016620796951e-03
5.731747357353122498e-03
5.683837466722943890e-03
5.635762602886702256e-03
5.587466878332992409e-03
5.538929808705156388e-03
5.490190386790576825e-03
5.441259706040422681e-03
5.392164495016222095e-03
5.342975660177214786e-03
5.293735428038456176e-03
5.244378020861897340e-03
5.194911569719740975e-03
5.145332879373879995e-03
5.095682345147393121e-03
5.045965529963327909e-03
4.996194145466923038e-03
4.946437759218543645e-03
4.896660782588747873e-03
4.846900442402051097e-03
4.797128752185369875e-03
4.747359958294943873e-03
4.697619819256358166e-03
4.647883833302540908e-03
4.598152169600909153e-03
4.548501398507096179e-03
4.498839533138515243e-03
4.449203492018791693e-03
4.399667047130784853e-03
4.350201391421394150e-03
4.300831597467318426e-03
4.251604458095897127e-03
4.202425797680400983e-03
4.153364907271262126e-03
4.104400047400505631e-03
4.055550557126794999e-03
4.006811127031123347e-03
3.958242999232081463e-03
3.909849168229029628e-03
3.861644262857991897e-03
3.813636492927319644e-03
3.765840028692622396e-03
3.718257831324918612e-03
3.670892111091760609e-03
3.623750826466268921e-03
3.576840081476614051e-03
3.530187311168304833e-03
3.483807702613365715e-03
3.437678753635426635e-03
3.391832864516608915e-03
3.346272744049473471e-03
3.300993423044127836e-03
3.256011901206125412e-03
3.211331535693308283e-03
3.166943471708803283e-03
3.122905041330756998e-03
3.079172510609247404e-03
3.035774174537873502e-03
2.992721140870987888e-03
2.950019625179638866e-03
2.907666166752025539e-03
2.865688701327478646e-03
2.824075997337129659e-03
2.782819214012757347e-03
2.741937992289832614e-03
