4.075965554162467620e-03
4.048104611104353170e-03
4.019221445578468992e-03
3.989089129352594090e-03
3.958136458393990420e-03
3.927382961779191106e-03
3.896516837002160331e-03
3.865529087661772733e-03
3.834495641815401871e-03
3.803724585062819453e-03
3.774828905842703402e-03
3.748780180226648877e-03
3.729077472144280616e-03
3.717593212617130438e-03
3.721804471860394072e-03
3.749317238947330946e-03
3.792453649105801544e-03
3.841526975245211899e-03
3.893726587893010446e-03
3.947071389298503069e-03
4.001516836956405324e-03
4.056666019553076610e-03
4.111979173418745491e-03
4.167431384053038590e-03
4.222733027231864548e-03
4.277749112079583423e-03
4.332432770986088116e-03
4.386468280615751260e-03
4.440227042950555154e-03
4.493539590894401504e-03
4.546681672221335353e-03
4.599785978535755361e-03
4.652720518787322075e-03
4.705648768877157030e-03
4.758454544887811589e-03
4.811241164075047774e-03
4.863749832907623624e-03
4.916408897337826156e-03
4.968932925210049756e-03
5.021222873916634036e-03
5.073395540792219674e-03
5.125344902067115876e-03
5.176610235089395759e-03
5.227180618869730309e-03
5.277286809952212894e-03
5.326909815794147844e-03
5.375722996188578989e-03
5.424025238661993667e-03
5.472017162811265364e-03
5.519263481878472835e-03
5.565802975009105473e-03
5.611245710816151547e-03
5.655414194300942624e-03
5.697807492029841395e-03
5.738375534675658335e-03
5.777199450340694646e-03
5.813207258111492172e-03
5.846045093741933721e-03
5.875580590455415503e-03
5.902253218622722022e-03
5.926652266154961053e-03
5.950055463271965162e-03
5.973245090672285942e-03
5.996508569175801329e-03
6.019866179215793700e-03
6.043334834843391498e-03
6.066894106992988013e-03
6.090625849578006588e-03
6.114501947424217689e-03
6.138467836655159965e-03
6.162619130683122566e-03
6.186831407450485085e-03
6.211219838505724518e-03
6.235700736272642083e-03
6.260313155692872646e-03
6.285081784117942973e-03
6.309912863047214410e-03
6.334872032732323001e-03
6.359756804169382390e-03
6.384658142867113625e-03
6.409613861284374318e-03
6.434570082317188355e-03
6.459513565993496055e-03
6.484508361424869138e-03
6.509648956656718943e-03
6.534823597201568947e-03
6.559961701483032689e-03
6.585112566840678298e-03
6.610223699708518696e-03
6.635237937477935985e-03
6.660165634227005124e-03
6.684988476059334529e-03
6.709723561402611801e-03
6.734270975676529686e-03
6.758801378989065869e-03
6.783355427250212233e-03
6.807828455959520284e-03
6.832092498560015000e-03
6.856165519137769233e-03
6.880104319619558852e-03
6.903910149076964396e-03
6.927563990259295000e-03
6.950977786338074192e-03
6.974203223861219492e-03
6.997189903677242424e-03
7.019912421957625638e-03
7.042398842648688734e-03
7.064577257189915034e-03
7.086397587249421322e-03
7.107854924446451936e-03
7.129061903257502553e-03
7.149809008218662755e-03
7.170064823057567711e-03
7.189769090845937044e-03
7.208976670254083757e-03
7.227435073505988558e-03
7.245387202718282099e-03
7.262774180602300962e-03
7.279375977178799938e-03
7.295285430932444554e-03
7.310655754337172692e-03
7.325411985088832109e-03
7.339522572009393210e-03
7.352902095162669113e-03
7.365839341556019472e-03
7.378243875420165653e-03
7.390327988519310165e-03
7.401971090676638318e-03
7.413325602666978945e-03
7.424406663683716205e-03
7.435152508567562622e-03
7.445646421989656101e-03
7.455949581333502080e-03
7.466010317895848021e-03
7.475777383064286311e-03
7.485394713875988953e-03
7.494868852514251917e-03
7.504236049178768762e-03
7.513575390597178501e-03
7.522881205735233029e-03
7.532099150123478318e-03
7.541187536759780263e-03
7.550282527678807941e-03
7.559395580253038330e-03
7.568527643928415170e-03
7.577620671879486264e-03
7.586772239937430475e-03
7.595955004476386864e-03
7.605251927206526340e-03
7.614663833704369243e-03
7.624141011426192535e-03
7.633523272995386411e-03
7.642978609122899614e-03
7.652440921690471277e-03
7.661924334722273848e-03
7.671452519741739709e-03
7.680954353957546686e-03
7.690567197852005328e-03
7.700360882537289620e-03
7.710194836699501425e-03
7.720104492264400452e-03
7.730129880688547776e-03
7.740202448098464430e-03
7.750306738763875804e-03
7.760446003378607127e-03
7.770695958225048126e-03
7.781076775570365360e-03
7.791463492306723373e-03
7.801877440165199892e-03
7.812336922115761806e-03
7.823001638348238418e-03
7.833652294962054757e-03
7.844427264698678945e-03
7.855250882064379256e-03
7.866142531745208208e-03
7.877093077218247363e-03
7.888097849056514496e-03
7.899096219876508909e-03
7.910116766397830637e-03
7.921146002666589608e-03
7.932235162744929666e-03
7.943388125458850785e-03
7.954502583780199976e-03
7.965670454640286571e-03
7.976807404486066858e-03
7.987939995182397751e-03
7.999162691439359527e-03
8.010366751717469189e-03
8.021500768449539229e-03
8.032621262659885367e-03
8.043793078343772912e-03
8.054994821451069709e-03
8.066361604530570759e-03
8.077712274811812976e-03
8.089100158190823397e-03
8.100482823790054396e-03
8.111820763852656963e-03
8.123150541820811296e-03
8.134489717722487301e-03
8.145874802069850637e-03
8.157223924093128312e-03
8.168545491539162817e-03
8.179856526899733152e-03
8.191096577284694147e-03
8.202403148843722541e-03
8.213704017687360748e-03
8.224926275240121085e-03
8.236122176937808390e-03
8.247324768572610390e-03
8.258495622840903230e-03
8.269693633942606578e-03
8.280879683409078998e-03
8.292107078468082676e-03
8.303426867597253624e-03
8.314764147681816958e-03
8.326166272640156407e-03
8.337631437910025811e-03
8.349188669786750810e-03
8.360697897211000207e-03
8.372261507484456133e-03
8.383860581858974120e-03
8.395484845651505351e-03
8.407085987042097266e-03
8.418712323011929774e-03
8.430339437338556230e-03
8.442037476243465996e-03
8.453806346495153223e-03
8.465625409778732707e-03
8.477539402941608113e-03
8.489473337983308859e-03
8.501343223638904018e-03
8.513250435060733950e-03
8.525155367856224187e-03
8.537060981604097445e-03
8.548964410835645927e-03
8.560827128976010447e-03
8.572745962270667333e-03
8.584734637603922899e-03
8.596714603093904769e-03
8.608688124848230469e-03
8.620637679736206996e-03
8.632603138447698596e-03
8.644576904536654949e-03
8.656637629046379234e-03
8.668702615191327052e-03
8.680693995446219988e-03
8.692665592173090539e-03
8.704619859370146470e-03
8.716563446233758367e-03
8.728491648910473646e-03
8.740458812254091672e-03
8.752414685251288032e-03
8.764350281768480688e-03
8.776297808294669656e-03
8.788217023300418096e-03
8.800081955057636671e-03
8.811963251744490619e-03
8.823922635034193301e-03
8.835872858904898416e-03
8.847823736713909815e-03
8.859756453925919303e-03
8.871654262802067953e-03
8.883548541509498492e-03
8.895444057703203941e-03
8.907369084139525259e-03
8.919300252544504204e-03
8.931209735784245013e-03
8.943052390043188665e-03
8.954780012216570495e-03
8.966410369659900959e-03
8.978063489756741775e-03
8.989629762563894691e-03
9.001108265649489237e-03
9.012523873047694617e-03
9.023853316524483789e-03
9.035105128464811577e-03
9.046356347852479649e-03
9.057676021018786286e-03
9.068980116507132858e-03
9.080338077953400977e-03
9.091692722817856093e-03
9.103009877854981863e-03
9.114293601545364609e-03
9.125513496354785425e-03
9.136665510501268406e-03
9.147736947369049590e-03
9.158768134032140712e-03
9.169693047100243438e-03
9.180555730059471176e-03
9.191278343386941052e-03
9.201906736668400907e-03
9.212489232375694129e-03
9.222996227693576465e-03
9.233394244494834771e-03
9.243789439423274329e-03
9.254089675371888687e-03
9.264324100748415683e-03
9.274492342407198581e-03
9.284583256932037176e-03
9.294554774841009073e-03
9.304434731504013928e-03
9.314205433689526012e-03
9.323880902581547364e-03
9.333463028726151842e-03
9.342965534724927482e-03
9.352286610015737162e-03
9.361453822243607018e-03
9.370527960986314853e-03
9.379519717339006996e-03
9.388380110389190833e-03
9.397059291150094626e-03
9.405680361338914983e-03
9.414162824609367125e-03
9.422499270539159630e-03
9.430789994815719571e-03
9.438967707571757626e-03
9.446995302118609342e-03
9.454760792043073042e-03
9.462409807593859593e-03
9.469994652963893700e-03
9.477514222003628405e-03
9.484851174131940510e-03
9.492130378401556282e-03
9.499337224589843309e-03
9.506410891492789172e-03
9.513358427038921122e-03
9.520162406380467887e-03
9.526807030565628137e-03
9.533264406023448864e-03
9.539583706059355864e-03
9.545726659304639566e-03
9.551778568195241209e-03
9.557697582326808716e-03
9.563498464233046240e-03
9.569090618256488254e-03
9.574606093373997165e-03
9.579952007834463198e-03
9.585194994052843517e-03
9.590347194856343668e-03
9.595357757125218962e-03
9.600335179931149612e-03
9.605119731677699835e-03
9.609816249052598180e-03
9.614420683348643554e-03
9.618978221977278822e-03
9.623432728700058100e-03
9.627788191058162318e-03
9.632000770477128215e-03
9.636116074294525519e-03
9.640066767839230652e-03
9.643917903202750552e-03
9.647726276052502603e-03
9.651493718404062505e-03
9.655204653677602195e-03
9.658820161068452231e-03
9.662386310722409846e-03
9.665915929658552147e-03
9.669370649872451040e-03
9.672735728541890024e-03
9.676028418546991916e-03
9.679307998599000207e-03
9.682461923938900927e-03
9.685456678663698429e-03
9.688378621833070373e-03
9.691287783610794127e-03
9.694098660657469654e-03
9.696860029797541025e-03
9.699622554997310020e-03
9.702353413440535645e-03
9.705103778737128248e-03
9.707852447088527112e-03
9.710622640716974618e-03
9.713409655165046452e-03
9.716188706170960851e-03
9.719003272725476247e-03
9.721832259800120349e-03
9.724550926109961496e-03
9.727279078917764818e-03
9.730021617050528884e-03
9.732737568500630237e-03
9.735407886093243660e-03
9.738089842964096216e-03
9.740881859793123695e-03
9.743730858807491194e-03
9.746619904981723009e-03
9.749514811892708369e-03
9.752533491919512798e-03
9.755639536566546380e-03
9.758788715390520271e-03
9.762085868428469967e-03
9.765473982033541500e-03
9.768933446951448551e-03
9.772531670988982358e-03
9.776251152758487842e-03
9.780224468944723887e-03
9.784383213977095387e-03
9.788724202061453022e-03
9.793295245367150681e-03
9.798146744747784909e-03
9.803367189531583467e-03
9.808890261204954164e-03
9.814741426354725920e-03
9.820974952800655758e-03
9.827588098284578341e-03
9.834510980027154348e-03
9.841748776275367760e-03
9.849359411412822451e-03
9.857290282938718784e-03
9.865698969394685186e-03
9.874503607642979089e-03
9.883659085878624892e-03
9.893269914149641076e-03
9.903332838961963203e-03
9.913737914727988390e-03
9.924447998795190087e-03
9.935454536047256743e-03
9.946757061973855382e-03
9.958294708261063860e-03
9.970108682246446932e-03
9.982103111468097756e-03
9.994266654900749863e-03
1.000664562285192433e-02
1.001923555690093122e-02
1.003197956326215383e-02
1.004482531347392592e-02
1.005782980064801220e-02
1.007101191728717628e-02
1.008422214608070341e-02
1.009741465545223142e-02
1.011047210970732885e-02
1.012348358111822035e-02
1.013651037099273615e-02
1.014951521654258379e-02
1.016238224588485346e-02
1.017511173036825430e-02
1.018774593472278507e-02
1.020032409996874528e-02
1.021278785214681413e-02
1.022518203456840302e-02
1.023748350912826940e-02
1.024966006038762964e-02
1.026169367034207060e-02
1.027367529851549305e-02
1.028562189860162887e-02
1.029744683947830634e-02
1.030900869175036330e-02
1.032040102882809084e-02
1.033159978770357978e-02
1.034257955087655549e-02
1.035333735992133991e-02
1.036389446042046240e-02
1.037419910476979935e-02
1.038420296116337842e-02
1.039405030332600337e-02
1.040364308059370767e-02
1.041301244343572491e-02
1.042209322577432665e-02
1.043100923427329844e-02
1.043976129687014878e-02
1.044829271887080628e-02
1.045659758518092258e-02
1.046475469163265885e-02
1.047273044248873616e-02
1.048051351918071090e-02
1.048808509816858206e-02
1.049545572246424023e-02
1.050259174740857462e-02
1.050951448946861079e-02
1.051626627756023155e-02
1.052281032850480719e-02
1.052923654245715643e-02
1.053542041505458118e-02
1.054134475513204480e-02
1.054703756689742006e-02
1.055255689171294593e-02
1.055791417942888999e-02
1.056310667606451259e-02
1.056814617653097955e-02
1.057303845761276007e-02
1.057769143510541715e-02
1.058215423638495661e-02
1.058639182230040367e-02
1.059042219441162086e-02
1.059426020090670391e-02
1.059794185594162101e-02
1.060144096047472076e-02
1.060469831911560641e-02
1.060778783446992245e-02
1.061073500321334240e-02
1.061351307682582498e-02
1.061613438358181491e-02
1.061859057657105372e-02
1.062077629760236480e-02
1.062271633121206031e-02
1.062445428306055956e-02
1.062592375471762933e-02
1.062722910230047210e-02
1.062834969284760095e-02
1.062922675144381546e-02
1.062989096467944171e-02
