6.895762988791198818e-03
6.812577027797549201e-03
6.726760290760893692e-03
6.638620103277028880e-03
6.548657729455379176e-03
6.456923379774471249e-03
6.363969394782626431e-03
6.269097913715626982e-03
6.176337975856509808e-03
6.087503192976057194e-03
6.004503531030614023e-03
5.931399051592879668e-03
5.868361161336820529e-03
5.817016038874249680e-03
5.781480868991009658e-03
5.768404543003937367e-03
5.773230625821912376e-03
5.791728584505747082e-03
5.821731583963662277e-03
5.861730705369922086e-03
5.912125063195648213e-03
5.972249287019350782e-03
6.042462579469711978e-03
6.119511669950837215e-03
6.201065889505718610e-03
6.284597082005185902e-03
6.369670413615964415e-03
6.456101611331831192e-03
6.542652452524004743e-03
6.629403480099690764e-03
6.717025188095243973e-03
6.805242907926758490e-03
6.893335667780008807e-03
6.982413969433988628e-03
7.070823493269045787e-03
7.158545235266976572e-03
7.246163755491734186e-03
7.333348850733176563e-03
7.420399895375393885e-03
7.507415630039510068e-03
7.594628861539364124e-03
7.682236222315164814e-03
7.769723445125288272e-03
7.857469710907829738e-03
7.945462910383541480e-03
8.033703178238458392e-03
8.122354848674732952e-03
8.211099041278490523e-03
8.299377237939505048e-03
8.387183301575803704e-03
8.474762856576370865e-03
8.561842277364192441e-03
8.647548031996982881e-03
8.731731867279903664e-03
8.814306138019624426e-03
8.895026079390902160e-03
8.973821077916523808e-03
9.048982067810218063e-03
9.119872681610513912e-03
9.185803648521515333e-03
9.247379833583748918e-03
9.304950573715090392e-03
9.358450337598658159e-03
9.408446817917923491e-03
9.454700659361478521e-03
9.497230098681879243e-03
9.536015589602759093e-03
9.571040498042028902e-03
9.603411293323843578e-03
9.633883176457861547e-03
9.662795564650446256e-03
9.690734013533090774e-03
9.717979288964341891e-03
9.745054277158587269e-03
9.772047886876095851e-03
9.799079842745216096e-03
9.826013017472098182e-03
9.852846259828828765e-03
9.879579921437649584e-03
9.906165642929400453e-03
9.932785302940731059e-03
9.959284444483238949e-03
9.985539764936155957e-03
1.001160991043116393e-02
1.003743680515204774e-02
1.006308946896515739e-02
1.008851867162681958e-02
1.011357322342427111e-02
1.013831025797546324e-02
1.016273043114043588e-02
1.018672263182784400e-02
1.021049972244697686e-02
1.023398500114085403e-02
1.025708908739119199e-02
1.027979929660677305e-02
1.030197330419414976e-02
1.032359228244039695e-02
1.034480935064298855e-02
1.036544248070935155e-02
1.038553673881706559e-02
1.040509903936166942e-02
1.042395728675535142e-02
1.044221176844962670e-02
1.045982932609363161e-02
1.047681841794833452e-02
1.049319088683097097e-02
1.050893899880921134e-02
1.052395494520760692e-02
1.053816359526831177e-02
1.055155956067145573e-02
1.056409144120730621e-02
1.057578829424838177e-02
1.058676895054262539e-02
1.059698727312279910e-02
1.060635138975153831e-02
1.061484804354552100e-02
1.062267306558226966e-02
1.062976360475854920e-02
1.063610622859953968e-02
1.064162587509052960e-02
1.064621250206300787e-02
1.065011476640072112e-02
1.065321182996828084e-02
1.065542749594015383e-02
1.065681131878383134e-02
1.065746843794245641e-02
1.065728221607928523e-02
1.065661064625676377e-02
1.065522106271625871e-02
1.065326906620677958e-02
1.065057680802080492e-02
1.064729808214883236e-02
1.064349693083915631e-02
1.063913777073341796e-02
1.063440984114513016e-02
1.062943140201261412e-02
1.062417002798889815e-02
1.061847828481196111e-02
1.061247130043449158e-02
1.060621703546358284e-02
1.059976809498069071e-02
1.059312731755026118e-02
1.058601351046937859e-02
1.057857108989084319e-02
1.057094043424158802e-02
1.056303724972091837e-02
1.055511174311775033e-02
1.054692173400836007e-02
1.053852369476981216e-02
1.052980086924735700e-02
1.052077859510700854e-02
1.051164559652800583e-02
1.050248323672303176e-02
1.049318529030505466e-02
1.048379483594041872e-02
1.047438688062736489e-02
1.046478522022261347e-02
1.045497518278843373e-02
1.044502273164729655e-02
1.043503261871114342e-02
1.042487801717531005e-02
1.041444856597341026e-02
1.040388202558288275e-02
1.039324530141464906e-02
1.038250179389791500e-02
1.037170346581604147e-02
1.036085023261277410e-02
1.034986686546697336e-02
1.033877901973457962e-02
1.032767463952077511e-02
1.031643022141113739e-02
1.030509618421378802e-02
1.029366834415113875e-02
1.028222667386983515e-02
1.027075257275089637e-02
1.025915191628581739e-02
1.024756944139209973e-02
1.023582734350717699e-02
1.022394631914701028e-02
1.021201440949175317e-02
1.019997454302288241e-02
1.018791211782381183e-02
1.017592429924362406e-02
1.016388633001944104e-02
1.015182690184543435e-02
1.013967624999151732e-02
1.012748882605008123e-02
1.011531334408730456e-02
1.010311657525217108e-02
1.009088390053696806e-02
1.007864799423545746e-02
1.006633188643634574e-02
1.005394096150622266e-02
1.004165323034687460e-02
1.002932160351010030e-02
1.001694876131935079e-02
1.000449067324644774e-02
9.992026145281350524e-03
9.979553599845935458e-03
9.967143364243919237e-03
9.954842152182081377e-03
9.942526830646324434e-03
9.930239844460524504e-03
9.917944297008859933e-03
9.905639949337552083e-03
9.893291259927121731e-03
9.880853507962869889e-03
9.868415002459633364e-03
9.855948696397297260e-03
9.843503067743404611e-03
9.831029100005902674e-03
9.818536490798864327e-03
9.806042803664300964e-03
9.793500964268493300e-03
9.780919579779273967e-03
9.768286681862787743e-03
9.755580523968130843e-03
9.742865184362365510e-03
9.730150413369959700e-03
9.717376919705988242e-03
9.704478574449497408e-03
9.691501807769283688e-03
9.678456329358887597e-03
9.665452657317738158e-03
9.652401627624512814e-03
9.639294516050382622e-03
9.626172532458655839e-03
9.612989891723960900e-03
9.599936353455308310e-03
9.586840330171104985e-03
9.573692691992130230e-03
9.560551067190423830e-03
9.547399003754376834e-03
9.534151270956072940e-03
9.520966786236149601e-03
9.507721484265443945e-03
9.494381904047584711e-03
9.480994579415145604e-03
9.467556321169754222e-03
9.454066950096078753e-03
9.440550642474487483e-03
9.426985530739798169e-03
9.413330320472449927e-03
9.399579974096315682e-03
9.385769746188675489e-03
9.371947414766986645e-03
9.358113506495921094e-03
9.344227414606911392e-03
9.330292385181624890e-03
9.316361921903895671e-03
9.302336110797301480e-03
9.288262484775976560e-03
9.274110732069873811e-03
9.259906625864624055e-03
9.245699764882488528e-03
9.231437733469986459e-03
9.217115850834454657e-03
9.202770114440268767e-03
9.188336608653889515e-03
9.173923432277551054e-03
9.159470312075644258e-03
9.144961934031966416e-03
9.130354230391624429e-03
9.115656455452324919e-03
9.100913697464128524e-03
9.086109795750153470e-03
9.071268655681315185e-03
9.056398184145915756e-03
9.041501891656093109e-03
9.026524346425781470e-03
9.011474065246450824e-03
8.996310598272765080e-03
8.981117584049350816e-03
8.965894865652974943e-03
8.950652930694720857e-03
8.935330147218799660e-03
8.919992606590010711e-03
8.904592914588442543e-03
8.889134232959136281e-03
8.873599173531945133e-03
8.858040482827884629e-03
8.842451899511209745e-03
8.826799499283166650e-03
8.811098270343846114e-03
8.795328291569121104e-03
8.779505964456474701e-03
8.763695090543409741e-03
8.747887364538905336e-03
8.732027795227928491e-03
8.716094722153218052e-03
8.700141753321255847e-03
8.684137061208779124e-03
8.668081911743709400e-03
8.651989679199804592e-03
8.635912552466052869e-03
8.619834506265390550e-03
8.603743535586320587e-03
8.587593367732338639e-03
8.571473779812524910e-03
8.555344183726575069e-03
8.539234252899719976e-03
8.523107751243244948e-03
8.506983464741013981e-03
8.490827231677875939e-03
8.474651140084206100e-03
8.458475768316830318e-03
8.442369361509150655e-03
8.426232776464417581e-03
8.410163078711410667e-03
8.394099489653632229e-03
8.378056816518824820e-03
8.362037960794460600e-03
8.346013121671862905e-03
8.330007852380588371e-03
8.313974532430382786e-03
8.297945781263254758e-03
8.281949944167263725e-03
8.265981675210488586e-03
8.250024349095899656e-03
8.234125459644092010e-03
8.218236527844292871e-03
8.202359163449924814e-03
8.186521917209768628e-03
8.170698073685020435e-03
8.154850315510133590e-03
8.139026085222879695e-03
8.123196436856352370e-03
8.107348305700532928e-03
8.091524531467986919e-03
8.075742221646019584e-03
8.059972679818484809e-03
8.044212915274585526e-03
8.028440248434565857e-03
8.012692861443848624e-03
7.997025533467949990e-03
7.981384525548005510e-03
7.965719034858724859e-03
7.950067649195924346e-03
7.934406983868536739e-03
7.918804971261631659e-03
7.903162797892946193e-03
7.887569167995449673e-03
7.872047688412549260e-03
7.856513943780210965e-03
7.840958109430352235e-03
7.825462226233641239e-03
7.809972709738550144e-03
7.794457780135695055e-03
7.778944909807078076e-03
7.763481268569096677e-03
7.747993825129814195e-03
7.732479643959624775e-03
7.716942903345449731e-03
7.701368729293052266e-03
7.685778898551996578e-03
7.670179811701310392e-03
7.654532331329522328e-03
7.638857292427185530e-03
7.623162114860542252e-03
7.607449482467072872e-03
7.591737059048346385e-03
7.575991011780102737e-03
7.560164383938687560e-03
7.544321585207755185e-03
7.528422666216163725e-03
7.512520416037584553e-03
7.496562136633586407e-03
7.480564609181199719e-03
7.464525198984402372e-03
7.448448295665844113e-03
7.432382366266642414e-03
7.416226444469353404e-03
7.400067681801540329e-03
7.383867229880381779e-03
7.367674888496324528e-03
7.351425145824352567e-03
7.335173119529535962e-03
7.318917270688040863e-03
7.302696493584655800e-03
7.286472022416173519e-03
7.270321756718526110e-03
7.254153184152521520e-03
7.237989321260081266e-03
7.221886461861810359e-03
7.205859470123656373e-03
7.189831021602030754e-03
7.173843678950500916e-03
7.157908846172281701e-03
7.142063784133967537e-03
7.126275036616070910e-03
7.110645193471029635e-03
7.095067917741477471e-03
7.079525877426783714e-03
7.064000957667177297e-03
7.048533668375879004e-03
7.033077487525252365e-03
7.017656189149482256e-03
7.002254308513589098e-03
6.986867631476605285e-03
6.971503142769500637e-03
6.956158477562483095e-03
6.940738646100461443e-03
6.925282752988180107e-03
6.909752069594241736e-03
6.894170367564391930e-03
6.878577718986153902e-03
6.862917388287398390e-03
6.847196804037071136e-03
6.831447073026183231e-03
6.815618204169490192e-03
6.799720735207850746e-03
6.783771356063427946e-03
6.767757937608216874e-03
6.751644996002181126e-03
6.735407141719968772e-03
6.719057919273433051e-03
6.702538137692116461e-03
6.685835839431324146e-03
6.668950194933800750e-03
6.651883852622233161e-03
6.634670913979162817e-03
6.617338218834427528e-03
6.599783752180854619e-03
6.582000412693184491e-03
6.563994706426134682e-03
6.545745015749638088e-03
6.527257390032278894e-03
6.508582469191289722e-03
6.489679970819190596e-03
6.470492959071811982e-03
6.451043315488078425e-03
6.431305835660436690e-03
6.411308988499290346e-03
6.391040381928647304e-03
6.370523943831148984e-03
6.349721998657661785e-03
6.328605380649921473e-03
6.307172540149843035e-03
6.285421732608158403e-03
6.263321196911203134e-03
6.240906577857882262e-03
6.218121425225971687e-03
6.194993314292551387e-03
6.171545221737306970e-03
6.147785315392438957e-03
6.123695010891335756e-03
6.099233295842490174e-03
6.074448407035944533e-03
6.049363188661618755e-03
6.024005711309561410e-03
5.998394848731926528e-03
5.972485910120508071e-03
5.946266154165508883e-03
5.919730817769187220e-03
5.892912520071564089e-03
5.865826930746721214e-03
5.838499592262510335e-03
5.810896836130300704e-03
5.783016072046104523e-03
5.754905614657608061e-03
5.726578720106894650e-03
5.698017733377459988e-03
5.669179068163444392e-03
5.640118519732994010e-03
5.610804732787559417e-03
5.581224154771460486e-03
5.551415681726496083e-03
5.521413489039571180e-03
5.491159948630817793e-03
5.460745452920783699e-03
5.430193862860894539e-03
5.399473299837237623e-03
5.368583548972603176e-03
5.337520513132113301e-03
5.306311325923682327e-03
5.274949795056695090e-03
5.243447829181466582e-03
5.211787935338496602e-03
5.179995900000827075e-03
5.148079801557711548e-03
5.116051083023546303e-03
5.083938955893842898e-03
5.051705478788875818e-03
5.019396504026040276e-03
4.986981157289118068e-03
4.954502161504211431e-03
4.921955117920439465e-03
4.889358076099828594e-03
4.856686851814274314e-03
4.823908103709017951e-03
4.791062096621409236e-03
4.758138643471965246e-03
4.725169106889273024e-03
4.692154061471519311e-03
4.659099619043610523e-03
4.626022433481488151e-03
4.592899554680289660e-03
4.559745873682769825e-03
4.526558462275633542e-03
4.493350717779712525e-03
