5.116175101790118585e-03
5.363049103152820428e-03
5.614022376479363939e-03
5.868001853816090171e-03
6.123702519919762589e-03
6.377866981940756401e-03
6.632957433135066097e-03
6.889278029709801875e-03
7.146055991196234580e-03
7.401514794171161656e-03
7.654457199789398494e-03
7.904127776847579695e-03
8.149004758160815001e-03
8.388665373615732113e-03
8.622531317455321698e-03
8.849981324887486525e-03
9.067977785809646155e-03
9.272598278289080967e-03
9.464847767852521340e-03
9.645195216205897440e-03
9.811461153930447002e-03
9.962801547815631695e-03
1.009883521425739179e-02
1.021975570410800505e-02
1.032224879161157925e-02
1.040680268988109121e-02
1.047767023673047693e-02
1.053687969252466855e-02
1.058398940409143590e-02
1.062031803077898885e-02
1.064529612419407197e-02
1.066081735983298237e-02
1.066401188654000909e-02
1.065492388132063296e-02
1.063263072889047110e-02
1.060182872048776384e-02
1.055881534892072829e-02
1.050158623032819948e-02
1.043153033898073373e-02
1.035155357435575338e-02
1.026483697196277876e-02
1.017261333231726621e-02
1.007668416233306087e-02
9.977310325632815502e-03
9.876671698781895256e-03
9.774739522001833422e-03
9.671313326496460902e-03
9.568166591210834973e-03
9.465379111841266610e-03
9.363115241903542316e-03
9.262427850485983882e-03
9.163080788661034579e-03
9.065176560297434627e-03
8.969706191246819629e-03
8.876744485462696732e-03
8.786595061051482788e-03
8.701168083214522522e-03
8.620715850245498288e-03
8.545708963479855744e-03
8.477641767157029912e-03
8.415849259168538612e-03
8.358177925873379321e-03
8.304251566831130985e-03
8.253457558524869217e-03
8.205664387180098412e-03
8.160002278253341776e-03
8.115821509500393757e-03
8.074640861177040385e-03
8.037695116972349424e-03
8.005508539213244956e-03
7.977581311870421063e-03
7.952560358674330698e-03
7.929562477301180592e-03
7.906994724357286480e-03
7.884293185038564883e-03
7.861556583329548306e-03
7.838930315769071511e-03
7.816230553957343938e-03
7.793576004992665979e-03
7.770947472820771522e-03
7.748226902730552187e-03
7.725503458153201893e-03
7.702801466540877551e-03
7.680071534920230626e-03
7.657334199466078219e-03
7.634679688428174828e-03
7.611942337943324380e-03
7.589315497733849052e-03
7.566637841919494380e-03
7.544020059386996428e-03
7.521523543742416121e-03
7.499216171723010332e-03
7.477058080380668235e-03
7.455103087918361210e-03
7.433348445242040498e-03
7.411912867960539913e-03
7.390743570939674843e-03
7.369705039095914706e-03
7.348714560393214586e-03
7.327882133582788032e-03
7.306959993272532823e-03
7.285680933104925899e-03
7.264387640403831281e-03
7.243248714067895833e-03
7.222202631378051019e-03
7.201121743823867515e-03
7.180342166594317482e-03
7.160055267830408264e-03
7.140091706707264209e-03
7.120419959994280477e-03
7.101155386540521433e-03
7.082414498042715126e-03
7.064478491006426393e-03
7.047085742751897121e-03
7.030389377710569154e-03
7.014122965781537447e-03
6.998283803580545963e-03
6.982778090465894573e-03
6.967593866367164865e-03
6.952735191357245839e-03
6.938080457317062806e-03
6.923796912455180280e-03
6.910171527220228087e-03
6.896885580797849219e-03
6.883894057648071857e-03
6.871285715373248032e-03
6.858905618033993984e-03
6.846993257357616124e-03
6.835647421075279929e-03
6.824895364275917684e-03
6.814337016645321578e-03
6.803823667259099178e-03
6.793594104503986215e-03
6.783606753469700011e-03
6.773583990083802825e-03
6.763869692883847130e-03
6.754415591792566065e-03
6.745466756573372837e-03
6.736763672015070106e-03
6.728286080511774320e-03
6.720070954889796437e-03
6.711857333586731048e-03
6.703981048171206089e-03
6.696463343717908891e-03
6.689182057166164277e-03
6.681926068363325776e-03
6.674883800119949841e-03
6.667919260639168684e-03
6.661334965309513405e-03
6.654965219410243112e-03
6.648797291116669526e-03
6.642932657282209392e-03
6.637390116752631825e-03
6.631879016723052009e-03
6.626635836233586360e-03
6.621509741531146631e-03
6.616610432002117438e-03
6.611835653191254492e-03
6.607318014974680395e-03
6.603072232721314203e-03
6.598953414676687369e-03
6.595029619387732592e-03
6.591176167915756626e-03
6.587427896723882514e-03
6.583827041153409235e-03
6.580107579910960368e-03
6.576631514108270161e-03
6.573233183149087416e-03
6.569965470423064745e-03
6.566908092890367046e-03
6.564016324190668009e-03
6.561308497959344836e-03
6.558876546186049455e-03
6.556571351788111415e-03
6.554504822374191374e-03
6.552595230412090917e-03
6.550840204757748565e-03
6.549289293372282869e-03
6.548006061269119431e-03
6.546942114350574188e-03
6.546138966388363387e-03
6.545616309092890800e-03
6.545285835309171303e-03
6.545117935591918644e-03
6.545397326745950282e-03
6.545932451668994706e-03
6.546525800416093735e-03
6.547360034579359674e-03
6.548322291805690372e-03
6.549347499619343795e-03
6.550599024108477199e-03
6.552216768551702777e-03
6.554145313825730963e-03
6.556366663298532522e-03
6.558656644173163110e-03
6.561396562625935146e-03
6.564380541403787989e-03
6.567413826889765237e-03
6.570794816260219599e-03
6.574561439378252131e-03
6.578539010441058175e-03
6.582662527438729386e-03
6.586829037983753937e-03
6.591157452864411168e-03
6.595757352175504740e-03
6.600609464146486340e-03
6.605416680493638240e-03
6.610540251198740447e-03
6.615848865902744166e-03
6.621433253350191873e-03
6.627177966731549567e-03
6.633114718424000696e-03
6.639303281621426744e-03
6.645585321030831986e-03
6.651957643610379410e-03
6.658626037039776582e-03
6.665641497580538331e-03
6.672770765946476126e-03
6.680095096189080615e-03
6.687618188063153800e-03
6.695418904332243494e-03
6.703462918348419321e-03
6.711757063375778203e-03
6.720409213991624872e-03
6.729283415227732372e-03
6.738448741164004482e-03
6.747600316811973656e-03
6.756775981524546122e-03
6.766263318896441163e-03
6.775931194211580640e-03
6.785703082741766264e-03
6.795731138796706067e-03
6.805819968973327201e-03
6.816009990169592629e-03
6.826345934939984962e-03
6.836752948820299866e-03
6.847340783406288996e-03
6.858184560138923767e-03
6.869367455417023892e-03
6.880808260741034209e-03
6.892509784143872019e-03
6.904441616897153897e-03
6.916596146316172401e-03
6.928803220436548227e-03
6.940915024578716425e-03
6.953207863078664404e-03
6.965652666820672592e-03
6.978217050416051642e-03
6.990999107514028407e-03
7.004006180490398789e-03
7.017318096084329548e-03
7.030849662115698680e-03
7.044547826593665005e-03
7.058295247461233816e-03
7.072071289394174509e-03
7.085906972983515260e-03
7.099750191389629130e-03
7.113660339269595005e-03
7.127715828908710513e-03
7.141734982451732223e-03
7.155831372229175952e-03
7.169936570470852866e-03
7.184304959814723224e-03
7.198632132992978556e-03
7.213010580426877302e-03
7.227489818969486113e-03
7.242122894027995875e-03
7.256998986137025084e-03
7.271934224385301869e-03
7.286953126092208383e-03
7.301909186252985781e-03
7.316915717604613976e-03
7.332054223642967168e-03
7.347342331725340535e-03
7.362713416456108211e-03
7.378162569330960589e-03
7.393760414223438625e-03
7.409448491713594223e-03
7.425329349621232616e-03
7.441336418123127919e-03
7.457483158739737494e-03
7.473681003457971136e-03
7.490008122877738622e-03
7.506453761026503704e-03
7.523035872289056056e-03
7.539790378806461232e-03
7.556602837478352229e-03
7.573448329643408042e-03
7.590330744479256188e-03
7.607405636939523069e-03
7.624547149634191938e-03
7.641795879543055413e-03
7.659216985830891687e-03
7.676767449851140852e-03
7.694318987658611483e-03
7.711911977150378954e-03
7.729558066873636057e-03
7.747175000786992241e-03
7.764886867927439477e-03
7.782718095167649903e-03
7.800566878137705010e-03
7.818462162018700520e-03
7.836535129683285320e-03
7.854545144358380387e-03
7.872640931108558504e-03
7.890792915654533737e-03
7.909037942797446721e-03
7.927277049813462317e-03
7.945531391605094307e-03
7.963835725810091554e-03
7.982170815750979156e-03
8.000614250366258617e-03
8.019146990552344575e-03
8.037830295562993499e-03
8.056679702782435296e-03
8.075573339967402273e-03
8.094484840751569807e-03
8.113464018639248918e-03
8.132502290163396569e-03
8.151460838335901696e-03
8.170335684870773732e-03
8.189192315970579214e-03
8.208010127048519233e-03
8.226900189157119320e-03
8.245837510173379889e-03
8.264604184794232047e-03
8.283219933622994538e-03
8.301677300146649216e-03
8.320007902675266923e-03
8.338106798765513444e-03
8.356149478556420401e-03
8.374248319777757160e-03
8.392317698691644304e-03
8.410430802986581730e-03
8.428596944588261780e-03
8.446772763162557415e-03
8.464912401329446889e-03
8.483045270718395439e-03
8.501148301502255492e-03
8.519325875955467350e-03
8.537504078274044811e-03
8.555594795304528530e-03
8.573854359779801981e-03
8.592290363976457304e-03
8.610835917434394790e-03
8.629531185794419093e-03
8.648102250737444222e-03
8.666653701343842234e-03
8.685288060396843118e-03
8.704018340277858840e-03
8.722674948785605342e-03
8.741206704280819056e-03
8.759661597994728571e-03
8.777868341950189821e-03
8.796008035311999110e-03
8.814005384900593792e-03
8.831910480812572156e-03
8.849665197212535847e-03
8.867315363509849571e-03
8.884978052703433604e-03
8.902601952096978952e-03
8.920230763524302289e-03
8.937925593120786202e-03
8.955538420886845208e-03
8.973035861834045834e-03
8.990489142865463329e-03
9.007968327915678863e-03
9.025490844874672555e-03
9.042966121522206732e-03
9.060474130863636552e-03
9.077930152596107305e-03
9.095439241018962034e-03
9.112953369732400971e-03
9.130451526480553096e-03
9.147997640367187822e-03
9.165545293299480825e-03
9.182957115072058057e-03
9.200222336294567801e-03
9.217400420592858010e-03
9.234620600267655702e-03
9.251995960982589348e-03
9.269490257217819981e-03
9.286942442199084061e-03
9.304514358768268406e-03
9.322099059415264732e-03
9.339872674592835516e-03
9.357809877342585653e-03
9.375705495181322832e-03
9.393639861910349151e-03
9.411521578990800566e-03
9.429303326147390335e-03
9.446965276132625322e-03
9.464446348392481154e-03
9.481907458951305268e-03
9.499194069706206819e-03
9.516349154350635040e-03
9.533282500445376673e-03
9.550012610783788214e-03
9.566680184876826670e-03
9.583215064465421679e-03
9.599764013682021008e-03
9.616373351136303302e-03
9.632906599959382629e-03
9.649522551540138868e-03
9.666145959988228786e-03
9.682777042155785857e-03
9.699515931211889416e-03
9.716260234313779318e-03
9.732920707328198556e-03
9.749551525898323551e-03
9.766242574734098486e-03
9.782844067042176239e-03
9.799415655481306942e-03
9.816063348257521651e-03
9.832582323062987253e-03
9.849125384666011090e-03
9.865746833978455629e-03
9.882492037751161237e-03
9.899231147858898391e-03
9.915970740936761244e-03
9.932765490562685609e-03
9.949556797671933739e-03
9.966544429877760916e-03
9.983648095656560278e-03
1.000071731316875233e-02
1.001786890782283349e-02
1.003502365599753983e-02
1.005223979710312757e-02
1.006949864213202081e-02
1.008689830602736530e-02
1.010432490153506842e-02
1.012158071406404555e-02
1.013897135122274369e-02
1.015659611295196239e-02
1.017430146944825649e-02
1.019199205034388746e-02
1.020976411921910992e-02
1.022760458997174632e-02
1.024550446119084322e-02
1.026352996248896220e-02
1.028174643921292777e-02
1.030011664856810873e-02
1.031864130086350591e-02
1.033730917945242279e-02
1.035597433459899477e-02
1.037472463116834338e-02
1.039349492968766157e-02
1.041232665984104938e-02
1.043126063560627717e-02
1.045041935693540903e-02
1.046976295626860128e-02
1.048927978796292473e-02
1.050896305082212913e-02
1.052879122884769862e-02
1.054866736180990958e-02
1.056861125762867740e-02
1.058871337172062263e-02
1.060903710969034186e-02
1.062961181629677385e-02
1.065042988053586936e-02
1.067139644757631074e-02
1.069251563464688505e-02
1.071389198148832780e-02
1.073540415437759105e-02
1.075690618551258977e-02
1.077845794836392382e-02
1.080002452978831920e-02
1.082167172181328421e-02
1.084351152331671994e-02
1.086545026845319936e-02
1.088747860618375848e-02
1.090959472766021149e-02
1.093169088317179002e-02
1.095376557719815805e-02
1.097597520440127955e-02
1.099846789601283646e-02
1.102119843732903351e-02
1.104397182116774456e-02
1.106667207426430960e-02
1.108923883654086909e-02
1.111189701166397960e-02
1.113457556147241442e-02
1.115736723333064957e-02
1.118018648381123060e-02
1.120297363264700918e-02
1.122568031975668817e-02
1.124845078401939293e-02
1.127132247941620147e-02
1.129412636778447283e-02
1.131678928561265576e-02
1.133929196658311524e-02
1.136171179992253276e-02
1.138404435379661295e-02
1.140613483605493021e-02
1.142800260100689837e-02
1.144972756497275417e-02
1.147139486888840848e-02
1.149288276644201516e-02
1.151427317775044999e-02
1.153537387565417224e-02
