1.449027636589713362e-02
1.457656227872155749e-02
1.464217304466745861e-02
1.468817399643510511e-02
1.471471325258923851e-02
1.472245279093315450e-02
1.471216071354369305e-02
1.468481058906693018e-02
1.464106737536464281e-02
1.458525084419549575e-02
1.451963789316832766e-02
1.444982974339893526e-02
1.438259786761147095e-02
1.431929784265258652e-02
1.426730589385469782e-02
1.423613609928989047e-02
1.422596330061435231e-02
1.423552440423435372e-02
1.425842929974792221e-02
1.428809020434127289e-02
1.432171946973752850e-02
1.435816364725656449e-02
1.439726006822861573e-02
1.443948903814240570e-02
1.448311087680933390e-02
1.452639444884711896e-02
1.456852979165021260e-02
1.460828156052693637e-02
1.464589855677130535e-02
1.468145502979115169e-02
1.471411251202791107e-02
1.474456069996424486e-02
1.477184044608227838e-02
1.479709764764629287e-02
1.482011220653400331e-02
1.484026170628686969e-02
1.485776319733238086e-02
1.487208632597390896e-02
1.488346308618427802e-02
1.489276069219728008e-02
1.489952719072490210e-02
1.490362193185247076e-02
1.490474086500533611e-02
1.490322712430499665e-02
1.489930512121720972e-02
1.489271027076114438e-02
1.488336242395893634e-02
1.487170636821409132e-02
1.485729640541327140e-02
1.484043013137953740e-02
1.482081288352804851e-02
1.479857223310031798e-02
1.477396366686739744e-02
1.474683369284732898e-02
1.471793578434538001e-02
1.468790347754741522e-02
1.465678791534510625e-02
1.462496679640942245e-02
1.459330559420545653e-02
1.456214439065306281e-02
1.453151842913954529e-02
1.450144160170332118e-02
1.447181254025271813e-02
1.444274225077220655e-02
1.441350151770713975e-02
1.438373581337695425e-02
1.435326823862089103e-02
1.432215974819516652e-02
1.429059321106616876e-02
1.425811799190907121e-02
1.422496568749302866e-02
1.419091497466041900e-02
1.415644216409157365e-02
1.412162755167173378e-02
1.408700542068071736e-02
1.405258558741506736e-02
1.401831810206427380e-02
1.398420094186659732e-02
1.395027253726957052e-02
1.391649127156479281e-02
1.388306574857646296e-02
1.385006794073240927e-02
1.381727687035757754e-02
1.378453139429337317e-02
1.375248116015418201e-02
1.372061462380725835e-02
1.368890076330950278e-02
1.365669406137291417e-02
1.362436195172585761e-02
1.359198870146132235e-02
1.355925537823194325e-02
1.352637981891762799e-02
1.349319563721997767e-02
1.346028358899576359e-02
1.342725421496865877e-02
1.339433870045532785e-02
1.336117854358320062e-02
1.332810722293374488e-02
1.329472665865269985e-02
1.326135379418808338e-02
1.322816851643770358e-02
1.319490306283275724e-02
1.316155421029059983e-02
1.312807743051295703e-02
1.309424470381542575e-02
1.306020470921817611e-02
1.302598973265849287e-02
1.299168106137721379e-02
1.295725911822153374e-02
1.292287289842250497e-02
1.288823276055765105e-02
1.285375575496435809e-02
1.281917514188535799e-02
1.278441987430037514e-02
1.274955533806832776e-02
1.271444855143717863e-02
1.267945809924002354e-02
1.264432167418660241e-02
1.260880688066563955e-02
1.257302156400976444e-02
1.253706436889082641e-02
1.250072723411255714e-02
1.246412251235697738e-02
1.242710662676744376e-02
1.239014779163636303e-02
1.235272448618469562e-02
1.231504595078412000e-02
1.227713098452405324e-02
1.223912142402204181e-02
1.220067715041227123e-02
1.216221654856420795e-02
1.212350446596205389e-02
1.208450904037463094e-02
1.204515881018148465e-02
1.200546665606611399e-02
1.196580677462978463e-02
1.192589121935509582e-02
1.188569568786851036e-02
1.184556853724466098e-02
1.180540364285010899e-02
1.176520654266655433e-02
1.172480581166041556e-02
1.168439776346348082e-02
1.164387649588291204e-02
1.160318989880699224e-02
1.156252096289714371e-02
1.152168219407524209e-02
1.148115025038901928e-02
1.144053363458140231e-02
1.139971037571013007e-02
1.135861872145021989e-02
1.131739730471862521e-02
1.127602744793093636e-02
1.123467618418512969e-02
1.119316977740577104e-02
1.115170279301721384e-02
1.111032549791463563e-02
1.106901508447592948e-02
1.102768893580457175e-02
1.098648458988265263e-02
1.094531514901599285e-02
1.090408029618572701e-02
1.086297420040386111e-02
1.082196436497218604e-02
1.078097689546600457e-02
1.073989397290223656e-02
1.069904524324372629e-02
1.065814162243750376e-02
1.061740062535393610e-02
1.057679453755498537e-02
1.053628893484418426e-02
1.049574029580002156e-02
1.045520261736036446e-02
1.041468029837218368e-02
1.037425960614631049e-02
1.033367793701320085e-02
1.029336356115481861e-02
1.025281825066212855e-02
1.021212257372694325e-02
1.017181909209091684e-02
1.013168927642824936e-02
1.009170424100460685e-02
1.005185953508622339e-02
1.001220206070977531e-02
9.972442419591484586e-03
9.932875647336697131e-03
9.893369387820436303e-03
9.854108083271459484e-03
9.815293863604510061e-03
9.776645524640860743e-03
9.738162565906311255e-03
9.699720036701681841e-03
9.661470236678019324e-03
9.623485038102680064e-03
9.585691936952288675e-03
9.548099708958129178e-03
9.510671975493758742e-03
9.473504104264359946e-03
9.436470143896895021e-03
9.399383167636291003e-03
9.362599165001423210e-03
9.326082552633896405e-03
9.289635545218158028e-03
9.253250163498918587e-03
9.216915053438010097e-03
9.180777352691854229e-03
9.144833475306559517e-03
9.109109673473480759e-03
9.073392768136378725e-03
9.037790131792329193e-03
9.002262658820769231e-03
8.966902896591445737e-03
8.931681585126236000e-03
8.896839638372143477e-03
8.862216472251625843e-03
8.827732126307219485e-03
8.793662191555020810e-03
8.759762083867314933e-03
8.725975804491819046e-03
8.692322960706214824e-03
8.658801810761474274e-03
8.625321357522454380e-03
8.592006514296902930e-03
8.558889676672419566e-03
8.525942486348029453e-03
8.493023477305544633e-03
8.460395703284388086e-03
8.427979613979844770e-03
8.395594588831326727e-03
8.363439765505395473e-03
8.331460920217321348e-03
8.299585734418425328e-03
8.267675103406285642e-03
8.235798505517937310e-03
8.204166519100815000e-03
8.172725975950707877e-03
8.141311383170049543e-03
8.110045232518214506e-03
8.078784336653255932e-03
8.047776075385234054e-03
8.016709260777715729e-03
7.985783963141765765e-03
7.955210419854469653e-03
7.924783464388313742e-03
7.894410353411684608e-03
7.864441889576117423e-03
7.834441520139978979e-03
7.804677069517556957e-03
7.774911886659932776e-03
7.745286352519903557e-03
7.715562087257489023e-03
7.685904439914808921e-03
7.656515365913247641e-03
7.627211516270529859e-03
7.598059004643634325e-03
7.569039825052675113e-03
7.540153312138758376e-03
7.511365147592908263e-03
7.482740721786688455e-03
7.454226570129741589e-03
7.425885373020578092e-03
7.397658036893084606e-03
7.369524142180463276e-03
7.341549226623749445e-03
7.313684466453206773e-03
7.285958992945750293e-03
7.258284845359380850e-03
7.230792285569298018e-03
7.203496706712214127e-03
7.176349101300712879e-03
7.149390525953663693e-03
7.122465876058447706e-03
7.095538787044725591e-03
7.068847730721131671e-03
7.042107490330306446e-03
7.015621400234734774e-03
6.989137288810427263e-03
6.962719205059271672e-03
6.936318217265040505e-03
6.910018665405023158e-03
6.883804367827977590e-03
6.857679477399045848e-03
6.831544269789290892e-03
6.805463906464415125e-03
6.779424751740040916e-03
6.753381741085735454e-03
6.727418211993012320e-03
6.701457328907084801e-03
6.675618745791572078e-03
6.649919694442470337e-03
6.624288873676580612e-03
6.598731609549623491e-03
6.573101619796014455e-03
6.547589987714715065e-03
6.522125507824830075e-03
6.496913708928008305e-03
6.471811552012643985e-03
6.446795061070380480e-03
6.421723224627802311e-03
6.396730485427647508e-03
6.371772898623524056e-03
6.346953924311076259e-03
6.322285150650467332e-03
6.297575933678367828e-03
6.272818360521638034e-03
6.248134931505089883e-03
6.223573349479020848e-03
6.199349177958595608e-03
6.175204381535739744e-03
6.150974265134094392e-03
6.126925094560079464e-03
6.102908711305220224e-03
6.079021142778206349e-03
6.055210358605518650e-03
6.031448394798353749e-03
6.007791624105707391e-03
5.984192339092577091e-03
5.960744821328074587e-03
5.937198944241627897e-03
5.913655513878258822e-03
5.890323474673049391e-03
5.866999525332593744e-03
5.843702963131582398e-03
5.820408268415851183e-03
5.797141124186874772e-03
5.774078890016407992e-03
5.751017628435043348e-03
5.728034316546930932e-03
5.705123557658934967e-03
5.682226061748915300e-03
5.659358650405221618e-03
5.636540101101207047e-03
5.613789351884744538e-03
5.591008256691351944e-03
5.568317240978112176e-03
5.545714121848440391e-03
5.523166265227668313e-03
5.500674067047712536e-03
5.478234906339213110e-03
5.455994906110988793e-03
5.433789346111977253e-03
5.411617950710751086e-03
5.389596101885789706e-03
5.367625073346493809e-03
5.345749781567489881e-03
5.323958504608541746e-03
5.302295241124566766e-03
5.280620285706844226e-03
5.259055561721015515e-03
5.237546881730561002e-03
5.216192400090868993e-03
5.194865696965284864e-03
5.173556028301167127e-03
5.152376334130796993e-03
5.131164736720838539e-03
5.109899991641760238e-03
5.088681169695991047e-03
5.067575375715517236e-03
5.046464936164999325e-03
5.025260543304827486e-03
5.004067092518163333e-03
4.982891445517616431e-03
4.961883593595933957e-03
4.940846579457433031e-03
4.919831700787451884e-03
4.898880972010343296e-03
4.877875002234019659e-03
4.856930914554564646e-03
4.835988315820157618e-03
4.815063468188928233e-03
4.794083326875543324e-03
4.773089223622415181e-03
4.752130787597604565e-03
4.731058034412876853e-03
4.709942720194279162e-03
4.688855633159553019e-03
4.667621707311623604e-03
4.646457744544164707e-03
4.625206461218894435e-03
4.603954771337268742e-03
4.582778574089640435e-03
4.561597575844941743e-03
4.540266022676916167e-03
4.518834768076029212e-03
4.497253942945847807e-03
4.475666857660411981e-03
4.453920496242677260e-03
4.432025885391040025e-03
4.409931030929193849e-03
4.387861738729079489e-03
4.365598539394267147e-03
4.343373537166986438e-03
4.320939614855726432e-03
4.298375583378412530e-03
4.275684238884099216e-03
4.252924129249070588e-03
4.230141691958489401e-03
4.207135761244813581e-03
4.183960633918626382e-03
4.160576074723493049e-03
4.137133349953415508e-03
4.113449528836409484e-03
4.089685054092830063e-03
4.065848908150075484e-03
4.041869323118346333e-03
4.017824222404331631e-03
3.993783941547823964e-03
3.969584656470518530e-03
3.945356301941195694e-03
3.920939648470763220e-03
3.896558973165056838e-03
3.872124441619797814e-03
3.847574168882970849e-03
3.822763648233072110e-03
3.797773550674633878e-03
3.772613192042016152e-03
3.747356748177132092e-03
3.721950909250908417e-03
3.696426938524643904e-03
3.670794156293863495e-03
3.645072386497929216e-03
3.619232263003555571e-03
3.593262642579826433e-03
3.567209834010697748e-03
3.541079874770605273e-03
3.514808525839441776e-03
3.488406812810607334e-03
3.461833277779915053e-03
3.435155115736084411e-03
3.408386768585416893e-03
3.381628348997921512e-03
3.354801188936527585e-03
3.327872404947383733e-03
3.300817782301707082e-03
3.273563028323076256e-03
3.246199595823857659e-03
3.218690900195277007e-03
3.191072221168770456e-03
3.163408980721547307e-03
3.135779448501687609e-03
3.108129291734746443e-03
3.080361654120521413e-03
3.052570875724307416e-03
3.024668311605364229e-03
2.996765621956072774e-03
2.968847392473201660e-03
2.940846340626228610e-03
2.912851569311744170e-03
2.884843487751512572e-03
2.856800619432418170e-03
2.828838476849499309e-03
2.800966137703504635e-03
2.773181576443177910e-03
2.745516577994551455e-03
2.717937283387462065e-03
2.690469838304638400e-03
2.663033973850465093e-03
2.635672143527551751e-03
2.608370162159404874e-03
2.581180932136806303e-03
2.554099256647445696e-03
2.527121121939065410e-03
2.500164675810476623e-03
2.473358233898290647e-03
2.446710315684413450e-03
2.420137727845061287e-03
2.393653142185078308e-03
2.367299578579554718e-03
2.341104171322771176e-03
2.315054607699431558e-03
2.289210429440957043e-03
2.263453045322702528e-03
2.237836953391587023e-03
2.212362227551974061e-03
2.186996951173914017e-03
2.161741874656418917e-03
2.136732819221938678e-03
2.111902306738410416e-03
2.087273248673594036e-03
2.062828863013114154e-03
2.038577849118238580e-03
2.014530160483525827e-03
1.990714285271058710e-03
1.967102138108856035e-03
1.943650507811584775e-03
1.920437444210233583e-03
1.897412826650078698e-03
1.874630835682001206e-03
1.852029975156615658e-03
1.829634549384634911e-03
1.807439012971962791e-03
1.785408190563005093e-03
1.763644714302171641e-03
1.742067227465962870e-03
1.720791791909414073e-03
1.699712955691449296e-03
1.678864985527659878e-03
1.658255565232615025e-03
1.637845048603960019e-03
1.617657794606838870e-03
