3.832894790245520381e-03
3.959011955790065276e-03
4.089458944890701948e-03
4.225117365197449994e-03
4.363974576423546546e-03
4.507799171463654740e-03
4.656534778318616521e-03
4.808112251089517036e-03
4.961267817460988765e-03
5.119903401085139361e-03
5.285190460883764686e-03
5.458063436719645667e-03
5.633401232285924556e-03
5.810699887157724786e-03
5.989659331188961280e-03
6.171185869554823150e-03
6.355281199485337054e-03
6.538734830283907638e-03
6.715225849013738667e-03
6.884980440773266590e-03
7.047565399018083758e-03
7.202211175799518202e-03
7.346894360445921889e-03
7.482299659850533136e-03
7.610402037918124855e-03
7.727783431315341303e-03
7.837901005392838502e-03
7.940700803816239453e-03
8.038313842434929163e-03
8.131843741371401479e-03
8.221534910026579226e-03
8.308675288385310165e-03
8.391951131794988042e-03
8.471017143870418140e-03
8.546254510041140923e-03
8.617347895545407824e-03
8.682748993269292018e-03
8.744050104444962834e-03
8.800262215220820000e-03
8.849254740222547294e-03
8.892041590273210352e-03
8.928733157907669041e-03
8.959973973759947224e-03
8.985139994922565834e-03
9.004331755858458256e-03
9.016457129829529363e-03
9.022104316957773804e-03
9.023140357374337395e-03
9.020679165122705637e-03
9.014221489746688729e-03
9.003285358597875113e-03
8.989451993362382667e-03
8.972739420404187566e-03
8.953822269261132658e-03
8.932461123620309348e-03
8.908347331663356988e-03
8.882353869437704941e-03
8.854934658987720364e-03
8.825452363597862879e-03
8.795001621484842963e-03
8.764504413946046929e-03
8.734600033863412424e-03
8.705870646520015577e-03
8.678466262954367613e-03
8.652559663673816195e-03
8.629746766097397964e-03
8.610285055276214669e-03
8.592418719705124594e-03
8.576724771361560543e-03
8.561885379322691295e-03
8.547266565623110393e-03
8.532591689033416221e-03
8.517604450541246472e-03
8.502596364464291498e-03
8.487460529178147972e-03
8.472126746313609832e-03
8.456546990718304818e-03
8.440851035392230028e-03
8.425206184679076907e-03
8.409592378396724133e-03
8.393967659862045655e-03
8.378084673890692433e-03
8.362159557154653228e-03
8.346361142351915036e-03
8.330537434755608955e-03
8.314360366379183742e-03
8.298041166865935056e-03
8.281758903981766354e-03
8.265414474639161749e-03
8.249158650450531469e-03
8.232615325991590044e-03
8.215757724588863484e-03
8.199068897442851264e-03
8.182296691350825907e-03
8.165610664938573182e-03
8.148853906011407564e-03
8.132068456543085563e-03
8.115238850123961123e-03
8.098324253220932564e-03
8.081217227572505893e-03
8.063991063424209849e-03
8.046518452618323797e-03
8.029040394138466097e-03
8.011458402020516650e-03
7.993895366906960537e-03
7.976516065410497666e-03
7.959034315377521221e-03
7.941558073278572050e-03
7.924147104037191497e-03
7.906979159560609260e-03
7.890090040857208886e-03
7.873274207471464906e-03
7.856502968793586603e-03
7.839791718948602509e-03
7.822807614004058732e-03
7.806078507758658185e-03
7.789340709391092375e-03
7.772650542138258636e-03
7.756090168379332385e-03
7.739317229214777265e-03
7.722273102726696058e-03
7.705304734442371996e-03
7.688442602485324844e-03
7.671727935414616138e-03
7.654814188700019388e-03
7.638185225803693044e-03
7.621658155651225321e-03
7.604980251182940666e-03
7.588496319531386723e-03
7.572032422674485931e-03
7.555527055504505755e-03
7.538762488836728108e-03
7.522155246328301494e-03
7.505690485803383390e-03
7.489295310491289777e-03
7.472960561178908744e-03
7.456609623736305120e-03
7.440232522584437277e-03
7.423936402110633756e-03
7.407763678271631069e-03
7.391643096939257661e-03
7.375688442884704640e-03
7.359842109249479375e-03
7.344308455364515105e-03
7.328727568932254764e-03
7.313260067948784866e-03
7.297934536779511309e-03
7.282523080697359333e-03
7.267407126885888115e-03
7.252448343989282252e-03
7.237647002615009602e-03
7.222925675753778287e-03
7.208283539503720569e-03
7.193846765784161178e-03
7.179714003618273450e-03
7.165783225411445807e-03
7.151973527382389333e-03
7.138280302327089898e-03
7.124638682104961901e-03
7.111078542225220296e-03
7.097712747045009131e-03
7.084465778467391971e-03
7.071234993352930320e-03
7.058218859136267120e-03
7.045284145413732019e-03
7.032721053314181653e-03
7.020351994373780560e-03
7.008270632406794071e-03
6.996461109725000613e-03
6.984859345315948959e-03
6.973365731321482137e-03
6.961947192176222432e-03
6.950732324875622328e-03
6.939673876529468301e-03
6.929057114820961517e-03
6.918898072357213686e-03
6.908956395335296569e-03
6.899217712307882840e-03
6.889883052187606959e-03
6.880894006767016881e-03
6.872330836788066201e-03
6.863858653347243086e-03
6.855443530402480744e-03
6.847348904241542383e-03
6.839565568253143900e-03
6.832127118531515671e-03
6.825012989718958790e-03
6.818314318701762695e-03
6.811978123807377328e-03
6.806027367563317540e-03
6.800365953474617892e-03
6.794766558255256952e-03
6.789444934642408121e-03
6.784498795075186162e-03
6.780040054588332317e-03
6.775764575727204718e-03
6.771685727535715210e-03
6.767808151411000214e-03
6.764313592456870985e-03
6.761252222909409394e-03
6.758387478691912746e-03
6.755987913571196747e-03
6.753938640662158002e-03
6.752153036364685890e-03
6.750592844752501161e-03
6.749253989843513775e-03
6.748038528576914483e-03
6.747222388752431924e-03
6.746913494665302859e-03
6.746712875644601294e-03
6.746630336454753803e-03
6.746736554319667130e-03
6.747077423121116899e-03
6.747711060775050777e-03
6.748490381800143802e-03
6.749602913191006699e-03
6.750941977651257579e-03
6.752425608681227216e-03
6.754089149656021529e-03
6.756001947424932971e-03
6.758018504709196496e-03
6.760177617702884528e-03
6.762467095906066379e-03
6.764995983284290137e-03
6.767966423424001850e-03
6.771248791477095345e-03
6.774882471742867292e-03
6.778737319736593929e-03
6.782705996948454330e-03
6.786841966678481240e-03
6.791056027486384872e-03
6.795446157641868434e-03
6.800105813796374771e-03
6.805168825083236436e-03
6.810346598809257496e-03
6.815699441950242611e-03
6.821336440310615118e-03
6.827166614764644537e-03
6.832968802361257324e-03
6.838759720860305286e-03
6.844523504433655363e-03
6.850404010256991479e-03
6.856504994647354308e-03
6.862825987274304325e-03
6.869233248200375813e-03
6.875698663761224336e-03
6.882387180972364057e-03
6.889323816844943396e-03
6.896440934899546009e-03
6.903585821434057336e-03
6.910884944671585699e-03
6.918462493000953652e-03
6.926207967581144744e-03
6.934109227836105817e-03
6.942163973025837313e-03
6.950219125458258901e-03
6.958313080069579264e-03
6.966632357017280702e-03
6.975150737781527117e-03
6.983781787998005926e-03
6.992536352802516085e-03
7.001543057453710889e-03
7.010758924203648254e-03
7.020231251542520361e-03
7.029905250325476848e-03
7.039818574852809221e-03
7.049706022818976077e-03
7.059555028800787620e-03
7.069685690987181567e-03
7.079856616466709100e-03
7.090276671336315055e-03
7.100960877975494301e-03
7.111785590047689336e-03
7.122670241927995215e-03
7.133526593804482424e-03
7.144459583709026999e-03
7.155290549587891603e-03
7.166196478697589925e-03
7.177208265450203510e-03
7.188209300813275422e-03
7.199188764743350705e-03
7.210447926686926017e-03
7.221790471900416813e-03
7.233130377764543546e-03
7.244571387806526472e-03
7.256275468066716861e-03
7.268047877549911780e-03
7.279807881487812549e-03
7.291544510665866861e-03
7.303464600430790120e-03
7.315463155383541451e-03
7.327628136238641988e-03
7.339818441822396067e-03
7.352023895947421353e-03
7.364241340036102243e-03
7.376594002640231122e-03
7.389063639237946832e-03
7.401670123002719939e-03
7.414451303863833255e-03
7.427226069895920962e-03
7.440240473693199123e-03
7.453376903013351866e-03
7.466728849515965119e-03
7.480122926723212565e-03
7.493445515855308610e-03
7.506724888373188589e-03
7.520091854182240146e-03
7.533607184478622806e-03
7.547348792581620724e-03
7.561480219640624029e-03
7.575817742072731703e-03
7.590334519281106626e-03
7.604878253666882450e-03
7.619415850987840133e-03
7.634077742713797979e-03
7.648926543974672067e-03
7.663919291946833835e-03
7.678966615941076532e-03
7.694129392712469387e-03
7.709403591898633494e-03
7.724829349583411595e-03
7.740259444154713210e-03
7.755726788963913411e-03
7.771251199943432324e-03
7.786812018311036442e-03
7.802451111500793152e-03
7.818074464675018459e-03
7.833711571805132903e-03
7.849504615737164584e-03
7.865391485610814803e-03
7.881450990626434963e-03
7.897816339707182734e-03
7.914351231158776173e-03
7.931073501689872227e-03
7.947955992146352525e-03
7.964776298574265806e-03
7.981582832487836565e-03
7.998588436407463170e-03
8.015874411475635772e-03
8.033309373095274056e-03
8.050977792610394812e-03
8.068780588203807932e-03
8.086679100279769994e-03
8.104845876240267255e-03
8.123091707910996134e-03
8.141449025008750534e-03
8.159995641235835012e-03
8.178585829873999749e-03
8.197307490197642058e-03
8.216050026366701273e-03
8.235073321081242195e-03
8.254219259973860287e-03
8.273756730074199178e-03
8.293531067374603979e-03
8.313363128480825634e-03
8.333388163785917721e-03
8.353615368436399444e-03
8.373926252980581214e-03
8.394385185564000665e-03
8.414939045290554046e-03
8.435456166843857337e-03
8.456099353176435920e-03
8.476892512521231812e-03
8.497751950110415259e-03
8.518692708165378352e-03
8.539740370895490193e-03
8.560879879017550126e-03
8.582188003838236295e-03
8.603670736471459232e-03
8.625423123514507767e-03
8.647270925177452314e-03
8.669382779223340149e-03
8.691655583738001900e-03
8.714082436585090727e-03
8.736782750239695250e-03
8.759811107286956389e-03
8.783075048125451104e-03
8.806525077575249119e-03
8.830370911690947275e-03
8.854272155189553753e-03
8.878436792284926868e-03
8.902826998646294968e-03
8.927422606443819603e-03
8.952276634362710261e-03
8.977345057250455534e-03
9.002576857316790457e-03
9.027986882739109237e-03
9.053306199628153098e-03
9.078683841620206404e-03
9.104234609545763801e-03
9.129953733783696679e-03
9.155860445506007125e-03
9.181953481839592174e-03
9.208078525789885338e-03
9.234388507436708596e-03
9.260895323072310115e-03
9.287512019751644268e-03
9.314215207795479429e-03
9.341086732076871527e-03
9.368176460149063578e-03
9.395180047646174704e-03
9.422444753013898069e-03
9.449973709448385856e-03
9.477782147652073427e-03
9.505852664990334031e-03
9.533980651902640435e-03
9.562265797368735623e-03
9.590539146805137846e-03
9.618739743424106411e-03
9.647144206586959203e-03
9.675580461605978733e-03
9.704233383117715980e-03
9.732945975018954254e-03
9.761735101143243637e-03
9.790496878201682476e-03
9.819367509625686122e-03
9.848446213798928497e-03
9.877756707173002138e-03
9.907313457927904854e-03
9.937201356631359533e-03
9.967288278332188389e-03
9.997683534724993715e-03
1.002820546870117693e-02
1.005890650012084865e-02
1.008983776750779424e-02
1.012122291366032538e-02
1.015295272955961219e-02
1.018501862641991475e-02
1.021736345408645955e-02
1.025009097362978433e-02
1.028331426060748524e-02
1.031700475429447178e-02
1.035111159395149007e-02
1.038575195089008925e-02
1.042083551939567386e-02
1.045621989701011299e-02
1.049197516913769057e-02
1.052843892615993281e-02
1.056559591491350487e-02
1.060329208092324407e-02
1.064145177579404675e-02
1.068015396797058689e-02
1.071947267912710250e-02
1.075955222792599440e-02
1.080027858525526782e-02
1.084152563415713942e-02
1.088337287794406000e-02
1.092582297911506156e-02
1.096855443887639198e-02
1.101183490104356774e-02
1.105552052092629266e-02
1.109957387822551982e-02
1.114397167775887237e-02
1.118888209422672433e-02
1.123421291933453942e-02
1.128007292069501538e-02
1.132624605306990773e-02
1.137288870105530002e-02
1.141999998753266514e-02
1.146738719987035714e-02
1.151517486248025343e-02
1.156334062444286208e-02
1.161180639261781729e-02
1.166072009506014667e-02
1.171009867661482184e-02
1.175969395699840228e-02
1.180959944607293081e-02
1.185969034989129561e-02
1.190990649718321782e-02
1.196053899787669593e-02
1.201131851837087226e-02
1.206259792142206494e-02
1.211400337215276686e-02
1.216579742207552980e-02
1.221768769607552846e-02
1.226974929597634059e-02
1.232201311611460029e-02
1.237419479315733650e-02
1.242648865380078203e-02
1.247913965296472069e-02
1.253209869591203306e-02
1.258534600625174464e-02
1.263868095287412618e-02
1.269207629701483812e-02
1.274548938345978176e-02
1.279891767427447299e-02
1.285242355762763328e-02
1.290593556678641500e-02
1.295951733307009954e-02
1.301321067314254246e-02
1.306695027690380970e-02
1.312072725599397818e-02
1.317439675406242849e-02
1.322796115022023718e-02
1.328126806598825017e-02
1.333461008850255272e-02
1.338780145709555017e-02
1.344098050954927598e-02
1.349430849991276569e-02
1.354766529772853494e-02
