3.588106555371305129e-03
3.779388684225534149e-03
3.982366335376912210e-03
4.199422049536621730e-03
4.431675224832850625e-03
4.677311073366714582e-03
4.932731140495301252e-03
5.190221969547490974e-03
5.445310394454915860e-03
5.689831927768220117e-03
5.927888311114242088e-03
6.152137544494699559e-03
6.369941299542983791e-03
6.581164899487948125e-03
6.785161405524897139e-03
6.979595530132913159e-03
7.165737365777039014e-03
7.341170520510358934e-03
7.508388846421777674e-03
7.668597894348114750e-03
7.820762463793429209e-03
7.966098905204953978e-03
8.102245838061020861e-03
8.229762908569549298e-03
8.349089288877533516e-03
8.460996007894166365e-03
8.565042069720743209e-03
8.660916881673452403e-03
8.748411356291970961e-03
8.826638243207578574e-03
8.898415191597288179e-03
8.961146969471265114e-03
9.014968800274466426e-03
9.061139134355074981e-03
9.099974977431200471e-03
9.132075724142950379e-03
9.156981208291887012e-03
9.176090322193816359e-03
9.189847958267284220e-03
9.197252136301148698e-03
9.199166921118186874e-03
9.195776850652087955e-03
9.187304884316675746e-03
9.175914080905287970e-03
9.162173985685449079e-03
9.146657748235169014e-03
9.129680313194582508e-03
9.111283177395110289e-03
9.091593739564573021e-03
9.071162786395749536e-03
9.051695823856970718e-03
9.034038331120619950e-03
9.018696483532710056e-03
9.005763089025427617e-03
8.996938790557719445e-03
8.992598498997056433e-03
8.991844695463447820e-03
8.996064482111624724e-03
9.004184384920742995e-03
9.016878008974375802e-03
9.033675346600541362e-03
9.053613455488072892e-03
9.074696835075075213e-03
9.096841536326980698e-03
9.120287257450022597e-03
9.143756414404289809e-03
9.166752247571352541e-03
9.189273353947953818e-03
9.211242523351941339e-03
9.232817089558474286e-03
9.253983317686256121e-03
9.274549504464964580e-03
9.294639682014089674e-03
9.314488332037514778e-03
9.334046019169676620e-03
9.353589913090959440e-03
9.372868064976907013e-03
9.391868881492192872e-03
9.410533613739332365e-03
9.428981549740297896e-03
9.447118800391070270e-03
9.465074185635385939e-03
9.482789683119758825e-03
9.500291447768602696e-03
9.517866357822001022e-03
9.535270874087254170e-03
9.552430034239910162e-03
9.569542311593605410e-03
9.586324156477421532e-03
9.602872726019010680e-03
9.619545885843867189e-03
9.636103911171955624e-03
9.652586361088054748e-03
9.669032812518072936e-03
9.685457627752582302e-03
9.701873795882809057e-03
9.718049019368327560e-03
9.734236360000843649e-03
9.750781471274410153e-03
9.767330297397389116e-03
9.783832859985089336e-03
9.800448416912662178e-03
9.817585183343654695e-03
9.835221326263098029e-03
9.853063225907046987e-03
9.871092466528723353e-03
9.889046239296695601e-03
9.907025791522335381e-03
9.925169556508980570e-03
9.943529461673287703e-03
9.961697015009977896e-03
9.979752313609568590e-03
9.997731650666738523e-03
1.001564779226084452e-02
1.003341173409223568e-02
1.005095123975925479e-02
1.006837297581438841e-02
1.008564694061388385e-02
1.010282920294388632e-02
1.011994136092653727e-02
1.013700191288951537e-02
1.015381159439111836e-02
1.017040637499202343e-02
1.018693944983266667e-02
1.020350243569383836e-02
1.022000924162105515e-02
1.023649605440718133e-02
1.025294250028658746e-02
1.026925508775753705e-02
1.028545710024093493e-02
1.030137248436745548e-02
1.031708919228361415e-02
1.033256628442811263e-02
1.034792588235901485e-02
1.036314546466975822e-02
1.037836028447085626e-02
1.039317611442656421e-02
1.040794664272457620e-02
1.042265947321549709e-02
1.043704066851872461e-02
1.045119240908816069e-02
1.046529028324144801e-02
1.047916817041130016e-02
1.049283979119352249e-02
1.050646597295703047e-02
1.051991142170772588e-02
1.053306241999168828e-02
1.054591375567164382e-02
1.055871595071640467e-02
1.057136773994805587e-02
1.058379740725636647e-02
1.059624336066382171e-02
1.060844713405141235e-02
1.062057566653746773e-02
1.063261480194651297e-02
1.064450436832679349e-02
1.065624298383727707e-02
1.066781443701327221e-02
1.067929798516724892e-02
1.069076967083624694e-02
1.070220437240249241e-02
1.071340156702114618e-02
1.072449987140909437e-02
1.073542637706191745e-02
1.074607739004254485e-02
1.075650299460428547e-02
1.076696495142954318e-02
1.077713139675120189e-02
1.078704772854610812e-02
1.079664705107027771e-02
1.080595649266576086e-02
1.081513787106317195e-02
1.082414946740071354e-02
1.083285803807651666e-02
1.084137909451491494e-02
1.084961480079685639e-02
1.085785270950327674e-02
1.086584494463612924e-02
1.087371704930653084e-02
1.088124749666779384e-02
1.088872968146543940e-02
1.089610288555514610e-02
1.090308783962943597e-02
1.090968319606270935e-02
1.091607175229466348e-02
1.092219029824569553e-02
1.092803111936895520e-02
1.093356803233119096e-02
1.093883859048680289e-02
1.094380880709097670e-02
1.094849097807129579e-02
1.095290869163038049e-02
1.095712928758353980e-02
1.096103383204056342e-02
1.096464662351778752e-02
1.096787912379588135e-02
1.097069135699404487e-02
1.097331079344521058e-02
1.097562954422431729e-02
1.097765991689915975e-02
1.097952318717699237e-02
1.098098872840187236e-02
1.098226819930578878e-02
1.098334060949516210e-02
1.098421863228819968e-02
1.098481221955990676e-02
1.098504435643036375e-02
1.098490547252824190e-02
1.098446021614100238e-02
1.098378605816895288e-02
1.098282022847552747e-02
1.098152894178560345e-02
1.097992096256087020e-02
1.097813323099399753e-02
1.097607730758439794e-02
1.097366183717121517e-02
1.097087556999775705e-02
1.096798896463207357e-02
1.096486284460877758e-02
1.096139177816157773e-02
1.095772972842794235e-02
1.095371544478410987e-02
1.094940283392198052e-02
1.094484038072051496e-02
1.093996477693044179e-02
1.093472691623236653e-02
1.092922566806539021e-02
1.092343518626604296e-02
1.091733889570824755e-02
1.091095600385311865e-02
1.090426637393061143e-02
1.089724882525783083e-02
1.088998359716313556e-02
1.088254699890724327e-02
1.087477852977468060e-02
1.086664409802880552e-02
1.085832737380089917e-02
1.084978039350267993e-02
1.084099259700508841e-02
1.083190416431320004e-02
1.082255466274393771e-02
1.081285793994730786e-02
1.080288097799771661e-02
1.079275290641658683e-02
1.078240537868530718e-02
1.077172088388836380e-02
1.076076781535229010e-02
1.074962825457875804e-02
1.073819064316549471e-02
1.072652087514282780e-02
1.071470046006349659e-02
1.070267460551569544e-02
1.069040436985761039e-02
1.067804349206340903e-02
1.066557893976308180e-02
1.065290559871555180e-02
1.064001423502092432e-02
1.062699408402435416e-02
1.061380537691521478e-02
1.060040186284980958e-02
1.058682499413183750e-02
1.057290354338486817e-02
1.055868856767952328e-02
1.054424985167706774e-02
1.052962511463237209e-02
1.051486040763870665e-02
1.049984427146895098e-02
1.048447912647573407e-02
1.046883114273261701e-02
1.045289549163820608e-02
1.043677149810292790e-02
1.042037789994227151e-02
1.040379134259670005e-02
1.038700927016124320e-02
1.037001372412282678e-02
1.035279724027807387e-02
1.033537612475161731e-02
1.031760360809112244e-02
1.029953304540305765e-02
1.028119465802622770e-02
1.026257521938577291e-02
1.024367014796026890e-02
1.022446383115108853e-02
1.020495807165365705e-02
1.018514239635224042e-02
1.016504587881685191e-02
1.014469877788754318e-02
1.012420863709560803e-02
1.010349001789134608e-02
1.008249343361694063e-02
1.006136415878112512e-02
1.004001227285854399e-02
1.001836693516816416e-02
9.996566676747599065e-03
9.974501848505004306e-03
9.952171953590025627e-03
9.929563249744461848e-03
9.906747445339281546e-03
9.883706729917212525e-03
9.860269275120989857e-03
9.836458621356986010e-03
9.812286635656282743e-03
9.787944755767732929e-03
9.763359788012886814e-03
9.738534066775800246e-03
9.713473619215318156e-03
9.688137868871311148e-03
9.662615841400408814e-03
9.636809778790963663e-03
9.610596829590103973e-03
9.584005039679910007e-03
9.556956323692791452e-03
9.529520013502256262e-03
9.501874391908030765e-03
9.474056009449300514e-03
9.445871661947637110e-03
9.417348936787065319e-03
9.388406818121799655e-03
9.358989164552064532e-03
9.329080276891435139e-03
9.298752480716630103e-03
9.267991062635374047e-03
9.236922187140877288e-03
9.205310127647685359e-03
9.173206602357496936e-03
9.140688130617635743e-03
9.107754491593515050e-03
9.074304617198110379e-03
9.040434611791768257e-03
9.006137734868331982e-03
8.971422216194723312e-03
8.936225607105998184e-03
8.900563512486395559e-03
8.864470355022446499e-03
8.827890767333541888e-03
8.791123523948805862e-03
8.754132544988931994e-03
8.716822791310205668e-03
8.679223097144510984e-03
8.641389704398259528e-03
8.603278580786218391e-03
8.564861553537020042e-03
8.526112869286313692e-03
8.486988410478821937e-03
8.447598826358633170e-03
8.407787509710083068e-03
8.367624516817682989e-03
8.327084129869141704e-03
8.286240257098164211e-03
8.245163733132328948e-03
8.203877306555355797e-03
8.162292638222299473e-03
8.120453033577772206e-03
8.078376860807159887e-03
8.036032055327664569e-03
7.993441132575605443e-03
7.950541645766596652e-03
7.907404624254680756e-03
7.863943861867613710e-03
7.820104993065412485e-03
7.775994171115315975e-03
7.731546746089524094e-03
7.686801391753990409e-03
7.641832531833586163e-03
7.596786442238418098e-03
7.551627543783002126e-03
7.506322853419678844e-03
7.460749780296311098e-03
7.414896451204818981e-03
7.368844069112880611e-03
7.322389961696640186e-03
7.275824263593012181e-03
7.229172814259988283e-03
7.182222346241658867e-03
7.135222762899244738e-03
7.088145599893295318e-03
7.040913058551341065e-03
6.993541325328950231e-03
6.946027747657982851e-03
6.898334518666267810e-03
6.850522085561217348e-03
6.802677876586308778e-03
6.754686859573411778e-03
6.706713121740954554e-03
6.658656804966222795e-03
6.610610510605914591e-03
6.562549358929252626e-03
6.514504859879421093e-03
6.466631242829409820e-03
6.418823578848112388e-03
6.371042218210577583e-03
6.323321327491223179e-03
6.275598599135220890e-03
6.227809707850391098e-03
6.180062173661111588e-03
6.132292899763652598e-03
6.084432763911266570e-03
6.036639251476129744e-03
5.988900973245496473e-03
5.941256200505785380e-03
5.893755355915491177e-03
5.846334912786059317e-03
5.798966982117462893e-03
5.751673108438437598e-03
5.704498999497187826e-03
5.657527045453167140e-03
5.610665804619493352e-03
5.563920688651366811e-03
5.517266446594091406e-03
5.470803443056857472e-03
5.424494350502625378e-03
5.378292331320829074e-03
5.332116275624304222e-03
5.286131874255947487e-03
5.240311557944071254e-03
5.194712058335031017e-03
5.149239968560559780e-03
5.103860986749368840e-03
5.058585994859035422e-03
5.013460052598491500e-03
4.968536400521752876e-03
4.923775309996136426e-03
4.879155590424661022e-03
4.834597329328010548e-03
4.790190390657088869e-03
4.745915474625230467e-03
4.701764053538555303e-03
4.657834347825727875e-03
4.614105606129311962e-03
4.570637287899656162e-03
4.527550183747115591e-03
4.484779739556011419e-03
4.442177817174542721e-03
4.399885236911697806e-03
4.357864102366565233e-03
4.316109400557762571e-03
4.274650535370329296e-03
4.233494522282970317e-03
4.192567730821039444e-03
4.152005504656292728e-03
4.111747612268398973e-03
4.071712357898985522e-03
4.032013066781403414e-03
3.992683119458354142e-03
3.953614971554355456e-03
3.914773673098792713e-03
3.876256630264876546e-03
3.838071732003598552e-03
3.800279135371566544e-03
3.762798905705456304e-03
3.725640652310569390e-03
3.688876010317536543e-03
3.652455805228338633e-03
3.616352965875915901e-03
3.580464508138461645e-03
3.544857915156541042e-03
3.509544057300710042e-03
3.474573471955210921e-03
3.439927237853020008e-03
3.405661088308750001e-03
3.371736912535009106e-03
3.338119169460115280e-03
3.304859946802434899e-03
3.271932538510463184e-03
3.239289759407619918e-03
3.206951890798868249e-03
3.174939647492684355e-03
3.143265123235747249e-03
3.111940982606667579e-03
3.080960297679697073e-03
3.050306790340320557e-03
3.019973004946311605e-03
2.989935418910223339e-03
2.960204279497826059e-03
2.930791733313753335e-03
2.901639572389126242e-03
2.872777163997395928e-03
2.844242493605793256e-03
2.816078636865985800e-03
2.788253459247523776e-03
2.760700280366642709e-03
2.733396788819308400e-03
2.706377523575773276e-03
2.679676150917278434e-03
2.653309973668446179e-03
2.627284637489792855e-03
2.601554307658892999e-03
2.576164457884316979e-03
2.551128669737352979e-03
2.526412514174311650e-03
2.501975564643969200e-03
2.477873933825628164e-03
2.454093230923367307e-03
2.430630071060062378e-03
2.407487958004628573e-03
2.384720958552489882e-03
2.362311634959209962e-03
2.340184435132044473e-03
2.318371777519914832e-03
2.296824371307189683e-03
