2.687083409221181773e-02
2.769904455624683237e-02
2.856040597888369337e-02
2.945702423744599521e-02
3.038148205852925915e-02
3.133027289747461475e-02
3.230929011530685874e-02
3.330111839322181383e-02
3.428766132408010703e-02
3.525406937092768339e-02
3.618729467266848521e-02
3.702016434436433689e-02
3.757130612216884324e-02
3.777304600484929914e-02
3.766543991551461745e-02
3.732758768530117233e-02
3.677678871149266809e-02
3.607229797449858916e-02
3.529865159474893099e-02
3.445403662621684265e-02
3.356575905441473023e-02
3.263951872787724390e-02
3.171187443032116166e-02
3.079627679431056614e-02
2.988727333281381016e-02
2.899629334070667058e-02
2.812245053918886045e-02
2.727125623483156111e-02
2.644594900408453117e-02
2.564659833317988955e-02
2.486695146775661294e-02
2.410857806857962318e-02
2.337218539543186799e-02
2.266139170411140061e-02
2.196984491940714990e-02
2.129623001781985256e-02
2.064202801909296309e-02
2.000628881844582208e-02
1.938684390437753896e-02
1.878675587760391882e-02
1.820438229354186949e-02
1.764095018759139974e-02
1.709660374316850431e-02
1.657166139115720874e-02
1.606179593531220640e-02
1.556750585970950208e-02
1.508954758610396400e-02
1.463091602890555579e-02
1.418997184508287435e-02
1.376842637877445305e-02
1.336608941018139173e-02
1.298375741875147128e-02
1.262248258402225154e-02
1.228425238571971556e-02
1.197328417893776288e-02
1.168724495437745842e-02
1.142928004878851489e-02
1.119983416223118734e-02
1.099742230684480973e-02
1.082154346675307487e-02
1.066866162761494555e-02
1.053835839829286511e-02
1.042715301523019882e-02
1.032958355691376492e-02
1.024149110396108467e-02
1.016092527476540955e-02
1.008460113747362136e-02
1.001189768566421168e-02
9.941911448450637193e-03
9.874299688904301237e-03
9.808215243838071598e-03
9.743017530192592604e-03
9.679216958619188405e-03
9.616630664643502704e-03
9.555240867992760567e-03
9.494756997110000499e-03
9.434950576849116324e-03
9.376171512388538701e-03
9.317693481423514057e-03
9.259658836538911530e-03
9.202238654271908957e-03
9.145317648747822853e-03
9.088925678878196149e-03
9.033318076537387789e-03
8.978292709105830174e-03
8.923802533927027367e-03
8.869916864993811212e-03
8.816760628869829350e-03
8.764320717496025190e-03
8.712593233852769861e-03
8.661587327212501991e-03
8.611282723457229504e-03
8.561976007524417509e-03
8.513661586098250286e-03
8.466090444909793802e-03
8.419379948565730576e-03
8.373356158569053923e-03
8.328199340126189038e-03
8.283839604671858897e-03
8.240262532896633005e-03
8.197295387485330556e-03
8.155161021464334831e-03
8.113563084729175784e-03
8.072926384304148634e-03
8.032965861878963582e-03
7.993775507256479715e-03
7.955285618449180196e-03
7.917513696276815005e-03
7.880489306457308385e-03
7.844129725868405345e-03
7.808718011666136022e-03
7.774009041592037234e-03
7.739870268758650140e-03
7.706542578747070486e-03
7.673992577901977280e-03
7.642274366728926856e-03
7.611318914011671634e-03
7.581190858561152532e-03
7.551791322490760197e-03
7.523046726764784017e-03
7.494940614530797192e-03
7.467297136070786927e-03
7.440371322058122669e-03
7.414005260524146081e-03
7.388259827887221770e-03
7.363006241150818129e-03
7.338193586358932562e-03
7.313865789368409302e-03
7.290060898239225304e-03
7.266700148301156147e-03
7.243612259170478448e-03
7.221025762880670801e-03
7.198623277578456228e-03
7.176619764331153457e-03
7.154998544810891800e-03
7.133868400859735837e-03
7.112901836265350837e-03
7.092279527041923069e-03
7.071951164707193128e-03
7.051959585567853760e-03
7.032260400814274379e-03
7.012872133417579791e-03
6.993791267139465133e-03
6.974976076809427661e-03
6.956596942578338084e-03
6.938479636090075578e-03
6.920545863545339571e-03
6.902804412450320656e-03
6.885459200657330185e-03
6.868397101445428490e-03
6.851581914341831232e-03
6.834848758934876020e-03
6.818262105166000321e-03
6.801721905207157651e-03
6.785421137636963272e-03
6.769323121845562986e-03
6.753508841327166001e-03
6.737742029676275016e-03
6.722115180670315375e-03
6.706536753504487025e-03
6.691068297176056001e-03
6.675638203255302577e-03
6.660370877678145965e-03
6.645180825860465615e-03
6.630176992057794198e-03
6.615308094534314703e-03
6.600538758741220438e-03
6.585966043978509592e-03
6.571606744969307398e-03
6.557414654201552430e-03
6.543437765341454312e-03
6.529587829289455574e-03
6.515930621367281919e-03
6.502375984748877402e-03
6.488887686638807918e-03
6.475447177777242207e-03
6.462006797119935336e-03
6.448611243077795666e-03
6.435256743053756855e-03
6.421982973648306635e-03
6.408859715699859877e-03
6.395844044352512470e-03
6.382910234202262070e-03
6.369998228099436888e-03
6.357237383291081123e-03
6.344712368852783134e-03
6.332270857816128112e-03
6.319855089967012229e-03
6.307532049158113586e-03
6.295306663833435783e-03
6.283125574920990671e-03
6.270987795921416884e-03
6.259060533198183840e-03
6.247234330194861851e-03
6.235446268854717526e-03
6.223806357202826475e-03
6.212207491990845605e-03
6.200583329086475047e-03
6.188906585633668390e-03
6.177375449391719724e-03
6.165873349910453577e-03
6.154479980900388718e-03
6.143128862844096823e-03
6.131742750580748517e-03
6.120404058009451705e-03
6.109159945382074131e-03
6.098064090952984989e-03
6.087137331280393152e-03
6.076358945878659705e-03
6.065558425587605496e-03
6.054814624088656130e-03
6.044121629215310453e-03
6.033489639510758104e-03
6.022837417584465773e-03
6.012289818814667633e-03
6.001783382596169274e-03
5.991381188082164043e-03
5.981075460617588102e-03
5.970933281161298553e-03
5.960942159899143729e-03
5.951097489603512924e-03
5.941339894481518710e-03
5.931720761026914798e-03
5.922218455105435903e-03
5.912797032223752330e-03
5.903414396497578751e-03
5.894084071175004214e-03
5.884824946700153471e-03
5.875665462713607415e-03
5.866621040341393235e-03
5.857669607608105566e-03
5.848704316674662763e-03
5.839752297913597574e-03
5.830805908676713403e-03
5.821963059113895514e-03
5.813147816676948569e-03
5.804480261548879659e-03
5.795891297287653759e-03
5.787325434692358779e-03
5.778841833306650952e-03
5.770367392535679513e-03
5.762008394865144809e-03
5.753621794144913454e-03
5.745280931956555509e-03
5.737150312174092021e-03
5.729106188236742468e-03
5.721061621667539870e-03
5.713037297717704459e-03
5.705057810625807288e-03
5.697162797736650582e-03
5.689296012582794118e-03
5.681463034875748434e-03
5.673746665199696886e-03
5.666138060444200243e-03
5.658547116911612218e-03
5.651101880176191000e-03
5.643640138233916616e-03
5.636222148302313766e-03
5.628900376305304674e-03
5.621685237734838289e-03
5.614526562790112148e-03
5.607388464259062226e-03
5.600256801793371784e-03
5.593189610121617437e-03
5.586244672562454272e-03
5.579304342892462028e-03
5.572452072642845172e-03
5.565643815532892412e-03
5.558963808881448032e-03
5.552347034925754141e-03
5.545832631194760193e-03
5.539393341372228323e-03
5.533004049708045193e-03
5.526819370050070970e-03
5.520774532073315956e-03
5.514727933064675520e-03
5.508655784742620166e-03
5.502688645395159561e-03
5.496810492953608032e-03
5.490957729223117957e-03
5.485162108471756774e-03
5.479520725198551261e-03
5.473942052882205429e-03
5.468337661399662666e-03
5.462680058674821218e-03
5.457024880222561929e-03
5.451394547789524710e-03
5.445895587362788691e-03
5.440671915798849304e-03
5.435652899283435063e-03
5.430593122799206619e-03
5.425564272138561593e-03
5.420581456742908956e-03
5.415613322545626170e-03
5.410559467306695625e-03
5.405528184466427098e-03
5.400550034412310296e-03
5.395610096986940517e-03
5.390686564867152621e-03
5.385865387122967460e-03
5.381062961694429644e-03
5.376092947371216915e-03
5.371142998245564092e-03
5.366339757591803879e-03
5.361658610090798242e-03
5.357094139447785529e-03
5.352655279406513117e-03
5.348296116465924357e-03
5.344014392805921700e-03
5.339748020313356096e-03
5.335535281340550440e-03
5.331355108108776567e-03
5.327222803011039121e-03
5.323198155949358801e-03
5.319276158485446507e-03
5.315372779973142996e-03
5.311606496668571688e-03
5.307836052977395712e-03
5.304207962583325567e-03
5.300689088557792097e-03
5.297221302593093338e-03
5.293753763418331156e-03
5.290344145168416126e-03
5.286988458739972502e-03
5.283656859032973517e-03
5.280328788422650882e-03
5.276969609203432769e-03
5.273577773850575412e-03
5.270204491244042527e-03
5.266791243973337026e-03
5.263389748274208482e-03
5.260038411232777732e-03
5.256667562808887625e-03
5.253310354518693666e-03
5.249900519427262539e-03
5.246285524043658131e-03
5.242511026211389875e-03
5.238803342577353847e-03
5.234935750103929947e-03
5.230941033585454966e-03
5.226892656482553558e-03
5.222686582159812366e-03
5.218556936599475990e-03
5.214416315061545792e-03
5.210150426834076962e-03
5.205692599368282915e-03
5.201410957871537358e-03
5.197064200779413431e-03
5.192771145352512684e-03
5.188360738220008928e-03
5.184058697688310839e-03
5.179930880369041681e-03
5.175802567097789915e-03
5.171593070475737595e-03
5.167456646700886377e-03
5.163414301799023991e-03
5.159537122071967616e-03
5.155554085246327051e-03
5.151609679281121505e-03
5.147708769272092179e-03
5.143827978262340180e-03
5.139967010134060751e-03
5.136162414855909714e-03
5.132465951386912945e-03
5.128795454543143804e-03
5.125135178578960060e-03
5.121703934090186296e-03
5.118213345205588870e-03
5.114740837403861096e-03
5.111244930228249495e-03
5.107897896904171724e-03
5.104686904916117506e-03
5.101469581277286690e-03
5.098277396056307559e-03
5.095209083469557504e-03
5.091980717885196024e-03
5.088839426237556050e-03
5.085732084648139986e-03
5.082615566214069083e-03
5.079617403336283456e-03
5.076675797393869795e-03
5.073674407312477388e-03
5.070802903813844201e-03
5.068068008439429936e-03
5.065381423040657069e-03
5.062716171589033004e-03
5.060192576699402457e-03
5.057686150539093817e-03
5.055211761171652177e-03
5.052723516723091682e-03
5.050377471641743013e-03
5.048168921160730606e-03
5.045983814895451010e-03
5.043913227823096021e-03
5.041915105401894789e-03
5.039915358987356181e-03
5.037938576370527312e-03
5.035965608922446206e-03
5.034094354506989111e-03
5.032269172520730145e-03
5.030591570008225571e-03
5.029043874235242760e-03
5.027424512949267218e-03
5.025933908901749660e-03
5.024562357078296397e-03
5.023301038925441844e-03
5.022090461358120865e-03
5.021193418342935130e-03
5.020640986236909672e-03
5.020247915271457834e-03
5.019946038699174030e-03
5.019789301646996639e-03
5.019739005742396634e-03
5.019968961559612836e-03
5.020373906183727732e-03
5.020892780709179486e-03
5.021615965895146957e-03
5.022363823436364408e-03
5.023349805269642504e-03
5.024468771142276587e-03
5.025850099064314153e-03
5.027295377246020214e-03
5.028871543621803684e-03
5.030785009873378448e-03
5.033162118881184290e-03
5.035901324510932628e-03
5.038930217191749453e-03
5.042222215173852544e-03
5.045693070313661543e-03
5.049308325678472653e-03
5.053297874197094051e-03
5.057403830684326258e-03
5.061636762402834874e-03
5.065853535002380441e-03
5.070018065838058016e-03
5.074263914085404455e-03
5.078632378981556665e-03
5.083187701587397848e-03
5.088014641983260034e-03
5.093290941950091161e-03
5.099116831776114023e-03
5.105453506114494312e-03
5.112045030153025867e-03
5.118749984144265776e-03
5.125711908955928563e-03
5.133067305961803474e-03
5.140698747649261047e-03
5.148903955481447248e-03
5.157480199743748328e-03
5.166145258923351968e-03
5.175187189115001800e-03
5.184655593260673913e-03
5.194677016824155759e-03
5.205117750975659686e-03
5.215922010883128172e-03
5.227018201866168688e-03
5.238767687251779867e-03
5.250917252611250405e-03
5.263668343051552435e-03
5.276609280981243294e-03
5.289862453936980229e-03
5.303905896393201237e-03
5.318318313377188612e-03
5.332752754414738644e-03
5.347321198741056963e-03
5.362283287186482734e-03
5.377466388175692995e-03
5.392697387434954893e-03
5.408454235892689102e-03
5.424796689524469598e-03
5.441946552015437290e-03
5.460158725038353686e-03
5.479313118901322360e-03
5.499280770864087460e-03
5.519574997159648437e-03
5.540305433615085387e-03
5.561609821863907135e-03
5.583579551534580132e-03
5.606300056186347067e-03
5.629998926321896566e-03
5.654815945951703789e-03
5.680901429829546441e-03
5.708111396207381227e-03
5.736775848265176364e-03
5.766710187820713387e-03
5.797775290244173117e-03
5.829872852292371926e-03
5.863009541249292536e-03
5.897705868613403908e-03
5.934299996702993227e-03
5.972587459514329053e-03
6.012455382412479170e-03
6.053538631004880960e-03
6.095884001421972113e-03
6.139813082465344490e-03
6.185727187212239006e-03
6.233176693149268012e-03
6.282547085226970751e-03
6.334209058156650869e-03
6.388140312675903883e-03
