2.264351487748864078e-02
2.315046996260537032e-02
2.365808835716609604e-02
2.416899018627835516e-02
2.468190267417085318e-02
2.519284191086023500e-02
2.569926175807135671e-02
2.620068763921439003e-02
2.667419671764974243e-02
2.712237742603211890e-02
2.754684390647006015e-02
2.793543578920117121e-02
2.829218046358387278e-02
2.861066663864229864e-02
2.890319003893570410e-02
2.916554266832717748e-02
2.937774836571895379e-02
2.953994365410195569e-02
2.964404635787405012e-02
2.966846709823742906e-02
2.960202590763602246e-02
2.943689854459969127e-02
2.920550021675811028e-02
2.892007092653816128e-02
2.859734738264141374e-02
2.824112499681321123e-02
2.786740899516048156e-02
2.747789745170253067e-02
2.707735109368842458e-02
2.667102601915193050e-02
2.626605536735689139e-02
2.586101553937635716e-02
2.545574607725384700e-02
2.505516593495302549e-02
2.465464154608137601e-02
2.425556473996915569e-02
2.385859940312934357e-02
2.346314934824533446e-02
2.306826900902473818e-02
2.267727500856856274e-02
2.228653833234121862e-02
2.189570633019293291e-02
2.150682320316210996e-02
2.112072024020258953e-02
2.073840200332903103e-02
2.035955667449708753e-02
1.998608604477209935e-02
1.961631515506937970e-02
1.925283278505370357e-02
1.889635783831402835e-02
1.854870857224294109e-02
1.820695096091427129e-02
1.787168296567877637e-02
1.754365397616913444e-02
1.722409113935061478e-02
1.691334923536699439e-02
1.661407100944160831e-02
1.632745454320578757e-02
1.605249739052787283e-02
1.579191169853796234e-02
1.554592428131713541e-02
1.531852607750503262e-02
1.511077998068764694e-02
1.492581232944963608e-02
1.476613700742403050e-02
1.462941214892730241e-02
1.451398489776983824e-02
1.441607246524712581e-02
1.432663921234974234e-02
1.423962330729622305e-02
1.415521603264123865e-02
1.407194560128773551e-02
1.398914069087866391e-02
1.390692168755759163e-02
1.382487458128155502e-02
1.374290924793155309e-02
1.366112369699146699e-02
1.357957923292621438e-02
1.349823592711943930e-02
1.341706726544764777e-02
1.333613201931196576e-02
1.325543707052081500e-02
1.317500397413809421e-02
1.309473620348913792e-02
1.301482648682094310e-02
1.293530490622895116e-02
1.285603699258816394e-02
1.277718117244596059e-02
1.269866742108935118e-02
1.262052533880784512e-02
1.254275078470596175e-02
1.246531649609028056e-02
1.238832846658664659e-02
1.231167104476248338e-02
1.223547723206034991e-02
1.215966571987237531e-02
1.208428999508086125e-02
1.200936098982117832e-02
1.193500010342946754e-02
1.186107559369248103e-02
1.178754209870544988e-02
1.171441178636046035e-02
1.164188200392716858e-02
1.156991033367821102e-02
1.149867920306942536e-02
1.142791297595224104e-02
1.135780704780186764e-02
1.128838954364825772e-02
1.121979866684571538e-02
1.115199755550695150e-02
1.108498345271372379e-02
1.101868433138955723e-02
1.095297522872871153e-02
1.088799892809697543e-02
1.082372170145950649e-02
1.076017623137346009e-02
1.069734384993177578e-02
1.063534072208155434e-02
1.057399524397931515e-02
1.051349834114918315e-02
1.045367648364954431e-02
1.039465644829232899e-02
1.033636038067501338e-02
1.027873478570675084e-02
1.022210755719559286e-02
1.016632621221250608e-02
1.011159441418717567e-02
1.005774676792891426e-02
1.000479733003650437e-02
9.952949351837705669e-03
9.902070132174475153e-03
9.852060911345798463e-03
9.802964621472070803e-03
9.754808825091982813e-03
9.707743762417182787e-03
9.661497316651206785e-03
9.616051527414196110e-03
9.571377738893530399e-03
9.527621708995780495e-03
9.484596142021121945e-03
9.442183280537178383e-03
9.400439502701089106e-03
9.359066417727162843e-03
9.318074218267894185e-03
9.277609289016814850e-03
9.237542908175969819e-03
9.197780065345531955e-03
9.158200170046806518e-03
9.118810402917705907e-03
9.079744664552235126e-03
9.040894231996905034e-03
9.002210842106556435e-03
8.963778638182587008e-03
8.925748925735639897e-03
8.887965773341621051e-03
8.850394797023292126e-03
8.813131154604858519e-03
8.776112467537348222e-03
8.739271664180045876e-03
8.702593148955429375e-03
8.666072007992083048e-03
8.629802006489174435e-03
8.593685280849810634e-03
8.557722478752935111e-03
8.521921529378945204e-03
8.486402818322339239e-03
8.451052611642057011e-03
8.415773969930085557e-03
8.380557952419475168e-03
8.345492507099903229e-03
8.310533837167181220e-03
8.275659493759374846e-03
8.240882286805854828e-03
8.206199174999340498e-03
8.171629366789223692e-03
8.137279320750931758e-03
8.103067940683000500e-03
8.068910477993032626e-03
8.034763327597164995e-03
8.000726510086651408e-03
7.966834299529329186e-03
7.933007615182455924e-03
7.899308835073386159e-03
7.865706748170876034e-03
7.832313878081049313e-03
7.798998110694134976e-03
7.765705470238937549e-03
7.732495527433992134e-03
7.699350947396097974e-03
7.666269860855514338e-03
7.633323298497579970e-03
7.600553872940848422e-03
7.567908928823181489e-03
7.535292555879520224e-03
7.502718131060300867e-03
7.470114112375650373e-03
7.437658048522798396e-03
7.405389952482180002e-03
7.373216069912419748e-03
7.341066895984220235e-03
7.308962134144224819e-03
7.276966450291035525e-03
7.245010008686651737e-03
7.213197570803453300e-03
7.181504708881755392e-03
7.149881624510727278e-03
7.118333940070447827e-03
7.086899558526503495e-03
7.055503015206332149e-03
7.024249431879808596e-03
6.993194603423771340e-03
6.962272830685524092e-03
6.931470090325993552e-03
6.900768761528689767e-03
6.870134419939387914e-03
6.839632653140454051e-03
6.809259553356354459e-03
6.778991059095998764e-03
6.748851725028950227e-03
6.718844763537908105e-03
6.688984563523616908e-03
6.659211561604446925e-03
6.629422285385959054e-03
6.599674128750432876e-03
6.570078610656274708e-03
6.540638634128341511e-03
6.511300207074435971e-03
6.482010167165512191e-03
6.452757525904515186e-03
6.423549782230125044e-03
6.394425124402926784e-03
6.365377742687593904e-03
6.336343160565453651e-03
6.307349057430289112e-03
6.278403874532287841e-03
6.249529877657428699e-03
6.220800965993347233e-03
6.192200131879940263e-03
6.163619989783543709e-03
6.135139002331759309e-03
6.106762577192177688e-03
6.078481156652908689e-03
6.050310588450300356e-03
6.022182413850447023e-03
5.994087464573796473e-03
5.966084309511988058e-03
5.938127490327005202e-03
5.910181253528841612e-03
5.882241917993218626e-03
5.854447439091954239e-03
5.826712450014557253e-03
5.799087469711939127e-03
5.771552881932664157e-03
5.744110240881770447e-03
5.716782839072300469e-03
5.689573201330332466e-03
5.662478213672761211e-03
5.635535953424699977e-03
5.608728652163403466e-03
5.582053332374552375e-03
5.555539283176178650e-03
5.529105670755446282e-03
5.502805836365042697e-03
5.476609397503186087e-03
5.450567511880834506e-03
5.424659740549200165e-03
5.398897261409288904e-03
5.373197231152063331e-03
5.347535951044430323e-03
5.321967017247530157e-03
5.296490331812172409e-03
5.271133750772009560e-03
5.245926630265513972e-03
5.220846567008423193e-03
5.195896453782072009e-03
5.171016032918709926e-03
5.146209656254043842e-03
5.121524810402942364e-03
5.096903407878191142e-03
5.072385936367755470e-03
5.047982639564155445e-03
5.023685656966648573e-03
4.999492712061089257e-03
4.975406578716431473e-03
4.951417273288386336e-03
4.927532266836348249e-03
4.903759345106502993e-03
4.880181848597547195e-03
4.856734606542009031e-03
4.833366566358021643e-03
4.810179465227033477e-03
4.787072385588889666e-03
4.764068002698119281e-03
4.741197004005941358e-03
4.718500626814335283e-03
4.695897443156933117e-03
4.673329593289901954e-03
4.650833281973356173e-03
4.628427518044812838e-03
4.606110202213808263e-03
4.583900909777845201e-03
4.561789950352530300e-03
4.539729243484102832e-03
4.517807155670442235e-03
4.495978904186883653e-03
4.474327089161731982e-03
4.452737948139353502e-03
4.431269902604384296e-03
4.409906172800960068e-03
4.388686662884521729e-03
4.367605449010408813e-03
4.346695650050681065e-03
4.325931407412231429e-03
4.305315628731862243e-03
4.284871308327768691e-03
4.264598544195683828e-03
4.244478121350396191e-03
4.224594182459943774e-03
4.204842083798417292e-03
4.185242710626491287e-03
4.165826180374185284e-03
4.146551112963545692e-03
4.127361721865585066e-03
4.108294732551680956e-03
4.089326160591807979e-03
4.070567308221033527e-03
4.051978540743279497e-03
4.033549695758872379e-03
4.015260853254079033e-03
3.997140946008295725e-03
3.979228157697614100e-03
3.961460153639194230e-03
3.943805873667911334e-03
3.926258024633206244e-03
3.908838621941222030e-03
3.891580144995068422e-03
3.874486533443699705e-03
3.857548877527792325e-03
3.840805807306479133e-03
3.824276304640948903e-03
3.807878420686915642e-03
3.791511715636551334e-03
3.775257632824139190e-03
3.759125857550166608e-03
3.743137265327713473e-03
3.727222386628550876e-03
3.711395079335095930e-03
3.695642509661355504e-03
3.679972336207012855e-03
3.664363170333152439e-03
3.648849196271846881e-03
3.633421253821204032e-03
3.618148911499081358e-03
3.603096463492463236e-03
3.588181890155114732e-03
3.573370430898346710e-03
3.558715380308155249e-03
3.544144740380495567e-03
3.529753264712330672e-03
3.515538138791713708e-03
3.501477422092285838e-03
3.487629588592020945e-03
3.473976210480194185e-03
3.460512834208095186e-03
3.447170073395237639e-03
3.433921423944118027e-03
3.420748700375300655e-03
3.407707162680640063e-03
3.394768312888796734e-03
3.381970559481767974e-03
3.369128745740588952e-03
3.356325117172205379e-03
3.343696114733832846e-03
3.331270865407479510e-03
3.318955949721459631e-03
3.306652814775714114e-03
3.294481929143971543e-03
3.282434650257334829e-03
3.270519579308498685e-03
3.258755266812250143e-03
3.247048523422587599e-03
3.235375562345588034e-03
3.223803613057806688e-03
3.212392804637208537e-03
3.201048255083280628e-03
3.189827557523468044e-03
3.178746324594451233e-03
3.167709324155807554e-03
3.156790881011685510e-03
3.145975749927493875e-03
3.135274935162091822e-03
3.124706576699680296e-03
3.114291993387034458e-03
3.104106121534510893e-03
3.093995099721155370e-03
3.084066655921411260e-03
3.074422767858347918e-03
3.064880966287285725e-03
3.055505456944542560e-03
3.046330094961464344e-03
3.037283834609814416e-03
3.028429711443343490e-03
3.019737034872756794e-03
3.011041228503609155e-03
3.002571960200553502e-03
2.994395598838082810e-03
2.986399880298675792e-03
2.978606607824417496e-03
2.971080069666554718e-03
2.963628826135446780e-03
2.956214496947083721e-03
2.949077643458910322e-03
2.942214473088861342e-03
2.935627102419525666e-03
2.929324170628008327e-03
2.923239406614491862e-03
2.917291571117550195e-03
2.911450118618845971e-03
2.905623415759786381e-03
2.900055182792561810e-03
2.894754502808264893e-03
2.889671935543727463e-03
2.884792067898998662e-03
2.880201910026400358e-03
2.875743462066975009e-03
2.871491366513297030e-03
2.867610841972073263e-03
2.863904700882048161e-03
2.860475445134008990e-03
2.857374756878859265e-03
2.854577829398647921e-03
2.852048774332050559e-03
2.849777439630184206e-03
2.847778535104929579e-03
2.846074283750499746e-03
2.844715551412742120e-03
2.843534559615918268e-03
2.842663274453380642e-03
2.842063816569849206e-03
2.841728599539504376e-03
2.841634039882713885e-03
2.841773824294393722e-03
2.842133323664594417e-03
2.842952287139312913e-03
2.844052847158714831e-03
2.845217288673343621e-03
2.846494242997704618e-03
2.848021884808958366e-03
2.849764615588072560e-03
2.851852940960153317e-03
2.854242583498191495e-03
2.856872434085311416e-03
2.859806259788474480e-03
2.862958196055915075e-03
2.866383208290920227e-03
2.870170712585367462e-03
2.874403428882522146e-03
2.879091208981872894e-03
2.884222501052169461e-03
2.889765520594015247e-03
2.895478306704042312e-03
2.901305778693533122e-03
2.907383185418607914e-03
2.913882991407517296e-03
2.920758642221100380e-03
2.927966886410919654e-03
2.935606984018753092e-03
2.943638149932358353e-03
2.952102696645264330e-03
2.961093243633172809e-03
2.970354126942518266e-03
2.979882293219454463e-03
2.989578227832252310e-03
2.999522099320570123e-03
3.009669828769112772e-03
3.020159791492605088e-03
3.030887806144004319e-03
3.041947214287472889e-03
3.053197658456620073e-03
3.064696474660150594e-03
3.076392337650911413e-03
3.088513480413166042e-03
3.101173215010999493e-03
3.114186030518878347e-03
3.127478845553497387e-03
3.141174125515235407e-03
3.155243594996009777e-03
3.169582812505732615e-03
3.184259265806534383e-03
3.199228453608606547e-03
3.214478312374741305e-03
3.230063138132249160e-03
3.245614563847064489e-03
3.261484102455007843e-03
3.277488843474366149e-03
3.293798072899103112e-03
3.310464319559740590e-03
3.327433168323235425e-03
3.344788711745540558e-03
3.362376104045236656e-03
