4.804962696780475627e-03
4.916116812804278632e-03
5.027628156108364214e-03
5.139535746302076324e-03
5.251544660173507358e-03
5.363841992245336511e-03
5.476368954918708898e-03
5.589459477864734509e-03
5.703712213615637003e-03
5.818200735279083213e-03
5.929910609668744351e-03
6.035359346128818005e-03
6.127569517957304895e-03
6.209137423583926604e-03
6.279736213359070167e-03
6.340409092416352324e-03
6.392048433371468920e-03
6.429285390884074101e-03
6.453446211937951399e-03
6.466803610612218041e-03
6.467246317045836045e-03
6.458263961256476872e-03
6.439616330839112619e-03
6.416448970556536992e-03
6.386704693387134160e-03
6.352942204598828642e-03
6.317335117187118827e-03
6.280934247693763239e-03
6.243470235223532588e-03
6.205387964219937977e-03
6.168059942887903213e-03
6.130552852355178675e-03
6.093350489496822397e-03
6.057127009774179553e-03
6.021875441112246007e-03
5.987395817083020558e-03
5.954009458894442101e-03
5.921209890338711805e-03
5.888912346460859620e-03
5.857477894740346740e-03
5.827188954687817155e-03
5.798054419013203876e-03
5.769999312591372539e-03
5.743188545348713869e-03
5.717515098441763692e-03
5.693279092244781132e-03
5.670750315979839092e-03
5.649450269672174653e-03
5.629700787604999951e-03
5.611271395892850761e-03
5.594763094423706694e-03
5.580440872232439800e-03
5.568226717416421313e-03
5.558285669124864506e-03
5.550806692907212653e-03
5.545144723344183277e-03
5.540969572982914343e-03
5.538565510645227126e-03
5.537571903163333864e-03
5.537933260906847434e-03
5.538785151639057276e-03
5.540127110026029679e-03
5.541832668901359657e-03
5.543752601327649014e-03
5.545637717166973339e-03
5.547544703563952496e-03
5.549433234377836033e-03
5.551283919376929360e-03
5.553174207203900002e-03
5.555111633770231337e-03
5.557189571830176665e-03
5.559402848737210467e-03
5.561740728290323794e-03
5.564047299270366218e-03
5.566356096578161869e-03
5.568798985857727722e-03
5.571291964121254103e-03
5.573795548896259486e-03
5.576373519565590124e-03
5.578985889421463409e-03
5.581561720103761851e-03
5.584287558331429979e-03
5.587033952514069285e-03
5.589682680735889864e-03
5.592451463218523454e-03
5.595079553537182435e-03
5.597971163561066797e-03
5.600956328739123413e-03
5.604051562194119034e-03
5.607269978875702512e-03
5.610515286697472133e-03
5.613842776637522486e-03
5.617298448973095416e-03
5.620846215177019087e-03
5.624553363524539482e-03
5.628417941891756572e-03
5.632427596829477946e-03
5.636581960792527886e-03
5.640803661403588805e-03
5.645153997088121246e-03
5.649591525562816172e-03
5.654135255842436016e-03
5.658753773960576924e-03
5.663489822802033821e-03
5.668323756023000565e-03
5.673249188885001390e-03
5.678270931623160579e-03
5.683385678966423014e-03
5.688567399201080454e-03
5.693726830708970010e-03
5.698776180707415193e-03
5.703834584127584484e-03
5.708778905731313157e-03
5.713834047970475782e-03
5.719034703425347060e-03
5.724235028095050852e-03
5.729377586127770358e-03
5.734518971656241658e-03
5.739769751152974490e-03
5.745137734019522234e-03
5.750590909124660838e-03
5.756033142156272674e-03
5.761574679645767826e-03
5.767151933752179618e-03
5.772731593758573254e-03
5.778274865557250783e-03
5.783844475421339240e-03
5.789403780376225703e-03
5.795043520044971218e-03
5.800756609464482148e-03
5.806561842497776418e-03
5.812395643410808721e-03
5.818170512732272551e-03
5.824031154902791461e-03
5.829993657436165731e-03
5.836099730779829853e-03
5.842231044632245629e-03
5.848400793694983127e-03
5.854720831507543265e-03
5.861181618037935963e-03
5.867703877569512873e-03
5.874293906386118987e-03
5.880963914410943134e-03
5.887619481353040946e-03
5.894414206971035526e-03
5.901271996043949176e-03
5.908175486454800805e-03
5.915063065080613559e-03
5.922043031023415706e-03
5.929058548506264785e-03
5.936135756612840458e-03
5.943212405687268302e-03
5.950269038127380811e-03
5.957355315770785503e-03
5.964484648415887755e-03
5.971770803538506076e-03
5.979102234307735568e-03
5.986514780413768402e-03
5.993976306279437394e-03
6.001359712543067465e-03
6.008872310057171949e-03
6.016453873135136840e-03
6.024147683158816505e-03
6.031870281896814859e-03
6.039502860288982825e-03
6.047145817028009782e-03
6.054842392343206051e-03
6.062581652616670820e-03
6.070271101267164272e-03
6.078083529824885971e-03
6.086090731574086629e-03
6.094120521620786241e-03
6.102221996154191808e-03
6.110352106294697321e-03
6.118632810987663026e-03
6.127091191515035909e-03
6.135461942607041072e-03
6.143954347610462198e-03
6.152555802125220068e-03
6.161243662562810447e-03
6.169985151240142164e-03
6.178709838370027158e-03
6.187385406991148355e-03
6.196069938108567619e-03
6.204683233711031330e-03
6.213327807248650130e-03
6.222129188850788160e-03
6.231095187315024465e-03
6.240139058960214764e-03
6.249242867263364760e-03
6.258438918753524496e-03
6.267717733576403522e-03
6.277038706720332838e-03
6.286331230857440840e-03
6.295724957520724974e-03
6.305366889076843145e-03
6.315048929453152653e-03
6.324712199384133031e-03
6.334546851171751931e-03
6.344508424643098901e-03
6.354544956136155658e-03
6.364768447932565854e-03
6.375045391965421249e-03
6.385423250264493471e-03
6.396018181380783499e-03
6.406903557247346608e-03
6.417949943706650201e-03
6.429081178249604865e-03
6.440292674138643585e-03
6.451687721011861547e-03
6.463331674210482693e-03
6.475077237891754128e-03
6.487012722553241531e-03
6.498982396712740285e-03
6.510965494397309185e-03
6.523033177162633652e-03
6.535214608406073045e-03
6.547514823891852249e-03
6.559979960752060878e-03
6.572606406457980055e-03
6.585542776149562808e-03
6.598757147754184121e-03
6.612077526217637231e-03
6.625616278786125232e-03
6.639282252938511972e-03
6.653141684609015748e-03
6.667263249289619859e-03
6.681563918119002438e-03
6.696028791077127985e-03
6.710717852810376728e-03
6.725586615417973070e-03
6.740666402709587224e-03
6.755958308041517049e-03
6.771394014572077076e-03
6.786919428205977385e-03
6.802688771041368217e-03
6.818685865105726315e-03
6.834786165789311779e-03
6.851038973781180957e-03
6.867459573612700978e-03
6.884009044314341220e-03
6.900619919768187158e-03
6.917508278761305002e-03
6.934665182764152350e-03
6.951989225437036658e-03
6.969475824764363725e-03
6.987072231534547165e-03
7.004789054098440985e-03
7.022617203372443981e-03
7.040746711358036349e-03
7.059078040738194816e-03
7.077658219780084449e-03
7.096265631207045003e-03
7.115119733585533943e-03
7.134214850774962466e-03
7.153556871404689009e-03
7.172968839713685790e-03
7.192535572049555195e-03
7.212348050118819187e-03
7.232163993127701390e-03
7.252151578635132947e-03
7.272362805113951299e-03
7.292748209625922462e-03
7.313248534598643623e-03
7.334016700018847201e-03
7.354919692034465016e-03
7.376017654576093319e-03
7.397396257240815981e-03
7.419056963455811921e-03
7.440936483084021995e-03
7.463040691467390936e-03
7.485312131093424352e-03
7.507657485349928696e-03
7.530176490810192372e-03
7.552870571368603195e-03
7.575745051159155953e-03
7.598822224975805215e-03
7.622137287877115558e-03
7.645649993831153679e-03
7.669306110652383823e-03
7.693133635191288892e-03
7.717009298045282399e-03
7.741019973847889507e-03
7.765053984760917835e-03
7.789362352114271096e-03
7.813884539257473852e-03
7.838552477664205431e-03
7.863384320628949778e-03
7.888358362121856635e-03
7.913499130704484616e-03
7.938727174409809101e-03
7.964172729801276968e-03
7.989752819108212820e-03
8.015457146261388555e-03
8.041366376006107639e-03
8.067456846015719912e-03
8.093788602102618829e-03
8.120286341870532748e-03
8.146878690369041207e-03
8.173679001928812679e-03
8.200597345866591018e-03
8.227627332282671374e-03
8.254872942913590861e-03
8.282300787290485661e-03
8.309913263791128199e-03
8.337708170274148178e-03
8.365667998955196583e-03
8.393719469403166517e-03
8.421841876838587204e-03
8.450126794834309993e-03
8.478627191514768319e-03
8.507282872929400330e-03
8.536007620496893419e-03
8.564894065759056166e-03
8.593835327001805163e-03
8.622781014078158279e-03
8.651786761407360624e-03
8.680954242038201388e-03
8.710255319025856161e-03
8.739476186032605481e-03
8.768778958784967728e-03
8.798222440475287828e-03
8.827841194598286603e-03
8.857552899106063346e-03
8.887248566092549942e-03
8.916963476298155403e-03
8.946712266218402251e-03
8.976533917137789406e-03
9.006485909107995319e-03
9.036516375953776437e-03
9.066590826094410999e-03
9.096780920324381431e-03
9.127116566657699284e-03
9.157398897060353704e-03
9.187734603502738587e-03
9.218148866055101559e-03
9.248583428889577823e-03
9.279269583547871195e-03
9.310082726450490814e-03
9.340921265920312105e-03
9.371775456258731041e-03
9.402679677434957681e-03
9.433631881197260607e-03
9.464643102562411703e-03
9.495607959893705846e-03
9.526552454006126727e-03
9.557749483321126976e-03
9.589095183767144467e-03
9.620438567824761422e-03
9.651729987794835028e-03
9.683199037134555820e-03
9.714739475261170709e-03
9.746379966401874650e-03
9.778097011041986253e-03
9.809915559199713225e-03
9.841709568988180057e-03
9.873684903371302002e-03
9.905956926936068316e-03
9.938223781498738488e-03
9.970573895441474377e-03
1.000300912784884109e-02
1.003550918215864902e-02
1.006803882738965296e-02
1.010052609542107412e-02
1.013300953823597153e-02
1.016549582310875832e-02
1.019794219020907396e-02
1.023044119415449614e-02
1.026291150029729968e-02
1.029544004776574567e-02
1.032806978833701074e-02
1.036066838986637872e-02
1.039326661590969474e-02
1.042563597829454340e-02
1.045824192078930424e-02
1.049085374522167220e-02
1.052349325619954257e-02
1.055622757283074080e-02
1.058898446149334274e-02
1.062185231722743636e-02
1.065482514226295634e-02
1.068772927039975812e-02
1.072059220872093217e-02
1.075332787876695680e-02
1.078592576216526842e-02
1.081863158191104062e-02
1.085134118641399407e-02
1.088402606629743433e-02
1.091672457719134598e-02
1.094949797297129802e-02
1.098233300321919091e-02
1.101516119657913739e-02
1.104808223650909603e-02
1.108084816039872807e-02
1.111359894116909115e-02
1.114634405823522641e-02
1.117903623985325168e-02
1.121182264599253006e-02
1.124468046265487443e-02
1.127759779447048451e-02
1.131046536788826544e-02
1.134339348295302675e-02
1.137634808279379232e-02
1.140923352420419347e-02
1.144213887664967746e-02
1.147517728634408173e-02
1.150832558272537817e-02
1.154168303563966359e-02
1.157493717425590180e-02
1.160823955428134241e-02
1.164180100654518130e-02
1.167533097175499010e-02
1.170896586499014375e-02
1.174255605020372607e-02
1.177612536201262487e-02
1.180994935591564605e-02
1.184390348977384759e-02
1.187792866304100865e-02
1.191188860510403874e-02
1.194580474645744704e-02
1.197971606720523753e-02
1.201369494634158160e-02
1.204771303582613876e-02
1.208180180317303468e-02
1.211589922522322491e-02
1.215009033729893238e-02
1.218425116437836693e-02
1.221850898423552934e-02
1.225281758887442410e-02
1.228717264414184128e-02
1.232172135730236553e-02
1.235635946996539898e-02
1.239101266561804492e-02
1.242580665978886348e-02
1.246084375019283937e-02
1.249580247499921908e-02
1.253076064627784217e-02
1.256583632168436701e-02
1.260094483329761948e-02
1.263620251970067228e-02
1.267157802944521468e-02
1.270692568427985066e-02
1.274238181901728162e-02
1.277780706654220444e-02
1.281332569738404675e-02
1.284887832798707781e-02
1.288462160860721559e-02
1.292044083147837925e-02
1.295633435515570336e-02
1.299240494820966089e-02
1.302867070622783403e-02
1.306520453051771523e-02
1.310201392994239829e-02
1.313897753088895740e-02
1.317610156396601707e-02
1.321332847177900116e-02
1.325050804781796945e-02
1.328781024831218391e-02
1.332529302784755433e-02
1.336306680707479745e-02
1.340116487717094712e-02
1.343930908879171701e-02
1.347760845355941949e-02
1.351591284449640828e-02
1.355421880323127298e-02
1.359250385765930005e-02
1.363085967320874954e-02
1.366935528655103746e-02
1.370782550123966770e-02
1.374644344282092458e-02
1.378514811909064240e-02
1.382404892329472217e-02
1.386306876565526931e-02
1.390228550771130910e-02
1.394173333520318248e-02
1.398136806892049701e-02
1.402134899383063876e-02
1.406163538336203250e-02
1.410202372821219886e-02
1.414242308056404100e-02
1.418294693898629680e-02
1.422352576908898075e-02
1.426425577978863470e-02
1.430502931928984145e-02
1.434593816459290433e-02
1.438698498951828351e-02
1.442821463875879930e-02
1.446951004809870177e-02
1.451113788627050871e-02
1.455275575022734087e-02
1.459450489970845304e-02
1.463647670251627328e-02
1.467831562145924772e-02
1.472029247911307154e-02
1.476253154765780166e-02
1.480484585630291103e-02
1.484719265064693774e-02
1.488974330579729069e-02
1.493232400749544900e-02
1.497496977883146056e-02
