1.471876099782956811e-02
1.479589307912334249e-02
1.485120639669556229e-02
1.488446082869676439e-02
1.489307485678180443e-02
1.487899243176717991e-02
1.484921586010481270e-02
1.480215381425166628e-02
1.473530360288864346e-02
1.464987780505193349e-02
1.454918028842637316e-02
1.443686977957723237e-02
1.431922185604887592e-02
1.420642269447738686e-02
1.409850846986781397e-02
1.399541555473678318e-02
1.390803638987985792e-02
1.383641120828851129e-02
1.377942906422260395e-02
1.373742198003213497e-02
1.370851914691179237e-02
1.369177952286283230e-02
1.368263812234639387e-02
1.367999388849002428e-02
1.368014439361278992e-02
1.368308955116806676e-02
1.368973592464177436e-02
1.369761821438965181e-02
1.370590262505007491e-02
1.371396305582846427e-02
1.372221494029212362e-02
1.373067787368042331e-02
1.373801576591077156e-02
1.374421624501674308e-02
1.374900323433326035e-02
1.375272685337641278e-02
1.375541067312183001e-02
1.375764742470495829e-02
1.375831998449431395e-02
1.375870498077495785e-02
1.375761063957712041e-02
1.375572133812678205e-02
1.375269812544385566e-02
1.374913652030231026e-02
1.374481933183629642e-02
1.373964800581910055e-02
1.373323465764647588e-02
1.372472500429204774e-02
1.371521893599903820e-02
1.370405851341337071e-02
1.369109901446984023e-02
1.367657381975679459e-02
1.365991142744150261e-02
1.364154338738982931e-02
1.362150524098398006e-02
1.360054006548621144e-02
1.357836359251484923e-02
1.355460068802721157e-02
1.352955500498121723e-02
1.350325117958285637e-02
1.347642203681324695e-02
1.344894544054362623e-02
1.342079796860914075e-02
1.339217670044504094e-02
1.336276431078630908e-02
1.333222760088032845e-02
1.330062979744677139e-02
1.326754992221057701e-02
1.323335075027461290e-02
1.319813001568364424e-02
1.316257731312772510e-02
1.312720037213989908e-02
1.309200160076150372e-02
1.305651651399883546e-02
1.302061667106604002e-02
1.298455184394612001e-02
1.294861365519116639e-02
1.291275035027879096e-02
1.287629915414312265e-02
1.283958242564457730e-02
1.280279854007046123e-02
1.276597180973238106e-02
1.272953344607901174e-02
1.269310603029178731e-02
1.265648295382991798e-02
1.261966960287191040e-02
1.258295613146381657e-02
1.254627139822837162e-02
1.250936501727122584e-02
1.247216065238631287e-02
1.243530595374929895e-02
1.239817487983734152e-02
1.236066641994099796e-02
1.232300402263801671e-02
1.228557065824942111e-02
1.224794105831346520e-02
1.221015601779127518e-02
1.217241739909205415e-02
1.213465280803330618e-02
1.209682040327025518e-02
1.205888556851553856e-02
1.202116221628334557e-02
1.198350645988583568e-02
1.194590448074456940e-02
1.190812275853375506e-02
1.187053269932611919e-02
1.183297198300561903e-02
1.179566721997740014e-02
1.175864753193712683e-02
1.172148017013203460e-02
1.168416050030285716e-02
1.164711570460057188e-02
1.160998693289736275e-02
1.157287151679964494e-02
1.153621147887720459e-02
1.149972004755379570e-02
1.146346477869205314e-02
1.142734555139984440e-02
1.139147640818008282e-02
1.135592259521934870e-02
1.132046756400479325e-02
1.128562442989107517e-02
1.125103020525910699e-02
1.121680441880278795e-02
1.118291277219921401e-02
1.114901944967969412e-02
1.111531662331449559e-02
1.108193802875820366e-02
1.104902806547194624e-02
1.101646681050456704e-02
1.098379102112551596e-02
1.095156993575033266e-02
1.091975277340659529e-02
1.088848619820802915e-02
1.085719600916546304e-02
1.082636450472225856e-02
1.079584628095487005e-02
1.076566996671678850e-02
1.073573691228489786e-02
1.070604089766817417e-02
1.067679899271819013e-02
1.064781305530876701e-02
1.061910033930835509e-02
1.059066383021161489e-02
1.056242923239100566e-02
1.053460033210269417e-02
1.050688604059712289e-02
1.047936708966037272e-02
1.045195218503005771e-02
1.042472278114624749e-02
1.039769375721930761e-02
1.037070924985428015e-02
1.034406481011978553e-02
1.031777998077815575e-02
1.029157143301046365e-02
1.026538420448259471e-02
1.023935092209152416e-02
1.021388645484055772e-02
1.018879155703458252e-02
1.016372024309357414e-02
1.013878610369354887e-02
1.011431765962215491e-02
1.009007071642460500e-02
1.006611821979333000e-02
1.004251945870715187e-02
1.001897493203006070e-02
9.995665175436674668e-03
9.972897660917566867e-03
9.950275260140313549e-03
9.927913211859202072e-03
9.905739558454581400e-03
9.883599026997699072e-03
9.861676035201216717e-03
9.839782920149312689e-03
9.817860785610492760e-03
9.796021968631943994e-03
9.774106383633915721e-03
9.752424720548982448e-03
9.730867250066806487e-03
9.709275409388914979e-03
9.688174932463371192e-03
9.667138464622479846e-03
9.646185369907397944e-03
9.625318667031319830e-03
9.604453528830294434e-03
9.583633978090652997e-03
9.562879162274237274e-03
9.542199099128394202e-03
9.521448427474408366e-03
9.501002310702576226e-03
9.480663334392118446e-03
9.460625676628078504e-03
9.440857661841377257e-03
9.421069768236138564e-03
9.401674115090200012e-03
9.382508913481990911e-03
9.363321813396160292e-03
9.344077146945564336e-03
9.324807374727236281e-03
9.305774231512454336e-03
9.286730246236659519e-03
9.267667635276999674e-03
9.248806350233580026e-03
9.229643831996144770e-03
9.210564926003016531e-03
9.191399597999678692e-03
9.172235098675088003e-03
9.153248022860792366e-03
9.134417475827801350e-03
9.115668564811203398e-03
9.096915603330389677e-03
9.078016609491866215e-03
9.059238976253002756e-03
9.040556516596692446e-03
9.021822449814916739e-03
9.003103373292223668e-03
8.984374876379180863e-03
8.965366681899086462e-03
8.946523012257011007e-03
8.927465222376524193e-03
8.908360312617260787e-03
8.889374501111142399e-03
8.870607139864908688e-03
8.851902277907474845e-03
8.833267206101887842e-03
8.814637583672369284e-03
8.796085984593270124e-03
8.777528864979074197e-03
8.758979593475600331e-03
8.740416942701865338e-03
8.721479459734803041e-03
8.702472551772630349e-03
8.683232169523897453e-03
8.663863107892424975e-03
8.644331285628786138e-03
8.625019681097826837e-03
8.605776901514559929e-03
8.586394185612826122e-03
8.567102611058438275e-03
8.547844484460073375e-03
8.528512946203917547e-03
8.509173875413059834e-03
8.489679617869451758e-03
8.470281056592332894e-03
8.450747207229759167e-03
8.431163286975126153e-03
8.411365977124990803e-03
8.391351660346310637e-03
8.371252344985093477e-03
8.351120122718068417e-03
8.330576213645501590e-03
8.310237763834995087e-03
8.289969504336061959e-03
8.269561974618793582e-03
8.249175783056693356e-03
8.228684363789037087e-03
8.207905952851791975e-03
8.186972808937879181e-03
8.165832442489464812e-03
8.144818618813528047e-03
8.123696057661137712e-03
8.102613096838247320e-03
8.081274705187383584e-03
8.059982907052613832e-03
8.038628876997015726e-03
8.017284242294331689e-03
7.995860804951019501e-03
7.974439091759153928e-03
7.952955554328402024e-03
7.931403270356667673e-03
7.909743801586431242e-03
7.888229155552756514e-03
7.866631647574267444e-03
7.845158908965532696e-03
7.823822168687339512e-03
7.802435974805199161e-03
7.781000022312622826e-03
7.759641541084012946e-03
7.738200364167948167e-03
7.716664041946262251e-03
7.695145671484111827e-03
7.673371162694238301e-03
7.651405702271856998e-03
7.629503487072689626e-03
7.607404974885610509e-03
7.585204206760973698e-03
7.563018384695557872e-03
7.540587907453578931e-03
7.518188200493417309e-03
7.495523808091862986e-03
7.472801381754164141e-03
7.449926167906255683e-03
7.427024267006296365e-03
7.404010512045573408e-03
7.381018458982906844e-03
7.357935056902185564e-03
7.334788580206965010e-03
7.311566517632626244e-03
7.288411747272872769e-03
7.265110613125092334e-03
7.241796471644757101e-03
7.218632312369896442e-03
7.195567253519459701e-03
7.172291262187679463e-03
7.148845887039385547e-03
7.125389626728351709e-03
7.101942269298683157e-03
7.078337735436216784e-03
7.054729454578636920e-03
7.031242046763314622e-03
7.007684989672906262e-03
6.984117197864003583e-03
6.960608806549349083e-03
6.936941667071336824e-03
6.913128741176266349e-03
6.889346192527423009e-03
6.865355803932429377e-03
6.841187269365324626e-03
6.816989619567817918e-03
6.792689756879573097e-03
6.768504578813890754e-03
6.744412303288403049e-03
6.720185132891496466e-03
6.695972784547122268e-03
6.671816423644181052e-03
6.647675165524655205e-03
6.623396984583722856e-03
6.598870471710456889e-03
6.574451911786711490e-03
6.550045486776756055e-03
6.525744338977573430e-03
6.501286638787223855e-03
6.476805844664025764e-03
6.452313725754197510e-03
6.427744174001337636e-03
6.403165026939239626e-03
6.378535837145335972e-03
6.353938534496458325e-03
6.329252014450149032e-03
6.304489248821217029e-03
6.279637166266238864e-03
6.254664069016687387e-03
6.229524087034058952e-03
6.204282982730477056e-03
6.179021518996644959e-03
6.153800646750157838e-03
6.128585099375459012e-03
6.103351442274767939e-03
6.078026754298929135e-03
6.052627773022216211e-03
6.027244592217537340e-03
6.001826575090491757e-03
5.976292206395315137e-03
5.950580366115630453e-03
5.925002567125015746e-03
5.899483129969681355e-03
5.873946046188271639e-03
5.848459434543055481e-03
5.822876395164842088e-03
5.797213657115657739e-03
5.771806737797977212e-03
5.746326557162085950e-03
5.720861684808076393e-03
5.695531769912212314e-03
5.670205263407245011e-03
5.644785492021031810e-03
5.619302178857307935e-03
5.593831050242993423e-03
5.568363892848860602e-03
5.542939782079592259e-03
5.517337224149450499e-03
5.491690362698665832e-03
5.465882907486412437e-03
5.440076538798007365e-03
5.414325919504932479e-03
5.388633124605317695e-03
5.362855154929414489e-03
5.337060443230083086e-03
5.311116056479991097e-03
5.285093244179623825e-03
5.259066547555726195e-03
5.232877387556590480e-03
5.206599485944238097e-03
5.180154571682594675e-03
5.153428054831341552e-03
5.126641691551974030e-03
5.099688598068316883e-03
5.072650831221125513e-03
5.045529611796474578e-03
5.018335950895818319e-03
4.990930550931568788e-03
4.963405805327931672e-03
4.935870180797751090e-03
4.908412341645667504e-03
4.880883355508978082e-03
4.853309787422551737e-03
4.825425905432660645e-03
4.797509325548594307e-03
4.769483213507703413e-03
4.741291680442309177e-03
4.713067304493127364e-03
4.684627553016631855e-03
4.656035904264186308e-03
4.627457271511825794e-03
4.598666848251764354e-03
4.569715016880408764e-03
4.540686293455429602e-03
4.511453600773821654e-03
4.482087326166835778e-03
4.452582869577764030e-03
4.422953499431048034e-03
4.393094443696208412e-03
4.363211277100148902e-03
4.333157775084831194e-03
4.303213960416576306e-03
4.273101732603893851e-03
4.243061975099217745e-03
4.212887356591522164e-03
4.182596658525427995e-03
4.152081715152935310e-03
4.121571992549634585e-03
4.090864508632149898e-03
4.060035344637608415e-03
4.029111772672530276e-03
3.997946024281704737e-03
3.966871737643886363e-03
3.935730309975680671e-03
3.904423503093534028e-03
3.873183342975893007e-03
3.841716508741219085e-03
3.810019086759552226e-03
3.778170772578619534e-03
3.746337285935308174e-03
3.714531992571822993e-03
3.682766907438195410e-03
3.651070830139476007e-03
3.619392970419727570e-03
3.587716901540279838e-03
3.555915154972149900e-03
3.524163575792814765e-03
3.492513098984871989e-03
3.460966326945714207e-03
3.429613601301839242e-03
3.398270841812996591e-03
3.366965111725710256e-03
3.335809895375528838e-03
3.304867594768450597e-03
3.274065752801521689e-03
3.243355170436081764e-03
3.212851137727254589e-03
3.182560702830276693e-03
3.152304156650810249e-03
3.122164405487958070e-03
3.092292559663479146e-03
3.062552227492741728e-03
3.032819495045941706e-03
3.003285950046655564e-03
2.974015556299771431e-03
2.944935510563037248e-03
2.916069073086932206e-03
2.887473374371079052e-03
2.859017470145073635e-03
2.830714401018551932e-03
2.802574980011407479e-03
2.774545651082464207e-03
2.746670235090018734e-03
2.718961815439157378e-03
2.691582077169128381e-03
2.664326155014620778e-03
2.637256351288085141e-03
2.610400823372939407e-03
2.583629554354659446e-03
2.557084806160026588e-03
2.530762879872749081e-03
2.504551495026416819e-03
2.478377748757722415e-03
2.452261121037336254e-03
2.426395042060269357e-03
2.400687218609111155e-03
2.375028523067181964e-03
2.349591879998467591e-03
2.324392887622570708e-03
2.299431185669235846e-03
2.274755870102739257e-03
2.250215823454234342e-03
2.225930828675770461e-03
2.201862324289098789e-03
2.178091498018011867e-03
2.154578200765514331e-03
2.131281758803739088e-03
2.108229231079119040e-03
2.085416097128367941e-03
2.062828580738148166e-03
2.040449847225002996e-03
2.018318803786959149e-03
1.996447562709077837e-03
1.974740992016795101e-03
1.953290724877846003e-03
1.931939794591180969e-03
1.910906482586749184e-03
