8.334922871880243167e-03
8.634963991761199914e-03
8.940749733179551365e-03
9.248947211793130327e-03
9.556482547742382525e-03
9.863521358645009618e-03
1.016756433732092860e-02
1.046805487545127145e-02
1.076455904407861916e-02
1.105976121543139103e-02
1.134846744558949509e-02
1.162671815023389940e-02
1.189932653911992579e-02
1.216204007631975677e-02
1.241961354738980311e-02
1.266804068586189005e-02
1.290209699703722193e-02
1.312452907879192374e-02
1.333043185775373805e-02
1.352191169984252872e-02
1.370067357785360526e-02
1.386619010454479516e-02
1.402237288552015716e-02
1.416708236235704813e-02
1.429627988576556187e-02
1.441385655876413138e-02
1.451992841175118489e-02
1.461331713646468917e-02
1.469605732791499052e-02
1.477068691166096188e-02
1.483642585784764392e-02
1.489451932337444544e-02
1.494568702066091312e-02
1.499119017767565690e-02
1.503029090542428933e-02
1.506149307926732753e-02
1.508535698690120254e-02
1.510223787028990017e-02
1.511307349623571515e-02
1.511814462334926633e-02
1.511849488033770693e-02
1.511548969296348972e-02
1.510940697045618300e-02
1.510014069629377412e-02
1.508705050333980849e-02
1.507065382442395081e-02
1.505081292163552159e-02
1.502807140279672354e-02
1.500253124582518784e-02
1.497415769156644483e-02
1.494228853282711898e-02
1.490757752650108750e-02
1.487039128105429459e-02
1.483092229687126354e-02
1.478889758194315909e-02
1.474470446387340927e-02
1.469779096541782432e-02
1.464790222183622904e-02
1.459509915102325840e-02
1.454049668144154553e-02
1.448417178783410059e-02
1.442619747491797125e-02
1.436735622890730583e-02
1.430887105883786939e-02
1.425055112623987985e-02
1.419435961792755649e-02
1.414209499063609141e-02
1.409687696642584163e-02
1.406293199430236861e-02
1.403777020899934190e-02
1.401974985030262494e-02
1.400566001793474881e-02
1.399345559545179390e-02
1.398188826118944642e-02
1.397037370776472477e-02
1.395833021488658912e-02
1.394586794277277025e-02
1.393295837460683216e-02
1.391943607366105673e-02
1.390556299790214265e-02
1.389081766705607852e-02
1.387543470397423206e-02
1.385977913279090763e-02
1.384349759571902073e-02
1.382703397416558400e-02
1.380995079422084673e-02
1.379231891726552528e-02
1.377412670017791503e-02
1.375546122706012425e-02
1.373625274883052451e-02
1.371620377764318395e-02
1.369571197832326198e-02
1.367460914338832802e-02
1.365277755790366039e-02
1.363030369991166668e-02
1.360705173725688770e-02
1.358299337395746549e-02
1.355795119825323192e-02
1.353239963453315743e-02
1.350594385659143262e-02
1.347868387685202674e-02
1.345066316936409725e-02
1.342156073239529450e-02
1.339178141289118322e-02
1.336122984100541165e-02
1.332970507648622606e-02
1.329695770462839717e-02
1.326340700069436260e-02
1.322933537016506185e-02
1.319480478464881909e-02
1.315988040879578942e-02
1.312420332568440748e-02
1.308788848602856873e-02
1.305108908939914096e-02
1.301389828505247412e-02
1.297642784570505158e-02
1.293831546603558917e-02
1.289995463922603836e-02
1.286156008468360146e-02
1.282287456581026122e-02
1.278414580311138492e-02
1.274512013891478286e-02
1.270583715532092040e-02
1.266629687593965985e-02
1.262679715484435125e-02
1.258722673066422354e-02
1.254723500313440279e-02
1.250705293283212172e-02
1.246666113166711339e-02
1.242617333762990189e-02
1.238516188220656691e-02
1.234385993338673985e-02
1.230220793386278821e-02
1.226059076553084361e-02
1.221878426959564952e-02
1.217661708643840400e-02
1.213430995208306627e-02
1.209207812989711132e-02
1.204995535458656605e-02
1.200769152868190123e-02
1.196532163865115551e-02
1.192294105307782105e-02
1.188047622103341125e-02
1.183775423387246374e-02
1.179489031190056499e-02
1.175213274077731990e-02
1.170944588289662795e-02
1.166651907753643233e-02
1.162365498024757124e-02
1.158071843993678171e-02
1.153783229795388166e-02
1.149522169400158007e-02
1.145254310583238705e-02
1.140980760751539140e-02
1.136722572792669972e-02
1.132481459448471395e-02
1.128250503446300707e-02
1.124063071820729717e-02
1.119895225899978503e-02
1.115736717844864091e-02
1.111556969346483813e-02
1.107405521760578340e-02
1.103267489287992550e-02
1.099135357804231078e-02
1.095025966901502605e-02
1.090910483638281477e-02
1.086807461529109772e-02
1.082700306480431640e-02
1.078614195007194382e-02
1.074522713366237413e-02
1.070431197458034632e-02
1.066349874054084088e-02
1.062300171960434830e-02
1.058255473214099809e-02
1.054206356886648599e-02
1.050170636136727939e-02
1.046143646500921100e-02
1.042145339708307368e-02
1.038159281410763052e-02
1.034203310957411241e-02
1.030259761817837322e-02
1.026330740491494115e-02
1.022431424260516163e-02
1.018543900727961540e-02
1.014678184906817569e-02
1.010825943877040681e-02
1.007003134523940316e-02
1.003211173702863758e-02
9.994545997676138396e-03
9.957027336445873136e-03
9.919675289691152337e-03
9.882569644858389679e-03
9.845761785795091939e-03
9.809375521196589745e-03
9.773256566097184017e-03
9.737231624594748156e-03
9.701421894518088077e-03
9.665910693427422901e-03
9.630721338478613266e-03
9.595798014746977078e-03
9.561155710926748028e-03
9.526737284450241539e-03
9.492518175074843648e-03
9.458676648853431984e-03
9.425062491270541284e-03
9.391649109713590821e-03
9.358539139003477919e-03
9.325837473095576619e-03
9.293360363726762760e-03
9.261144548283516478e-03
9.229404907214269066e-03
9.198023515456520832e-03
9.166940108614688582e-03
9.136131645109435082e-03
9.105555475644526789e-03
9.075321093541416709e-03
9.045355086071673809e-03
9.015652086274130936e-03
8.986087641068906534e-03
8.956727661397462237e-03
8.927356374687972496e-03
8.898144288352992717e-03
8.869259688116942764e-03
8.840525643147079116e-03
8.812046241149396053e-03
8.783837994972067478e-03
8.755878906921150950e-03
8.728215862286697879e-03
8.700826748290410584e-03
8.673625149648193922e-03
8.646598363704549248e-03
8.619632272844318654e-03
8.592957181455253626e-03
8.566548991993156240e-03
8.540368757407977920e-03
8.514432283789378011e-03
8.488767140319774390e-03
8.463258694798801371e-03
8.437819786584472084e-03
8.412566142496295807e-03
8.387448066846898281e-03
8.362429324590824053e-03
8.337594347289494293e-03
8.312926260040228929e-03
8.288279626854076418e-03
8.263741691336985717e-03
8.239457330747749012e-03
8.215203814303495208e-03
8.191055763777276705e-03
8.166956042037166671e-03
8.142682469563145356e-03
8.118557184161236812e-03
8.094498315693100451e-03
8.070463280503413842e-03
8.046186250172745677e-03
8.021919052938321013e-03
7.997630574020241426e-03
7.973488261020234003e-03
7.949319269670894819e-03
7.925103892187942631e-03
7.900828633585337338e-03
7.876428149228899625e-03
7.852018479784601476e-03
7.827673143346753140e-03
7.803177123380763622e-03
7.778555194429933456e-03
7.753875477181655651e-03
7.729174869047864167e-03
7.704554690658581284e-03
7.679895238414814751e-03
7.655207099967567021e-03
7.630488285142633838e-03
7.605582473200129742e-03
7.580545563346454720e-03
7.555346331125653916e-03
7.530132587349485165e-03
7.504846043575745355e-03
7.479400542526727300e-03
7.453884203157789233e-03
7.428186792307702770e-03
7.402407981457541711e-03
7.376555978411547011e-03
7.350631971267452582e-03
7.324686613696564444e-03
7.298528088957167460e-03
7.272267308801884031e-03
7.245958070857297720e-03
7.219605186676273864e-03
7.193198711235342796e-03
7.166628203331947174e-03
7.140046603871688484e-03
7.113423592958361893e-03
7.086622416306627946e-03
7.059807144868516897e-03
7.032866859094663060e-03
7.005869293376661144e-03
6.978843048620498452e-03
6.951790538111092370e-03
6.924642627556674979e-03
6.897510317219402581e-03
6.870222613954964606e-03
6.843024616915026510e-03
6.815708785490933765e-03
6.788223330541678577e-03
6.760748098223958932e-03
6.733280956100417061e-03
6.705751105768271991e-03
6.678137771591086819e-03
6.650542632574646049e-03
6.622780292926624783e-03
6.595001804791018191e-03
6.567180665753156316e-03
6.539396973742881737e-03
6.511540133915080103e-03
6.483547544936959367e-03
6.455549363605833472e-03
6.427420914991470273e-03
6.399182969843614059e-03
6.370926980006711912e-03
6.342598609617932162e-03
6.314300634100399046e-03
6.285904839226931148e-03
6.257663902915300801e-03
6.229435025547226841e-03
6.201140828829486765e-03
6.172885689730082427e-03
6.144709478183909071e-03
6.116456333527703002e-03
6.088198214204676093e-03
6.059894646663577418e-03
6.031547875502344183e-03
6.003165176704310449e-03
5.974715385895133790e-03
5.946355157551098426e-03
5.918117886368751482e-03
5.889854749359536151e-03
5.861612536824982456e-03
5.833435342435891804e-03
5.805241424398237954e-03
5.777009471790568902e-03
5.748722322713097077e-03
5.720480507153686243e-03
5.692279697232229159e-03
5.664042360518784305e-03
5.635725682008821229e-03
5.607393642839465266e-03
5.578965399736707242e-03
5.550577786065204362e-03
5.522055592906206442e-03
5.493591641601109840e-03
5.465114254952335368e-03
5.436550508653636635e-03
5.407988805486616500e-03
5.379468219267072478e-03
5.350955691299758010e-03
5.322490639582860665e-03
5.294117773139831763e-03
5.265815483345316107e-03
5.237556481658555904e-03
5.209148919244895731e-03
5.180820597805402446e-03
5.152528813041094488e-03
5.124305433325765900e-03
5.096154894280115547e-03
5.068054137811629084e-03
5.039951183759034878e-03
5.011892835011212514e-03
4.983773379778108636e-03
4.955725010226287933e-03
4.927705945586766979e-03
4.899750446413512518e-03
4.871868910867783661e-03
4.843995519633607222e-03
4.816149594329874849e-03
4.788472085078382921e-03
4.760816574687597169e-03
4.733121968490895844e-03
4.705457292030546142e-03
4.677968939821629604e-03
4.650435443858928417e-03
4.622863416695482432e-03
4.595275793762331265e-03
4.567627583541264240e-03
4.539963051801139925e-03
4.512370514831845481e-03
4.484768936499734619e-03
4.457069760147294203e-03
4.429315234554137039e-03
4.401505121377321389e-03
4.373547186579002446e-03
4.345491018531491383e-03
4.317406122702433478e-03
4.289185509630687523e-03
4.260965262100023347e-03
4.232633702883497467e-03
4.204114182896359631e-03
4.175519109713336438e-03
4.146831883699414988e-03
4.118052646218653759e-03
4.089187557084374494e-03
4.060189584000812625e-03
4.031154692705989258e-03
4.001989451486542664e-03
3.972766475338920973e-03
3.943441415729341364e-03
3.914138919887626307e-03
3.884839136139730306e-03
3.855488388607720019e-03
3.826105708742522354e-03
3.796709677314344042e-03
3.767283611628127228e-03
3.737890721015253367e-03
3.708554365596039744e-03
3.679236455269248307e-03
3.649911081291594157e-03
3.620585562483900986e-03
3.591227518968805217e-03
3.561829351987315893e-03
3.532387375621115488e-03
3.502928544430912883e-03
3.473498047681249784e-03
3.443961146727386041e-03
3.414406061580384493e-03
3.384876258060265201e-03
3.355445665714677696e-03
3.325935199303989894e-03
3.296455617816773220e-03
3.267008199294732691e-03
3.237481685507071199e-03
3.207916130586799513e-03
3.178458235879420488e-03
3.149027355539828904e-03
3.119605650193849836e-03
3.090307962190221632e-03
3.061043016108168889e-03
3.031773105652578026e-03
3.002532427327080002e-03
2.973292369089932437e-03
2.944092750547216541e-03
2.914995785606907738e-03
2.886025819761379400e-03
2.857161555175837149e-03
2.828364903663912674e-03
2.799612914563117880e-03
2.771003597251037870e-03
2.742516495835014938e-03
2.714132674744876902e-03
2.685848051023677265e-03
2.657730356266204547e-03
2.629750141373556234e-03
2.601895575022876439e-03
2.574139764787204514e-03
2.546567798868705143e-03
2.519127973183649030e-03
2.491850059762735874e-03
2.464726211809574637e-03
2.437747200496289367e-03
2.410927134558979619e-03
2.384256509181448703e-03
2.357684567362349024e-03
2.331293474755379881e-03
2.305057188029882142e-03
2.279018995652221102e-03
2.253168068403543518e-03
2.227509569118363460e-03
2.202036274504006429e-03
2.176761590484476566e-03
2.151689020333664038e-03
2.126821149929563649e-03
2.102129638918874294e-03
2.077599393599236389e-03
2.053296143462759928e-03
2.029177848637658474e-03
2.005299614929112722e-03
1.981664200745565738e-03
1.958257624911955656e-03
1.935059928094287444e-03
1.912100985147990873e-03
1.889286739950029855e-03
1.866705679663245576e-03
1.844361081519394407e-03
1.822234581763405512e-03
1.800348113994274316e-03
1.778641193644148319e-03
1.757181145574730676e-03
1.735930995558814102e-03
1.714891738189341973e-03
1.694083381223691377e-03
1.673502759053628218e-03
1.653148899357722744e-03
1.633058351782859085e-03
1.613209947236630927e-03
1.593567827147951204e-03
1.574113141132183445e-03
1.554870535698877265e-03
1.535837416439345864e-03
1.517046477603744940e-03
1.498483425012167710e-03
1.480156312158837457e-03
1.462051957988684276e-03
