3.442775582296780153e-03
3.476442952830729408e-03
3.507152249867444369e-03
3.534882126816661380e-03
3.559002696518825601e-03
3.580672607087159211e-03
3.600825489936049402e-03
3.619691283391337274e-03
3.643845101230562284e-03
3.677811920170392587e-03
3.722634429331336380e-03
3.777987201393429289e-03
3.847873741198270213e-03
3.932099617156219890e-03
4.028889853084105868e-03
4.134022650501072496e-03
4.245619530657861358e-03
4.361238117268586255e-03
4.479856283591784546e-03
4.600964055289123028e-03
4.724594873590655907e-03
4.850665330175167253e-03
4.978390715325780452e-03
5.107147487939669821e-03
5.236077754147700457e-03
5.365490731341644899e-03
5.494962817201113139e-03
5.624566485990170964e-03
5.754647732376879515e-03
5.884585319306543348e-03
6.014370024711637903e-03
6.143616459494460023e-03
6.272705654619020396e-03
6.400774678722400898e-03
6.528274933915466371e-03
6.655596418737389983e-03
6.782154332741398978e-03
6.907972209305851367e-03
7.033262075216130393e-03
7.158126961115588056e-03
7.282216621984242098e-03
7.404547683404347040e-03
7.525184621222242784e-03
7.643718257124291343e-03
7.759007445867465401e-03
7.871248329630910201e-03
7.978786548928591682e-03
8.082479012494370174e-03
8.180649888275482590e-03
8.273858646794461993e-03
8.362836207142015574e-03
8.447733055402455865e-03
8.528386028971501193e-03
8.603920780430977799e-03
8.674648141373524080e-03
8.740986955990827367e-03
8.803340829680457794e-03
8.861785570474092072e-03
8.916947847616723058e-03
8.968840265755506636e-03
9.017797654426682255e-03
9.064566080260206063e-03
9.108942741558085851e-03
9.151971967640002911e-03
9.193454300513676652e-03
9.234006983323436030e-03
9.274099483321980586e-03
9.313874584726763300e-03
9.353734523178931434e-03
9.393467763142980195e-03
9.433474723563439052e-03
9.473446132526220850e-03
9.513136271806246075e-03
9.552736047738572683e-03
9.591934540056305109e-03
9.630604320616737227e-03
9.668823567168034760e-03
9.706521298193469122e-03
9.743656447575263155e-03
9.779783291017788219e-03
9.815309227968747538e-03
9.850332201640107227e-03
9.884752768989604754e-03
9.918745650363410341e-03
9.952147199759018084e-03
9.984899498118577840e-03
1.001719666606786484e-02
1.004892630122044932e-02
1.008005327846886283e-02
1.011068349749410546e-02
1.014073605251066164e-02
1.017025271919506230e-02
1.019914374767171006e-02
1.022728780701764525e-02
1.025488849507741503e-02
1.028153821979075830e-02
1.030739732908189654e-02
1.033232130604394561e-02
1.035647771383027202e-02
1.037974939848708769e-02
1.040231050988037718e-02
1.042393964432045302e-02
1.044478001819507465e-02
1.046480936564610567e-02
1.048408551513541238e-02
1.050244575939963780e-02
1.051993915978969608e-02
1.053632816209671558e-02
1.055156013625657523e-02
1.056569070694257477e-02
1.057884667685566986e-02
1.059118009291176027e-02
1.060259034354507288e-02
1.061301523521436009e-02
1.062250462816242448e-02
1.063116928284696568e-02
1.063899088592059824e-02
1.064593979152115601e-02
1.065215283599244694e-02
1.065768710134031190e-02
1.066245773909677529e-02
1.066636080052424385e-02
1.066954208454517876e-02
1.067210360537086331e-02
1.067417628875308444e-02
1.067572948261025050e-02
1.067684965587055619e-02
1.067746796634542680e-02
1.067748584593021001e-02
1.067700316379774535e-02
1.067604745250780134e-02
1.067474112244824747e-02
1.067317382120358017e-02
1.067120665041041382e-02
1.066876408211594150e-02
1.066602059246896453e-02
1.066300546621055424e-02
1.065988806251833704e-02
1.065661199118292553e-02
1.065311264653118727e-02
1.064925200209002575e-02
1.064500524622661107e-02
1.064058399680898291e-02
1.063589129353673286e-02
1.063106501781956210e-02
1.062604272195329450e-02
1.062068030080353699e-02
1.061515501420434021e-02
1.060945674480764933e-02
1.060335409533533571e-02
1.059691236740243833e-02
1.059007032976181165e-02
1.058292341567731824e-02
1.057563018748118241e-02
1.056812198156873404e-02
1.056043465272948553e-02
1.055251413643540186e-02
1.054431947986859443e-02
1.053602482921629779e-02
1.052760255616153572e-02
1.051896560188641735e-02
1.051013342300478534e-02
1.050120071950207470e-02
1.049219972935636069e-02
1.048315065775141941e-02
1.047400646807428864e-02
1.046482489629656752e-02
1.045548942054992832e-02
1.044614106400309182e-02
1.043667480081453790e-02
1.042700602136025813e-02
1.041738169024649177e-02
1.040766927751359677e-02
1.039791145774246993e-02
1.038795149106271250e-02
1.037789802987321847e-02
1.036777311680910085e-02
1.035752172666796686e-02
1.034716353195663970e-02
1.033669828880719350e-02
1.032606095097546306e-02
1.031536703411034539e-02
1.030456449995914223e-02
1.029367210831528927e-02
1.028272612521917082e-02
1.027165776484389829e-02
1.026050276354532192e-02
1.024937593592411406e-02
1.023818804517995229e-02
1.022691031497997491e-02
1.021565002631945676e-02
1.020432793892402101e-02
1.019291150492240665e-02
1.018143324143814567e-02
1.016984449916734368e-02
1.015828001292889103e-02
1.014670685003821009e-02
1.013510356886847263e-02
1.012334407161040971e-02
1.011151045667707353e-02
1.009963450689779253e-02
1.008767259075096442e-02
1.007561545539388016e-02
1.006345457689718573e-02
1.005127568050583411e-02
1.003901649740154660e-02
1.002675104870623564e-02
1.001440633038894017e-02
1.000198003573855854e-02
9.989522424416382926e-03
9.977042488513396604e-03
9.964499760586579755e-03
9.951977765112184418e-03
9.939416604196369548e-03
9.926785128660105609e-03
9.914110354034604000e-03
9.901450041109276581e-03
9.888679362587485255e-03
9.875839914189185262e-03
9.862989304227994317e-03
9.850080061367479448e-03
9.837135250879276011e-03
9.824204671675450945e-03
9.811326602921589812e-03
9.798475321287240802e-03
9.785600362940698529e-03
9.772690519291521785e-03
9.759698366662253322e-03
9.746737431296273110e-03
9.733681208690688966e-03
9.720619030195089272e-03
9.707547498899212271e-03
9.694492659008017293e-03
9.681380325283591576e-03
9.668267934373879838e-03
9.655109731159888103e-03
9.641845153898815149e-03
9.628439295599894310e-03
9.614939173274411610e-03
9.601384772449643445e-03
9.587803611656703362e-03
9.574149754749345168e-03
9.560485570283789453e-03
9.546768886459416903e-03
9.532933630579526474e-03
9.519007341188710433e-03
9.504979199231815279e-03
9.490882473037825021e-03
9.476670300542050854e-03
9.462292056816645758e-03
9.447897324731382648e-03
9.433422903976512036e-03
9.418896441482372747e-03
9.404361594576696876e-03
9.389740422378644799e-03
9.375087601982393451e-03
9.360429693001713278e-03
9.345681164231780733e-03
9.330959842425129436e-03
9.316188932877424167e-03
9.301374955617143850e-03
9.286466721907417690e-03
9.271470711090894906e-03
9.256446058490281834e-03
9.241361623574343223e-03
9.226249834215841106e-03
9.211129010268600398e-03
9.195924645263295338e-03
9.180720791082092047e-03
9.165550935104091121e-03
9.150372300731821756e-03
9.135155734341319361e-03
9.119885005634022213e-03
9.104588927345901722e-03
9.089195931914005600e-03
9.073728774469710240e-03
9.058225047872816432e-03
9.042656156351011609e-03
9.027091236118034087e-03
9.011515246098646126e-03
8.995888166037106434e-03
8.980247475822770303e-03
8.964583308070145709e-03
8.948847868454380683e-03
8.933132975404541737e-03
8.917412074962244306e-03
8.901656468515005416e-03
8.885909698855266187e-03
8.870166629794524332e-03
8.854408962151309390e-03
8.838646832847898635e-03
8.822900710427853538e-03
8.807145131543757388e-03
8.791288376818154338e-03
8.775406457904061375e-03
8.759457053078227584e-03
8.743509041508864058e-03
8.727610603789169932e-03
8.711666689107612840e-03
8.695705076664676098e-03
8.679636212821154051e-03
8.663527205511351720e-03
8.647425254970073083e-03
8.631298723788278365e-03
8.615250352262904254e-03
8.599131326491942298e-03
8.583034970390141308e-03
8.566942372539330247e-03
8.550879194307792891e-03
8.534847061014993325e-03
8.518812655053222341e-03
8.502779676252783178e-03
8.486661207729503248e-03
8.470542077992783414e-03
8.454420150624523955e-03
8.438335617573587688e-03
8.422221578233215350e-03
8.406074157593408300e-03
8.389976001047353554e-03
8.373898437326087948e-03
8.357834454711996972e-03
8.341750336618134615e-03
8.325703404498278892e-03
8.309676961676703763e-03
8.293669202959732395e-03
8.277631753768936729e-03
8.261563686840663751e-03
8.245495645004732171e-03
8.229389613635843675e-03
8.213298308699582342e-03
8.197138723105144853e-03
8.180930452654751675e-03
8.164638066328484475e-03
8.148336396631405618e-03
8.132002265870496779e-03
8.115653230669568965e-03
8.099218605705869184e-03
8.082812169546324879e-03
8.066395178405202579e-03
8.050000264627656457e-03
8.033587465637396716e-03
8.017158569552127606e-03
8.000784886244127064e-03
7.984328902054768293e-03
7.967856346720033484e-03
7.951300224507381123e-03
7.934737828481433497e-03
7.918100339226151474e-03
7.901495823025567536e-03
7.884807793961492658e-03
7.868075449032943189e-03
7.851302429882894146e-03
7.834494977435553509e-03
7.817703938167127817e-03
7.800903012762591855e-03
7.784105411764079795e-03
7.767235070053214036e-03
7.750322850319804613e-03
7.733357944846924389e-03
7.716370409608298842e-03
7.699380829227031250e-03
7.682345871868927895e-03
7.665248460039405382e-03
7.648171277483954700e-03
7.631069079983177940e-03
7.613939113501423661e-03
7.596749819942318765e-03
7.579514721058942459e-03
7.562252395130175317e-03
7.544943290148719423e-03
7.527645201083379457e-03
7.510335833847131895e-03
7.493061654744333916e-03
7.475831766067067043e-03
7.458642937320282724e-03
7.441497486364567586e-03
7.424362313887358268e-03
7.407284263830717780e-03
7.390178688242363125e-03
7.373085417637776501e-03
7.356032870790790365e-03
7.339021884966183927e-03
7.322032306894427425e-03
7.305026943099894240e-03
7.288096587686749943e-03
7.271212123561115320e-03
7.254346705570571645e-03
7.237515883682427500e-03
7.220767505299119718e-03
7.204090666541570868e-03
7.187470111697550137e-03
7.170919568744399224e-03
7.154372246307009499e-03
7.137858758299985701e-03
7.121395336236699056e-03
7.105026880430405194e-03
7.088758285512907278e-03
7.072610552552012833e-03
7.056577045221791231e-03
7.040650992067591131e-03
7.024865735605873018e-03
7.009112134574592423e-03
6.993424491759628499e-03
6.977835870597190633e-03
6.962424034385399085e-03
6.947103015246773074e-03
6.931918963170982662e-03
6.916778291592986898e-03
6.901622483542008135e-03
6.886461029117573775e-03
6.871326914938902936e-03
6.856296874967264879e-03
6.841310289983741633e-03
6.826332462445879393e-03
6.811455626828518024e-03
6.796619603398505044e-03
6.781783903600350355e-03
6.766969862416707775e-03
6.752234766022967467e-03
6.737544625897515065e-03
6.722899717509632500e-03
6.708322235292473942e-03
6.693759777044554216e-03
6.679211751295902229e-03
6.664700269362998884e-03
6.650251066560530777e-03
6.635848169499050826e-03
6.621457653464058769e-03
6.607146090805856263e-03
6.592888093916038882e-03
6.578717068992498765e-03
6.564590425258628147e-03
6.550509693611595609e-03
6.536455070354124479e-03
6.522430554367782650e-03
6.508398051436205430e-03
6.494336462922023490e-03
6.480289609922374947e-03
6.466309126625417562e-03
6.452348991619148884e-03
6.438374526525686078e-03
6.424363114542399646e-03
6.410294562113288616e-03
6.396146906508725846e-03
6.381953994422135019e-03
6.367728105827301366e-03
6.353491445294520180e-03
6.339215942696519411e-03
6.324943681269050259e-03
6.310638750151319025e-03
6.296193464197725673e-03
6.281697810887716497e-03
6.267069689357171285e-03
6.252321617136108629e-03
6.237462690981761433e-03
6.222456082313571231e-03
6.207290994542646011e-03
6.192070184568327675e-03
6.176702449898441478e-03
6.161170290562548515e-03
6.145488700906460641e-03
6.129600777504814677e-03
6.113566119331021592e-03
6.097377234214473515e-03
6.081047935578425510e-03
6.064609268492876688e-03
6.048016986129043683e-03
6.031340810598035361e-03
6.014505815467081733e-03
5.997531043367971063e-03
5.980412264917548890e-03
5.963164869032459674e-03
5.945841700841485861e-03
5.928403573182905277e-03
5.910847530812614672e-03
5.893219831452723399e-03
5.875475404442068172e-03
5.857552457707022701e-03
5.839481203317941141e-03
5.821316622660416273e-03
5.803108579498141711e-03
5.784853680741579816e-03
5.766534666252580259e-03
5.748186692309292974e-03
5.729768381039507773e-03
5.711281380343910356e-03
5.692696673943038223e-03
5.674013911694552638e-03
5.655241974071494558e-03
5.636365770794752629e-03
5.617432569582847361e-03
5.598511394295048460e-03
5.579554525094675664e-03
5.560555094942736844e-03
5.541455102804235429e-03
5.522295109486249041e-03
5.503076698122340293e-03
5.483811724498252084e-03
5.464501048985672370e-03
5.445192604026941920e-03
