2.442484734850578973e-02
2.557697643546669522e-02
2.675160933205933400e-02
2.794241179443094150e-02
2.912878908280309292e-02
3.029643113564764456e-02
3.147932906139140619e-02
3.262736202627145032e-02
3.372404978225938821e-02
3.474319216128890497e-02
3.570341517596695158e-02
3.656751874879035635e-02
3.731888779002021095e-02
3.794156836998295590e-02
3.839412384721883204e-02
3.861222789513782394e-02
3.859839842355246992e-02
3.837631817893240316e-02
3.800416791420410667e-02
3.747262154722365984e-02
3.684540780986206993e-02
3.613200727431607751e-02
3.531451075116446431e-02
3.443717688766716883e-02
3.352822676863696783e-02
3.261086039690375832e-02
3.169804898529328396e-02
3.079647306713382757e-02
2.991079145134184492e-02
2.903835834770114241e-02
2.817943517187987065e-02
2.734220593107233171e-02
2.653109013780819564e-02
2.573568366982995764e-02
2.495240635341655980e-02
2.418711033535667076e-02
2.343999400918083190e-02
2.271146359612205567e-02
2.200470014427307816e-02
2.132098783576749645e-02
2.065520111797132519e-02
2.000823827491527915e-02
1.938190724092941561e-02
1.877241232395518086e-02
1.818089311230196292e-02
1.760825263663996082e-02
1.704952075801068057e-02
1.651155869611910243e-02
1.599580667276512269e-02
1.550102694285424715e-02
1.502892264310830110e-02
1.457800238478847675e-02
1.414934373792499540e-02
1.374751745186709832e-02
1.337410553423685686e-02
1.303174377886521206e-02
1.272023576057044504e-02
1.243736636138556041e-02
1.218046216242393495e-02
1.195333780218587813e-02
1.175172248309157980e-02
1.157256444260774085e-02
1.141386281281251379e-02
1.127489222480702533e-02
1.115645815874882762e-02
1.105384476530744779e-02
1.096480837700245133e-02
1.088561863671176980e-02
1.081606216584129337e-02
1.075174913731463504e-02
1.069235230932531755e-02
1.063611305131393833e-02
1.058190811148659524e-02
1.052923662535374012e-02
1.047749176712244219e-02
1.042669808260866110e-02
1.037627597669897594e-02
1.032646232028194312e-02
1.027717674860170391e-02
1.022825253221452436e-02
1.017961392681479733e-02
1.013136849271136647e-02
1.008341257724739565e-02
1.003595073300150332e-02
9.988776227844360991e-03
9.942081819186014344e-03
9.895867825474786647e-03
9.850303812282381472e-03
9.805467130617079655e-03
9.761050356695590013e-03
9.717030351297312185e-03
9.673792441581662363e-03
9.630975929755959675e-03
9.588853243852691124e-03
9.547233349721030368e-03
9.506119339501538368e-03
9.465538843714316197e-03
9.425673506520947445e-03
9.386832087676384717e-03
9.348401273088403560e-03
9.310530952980466263e-03
9.273103418134651457e-03
9.236464920260990460e-03
9.200622114509816873e-03
9.165564092170267255e-03
9.131451460826963892e-03
9.098495602671331089e-03
9.066300573895331658e-03
9.034897827860878874e-03
9.004144980184296959e-03
8.974064536408437112e-03
8.944589262890229736e-03
8.915664082959167541e-03
8.887317927994211469e-03
8.859465593193496455e-03
8.831967702306722789e-03
8.805016966584588989e-03
8.778572347326631109e-03
8.752454463090119860e-03
8.726606630071203144e-03
8.701134446770663125e-03
8.675771177180061078e-03
8.650723034174731541e-03
8.625990552137165895e-03
8.601541831470459198e-03
8.577383302338044413e-03
8.553491997975986444e-03
8.529636564472205251e-03
8.506007797665469591e-03
8.482647772073798401e-03
8.459248001253857202e-03
8.436036638469595825e-03
8.412957825409610874e-03
8.390002557359535831e-03
8.367240685410918741e-03
8.344460459401631044e-03
8.321762379160645498e-03
8.299224397287913516e-03
8.276879451025252743e-03
8.254693960185880905e-03
8.232583583589624457e-03
8.210531889399602656e-03
8.188643480566217686e-03
8.166806727896934112e-03
8.144919896048851901e-03
8.123036597280407570e-03
8.101364904968780256e-03
8.079831496655294140e-03
8.058409454183132828e-03
8.037080760721460049e-03
8.015876108203801725e-03
7.994739149013769045e-03
7.973569278070618410e-03
7.952410363369476903e-03
7.931326628206622834e-03
7.910251109942806683e-03
7.889143222065643155e-03
7.868089604798345071e-03
7.847177827902977396e-03
7.826211443149891367e-03
7.805196451767414632e-03
7.784279342080817517e-03
7.763373954168891096e-03
7.742646513263228523e-03
7.722050206183238286e-03
7.701620244081976152e-03
7.681148011642386329e-03
7.660623717637954355e-03
7.640145336344906883e-03
7.619836842685431474e-03
7.599499049206159124e-03
7.579124375760573282e-03
7.558828916915324991e-03
7.538486218506678521e-03
7.518245862007659486e-03
7.498118403991278595e-03
7.478183366622668214e-03
7.458357681051359066e-03
7.438510309833452905e-03
7.418721869416933928e-03
7.399047874047492111e-03
7.379462721963177436e-03
7.359875220460677589e-03
7.340304683650454576e-03
7.320668478664074316e-03
7.300974557397875257e-03
7.281315996240490286e-03
7.261754391786235871e-03
7.242356707121332983e-03
7.222873768777346784e-03
7.203335588234723030e-03
7.183838833406439896e-03
7.164384361415468937e-03
7.144844677713834726e-03
7.125295570042598434e-03
7.105769232061572710e-03
7.086250117229971925e-03
7.066720614518350561e-03
7.047185184734993876e-03
7.027734756871678937e-03
7.008297404766657829e-03
6.988941144932442166e-03
6.969666486476440957e-03
6.950350870764565592e-03
6.931053025565389603e-03
6.911867120189738728e-03
6.892665542047182389e-03
6.873528470200116966e-03
6.854417657704602387e-03
6.835275642943908214e-03
6.816214639760533739e-03
6.797259098273709423e-03
6.778272662166718275e-03
6.759256211916308231e-03
6.740290677151180958e-03
6.721334113069014037e-03
6.702429619895688799e-03
6.683589178553294742e-03
6.664755141243055084e-03
6.645967336206102909e-03
6.627130640847776928e-03
6.608302465839576909e-03
6.589451746709731883e-03
6.570653752322369416e-03
6.551971813970051267e-03
6.533334806252317530e-03
6.514737292787089323e-03
6.496183074839145290e-03
6.477650145029458656e-03
6.459064011597711111e-03
6.440561835788806248e-03
6.422067142811655784e-03
6.403573762623551192e-03
6.385176887271358168e-03
6.366895374525574636e-03
6.348555988087728474e-03
6.330260775678427619e-03
6.312033297208807792e-03
6.293874711169906468e-03
6.275686586704885134e-03
6.257527849170791551e-03
6.239394893191359953e-03
6.221257147567663820e-03
6.203177509083702100e-03
6.185160434199836986e-03
6.167200747454722534e-03
6.149252484534151533e-03
6.131290705800721864e-03
6.113433988839181259e-03
6.095584478849332827e-03
6.077736528498572412e-03
6.059972597656465391e-03
6.042275242002194055e-03
6.024591879447208781e-03
6.006909741749970853e-03
5.989193687125124455e-03
5.971494617496867809e-03
5.953766276202202695e-03
5.936033472884443690e-03
5.918253048155784103e-03
5.900496793203678821e-03
5.882742854296805872e-03
5.865053853744207554e-03
5.847375651634454871e-03
5.829700022388968443e-03
5.812079209670525243e-03
5.794464447896672046e-03
5.776864021530807129e-03
5.759329637462205081e-03
5.741893890239636866e-03
5.724539868086260704e-03
5.707201049161205776e-03
5.689913833899191455e-03
5.672703590736320398e-03
5.655492766002976138e-03
5.638318560896879092e-03
5.621104701287187207e-03
5.603868786804208288e-03
5.586650102687955657e-03
5.569441080208209494e-03
5.552253542031483115e-03
5.535125067762752989e-03
5.517988530808057811e-03
5.500856698464370691e-03
5.483754413507743210e-03
5.466653365074810797e-03
5.449574390175709014e-03
5.432554328324268843e-03
5.415541712667686428e-03
5.398550907874910022e-03
5.381603693445173239e-03
5.364633102930079118e-03
5.347688393578907060e-03
5.330772201528981985e-03
5.313863912169592731e-03
5.296948417431662261e-03
5.280056506374302717e-03
5.263193642515492411e-03
5.246350621972109551e-03
5.229517438171146435e-03
5.212717541417179710e-03
5.195918253160255670e-03
5.179157653676866313e-03
5.162462771274308783e-03
5.145779590425329786e-03
5.129131041960029516e-03
5.112480435519372278e-03
5.095863721198808094e-03
5.079207092180571849e-03
5.062555676772655978e-03
5.045886307528143870e-03
5.029269184738928422e-03
5.012713257342787075e-03
4.996173901801511524e-03
4.979617716074686944e-03
4.963090593924040020e-03
4.946639250609280794e-03
4.930199384165762262e-03
4.913750737170318426e-03
4.897304655339339112e-03
4.880874344313250110e-03
4.864480265103958770e-03
4.848086467908993384e-03
4.831707021927413200e-03
4.815352385197507745e-03
4.799018276113889078e-03
4.782708046564648069e-03
4.766429001640964253e-03
4.750111879600065097e-03
4.733763847154621833e-03
4.717501936107361578e-03
4.701336956501020285e-03
4.685175493722376107e-03
4.669011121402985576e-03
4.652877333996318157e-03
4.636846267836516877e-03
4.620872968348407363e-03
4.604914267725019987e-03
4.588921892298663922e-03
4.572891003029243458e-03
4.556879773891193107e-03
4.540866279951266335e-03
4.524871244392944004e-03
4.508921235172799573e-03
4.492940193929003886e-03
4.476921776970102865e-03
4.460874276415972665e-03
4.444810595941002702e-03
4.428796174957475192e-03
4.412886629239927937e-03
4.396971105619517858e-03
4.381099472331810227e-03
4.365184637058166020e-03
4.349335031160818030e-03
4.333490348461319433e-03
4.317597155058221746e-03
4.301745094179060432e-03
4.285973882287018831e-03
4.270283335291224190e-03
4.254538078887416114e-03
4.238832636420270319e-03
4.223178719863615940e-03
4.207548605766118013e-03
4.191889796306793800e-03
4.176246997708132035e-03
4.160636350342735400e-03
4.145032313462392211e-03
4.129472634689029115e-03
4.113981915223982599e-03
4.098439487689596768e-03
4.082921229876000820e-03
4.067417275129513177e-03
4.052030534603260833e-03
4.036659362968236797e-03
4.021290085630103116e-03
4.005869464521878004e-03
3.990381101911867276e-03
3.974916559637419085e-03
3.959466048941102066e-03
3.944105807430106116e-03
3.928769206282012663e-03
3.913476727078565691e-03
3.898328126795099543e-03
3.883249300433586938e-03
3.868239437630080491e-03
3.853252340718359495e-03
3.838353624102731378e-03
3.823628369905567037e-03
3.808979499710258079e-03
3.794382749048784594e-03
3.779870316188828003e-03
3.765431735303931965e-03
3.751270937380860558e-03
3.737281157722846785e-03
3.723403875361885971e-03
3.709708665502009332e-03
3.696086631987323488e-03
3.682591735356708501e-03
3.669246039141116703e-03
3.656022329634911472e-03
3.642912026696545468e-03
3.629923874919658601e-03
3.617052960364822330e-03
3.604280635042510401e-03
3.591689110300163874e-03
3.579218475422188059e-03
3.566868947388330928e-03
3.554575365863559856e-03
3.542372845601137084e-03
3.530237036884877402e-03
3.518210897449517826e-03
3.506360126927155450e-03
3.494623113217919068e-03
3.483001382895722399e-03
3.471491450364677569e-03
3.460036024202611370e-03
3.448662739856853642e-03
3.437526064174455456e-03
3.426546450486898585e-03
3.415569570115449451e-03
3.404657331898511882e-03
3.393949440423061140e-03
3.383395506149552371e-03
3.372941811802628986e-03
3.362616579880249416e-03
3.352425082994229134e-03
3.342351188376967153e-03
3.332379943688183049e-03
3.322545620375126803e-03
3.312914523936994187e-03
3.303564498354210482e-03
3.294420589246541044e-03
3.285533770394913431e-03
3.276823299778099802e-03
3.268461427874466176e-03
3.260305055577570124e-03
3.252319488682480809e-03
3.244479053955079753e-03
3.236861559172570391e-03
3.229540129782315031e-03
3.222521471097027600e-03
3.215669156645152137e-03
3.209022809596383599e-03
3.202597020322499495e-03
3.196407062109072293e-03
3.190445589942420956e-03
3.184678373185955910e-03
3.179079984884443551e-03
3.173540751086057366e-03
3.168071584441210006e-03
3.162869204529330548e-03
3.157983319421543526e-03
3.153439860249832808e-03
3.149146356388425518e-03
3.145254429744100653e-03
3.141565022935861786e-03
3.138041621169358839e-03
3.134719155302798620e-03
3.131693921240674954e-03
3.128823998551999962e-03
3.126202534820256458e-03
3.123794664398974255e-03
3.121591633287673986e-03
3.119765494917162846e-03
3.118029301147612516e-03
3.116471273462109726e-03
3.115353147172639486e-03
3.114505157803409714e-03
3.113986876950405533e-03
3.113778471728962955e-03
3.113922432660189230e-03
3.114379418695098142e-03
3.115233395260999950e-03
3.116634383107999822e-03
3.118489774061423362e-03
3.120624278043941831e-03
3.122987153103625076e-03
3.125680342626632399e-03
3.128762570200052315e-03
3.132189244273094007e-03
3.136112218866790070e-03
3.140378444552491700e-03
3.144820661455969418e-03
3.149560445329357191e-03
3.154557166330978178e-03
3.159644408665813076e-03
3.164554926786267500e-03
3.169735612704022848e-03
3.175304428462647193e-03
3.181192803128782883e-03
3.187436698582007000e-03
3.193945911784722928e-03
3.201079325806628108e-03
3.208624223625230511e-03
3.216801314622780988e-03
3.225563080220186698e-03
3.234730809458806304e-03
3.244370423811439828e-03
3.254292549671276152e-03
3.264475755941349637e-03
