3.648618302548838586e-03
3.590043858653950253e-03
3.531635560140047175e-03
3.473635117375425008e-03
3.416527049778918333e-03
3.359980725359900874e-03
3.304152374427442914e-03
3.249775234876168747e-03
3.196757227559650534e-03
3.145720662216205336e-03
3.098013995407318793e-03
3.054892675314617185e-03
3.018071499135338304e-03
2.989823017249373764e-03
2.972908006044418239e-03
2.969524481977747505e-03
2.979900969195746398e-03
2.998082485618377546e-03
3.023360924858020573e-03
3.053576581911510851e-03
3.087812397273855414e-03
3.124851991162454733e-03
3.164030299332895244e-03
3.205057326253975096e-03
3.247350266653373403e-03
3.290930032447629723e-03
3.335800904171882641e-03
3.381320825264839264e-03
3.427380638881313141e-03
3.474088347774848592e-03
3.521078923637177126e-03
3.568407448178196814e-03
3.615956177192450847e-03
3.663648111359117058e-03
3.711314805710248365e-03
3.758798077203757103e-03
3.806173702384025442e-03
3.853532644138242102e-03
3.900554748944923527e-03
3.946991275198849340e-03
3.992718691263333168e-03
4.038045412920219374e-03
4.082918589037481602e-03
4.127529113537741282e-03
4.171327776964981783e-03
4.214608885702596230e-03
4.257518239904940598e-03
4.299924163857105075e-03
4.341260014960907944e-03
4.381450472814183046e-03
4.420234547083253147e-03
4.457558876364489144e-03
4.493072660521472451e-03
4.526750804911874523e-03
4.559163818801494246e-03
4.590594738504986255e-03
4.620872125004591574e-03
4.650224298344915290e-03
4.678542467453491657e-03
4.705718626237766732e-03
4.731940380689520290e-03
4.757530091811274994e-03
4.782451669638021312e-03
4.806780613087201746e-03
4.830715013277168610e-03
4.854452486102280376e-03
4.878147982494979683e-03
4.901927533017541062e-03
4.925757940551501492e-03
4.949736491772696069e-03
4.973871739309501140e-03
4.998169002333721113e-03
5.022665258263259679e-03
5.047357166010765610e-03
5.072243352909767966e-03
5.097211504204920800e-03
5.122305286159993878e-03
5.147471972013404479e-03
5.172701101658857582e-03
5.198074733719192618e-03
5.223554221507694176e-03
5.249140651229066562e-03
5.274886375648185632e-03
5.300762108836641617e-03
5.326838314994314892e-03
5.353089328827106280e-03
5.379468518191981609e-03
5.406038186141489538e-03
5.432689286616639371e-03
5.459539230788262865e-03
5.486496256424304961e-03
5.513552973795401643e-03
5.540651175727903319e-03
5.567875091843647178e-03
5.595225663963416911e-03
5.622626958497774566e-03
5.650122523592539595e-03
5.677679318280354909e-03
5.705285554918292784e-03
5.732982128843811670e-03
5.760689744244490082e-03
5.788481713335466051e-03
5.816282085698411784e-03
5.844167033602010869e-03
5.872044876515315932e-03
5.899944942445826956e-03
5.927794124508718558e-03
5.955665842680311559e-03
5.983464799728038103e-03
6.011158619309057115e-03
6.038720915438192290e-03
6.066086082441091328e-03
6.093278966733940878e-03
6.120292913890489593e-03
6.147146596141767061e-03
6.173764105553471333e-03
6.200142161342921295e-03
6.226282623528091656e-03
6.252204026785106172e-03
6.277793969262931463e-03
6.303089159014268333e-03
6.327778176615949345e-03
6.352135947615590236e-03
6.376177417592015888e-03
6.399846684963950844e-03
6.423077701042663283e-03
6.445857096592053949e-03
6.468188617454206403e-03
6.490026861010897430e-03
6.511334012936338331e-03
6.532076360459609585e-03
6.552311747361504179e-03
6.572020759690666743e-03
6.591172699243925091e-03
6.609844753747438732e-03
6.628030865624065515e-03
6.645969680022962255e-03
6.663761535459036302e-03
6.681350402816569126e-03
6.698611259825445162e-03
6.715651231930315664e-03
6.732594662260834445e-03
6.749413288190858444e-03
6.766141738938349567e-03
6.782777270845015069e-03
6.799330526056748640e-03
6.815838220272003173e-03
6.832314059345876225e-03
6.848826665071580840e-03
6.865295094601650723e-03
6.881841539877748930e-03
6.898444816400943480e-03
6.915038373676822211e-03
6.931621116317538724e-03
6.948222191742591848e-03
6.964960426801790165e-03
6.981687726760617274e-03
6.998583626071188876e-03
7.015499233193556172e-03
7.032494759922895688e-03
7.049500536901849579e-03
7.066576718273604417e-03
7.083702029519760648e-03
7.100992199930963693e-03
7.118269725283718485e-03
7.135406924645123876e-03
7.152559586270738727e-03
7.169787111862895197e-03
7.187084527592086172e-03
7.204441630153888068e-03
7.221938669089388724e-03
7.239613509293411041e-03
7.257374970407215985e-03
7.275293654871924434e-03
7.293269568657005826e-03
7.311340725728862795e-03
7.329594265261232290e-03
7.347985698859215743e-03
7.366505333685599739e-03
7.385092885523323290e-03
7.403700354422118428e-03
7.422387901717944145e-03
7.441083519578840268e-03
7.459916307890493078e-03
7.478832990172715016e-03
7.497858595186708552e-03
7.516886067466357554e-03
7.535923010046531242e-03
7.554858396940984655e-03
7.573825752359068450e-03
7.592825826655185371e-03
7.611863272729421474e-03
7.631052764456626621e-03
7.650256629868623648e-03
7.669493627935232774e-03
7.688816575238468197e-03
7.708274437536725802e-03
7.727791866971079476e-03
7.747345265428230709e-03
7.766842768577193572e-03
7.786319981629243915e-03
7.805840274885111722e-03
7.825317157948140714e-03
7.844873872657677494e-03
7.864385508890450391e-03
7.883863411570136981e-03
7.903401421667441418e-03
7.922988424976473015e-03
7.942533915886425613e-03
7.962151030007191821e-03
7.981783783301422963e-03
8.001408625095175059e-03
8.021097873607749978e-03
8.040734948275661889e-03
8.060415589840016701e-03
8.080119889146300180e-03
8.099797917263505329e-03
8.119383209900672346e-03
8.138947488990789375e-03
8.158486246587349014e-03
8.177970438934622707e-03
8.197432107362475837e-03
8.216908103682963455e-03
8.236308342760477463e-03
8.255751048404988759e-03
8.275182748888231660e-03
8.294570183403453256e-03
8.313861255194936878e-03
8.333202184209331440e-03
8.352582831053566997e-03
8.371942632914193549e-03
8.391271213421005321e-03
8.410577065206554376e-03
8.429827026186260605e-03
8.449050922755366524e-03
8.468232631024421100e-03
8.487450138435072983e-03
8.506664927746480920e-03
8.525864450151573321e-03
8.545029326015651100e-03
8.564138998944511097e-03
8.583241691699636938e-03
8.602356402643888955e-03
8.621536539045113190e-03
8.640702188653828775e-03
8.659894741207641716e-03
8.679077380254378651e-03
8.698282897368486699e-03
8.717460416698722195e-03
8.736615335130397050e-03
8.755787109137659965e-03
8.774974483334658376e-03
8.794128987989754259e-03
8.813273274296002519e-03
8.832430255570853164e-03
8.851563833651045557e-03
8.870593861506225267e-03
8.889617680955672757e-03
8.908571625312508915e-03
8.927454560424792976e-03
8.946399808225742253e-03
8.965267140512767075e-03
8.984163865102990851e-03
9.003062422257859798e-03
9.021868043523386879e-03
9.040697068642453149e-03
9.059421896077184469e-03
9.078096505332628949e-03
9.096674132956478198e-03
9.115221646144753762e-03
9.133772740345321578e-03
9.152296589971561924e-03
9.170804302530753335e-03
9.189270787876053712e-03
9.207761335295917837e-03
9.226188683943453706e-03
9.244611333679122328e-03
9.263090388146960619e-03
9.281515639909193940e-03
9.299887035486734815e-03
9.318210244211743223e-03
9.336483430664422115e-03
9.354668040706662011e-03
9.372802700404298318e-03
9.390886731879717619e-03
9.408821461936979491e-03
9.426706377159270803e-03
9.444542079653013567e-03
9.462317207473470299e-03
9.480029665053096855e-03
9.497758699502107521e-03
9.515468849245048433e-03
9.533112466942213897e-03
9.550628468496333984e-03
9.568133220664369956e-03
9.585600483663848231e-03
9.603038246303824063e-03
9.620388196943866280e-03
9.637660866681149741e-03
9.654844447728863632e-03
9.671930770854675688e-03
9.688920707317447839e-03
9.705786226718748910e-03
9.722527805648379512e-03
9.739242938017063714e-03
9.755772714180590763e-03
9.772214841197331830e-03
9.788557937136527914e-03
9.804835531737748910e-03
9.821071222125972791e-03
9.837245824902902600e-03
9.853367742324734696e-03
9.869439997003041573e-03
9.885408293280235209e-03
9.901261122940235859e-03
9.916993890295698957e-03
9.932647003462977478e-03
9.948269211648605795e-03
9.963752362461239173e-03
9.979076511496289686e-03
9.994381455499818517e-03
1.000958745594701660e-02
1.002471678374742235e-02
1.003972208673952968e-02
1.005454873521363646e-02
1.006932610858522932e-02
1.008396853434724398e-02
1.009853700358506919e-02
1.011301188552094985e-02
1.012739237247793460e-02
1.014171737834256536e-02
1.015592588248967129e-02
1.017003166758876850e-02
1.018396347061672341e-02
1.019781148191030613e-02
1.021150903457298913e-02
1.022507883766944625e-02
1.023856574851242027e-02
1.025198443882004325e-02
1.026524489077226820e-02
1.027834495257713004e-02
1.029134407705506460e-02
1.030417040731251670e-02
1.031685283237824408e-02
1.032944324431593966e-02
1.034192223307261668e-02
1.035429752604673063e-02
1.036656387366752946e-02
1.037872721535302439e-02
1.039078264480890017e-02
1.040263340294024681e-02
1.041434672877098074e-02
1.042592375370771443e-02
1.043742849199647341e-02
1.044878240586617248e-02
1.046004211599686588e-02
1.047115836244028389e-02
1.048214484056434782e-02
1.049304089560231489e-02
1.050382685543171588e-02
1.051446090187828884e-02
1.052493870406949993e-02
1.053528320112892720e-02
1.054549114296671197e-02
1.055561204880037067e-02
1.056562320067034981e-02
1.057549375640821736e-02
1.058529737208892783e-02
1.059492707186101938e-02
1.060446933678701673e-02
1.061382798226038170e-02
1.062308451869871904e-02
1.063228114593247481e-02
1.064130479336124029e-02
1.065027167438767353e-02
1.065911950745518193e-02
1.066792024697154999e-02
1.067667400752697095e-02
1.068539473195368426e-02
1.069414159782504196e-02
1.070279445668795640e-02
1.071133344715670573e-02
1.071988889024107217e-02
1.072838827994097854e-02
1.073694295032393518e-02
1.074562727509492492e-02
1.075436421296384858e-02
1.076321683965721261e-02
1.077213418955138072e-02
1.078118978765911333e-02
1.079032719987317764e-02
1.079960022928352567e-02
1.080905085131709034e-02
1.081866228995803474e-02
1.082853451617609222e-02
1.083851678631989578e-02
1.084865673400248372e-02
1.085889348064221493e-02
1.086919262650350680e-02
1.087969332644612812e-02
1.089053159252760007e-02
1.090158773023563836e-02
1.091270694487812658e-02
1.092390924507299389e-02
1.093519052591605985e-02
1.094652805245415958e-02
1.095794488056987814e-02
1.096945652057075386e-02
1.098102045597963532e-02
1.099260762574519844e-02
1.100423649541608200e-02
1.101582994414243739e-02
1.102739536118005521e-02
1.103895313963074165e-02
1.105057133330577743e-02
1.106222921071361998e-02
1.107387469052732373e-02
1.108553166183802625e-02
1.109718680006246960e-02
1.110892015112039354e-02
1.112063157028994435e-02
1.113233458594044441e-02
1.114395889742522683e-02
1.115554961204704917e-02
1.116713080069299362e-02
1.117861255285807626e-02
1.119007836773398996e-02
1.120154772175586781e-02
1.121302578397384737e-02
1.122441549981283322e-02
1.123576243875238495e-02
1.124698424354950328e-02
1.125805842067559813e-02
1.126904252452591917e-02
1.127998900852983551e-02
1.129104937635668805e-02
1.130205239944936935e-02
1.131284157741295482e-02
1.132352044339648457e-02
1.133406780434931781e-02
1.134455920466876343e-02
1.135496358527763455e-02
1.136529119453126742e-02
1.137553073979085533e-02
1.138564849354304145e-02
1.139551587168156563e-02
1.140519587181448510e-02
1.141465528812406378e-02
1.142387647565540863e-02
1.143286752302415110e-02
1.144158706377311312e-02
1.145010590587276431e-02
1.145840928184775447e-02
1.146642335471941866e-02
1.147413414434644320e-02
1.148158099221470094e-02
1.148879745072648763e-02
1.149581071130648287e-02
1.150262004475307784e-02
1.150911941373433320e-02
1.151536721197613487e-02
1.152118991602893959e-02
1.152671742344864476e-02
1.153182076538430446e-02
1.153668625277179047e-02
1.154128386727590848e-02
1.154565907233772934e-02
1.154954347502546580e-02
1.155300181550608131e-02
1.155602598041476255e-02
1.155858313383993641e-02
1.156083914004049466e-02
1.156283533999692692e-02
1.156446303859301819e-02
1.156565027640388960e-02
1.156638473770809673e-02
1.156670124266150762e-02
1.156656522551139515e-02
1.156603250257585459e-02
1.156514422292974180e-02
1.156381137261145234e-02
1.156206994469976580e-02
1.155990181651067247e-02
1.155733773735858304e-02
1.155433307404601234e-02
1.155096178641900305e-02
1.154722419624430382e-02
1.154310188955808350e-02
1.153866870765604506e-02
1.153389086661510236e-02
1.152879658040037621e-02
1.152336679651790562e-02
1.151757735047848064e-02
1.151146647374750621e-02
1.150494454948826351e-02
1.149799217431206333e-02
1.149066318224189684e-02
1.148306938676963047e-02
1.147513522491891078e-02
1.146687137582899120e-02
