5.080240415843097559e-03
5.075129972282689528e-03
5.071393372949823362e-03
5.070709295473259208e-03
5.072861692924561169e-03
5.078577238201095918e-03
5.087928246617067288e-03
5.102760491771323771e-03
5.122197024232218003e-03
5.145973709783554714e-03
5.172371485053932176e-03
5.200469611595637080e-03
5.229057106838915815e-03
5.256278235583070925e-03
5.277085002610815145e-03
5.289806926461709628e-03
5.292922247333662483e-03
5.283512091309806695e-03
5.260474821969716476e-03
5.225927598849889819e-03
5.183168616297110717e-03
5.135114116866089373e-03
5.084017996499713178e-03
5.032763879355648187e-03
4.976958211061430562e-03
4.910068534370963349e-03
4.842120713378673079e-03
4.771512217492952790e-03
4.702140474446542436e-03
4.635546248399026979e-03
4.571646137546622919e-03
4.510034883424705356e-03
4.449997841463428257e-03
4.392222356147537123e-03
4.336033277275399243e-03
4.282204994796967416e-03
4.230782751566550953e-03
4.180956157078557188e-03
4.133010041036590254e-03
4.087296930297893219e-03
4.044190093008816385e-03
4.003568528012752328e-03
3.965173307534150711e-03
3.929328863787568543e-03
3.895724551602604020e-03
3.864046956038323915e-03
3.834917354444962716e-03
3.808018668240038210e-03
3.783670786651378414e-03
3.761989380142519764e-03
3.743026029350907981e-03
3.726768007192379599e-03
3.713296001082176060e-03
3.703027002360582010e-03
3.695136815122584788e-03
3.689999458548477197e-03
3.687551444237275721e-03
3.687580732304217464e-03
3.690195917623484423e-03
3.694524558616265469e-03
3.699895930739205679e-03
3.706192532597244599e-03
3.713775928778197902e-03
3.721984174207055261e-03
3.731186683344233247e-03
3.741294266995177312e-03
3.752715942111985864e-03
3.765071045718174515e-03
3.778495133289599614e-03
3.792668616219145930e-03
3.807644807400950571e-03
3.823963351266592304e-03
3.840936425400235960e-03
3.858499542310159930e-03
3.876629476840919974e-03
3.895615874130361686e-03
3.915543044623371466e-03
3.936464034915545043e-03
3.957992876322690215e-03
3.980660760943181310e-03
4.004010560241895098e-03
4.028559760424300050e-03
4.053828276988243745e-03
4.079538817188424309e-03
4.106138287467170356e-03
4.133499048727593689e-03
4.161490589779561454e-03
4.189987383713080459e-03
4.219298300890139859e-03
4.249487886238995961e-03
4.280252357926869582e-03
4.311306993597793444e-03
4.343098914778828305e-03
4.375547934420694063e-03
4.408488483018015679e-03
4.441619568710333983e-03
4.475312145997883441e-03
4.509535722142260332e-03
4.544222889334031436e-03
4.579758202313848579e-03
4.616224474365418842e-03
4.653019470484468650e-03
4.689705052971335393e-03
4.726871093648345699e-03
4.764096224218083986e-03
4.801693684957288044e-03
4.840052919187510030e-03
4.878591359323444961e-03
4.918091192172465743e-03
4.957755657678888234e-03
4.997970608359023764e-03
5.039342889354960810e-03
5.081161874686816737e-03
5.123383025754481464e-03
5.165518177222054759e-03
5.207744395049646903e-03
5.250413124853084250e-03
5.293779885879513168e-03
5.336979747391130263e-03
5.380249282121910177e-03
5.422577043288326522e-03
5.464023992906360573e-03
5.505987088678498953e-03
5.548343160242081608e-03
5.590841601508000566e-03
5.633585238628972466e-03
5.676694455066146582e-03
5.719909578135787959e-03
5.763855815064294723e-03
5.808244060936895888e-03
5.852467573744197203e-03
5.896986221775269051e-03
5.941598722345425854e-03
5.986564122513702083e-03
6.031807808351548165e-03
6.078077464257889383e-03
6.125189944920872952e-03
6.172388935380614984e-03
6.219855259960696894e-03
6.267330442010044661e-03
6.315097343841747160e-03
6.363356767082017397e-03
6.412029632125840033e-03
6.461598501397328859e-03
6.511146427737362664e-03
6.560280218632555567e-03
6.609352817054336277e-03
6.658525313964182117e-03
6.707576001241212678e-03
6.756624140617854303e-03
6.806249094976886058e-03
6.856530952491727421e-03
6.907170219242404416e-03
6.957748964508639333e-03
7.007896419808538196e-03
7.056009762129428382e-03
7.103202892634889916e-03
7.150199946391696225e-03
7.197291461953052825e-03
7.242291951559251192e-03
7.286420070791499448e-03
7.330465899934813720e-03
7.373958273865385132e-03
7.417471633177551323e-03
7.460670990810438878e-03
7.503554746101540746e-03
7.545693109346985478e-03
7.586736045751565904e-03
7.627069697619153626e-03
7.667688711545041398e-03
7.707460307098819643e-03
7.746812898180702178e-03
7.786677443915605325e-03
7.826570210008316000e-03
7.866610918276565473e-03
7.906859707128332040e-03
7.947198144257074104e-03
7.987177998843584051e-03
8.026665034432261397e-03
8.066293392031572557e-03
8.105397201632939808e-03
8.145292210773329503e-03
8.184986727251137781e-03
8.225202760851013303e-03
8.265015624145695752e-03
8.304145955144427715e-03
8.342666578609846117e-03
8.381553342653337915e-03
8.420171367183777039e-03
8.458685180094590791e-03
8.497270818354893743e-03
8.535702063162484837e-03
8.573473110248306869e-03
8.610872856184295654e-03
8.648709378513955506e-03
8.685285277040584104e-03
8.721114391057376014e-03
8.755979479090920253e-03
8.789780883714510065e-03
8.823236477593006735e-03
8.856071668719461831e-03
8.888744023900746472e-03
8.921486307705870505e-03
8.953754917117709433e-03
8.984967408104126835e-03
9.015268713613458149e-03
9.044342831063326149e-03
9.073748279508884323e-03
9.103531646168670430e-03
9.133574140275451184e-03
9.162429441039064357e-03
9.190321134423931615e-03
9.218266464899479290e-03
9.245425026803791649e-03
9.272731873950744441e-03
9.300032571278669946e-03
9.325572408291901011e-03
9.350266831530951173e-03
9.374626994507069197e-03
9.399268855790876218e-03
9.423763258644822505e-03
9.447905434285180232e-03
9.472160006999604323e-03
9.496453420465868905e-03
9.521080405945887490e-03
9.546165450166625016e-03
9.570912520392244049e-03
9.595139751069448747e-03
9.619322861663165761e-03
9.642535475437039386e-03
9.665055260383352553e-03
9.686750347361683736e-03
9.707597551925992857e-03
9.727050765701347051e-03
9.746385533395452577e-03
9.766057708963779907e-03
9.785736347931424731e-03
9.804872233112939608e-03
9.823751066594124670e-03
9.842189011611291241e-03
9.860551358899823440e-03
9.878419910470986193e-03
9.895074306431814182e-03
9.911751575020761804e-03
9.928858784943679974e-03
9.945261286240035525e-03
9.961713888880606785e-03
9.978167042907786291e-03
9.994276123259718259e-03
1.001050615945557262e-02
1.002660626473203531e-02
1.004284094239343839e-02
1.005843784081191829e-02
1.007284397299802042e-02
1.008703904148065648e-02
1.009983538804471240e-02
1.011197129948948094e-02
1.012349649002294502e-02
1.013458025888953895e-02
1.014578048856852772e-02
1.015651110876661899e-02
1.016604130356322210e-02
1.017528620469543461e-02
1.018440399269937915e-02
1.019256971738662955e-02
1.020083824361131021e-02
1.020920506349443264e-02
1.021725814608933497e-02
1.022397564085701996e-02
1.023067656578100296e-02
1.023659215317795738e-02
1.024193617699254918e-02
1.024690804634193105e-02
1.025083565309355647e-02
1.025573729894077059e-02
1.026124645996200763e-02
1.026624439159788162e-02
1.026991736132461773e-02
1.027313391021712242e-02
1.027665099777690799e-02
1.028086249682418768e-02
1.028525519331528401e-02
1.028949517291112038e-02
1.029365696144750146e-02
1.029786586509584198e-02
1.030073243488377130e-02
1.030228489743326842e-02
1.030125320094803058e-02
1.029879279961798053e-02
1.029615473222264023e-02
1.029295845288713020e-02
1.028908807306201656e-02
1.028463208433560462e-02
1.028043147653540448e-02
1.027565930466159405e-02
1.027060319034517680e-02
1.026555111804651997e-02
1.026024541173731902e-02
1.025508227366173954e-02
1.024934292608832911e-02
1.024372306490015788e-02
1.023881165857510982e-02
1.023511299220794361e-02
1.023201545397071227e-02
1.022854264260231530e-02
1.022473162443912446e-02
1.022028627497312096e-02
1.021585964108442240e-02
1.021096758065491959e-02
1.020622090564406864e-02
1.020163116133950693e-02
1.019699963444950334e-02
1.019236871793150444e-02
1.018731817796667341e-02
1.018220983095304184e-02
1.017736756953651310e-02
1.017291060370395517e-02
1.016847734784333095e-02
1.016478362728370603e-02
1.016192291803849450e-02
1.015911673616612734e-02
1.015558124732969525e-02
1.015153532479627640e-02
1.014676848855788037e-02
1.014201297684805964e-02
1.013693991353454595e-02
1.013215986135861460e-02
1.012788715185247192e-02
1.012398839583455480e-02
1.012058661340245296e-02
1.011686389551542942e-02
1.011283272751664630e-02
1.010911732019245148e-02
1.010574107656814560e-02
1.010244466620278427e-02
1.009929433709683133e-02
1.009588197412720871e-02
1.009238092989501838e-02
1.008824791980988955e-02
1.008410236301576259e-02
1.007963919640313295e-02
1.007520308025450402e-02
1.007134661377334824e-02
1.006744744368095676e-02
1.006396985743951075e-02
1.006074203800859726e-02
1.005868936277458207e-02
1.005736400995890963e-02
1.005593282938404935e-02
1.005455196200216554e-02
1.005330130716934264e-02
1.005122012584189553e-02
1.004854461522963587e-02
1.004571747990903006e-02
1.004332963010696848e-02
1.004153768659118810e-02
1.003954557544509130e-02
1.003793080575302726e-02
1.003663324408120977e-02
1.003568481242541645e-02
1.003509884758847955e-02
1.003447910151706451e-02
1.003374974145529279e-02
1.003345886176126855e-02
1.003363613936959949e-02
1.003461201065927039e-02
1.003550464123622969e-02
1.003630097032177926e-02
1.003675972503759867e-02
1.003784567867457324e-02
1.003906665759891730e-02
1.004069690940321419e-02
1.004218003119811478e-02
1.004388477941166834e-02
1.004572055631337314e-02
1.004783706369598642e-02
1.005011129292730787e-02
1.005276458175872849e-02
1.005615592549120342e-02
1.005962370250996704e-02
1.006336437843793376e-02
1.006722778070917416e-02
1.007122423694461165e-02
1.007519569829143542e-02
1.007915040448964863e-02
1.008363160943174380e-02
1.008821032086147998e-02
1.009306766732760013e-02
1.009777891742239496e-02
1.010247262561383627e-02
1.010761028184173869e-02
1.011269370726149835e-02
1.011826703888349735e-02
1.012338623342029162e-02
1.012865727058472748e-02
1.013436055049960448e-02
1.014024305546731321e-02
1.014616363106999111e-02
1.015236903624009562e-02
1.015834588815270507e-02
1.016466894100207831e-02
1.017098789411257850e-02
1.017700712944823345e-02
1.018281323607347390e-02
1.018868605346090299e-02
1.019456587363774987e-02
1.020009245212929842e-02
1.020517932609625762e-02
1.021030787977584772e-02
1.021551683893258573e-02
1.022069269253685075e-02
1.022583239064150419e-02
1.023101003971510665e-02
1.023621824958247627e-02
1.024173744460214579e-02
1.024724106508569620e-02
1.025281855775910661e-02
1.025824680275475194e-02
1.026361145794926072e-02
1.026912725432654883e-02
1.027454837443510932e-02
1.027976502872277910e-02
1.028498681007427099e-02
1.029040381906010972e-02
1.029599041071845369e-02
1.030159261474249480e-02
1.030718452577422672e-02
1.031221573043779663e-02
1.031727368038543730e-02
1.032270973872845277e-02
1.032856948726763174e-02
1.033413292243860748e-02
1.033997192192152859e-02
1.034616480139687392e-02
1.035268777089746149e-02
1.035956895729491650e-02
1.036672448225758707e-02
1.037361364645041084e-02
1.038078270981783457e-02
1.038800715091369592e-02
1.039545222845359579e-02
1.040293872037420346e-02
1.041080451123994714e-02
1.041903166380402090e-02
1.042685156405167950e-02
1.043448709630107919e-02
1.044195340822033982e-02
1.044960533581740583e-02
1.045743626311641285e-02
1.046521511159299866e-02
1.047359173089876597e-02
1.048218507055259305e-02
1.049120575446728376e-02
1.050013893996573980e-02
1.050906806706472345e-02
1.051806831211014003e-02
1.052762138513673590e-02
1.053721713698221873e-02
1.054710530154483877e-02
1.055720798183137736e-02
1.056743612022436468e-02
1.057755211791243551e-02
1.058742574281123193e-02
1.059715541269848176e-02
1.060664660729319919e-02
1.061620385111609194e-02
1.062613035731987954e-02
1.063705219317867198e-02
1.064856195780346064e-02
1.066046473397887738e-02
1.067261021514954826e-02
1.068514298778608720e-02
1.069805446566102561e-02
1.071180884961249295e-02
1.072589307000000776e-02
1.073986106028960302e-02
1.075369948631850307e-02
1.076744105500612725e-02
1.078136166123676819e-02
1.079507734491011624e-02
1.080833286385416217e-02
1.082231429121757738e-02
1.083603648937931339e-02
1.085014380309621239e-02
1.086487504520818569e-02
1.087982748030512196e-02
1.089485632088541163e-02
1.090980406309166595e-02
1.092502445540686692e-02
1.094049991813387732e-02
1.095632259012496723e-02
1.097262738344553616e-02
1.098919224982093309e-02
1.100585155429461420e-02
1.102279727023540087e-02
1.103990822514310487e-02
1.105692719605406646e-02
1.107437267305113812e-02
1.109218880913995751e-02
1.111021175266777190e-02
