2.550769615598008373e-03
2.597146256730277492e-03
2.642713918577138492e-03
2.687309432608177284e-03
2.730721153378939513e-03
2.772460287633150833e-03
2.812675054448076414e-03
2.851512646228821814e-03
2.889435178156830961e-03
2.926277296282834336e-03
2.961610337787694454e-03
2.995758236694274698e-03
3.029132671723393407e-03
3.063867777613750367e-03
3.101409989825701721e-03
3.142358855127292804e-03
3.186239266899993858e-03
3.235456685055924150e-03
3.289899972930921367e-03
3.348605774843803427e-03
3.410234935835095450e-03
3.473516688767423581e-03
3.538573623106462413e-03
3.604694710331653607e-03
3.671425172603088802e-03
3.738340369645813243e-03
3.805282857356960709e-03
3.872590608980250315e-03
3.940118782204795993e-03
4.007802463825405580e-03
4.075336396346659201e-03
4.142672532214295225e-03
4.209749897803342564e-03
4.276352585279153025e-03
4.342369968787937462e-03
4.408445335403066850e-03
4.474190304603084360e-03
4.539755086264027524e-03
4.604749244735655347e-03
4.668984264017257864e-03
4.732324251446068386e-03
4.794764419326158836e-03
4.855689566273547857e-03
4.915145136278551048e-03
4.972340865488002019e-03
5.026956868696057755e-03
5.079451834647846949e-03
5.128935953278549245e-03
5.176009984862001492e-03
5.220205184114170421e-03
5.262206915496957932e-03
5.302050643935069321e-03
5.339757556755093948e-03
5.375354957995228007e-03
5.408213718593509606e-03
5.438989808732054392e-03
5.467648120104905488e-03
5.494428789839467253e-03
5.519702710384381990e-03
5.543558688318657793e-03
5.566845216226743061e-03
5.589936872386377757e-03
5.612956382294483071e-03
5.636177556618518665e-03
5.659833683484178507e-03
5.683627485831816741e-03
5.707789475486831771e-03
5.732654867154950498e-03
5.758024941558513923e-03
5.783705342632411255e-03
5.809566635286016016e-03
5.835477738272163394e-03
5.861559260545890979e-03
5.887796531761755985e-03
5.914073992071248662e-03
5.940290768333489693e-03
5.966523012734927314e-03
5.992946631001211215e-03
6.019589295758933506e-03
6.046308105235799479e-03
6.073108092889940336e-03
6.100128711367159423e-03
6.127278402221618750e-03
6.154589151492119437e-03
6.182296753299169022e-03
6.209917590835291844e-03
6.237721624713030329e-03
6.265559825576967438e-03
6.293468980339430273e-03
6.321582573731666412e-03
6.349798271436791694e-03
6.378087002465426467e-03
6.406543541915108927e-03
6.435117513146017612e-03
6.463742326625215341e-03
6.492291089769816441e-03
6.520736680721921606e-03
6.549223147979395081e-03
6.577712859561524704e-03
6.606191416306852679e-03
6.634653951398956050e-03
6.663076621236905216e-03
6.691702165962984568e-03
6.720275976097756822e-03
6.748803473344337951e-03
6.777278633453939771e-03
6.805660079537182230e-03
6.833959906432865959e-03
6.861972384820390868e-03
6.889794017819660978e-03
6.917434040785594603e-03
6.944883703518510594e-03
6.972294238887860422e-03
6.999396701230686108e-03
7.026277123625941125e-03
7.052714120229080889e-03
7.079005289084075447e-03
7.105196003186931009e-03
7.131133586391764576e-03
7.156858366431515656e-03
7.182317114979227222e-03
7.207500796814751698e-03
7.232598752444640254e-03
7.257439643443843423e-03
7.282055346696725967e-03
7.306475775845163063e-03
7.330689516234042968e-03
7.354611753218077801e-03
7.378392177064140370e-03
7.401972592588914289e-03
7.425222176661439369e-03
7.448259753935063295e-03
7.471139286234798789e-03
7.493848714246455385e-03
7.516450096056420671e-03
7.538978699913747618e-03
7.561327699258355711e-03
7.583578807058378134e-03
7.605659335133562252e-03
7.627476678736777073e-03
7.649125071805535150e-03
7.670462612143259980e-03
7.691676169456857989e-03
7.712654120211094762e-03
7.733360387930901698e-03
7.753998821164187656e-03
7.774409553463566998e-03
7.794517997866714544e-03
7.814420524839047963e-03
7.834150394857826785e-03
7.853514503235601435e-03
7.872604416160052659e-03
7.891634354705818338e-03
7.910568577328443499e-03
7.929451266373040499e-03
7.948058294066338153e-03
7.966389710702832458e-03
7.984465979609913638e-03
8.002297740654829364e-03
8.019946734728200174e-03
8.037354784765910268e-03
8.054433063873484358e-03
8.071245400382899907e-03
8.087942264455206740e-03
8.104444513961852822e-03
8.120887750670128732e-03
8.137132990397841908e-03
8.153331609101194602e-03
8.169371356320726321e-03
8.185445919852601601e-03
8.201524375992051696e-03
8.217644919238513077e-03
8.233631652816120541e-03
8.249482045088650517e-03
8.265215635304423020e-03
8.280700817418430032e-03
8.296114220716268445e-03
8.311557258839967488e-03
8.326990858014859942e-03
8.342388522813113175e-03
8.357798458480916043e-03
8.373107189151992105e-03
8.388416409206119612e-03
8.403622035933677389e-03
8.418801963434863200e-03
8.433801684865977616e-03
8.448623515695728031e-03
8.463346740041288729e-03
8.478047547480540777e-03
8.492595443938129665e-03
8.507128046036097763e-03
8.521744461172082660e-03
8.536347038512288529e-03
8.550867520843833530e-03
8.565337840232271904e-03
8.579779437398425690e-03
8.594214904236124539e-03
8.608575788339310753e-03
8.622983187551910497e-03
8.637451617986567284e-03
8.651780299389273329e-03
8.666040625405989004e-03
8.680255365388861097e-03
8.694446145807941881e-03
8.708554519732882027e-03
8.722532899178157134e-03
8.736450506835339094e-03
8.750072712495275684e-03
8.763640306619703210e-03
8.777053158405771077e-03
8.790325785832945465e-03
8.803523671351200924e-03
8.816506178197732607e-03
8.829342456642229678e-03
8.842143384203152157e-03
8.854862976553756065e-03
8.867611204154498064e-03
8.880430610221999588e-03
8.893180516209485409e-03
8.905940186248106558e-03
8.918690653491460549e-03
8.931298574592945114e-03
8.943859037014084690e-03
8.956271803488012259e-03
8.968558572687034686e-03
8.980790441706243410e-03
8.992986107031654061e-03
9.005071674732785178e-03
9.017003228597105652e-03
9.028919187872195065e-03
9.040718754584387701e-03
9.052413341631782365e-03
9.063930853606417745e-03
9.075251483260569907e-03
9.086483153036322563e-03
9.097528084716432345e-03
9.108489121877042308e-03
9.119155437882976722e-03
9.129755498243364784e-03
9.140118064682904025e-03
9.150448403988499166e-03
9.160686811098628715e-03
9.170881214365196252e-03
9.180996967357059335e-03
9.191022285018788165e-03
9.200948281915602434e-03
9.210745077514341517e-03
9.220402060444315290e-03
9.229952021621036160e-03
9.239277317707923071e-03
9.248509239311230798e-03
9.257669832442784463e-03
9.266812084773659586e-03
9.275919699678083358e-03
9.284967512446010846e-03
9.293927714501958037e-03
9.302799750410165047e-03
9.311600662868083078e-03
9.320340297957396478e-03
9.329041776652495510e-03
9.337552265170481758e-03
9.346024749715140315e-03
9.354508388876973252e-03
9.362867060153939533e-03
9.371057401122064728e-03
9.379126665769673549e-03
9.387125805170050061e-03
9.395006473570869168e-03
9.402813927785644635e-03
9.410458876739013004e-03
9.417996540496980165e-03
9.425437836370141598e-03
9.432754700796493544e-03
9.440010338807619528e-03
9.447113533531999868e-03
9.454080670434383479e-03
9.460966116331299969e-03
9.467760915727070972e-03
9.474495119914563834e-03
9.481218437868631568e-03
9.487878418356254090e-03
9.494485266548662039e-03
9.501009742453780244e-03
9.507456270450175342e-03
9.513895378360700053e-03
9.520263998530230018e-03
9.526614102746841506e-03
9.532851103858484484e-03
9.539027998540927297e-03
9.545183863094544238e-03
9.551320715778298040e-03
9.557364614343850581e-03
9.563361398603621721e-03
9.569383638468917375e-03
9.575333018845187671e-03
9.581213793790540126e-03
9.587110405353678824e-03
9.592862191599540664e-03
9.598565165606105093e-03
9.604229559229236421e-03
9.609762106261287087e-03
9.615251695970692541e-03
9.620688435605111513e-03
9.626150192250665025e-03
9.631580423908629382e-03
9.636929899182270984e-03
9.642276381164502710e-03
9.647481540764477753e-03
9.652659767769805263e-03
9.657738154373598019e-03
9.662779283295369614e-03
9.667734615181914834e-03
9.672558629118688939e-03
9.677379985573178467e-03
9.682138773254446440e-03
9.686871414055353915e-03
9.691544149385432697e-03
9.696091279144707781e-03
9.700557118826938149e-03
9.704931718906295579e-03
9.709327344172881402e-03
9.713612572134643422e-03
9.717853423436633234e-03
9.721929114959887777e-03
9.725891079418904142e-03
9.729752575783462074e-03
9.733603155386492262e-03
9.737413664988437897e-03
9.741200059366211805e-03
9.744959062678736419e-03
9.748713113849892184e-03
9.752414469014144410e-03
9.756032198262272470e-03
9.759656580879686599e-03
9.763294034027229437e-03
9.766883208408568690e-03
9.770417327224251158e-03
9.773796916849221070e-03
9.777090623564951843e-03
9.780420544571465785e-03
9.783654285473949302e-03
9.786808716947289002e-03
9.789862970452955712e-03
9.792868924876957717e-03
9.795837534207537528e-03
9.798806766124721138e-03
9.801798838937432132e-03
9.804698284985442075e-03
9.807595565459922490e-03
9.810424356576162574e-03
9.813294412132944275e-03
9.816160150983115756e-03
9.818917853514796956e-03
9.821611375378472286e-03
9.824251150102171135e-03
9.826765819180193623e-03
9.829196097162897633e-03
9.831622468427012387e-03
9.834013336386669343e-03
9.836346053637404566e-03
9.838639017478849683e-03
9.840946129338693990e-03
9.843170392595983545e-03
9.845398889046851759e-03
9.847630117598156485e-03
9.849800744517104786e-03
9.851902292050856644e-03
9.854001152288007978e-03
9.855998835750456183e-03
9.857961999616145221e-03
9.859912962563367744e-03
9.861841807021973216e-03
9.863746141861877773e-03
9.865544398848902219e-03
9.867164467750285869e-03
9.868634217978086362e-03
9.870015814576867108e-03
9.871366347623618601e-03
9.872628896044042396e-03
9.873857564420468469e-03
9.875099020502823427e-03
9.876336296321615998e-03
9.877580733011941463e-03
9.878869149222179943e-03
9.880094341018785115e-03
9.881256508097272309e-03
9.882468437684603993e-03
9.883637382386147724e-03
9.884776621596961035e-03
9.885935454358781710e-03
9.887082993864112698e-03
9.888224319692679593e-03
9.889452724626957361e-03
9.890650005611881582e-03
9.891852026578844617e-03
9.893019451738606015e-03
9.894189996804534162e-03
9.895342647955079896e-03
9.896406736531807719e-03
9.897442791964819464e-03
9.898481632428285729e-03
9.899545716228135006e-03
9.900547377690822187e-03
9.901524605635437723e-03
9.902431382901052612e-03
9.903270001593595523e-03
9.904045769018156656e-03
9.904814358110866981e-03
9.905607767429247187e-03
9.906368246122119678e-03
9.907119590323608394e-03
9.907844030646630051e-03
9.908612980585903077e-03
9.909358478134188547e-03
9.910089488972349120e-03
9.910808964662736961e-03
9.911419725525595636e-03
9.912118303467110092e-03
9.913042858987232420e-03
9.913941772246642400e-03
9.914803784772219242e-03
9.915538138519941827e-03
9.916322735786291254e-03
9.917124018801902127e-03
9.917920771990711148e-03
9.918671741454252594e-03
9.919418430147593918e-03
9.920220736678232731e-03
9.921003924682824521e-03
9.921725580579366863e-03
9.922383558999978148e-03
9.923173793505534260e-03
9.924117375939943766e-03
9.925073435061510657e-03
9.926075574294489917e-03
9.927047772349904126e-03
9.928022148168128697e-03
9.929027693261151602e-03
9.930074132339488865e-03
9.931149764354897311e-03
9.932217078533110699e-03
9.933447509358376420e-03
9.934847870774508177e-03
9.936176195038641176e-03
9.937520409399644428e-03
9.938923128123357958e-03
9.940402435678723225e-03
9.941841289764899448e-03
9.943312361843058278e-03
9.944878932029639976e-03
9.946492287466399129e-03
9.948116985932531700e-03
9.949718812590688938e-03
9.951387174561458077e-03
9.953103897795684621e-03
9.954907121639064091e-03
9.956763846366057519e-03
9.958643977472255576e-03
9.960524488505080251e-03
9.962372636386442395e-03
9.964257597370610245e-03
9.966195837168409857e-03
9.968185580276942015e-03
9.970186360598487507e-03
9.972161212540721353e-03
9.974137539015002010e-03
9.976118280149371548e-03
9.978067375721129742e-03
9.980091578962511575e-03
9.982042184645831609e-03
9.984033192240990284e-03
9.985982725377639049e-03
9.987925760475937359e-03
9.989908788774632883e-03
9.991839099117489145e-03
9.993776123625027971e-03
9.995685354244618695e-03
9.997612954957588172e-03
9.999475310046728599e-03
1.000144871731240871e-02
1.000334323639283200e-02
1.000523391440930748e-02
1.000708135068664392e-02
1.000886568304300978e-02
1.001049850872414576e-02
1.001228185756498565e-02
1.001400264839430974e-02
1.001559179688532412e-02
1.001695112493558755e-02
1.001818891116668109e-02
1.001918208977021010e-02
1.002009231796051163e-02
1.002084708865322131e-02
1.002149490308259713e-02
1.002209194439116803e-02
1.002254309980544177e-02
1.002274182123818851e-02
1.002288724323985129e-02
1.002293208495902595e-02
1.002279536290372371e-02
