1.635116254858563073e-02
1.619055544741886468e-02
1.601069258268734280e-02
1.581132027750124791e-02
1.559249498496542014e-02
1.535711963451589536e-02
1.511261255640927031e-02
1.486813366112191108e-02
1.463617346899538825e-02
1.441598352048685701e-02
1.421608219527120513e-02
1.403544435610460002e-02
1.387744866726983543e-02
1.374425917687964981e-02
1.363712259750528288e-02
1.356489843782552815e-02
1.351881651131411899e-02
1.350105601472114357e-02
1.351453465560985105e-02
1.355741214424394277e-02
1.362799131091337219e-02
1.372208075687722170e-02
1.383189153113588421e-02
1.395241308695332159e-02
1.408066917819672872e-02
1.421035022582725973e-02
1.433929246120707081e-02
1.446693627863468272e-02
1.459067090261297397e-02
1.470863813785005039e-02
1.482040890571867907e-02
1.492637339665593699e-02
1.502807604229128291e-02
1.512574516581577377e-02
1.522036512886668601e-02
1.531118684978127926e-02
1.539899092906033343e-02
1.548333189108147545e-02
1.556443189960677632e-02
1.564303145208212689e-02
1.571898581828859442e-02
1.579175418784270132e-02
1.586136600916220052e-02
1.592894774209770159e-02
1.599529531225733769e-02
1.605950985634682637e-02
1.612262190953853494e-02
1.618316852212390092e-02
1.624191784781322742e-02
1.629883410448604644e-02
1.635391979632524681e-02
1.640629631224783599e-02
1.645622299023977858e-02
1.650345382782476486e-02
1.654793807752341292e-02
1.658840130955367698e-02
1.662520274754613822e-02
1.665758227952955639e-02
1.668554009844593067e-02
1.670908880811879105e-02
1.672714063724706560e-02
1.673929576838957198e-02
1.674474970753444397e-02
1.674414699428570380e-02
1.673772714510586915e-02
1.672515650474815790e-02
1.670707463959106992e-02
1.668379961435524292e-02
1.665625424580410852e-02
1.662473920587600670e-02
1.658981455149533338e-02
1.655219481496866818e-02
1.651209684794865268e-02
1.646937889110584863e-02
1.642437609336778320e-02
1.637718803696487646e-02
1.632855658025945955e-02
1.627878507770958924e-02
1.622814132490333142e-02
1.617645274428217150e-02
1.612392075565285965e-02
1.607072011900377920e-02
1.601677000975654935e-02
1.596210570983197519e-02
1.590679611127372370e-02
1.585097902694023245e-02
1.579445071644971707e-02
1.573762870914317477e-02
1.568028525703170709e-02
1.562259583806317395e-02
1.556478556163207357e-02
1.550652047226201702e-02
1.544780278510724664e-02
1.538849662661252379e-02
1.532866246064939000e-02
1.526850157722525747e-02
1.520770219788284729e-02
1.514653365691442932e-02
1.508478300477378645e-02
1.502292843101966750e-02
1.496062315947085768e-02
1.489784297036090589e-02
1.483478169407855853e-02
1.477109654681557291e-02
1.470700463103821048e-02
1.464293931753703377e-02
1.457855620758915019e-02
1.451409407641718330e-02
1.444931871659326829e-02
1.438448092570203743e-02
1.431957903963247507e-02
1.425481684466832662e-02
1.419016077790645654e-02
1.412549356882650264e-02
1.406076377669760250e-02
1.399595319622871058e-02
1.393118824363252968e-02
1.386669348472764109e-02
1.380230919582397901e-02
1.373807386143795044e-02
1.367412156670510560e-02
1.361041540556566509e-02
1.354682653712887576e-02
1.348326719595580037e-02
1.341992905745863912e-02
1.335676902144762417e-02
1.329403930341694490e-02
1.323154735933105598e-02
1.316924267989565307e-02
1.310701432027672197e-02
1.304522377273817195e-02
1.298371284768198679e-02
1.292243858547944581e-02
1.286139316852046889e-02
1.280031804859647210e-02
1.273922982596704598e-02
1.267836762176676249e-02
1.261778803883092243e-02
1.255752455704379177e-02
1.249777192681009001e-02
1.243825897951589265e-02
1.237913540729488476e-02
1.232018651138451493e-02
1.226136418784138683e-02
1.220282857281438163e-02
1.214457245079983948e-02
1.208654530800110961e-02
1.202897466278744255e-02
1.197179757082407134e-02
1.191497279929669938e-02
1.185855673932054329e-02
1.180234599917111445e-02
1.174637825458972606e-02
1.169051618632881498e-02
1.163480127351395471e-02
1.157935012679727968e-02
1.152414261223644841e-02
1.146922736571057144e-02
1.141459027093729567e-02
1.136016987506634039e-02
1.130616117690014938e-02
1.125260152054382082e-02
1.119919612213929674e-02
1.114617292668056668e-02
1.109332129015201326e-02
1.104072397303100007e-02
1.098848797939082529e-02
1.093647081722759831e-02
1.088473335463568600e-02
1.083315575245141424e-02
1.078193418184420806e-02
1.073110454001889244e-02
1.068062204104146262e-02
1.063041719855857374e-02
1.058038294304818917e-02
1.053067853039563531e-02
1.048118107894946416e-02
1.043194852270201006e-02
1.038287877447127000e-02
1.033412489337705645e-02
1.028555169461326142e-02
1.023718212938288553e-02
1.018894097040215323e-02
1.014105846237555071e-02
1.009333121555522177e-02
1.004581071723287949e-02
9.998540427236907516e-03
9.951461366042371748e-03
9.904606265814661775e-03
9.857914561983418741e-03
9.811496395329548023e-03
9.765309942133286111e-03
9.719365882069204779e-03
9.673576041741894366e-03
9.628026441546861172e-03
9.582641172149816353e-03
9.537553054625211302e-03
9.492648678280982827e-03
9.447862439433258458e-03
9.403196825024240715e-03
9.358857979139417055e-03
9.314559875862243876e-03
9.270528459827318685e-03
9.226689667991656504e-03
9.183011721479282172e-03
9.139476460352052162e-03
9.096096096729388084e-03
9.052873053422517621e-03
9.009824029523017322e-03
8.966946790878943876e-03
8.924232369695526620e-03
8.881617695242876795e-03
8.839209556030751605e-03
8.796998686889916791e-03
8.754912061305297755e-03
8.712989810004737740e-03
8.671243388384092601e-03
8.629723923108135672e-03
8.588340798862711956e-03
8.547152629933657889e-03
8.506224677716738361e-03
8.465450622495250890e-03
8.424857510630432908e-03
8.384357093285128154e-03
8.343957190924558218e-03
8.303735932978856954e-03
8.263670720965399230e-03
8.223712848944178186e-03
8.183813118462461914e-03
8.144188481542267988e-03
8.104667802913195426e-03
8.065345310857363961e-03
8.026156671901542652e-03
7.987138760259644699e-03
7.948237417101567184e-03
7.909469079284690493e-03
7.870966890405176747e-03
7.832616940339997419e-03
7.794531338713025018e-03
7.756517948676502038e-03
7.718627873395152682e-03
7.680839631187790471e-03
7.643228817871684615e-03
7.605826356108375853e-03
7.568589233339122896e-03
7.531482837833794464e-03
7.494586749107383025e-03
7.457831128305792909e-03
7.421222713793819079e-03
7.384786067296579722e-03
7.348525100913514373e-03
7.312308168023601979e-03
7.276343044318602828e-03
7.240483305818975861e-03
7.204786751007419797e-03
7.169235389058302432e-03
7.133857040846194007e-03
7.098618237358346635e-03
7.063549604870155395e-03
7.028665841125487750e-03
6.993908047092573833e-03
6.959357184506633279e-03
6.924924420653095526e-03
6.890669934437944864e-03
6.856479521877715047e-03
6.822500210266314348e-03
6.788644735792040072e-03
6.754938732067803341e-03
6.721421899133619982e-03
6.688051890228893619e-03
6.654751977800304683e-03
6.621591293668902152e-03
6.588624461065307851e-03
6.555748479270528777e-03
6.522997687403135278e-03
6.490397571157500815e-03
6.457896318304305952e-03
6.425496923946880969e-03
6.393334635594744020e-03
6.361328305434008241e-03
6.329376699641959224e-03
6.297660794793800282e-03
6.265996656602432387e-03
6.234508341721805083e-03
6.203128550950418561e-03
6.171897398489216424e-03
6.140814247585675567e-03
6.109904491636076670e-03
6.079086946203791572e-03
6.048462714927844465e-03
6.017913864509598192e-03
5.987503562314661770e-03
5.957255010744001884e-03
5.927118351531568928e-03
5.897168596836845945e-03
5.867376088553553047e-03
5.837717828643306829e-03
5.808193530932602260e-03
5.778837529268970007e-03
5.749541929651985107e-03
5.720371248998024592e-03
5.691341480299034854e-03
5.662416304831770913e-03
5.633628637985139444e-03
5.604951933707373081e-03
5.576410851073097807e-03
5.547930124199154829e-03
5.519590715479646449e-03
5.491356379491713416e-03
5.463226921481438743e-03
5.435252422855534234e-03
5.407423976051838055e-03
5.379733817872769767e-03
5.352171540212087922e-03
5.324729593568927784e-03
5.297395125227879163e-03
5.270199403707526327e-03
5.243146898794241034e-03
5.216199770575795369e-03
5.189334361420113763e-03
5.162557734519784315e-03
5.135906063150313949e-03
5.109322486415107320e-03
5.082926228907606175e-03
5.056613420187341251e-03
5.030342660633581840e-03
5.004183067956364216e-03
4.978117646952500037e-03
4.952169700447233390e-03
4.926319580971221836e-03
4.900555216197396806e-03
4.874906313867658457e-03
4.849344240708511507e-03
4.823847282454162520e-03
4.798443968549614969e-03
4.773113367368590244e-03
4.747897988634646425e-03
4.722795643493830388e-03
4.697795629155864829e-03
4.672889523323635677e-03
4.648070359220648692e-03
4.623259188731035363e-03
4.598573166329934098e-03
4.573949059065729635e-03
4.549388111370390037e-03
4.524905146120057099e-03
4.500450439405273041e-03
4.476066519370781524e-03
4.451699055301182838e-03
4.427376912258434820e-03
4.403089056859263613e-03
4.378880506057442404e-03
4.354711334860376232e-03
4.330654684730232337e-03
4.306625798289374397e-03
4.282674824781692799e-03
4.258771727821480772e-03
4.234954329805742587e-03
4.211173399420110181e-03
4.187433800323872232e-03
4.163729883198357892e-03
4.140079673021144525e-03
4.116456829860060986e-03
4.092876506690081885e-03
4.069336848434832593e-03
4.045855601448048594e-03
4.022390693639696715e-03
3.998998113219934432e-03
3.975610775837021445e-03
3.952283535274638861e-03
3.928947662973693647e-03
3.905654140892464085e-03
3.882350279832476325e-03
3.859080553912821402e-03
3.835810008950537621e-03
3.812555256104189529e-03
3.789306986800832118e-03
3.766091135871306884e-03
3.742900379453664196e-03
3.719730299209070799e-03
3.696560425523327288e-03
3.673385422786959453e-03
3.650246822451585788e-03
3.627114588158953257e-03
3.603979423992100320e-03
3.580857545177676231e-03
3.557782246262521011e-03
3.534749171583752205e-03
3.511712577964674550e-03
3.488723102302668504e-03
3.465794777751402683e-03
3.442913435812293942e-03
3.420087913602262893e-03
3.397288124537189199e-03
3.374537364935880062e-03
3.351793118156536685e-03
3.329075837451174295e-03
3.306371155366932650e-03
3.283705734577321757e-03
3.261098746236420782e-03
3.238526528360801543e-03
3.216012020746608722e-03
3.193531381247940656e-03
3.171134126048638039e-03
3.148763776306364413e-03
3.126453934306056524e-03
3.104137468105624877e-03
3.081839151424797894e-03
3.059572122164172427e-03
3.037314664012680937e-03
3.015105755001502852e-03
2.992939787568481801e-03
2.970808669405524630e-03
2.948698658048541036e-03
2.926606499262225311e-03
2.904534539427733233e-03
2.882481645793241471e-03
2.860443807180244793e-03
2.838424700687682337e-03
2.816461620675220993e-03
2.794540466604995398e-03
2.772686022560366236e-03
2.750853383308884351e-03
2.729038544096124095e-03
2.707245029627592964e-03
2.685462031898127808e-03
2.663689080302755231e-03
2.641954384029665450e-03
2.620241830610020584e-03
2.598554066970302015e-03
2.576899200977777506e-03
2.555264184874856542e-03
2.533641657627782196e-03
2.512006492432692934e-03
2.490386320626374224e-03
2.468783637757647909e-03
2.447196298897888651e-03
2.425631426367291874e-03
2.404065912272977147e-03
2.382494771577622298e-03
2.360934348263990859e-03
2.339380303806941688e-03
2.317838310139824862e-03
2.296311991163891078e-03
2.274797785990143907e-03
2.253301176231727217e-03
2.231838357273396075e-03
2.210381878654626465e-03
2.188916456441198592e-03
2.167475167049524257e-03
2.146065504051172714e-03
2.124689271768174723e-03
2.103355186056094905e-03
2.082049996524318672e-03
2.060793846387549023e-03
2.039600714297731127e-03
2.018463216970183861e-03
1.997385857025461842e-03
1.976332786365880747e-03
1.955335691157524761e-03
1.934405587138038210e-03
1.913540063417802943e-03
1.892744987308651308e-03
1.872040552045251905e-03
1.851399727580502674e-03
1.830841601445640839e-03
1.810369443153751149e-03
1.789992279246294072e-03
1.769723277901457011e-03
1.749565592271387984e-03
1.729544615168983205e-03
1.709653282955538554e-03
1.689886886763930767e-03
1.670276819393966142e-03
1.650774650972889127e-03
1.631414349783128544e-03
1.612212634439012414e-03
1.593155543903337044e-03
1.574259665035039786e-03
1.555525678333522909e-03
1.536948393057098808e-03
1.518535717356927443e-03
1.500278756893055248e-03
1.482182411909764835e-03
1.464255387411691513e-03
1.446501444707431246e-03
1.428932382791842006e-03
1.411535482818811194e-03
1.394329208504434562e-03
1.377309081225799479e-03
1.360459154524351925e-03
1.343794006883263642e-03
1.327315143324937340e-03
1.311022476949290187e-03
1.294925872125352994e-03
1.279010479381571678e-03
1.263294109892424029e-03
1.247753185486065409e-03
1.232406534513713148e-03
1.217247847870831998e-03
