4.334439119516478138e-03
4.334280351233258874e-03
4.334089999966305243e-03
4.333939464480347607e-03
4.334066299517682491e-03
4.334351523998104631e-03
4.334900808364643490e-03
4.335667549721256009e-03
4.336701467626836656e-03
4.337788821969742678e-03
4.339095000265581238e-03
4.340659935153319549e-03
4.342472373714466490e-03
4.344612677184856234e-03
4.347060633812093768e-03
4.349437139117093114e-03
4.352043299924147901e-03
4.354926974118429432e-03
4.357962979379311971e-03
4.361257649600688673e-03
4.364878412298831348e-03
4.368761159082337232e-03
4.372954884512655037e-03
4.377418288858059975e-03
4.382055974265277980e-03
4.386710469164072437e-03
4.391353724627989306e-03
4.396215700124901822e-03
4.401355629265858195e-03
4.406864383931045730e-03
4.412693440186432961e-03
4.418593740365842591e-03
4.424501199096137968e-03
4.430755906791748223e-03
4.437239542575831426e-03
4.443912867241184630e-03
4.450829001308523498e-03
4.458018997380199487e-03
4.465460144715096766e-03
4.473165736569781163e-03
4.481017347679832306e-03
4.488941664919389278e-03
4.497159113855464692e-03
4.505497890409919208e-03
4.514136330548573078e-03
4.523135390952980235e-03
4.532273493999700378e-03
4.541728375438973397e-03
4.551525934405503335e-03
4.561692757360461675e-03
4.572245158097322515e-03
4.582976177644094637e-03
4.594125053050986465e-03
4.605538863531731530e-03
4.617344604160367356e-03
4.629301884219499431e-03
4.641542927151109596e-03
4.653991094599171062e-03
4.666564842173381161e-03
4.679507217538160513e-03
4.692825562273387000e-03
4.706528240920821241e-03
4.720217682584336785e-03
4.734266549824022244e-03
4.748105091839155932e-03
4.762231468206005666e-03
4.776325203398375935e-03
4.790447448428104306e-03
4.804708236738863304e-03
4.819417809743449695e-03
4.834519012125647504e-03
4.849658472243195684e-03
4.865060142342071334e-03
4.880615695421916707e-03
4.896340004010590365e-03
4.912338701295825699e-03
4.928590136000270995e-03
4.945027479706093701e-03
4.961773877591383296e-03
4.978456592949175030e-03
4.995053338330237257e-03
5.011926536361743095e-03
5.028941003026606189e-03
5.046239151116695652e-03
5.063427678611044647e-03
5.080963650492149701e-03
5.098577653905946722e-03
5.116438131822050733e-03
5.134382217017160153e-03
5.152505333090713797e-03
5.170860903204265065e-03
5.189476229047956107e-03
5.208212226645319090e-03
5.227219031910151567e-03
5.246363543095138721e-03
5.265746024702173435e-03
5.285467521957661410e-03
5.305599203002012154e-03
5.326040602793830243e-03
5.346120168431103478e-03
5.366163682891042508e-03
5.385740724340645595e-03
5.405481737084947939e-03
5.425223593866983218e-03
5.445162626909837329e-03
5.465405573342742643e-03
5.485372966084625136e-03
5.505629434475898566e-03
5.526184425722216985e-03
5.547137608266691083e-03
5.568450715358915296e-03
5.589909647298284094e-03
5.611255523958071263e-03
5.632313366272222524e-03
5.653514219099745400e-03
5.674720373636708663e-03
5.695942404698027539e-03
5.717021633605449439e-03
5.738431071985807506e-03
5.759803285594996408e-03
5.781385672393867144e-03
5.802978456642301532e-03
5.824382232191436561e-03
5.845803915847749312e-03
5.867342765180898027e-03
5.889023642204607376e-03
5.910801301269179991e-03
5.932515101947739497e-03
5.954402089047449234e-03
5.976319653081977289e-03
5.998614959802747032e-03
6.021098465011021778e-03
6.043633237665662836e-03
6.066487613178822569e-03
6.089819883075026086e-03
6.113148435755060180e-03
6.136859344179328851e-03
6.160667758758586222e-03
6.184469519188355233e-03
6.208101635360009120e-03
6.231957935986741880e-03
6.255935595667633069e-03
6.279623800079602199e-03
6.303190903002975527e-03
6.326726403821346552e-03
6.350248371250155795e-03
6.373684030468819428e-03
6.397150722311227208e-03
6.420806448053519022e-03
6.444693659301988474e-03
6.468525586026941526e-03
6.492001761291100320e-03
6.515744015345966214e-03
6.539855696361702476e-03
6.563795062428885718e-03
6.587899263443388991e-03
6.612134818375776414e-03
6.636422131256636096e-03
6.660786160017795159e-03
6.685069157051683371e-03
6.709312738396336524e-03
6.733431094657308692e-03
6.757225440295605914e-03
6.781156580736003546e-03
6.805448806899555385e-03
6.829791572862070267e-03
6.854056984096467374e-03
6.878273337066493492e-03
6.902414777634778564e-03
6.926654337070003824e-03
6.950837660075083642e-03
6.975309488624777642e-03
7.000104468275341295e-03
7.024570949416802067e-03
7.049332402261198477e-03
7.074200678826113482e-03
7.099307839477168348e-03
7.124472224213455711e-03
7.149368765494575409e-03
7.174238271640193294e-03
7.199128816896789747e-03
7.223577762691889802e-03
7.247720395533618909e-03
7.272199746328000293e-03
7.296711346960355407e-03
7.321156177473964015e-03
7.345162585930130501e-03
7.368776216615433548e-03
7.391998030685377301e-03
7.414952780076164950e-03
7.437916693750576229e-03
7.460801900386721322e-03
7.483390692235717019e-03
7.505750805975651072e-03
7.527895852832118019e-03
7.549936051797839602e-03
7.571919109970159587e-03
7.593738561372942106e-03
7.615263919144303791e-03
7.636650909025507680e-03
7.657957848755212772e-03
7.679266649742960520e-03
7.700530357843318047e-03
7.721820105837935537e-03
7.742977446530220631e-03
7.763703670321001234e-03
7.784408124183839900e-03
7.805369597772700632e-03
7.826102654922902080e-03
7.846798456879371456e-03
7.867538583547051267e-03
7.888213985604077341e-03
7.908661484846738268e-03
7.929105536025864848e-03
7.949307224398939609e-03
7.969686825108211053e-03
7.990105702981439503e-03
8.010756277422238780e-03
8.031597424141719704e-03
8.052109418851571485e-03
8.072607513438400176e-03
8.093054519736835734e-03
8.113094462754296202e-03
8.133084151284983299e-03
8.153179228869491049e-03
8.173485818028559252e-03
8.193882859880766839e-03
8.214488119824911103e-03
8.235000826802013271e-03
8.255372769806956432e-03
8.276054211534881327e-03
8.296824020802395783e-03
8.317722166672404660e-03
8.338423789756141749e-03
8.359277054371713755e-03
8.380278121197022589e-03
8.401617262130170113e-03
8.422880856230356358e-03
8.443778912729219335e-03
8.464849320652532289e-03
8.485556825189062916e-03
8.506213878102696774e-03
8.526661827266726959e-03
8.546910088606902642e-03
8.566919356381286557e-03
8.586657420137555966e-03
8.605992424336291607e-03
8.625351975047821848e-03
8.644416462658833372e-03
8.663235707582518652e-03
8.681678215297318132e-03
8.700014343341491360e-03
8.718188504992344795e-03
8.736426315162896042e-03
8.754733039580308435e-03
8.773225656553768764e-03
8.791730081793866156e-03
8.810207745467696708e-03
8.828834612088104841e-03
8.847666886025933736e-03
8.866642807142633212e-03
8.885604787919294117e-03
8.904487066676246981e-03
8.923241459167756059e-03
8.941837239178011820e-03
8.960648797715468211e-03
8.979451711465070290e-03
8.997996466266333995e-03
9.016521974471624484e-03
9.034932204705746137e-03
9.053070418371762448e-03
9.070943522924012833e-03
9.088940684811603471e-03
9.107079003021077007e-03
9.125085026161753113e-03
9.142862591295793442e-03
9.160298824639789492e-03
9.177330749464479229e-03
9.194158263979628973e-03
9.210992352989635229e-03
9.227664402758444656e-03
9.244405756629761259e-03
9.261115177878712079e-03
9.277888968799769334e-03
9.294851567179166288e-03
9.311782979912711089e-03
9.328543842466084646e-03
9.345260763824775330e-03
9.361897561872332615e-03
9.378519252143269896e-03
9.394742606901160600e-03
9.410536573309827291e-03
9.426211708932498087e-03
9.442171254718960405e-03
9.458233725617519114e-03
9.474518710302278282e-03
9.491043148970115112e-03
9.507482168774632550e-03
9.523803959095474003e-03
9.540371213401146328e-03
9.556844860679852144e-03
9.573368882732660040e-03
9.589727628126451173e-03
9.605975337664851912e-03
9.621768892134886092e-03
9.637421305143587663e-03
9.653091109569536532e-03
9.668898632957593012e-03
9.684879880240715791e-03
9.700642082273397068e-03
9.716090378962063262e-03
9.731430160165584903e-03
9.746558904500820381e-03
9.761889882334662955e-03
9.776952742780380817e-03
9.792009263174623543e-03
9.807086956944403508e-03
9.822225818820850066e-03
9.837093999396471708e-03
9.851783919867827116e-03
9.866551846177667312e-03
9.881397670561020002e-03
9.895991332280357558e-03
9.910699626835890730e-03
9.925460701184642132e-03
9.940504529421217983e-03
9.955762914398286201e-03
9.971103711003518472e-03
9.985972385094923909e-03
1.000029447907636870e-02
1.001487322028281682e-02
1.002922501853140136e-02
1.004352581090010507e-02
1.005784444590642271e-02
1.007217331567564211e-02
1.008628360669102178e-02
1.010063023128551091e-02
1.011488038180587135e-02
1.012920361729587049e-02
1.014352841745641207e-02
1.015751126610035977e-02
1.017168147158423706e-02
1.018560267902600229e-02
1.019966984337117299e-02
1.021330167919956393e-02
1.022657842153624520e-02
1.023982285313787023e-02
1.025306551441139760e-02
1.026634147537406824e-02
1.027969873415100939e-02
1.029306094201106435e-02
1.030610935431851456e-02
1.031906567423209083e-02
1.033190899576224946e-02
1.034474619204344380e-02
1.035765643188218087e-02
1.037040910207624039e-02
1.038337207998434042e-02
1.039634726583515793e-02
1.040935839956689223e-02
1.042216206150772297e-02
1.043515295854627496e-02
1.044819774264498305e-02
1.046137380240986202e-02
1.047480075171559888e-02
1.048804770571391126e-02
1.050149322151158922e-02
1.051460288812729703e-02
1.052753195903813679e-02
1.054063841764536769e-02
1.055372410728149836e-02
1.056646671464819311e-02
1.057916042274802126e-02
1.059192036998767537e-02
1.060449304814778566e-02
1.061699856228062733e-02
1.062957908655191158e-02
1.064175964262400673e-02
1.065353556625834967e-02
1.066555462539544100e-02
1.067728118633195535e-02
1.068889110846571802e-02
1.070068339938632165e-02
1.071235873018372767e-02
1.072388395762025569e-02
1.073534582621391183e-02
1.074685074177118491e-02
1.075850886612883181e-02
1.077041295349485256e-02
1.078257739937861157e-02
1.079498008410961774e-02
1.080758505830011450e-02
1.081991313532263549e-02
1.083173678782554765e-02
1.084338647076665829e-02
1.085505617211712098e-02
1.086676449131149767e-02
1.087872777485140822e-02
1.089091701005689625e-02
1.090342265362202051e-02
1.091624633469964051e-02
1.092933682044873456e-02
1.094260280665618895e-02
1.095615847421039027e-02
1.096960439940066444e-02
1.098330026014677011e-02
1.099681765383205174e-02
1.101064083094666253e-02
1.102438661950721696e-02
1.103815684915378931e-02
1.105159997048022445e-02
1.106458585603174380e-02
1.107765772582300356e-02
1.109091551456597644e-02
1.110448320305896727e-02
1.111777528730388542e-02
1.113083253982063460e-02
1.114376296704254130e-02
1.115670738630465501e-02
1.116983028785186252e-02
1.118311489256318750e-02
1.119596844251713290e-02
1.120875806456262530e-02
1.122178177650381276e-02
1.123477992258153750e-02
1.124807161354145213e-02
1.126166217793032193e-02
1.127544951352607225e-02
1.128947239337704626e-02
1.130320302783867185e-02
1.131590043120158338e-02
1.132837807915118046e-02
1.134106967663707499e-02
1.135355160538664525e-02
1.136600448718865820e-02
1.137813880208403232e-02
1.139001723816440020e-02
1.140174194563686565e-02
1.141368867039204912e-02
1.142563799387311466e-02
1.143791159829859148e-02
1.145022253640333443e-02
1.146250762125402417e-02
1.147431942589680239e-02
1.148617936680028546e-02
1.149829507514258178e-02
1.151022249406742637e-02
1.152185574264195586e-02
1.153354157260056377e-02
1.154547171116213598e-02
1.155723031331734943e-02
1.156902117975540899e-02
1.158084584368509334e-02
1.159306626240607513e-02
1.160545586185028968e-02
1.161688228956242637e-02
1.162845916193449430e-02
1.164003662205174983e-02
1.165178084402578897e-02
1.166286454401733834e-02
1.167365944439682952e-02
1.168464229421969577e-02
1.169564228327210111e-02
1.170652167565298940e-02
1.171719738939863698e-02
1.172790501241064397e-02
1.173872010458990381e-02
1.174951098087764940e-02
1.176048760994912769e-02
1.177154180431649530e-02
1.178263780476548547e-02
1.179358610960061504e-02
1.180462941170363697e-02
1.181541987496159164e-02
1.182581556466627895e-02
1.183611845274949552e-02
1.184610959923169775e-02
1.185631695683382093e-02
1.186669081716836341e-02
1.187715877768193672e-02
1.188771649971714570e-02
1.189846117195356850e-02
1.190934660795430963e-02
1.192014279065387213e-02
1.193056207605588601e-02
1.194105790108998533e-02
1.195160105365385313e-02
1.196231128604353586e-02
1.197318097588748360e-02
1.198424915772258043e-02
1.199524875860803926e-02
1.200618823271656574e-02
1.201719246310534520e-02
1.202824821466101993e-02
1.203951333301364092e-02
1.205084741544273225e-02
1.206234848201335336e-02
1.207401452525211014e-02
1.208549659970070515e-02
1.209724990866791437e-02
