1.137807463089484349e-02
1.135404624400789854e-02
1.132993482425944699e-02
1.130575767764453732e-02
1.128147199995654937e-02
1.125717647606231178e-02
1.123279301532471332e-02
1.120838470982410927e-02
1.118388199763266713e-02
1.115938106122511819e-02
1.113484470516171686e-02
1.111028579015825753e-02
1.108570420605961039e-02
1.106114459520824919e-02
1.103653631948146689e-02
1.101185524617567281e-02
1.098722962288586555e-02
1.096263928706575110e-02
1.093807617203409500e-02
1.091348973944683727e-02
1.088892568872006257e-02
1.086437976744992345e-02
1.083989632741875000e-02
1.081550104391768886e-02
1.079109336734054847e-02
1.076667000176258736e-02
1.074228293084635369e-02
1.071790501652366417e-02
1.069353520296795028e-02
1.066918259647550542e-02
1.064494168728879857e-02
1.062083500899142080e-02
1.059686181876365665e-02
1.057305874131695723e-02
1.054931800627218960e-02
1.052567325251315376e-02
1.050229551438292518e-02
1.047914109562613633e-02
1.045629353290815182e-02
1.043376923560280188e-02
1.041162476234396700e-02
1.038971558751762211e-02
1.036816452910986446e-02
1.034694858049354897e-02
1.032596753998643764e-02
1.030533539653672934e-02
1.028503126140560726e-02
1.026511959197357222e-02
1.024561972192149402e-02
1.022647727119306398e-02
1.020782119611725672e-02
1.018954061869312318e-02
1.017159706900679951e-02
1.015414892977247602e-02
1.013734158498286186e-02
1.012107315818200522e-02
1.010534855480664171e-02
1.009027307859226494e-02
1.007584680519259084e-02
1.006205166376182916e-02
1.004885637855555680e-02
1.003639752822233465e-02
1.002458940832689702e-02
1.001346196817958292e-02
1.000291852233316410e-02
9.992844731837084715e-03
9.983313019742907565e-03
9.974519703283160274e-03
9.966161302154292329e-03
9.958467368016242841e-03
9.951229153149223142e-03
9.944450868804783836e-03
9.938179340891129671e-03
9.932433633728657285e-03
9.927215947094603782e-03
9.922396307491646722e-03
9.917992126913169684e-03
9.913854939516792211e-03
9.910005799066191196e-03
9.906431270791837135e-03
9.903183373273373447e-03
9.900099522105699698e-03
9.897303815984224290e-03
9.894832915368858076e-03
9.892504141063998904e-03
9.890307607373825804e-03
9.888219678747724867e-03
9.886331407340950839e-03
9.884627307004402799e-03
9.883010125719347491e-03
9.881582970769483762e-03
9.880206056536973772e-03
9.878914633911696497e-03
9.877684193999885023e-03
9.876539189162859139e-03
9.875435857883531690e-03
9.874344303642893991e-03
9.873286501766631931e-03
9.872303438693818059e-03
9.871430693701327766e-03
9.870628795502782785e-03
9.869889679911023062e-03
9.869180336134349488e-03
9.868498516176668969e-03
9.867824099475345362e-03
9.867117923594048365e-03
9.866336057834036027e-03
9.865613794730719241e-03
9.864940615508011740e-03
9.864252027452634353e-03
9.863538317375861522e-03
9.862844657611851210e-03
9.862052663399040187e-03
9.861266449213158466e-03
9.860448844970922180e-03
9.859644025790771302e-03
9.858830776209600785e-03
9.858006469131390739e-03
9.857157046682657811e-03
9.856266060831359727e-03
9.855281775660080026e-03
9.854230079287991384e-03
9.853159004757297210e-03
9.852027278809899827e-03
9.850855097662149576e-03
9.849579148299902540e-03
9.848239594116322063e-03
9.846810957268145939e-03
9.845289973837975661e-03
9.843722644194030647e-03
9.842059479999304417e-03
9.840327100969334731e-03
9.838557367294270897e-03
9.836715990382861874e-03
9.834800602107569845e-03
9.832814584854522935e-03
9.830752178965097843e-03
9.828615839859583536e-03
9.826353135356976840e-03
9.824053289037310704e-03
9.821671270728899936e-03
9.819213365925250417e-03
9.816691311344117807e-03
9.814113180317610846e-03
9.811421998116420101e-03
9.808676594648584393e-03
9.805826288991889572e-03
9.802961062926234329e-03
9.800018878742943612e-03
9.797034543385919197e-03
9.793959755699523442e-03
9.790771002342990581e-03
9.787520530519833867e-03
9.784174718389120409e-03
9.780720163604332898e-03
9.777154112287128954e-03
9.773501196372475983e-03
9.769762172397522884e-03
9.765955764656627722e-03
9.762029844415005125e-03
9.757976496714530421e-03
9.753802485911781950e-03
9.749557947972815539e-03
9.745199191214746690e-03
9.740765617089757952e-03
9.736257350301773597e-03
9.731636778068576688e-03
9.726890108551726824e-03
9.722049769759917234e-03
9.717098309794502953e-03
9.712012388653179853e-03
9.706821421082124923e-03
9.701481760707543478e-03
9.696080219335555944e-03
9.690572650113946779e-03
9.684989955922401750e-03
9.679325025311751735e-03
9.673546808667356917e-03
9.667644222720032932e-03
9.661608833743324729e-03
9.655418368369160509e-03
9.649094095683334940e-03
9.642629021458366118e-03
9.635986851863884151e-03
9.629266606804598796e-03
9.622445189450854613e-03
9.615516482659448166e-03
9.608489740292981002e-03
9.601339588843809184e-03
9.594036449787927620e-03
9.586620480698989852e-03
9.579041830351565229e-03
9.571381757485985728e-03
9.563564178159133372e-03
9.555627267152245335e-03
9.547679235049314969e-03
9.539629404638223092e-03
9.531500985813515930e-03
9.523305818381525012e-03
9.514999703945745124e-03
9.506635038523038317e-03
9.498169216186026428e-03
9.489519123015649829e-03
9.480764447729822866e-03
9.471862097640178224e-03
9.462864989194626902e-03
9.453761959729150080e-03
9.444561477055943982e-03
9.435242564727761017e-03
9.425864856992960047e-03
9.416384258543611732e-03
9.406798908797158257e-03
9.397098030009026076e-03
9.387283169339247224e-03
9.377342727244388290e-03
9.367315470849331069e-03
9.357206425722259385e-03
9.346954602914511051e-03
9.336603236445568596e-03
9.326130682702184899e-03
9.315608765741398636e-03
9.304966308719546039e-03
9.294259776326882147e-03
9.283439670250087303e-03
9.272481287472952513e-03
9.261371819655328866e-03
9.250204316293669793e-03
9.238932717577547776e-03
9.227581988817096237e-03
9.216124493128426132e-03
9.204573638677568045e-03
9.192904935692025603e-03
9.181159139492928861e-03
9.169291739923963666e-03
9.157318055615289512e-03
9.145273002003226348e-03
9.133094779147915912e-03
9.120875351205984943e-03
9.108533908786912298e-03
9.096134343531054808e-03
9.083656496633236987e-03
9.071069495974075358e-03
9.058421548349904207e-03
9.045688376400583958e-03
9.032886756129477127e-03
9.019948579656518819e-03
9.006912474438195926e-03
8.993784247104943605e-03
8.980545177934879872e-03
8.967227857051797077e-03
8.953785817694794383e-03
8.940248382329147106e-03
8.926608461121032789e-03
8.912862013247596291e-03
8.899033040473305900e-03
8.885095815131371227e-03
8.871044616637064131e-03
8.856916307886333883e-03
8.842712438117609000e-03
8.828442178057546719e-03
8.814111271153253838e-03
8.799728752619790859e-03
8.785247178433158374e-03
8.770713391544435189e-03
8.756070935992635307e-03
8.741333457296926457e-03
8.726530319074880804e-03
8.711608177975482467e-03
8.696611469748373804e-03
8.681534966389334307e-03
8.666416679733139269e-03
8.651187470182583258e-03
8.635883280318645480e-03
8.620470329926405509e-03
8.604950160346380370e-03
8.589304818370148420e-03
8.573595536534703646e-03
8.557789156066357428e-03
8.541896998003112654e-03
8.525893848042665271e-03
8.509806992650874660e-03
8.493632923906325669e-03
8.477393065111997125e-03
8.461087202608496768e-03
8.444673859870327481e-03
8.428218880154275325e-03
8.411667576632376672e-03
8.395084459476459190e-03
8.378374532977475586e-03
8.361622262845036513e-03
8.344820662333893649e-03
8.327947569062474700e-03
8.310974396734343780e-03
8.293906523414109125e-03
8.276772351667760833e-03
8.259566214117580740e-03
8.242307823544372386e-03
8.224983931818809560e-03
8.207560577905285287e-03
8.190111678808377482e-03
8.172554626906962383e-03
8.154962239732683332e-03
8.137312755619246704e-03
8.119572040608261793e-03
8.101793157051234359e-03
8.083966979114922541e-03
8.066072995913400878e-03
8.048117422274616781e-03
8.030082102969791566e-03
8.011980979482073717e-03
7.993863540148473182e-03
7.975647805439968832e-03
7.957358842508229294e-03
7.939019483394909454e-03
7.920614752197796538e-03
7.902199122293307801e-03
7.883727368140275304e-03
7.865188247056328907e-03
7.846539806978337916e-03
7.827817629261579410e-03
7.809059966835084354e-03
7.790249473382868453e-03
7.771371544620421686e-03
7.752501303854957872e-03
7.733605169566480815e-03
7.714700019807736731e-03
7.695752948330481999e-03
7.676749231757956649e-03
7.657717339580588124e-03
7.638670481685164160e-03
7.619586093519954174e-03
7.600444165300969564e-03
7.581214367578741932e-03
7.561954885542017391e-03
7.542677224998446325e-03
7.523365538365384131e-03
7.504049218565823909e-03
7.484667618963377483e-03
7.465268005878945498e-03
7.445830152543713408e-03
7.426358221366861564e-03
7.406852218999265131e-03
7.387339734521641138e-03
7.367793836666478371e-03
7.348239140118038165e-03
7.328692338159417501e-03
7.309119598200050465e-03
7.289496428389040730e-03
7.269825498221746569e-03
7.250111054490337645e-03
7.230355801191590444e-03
7.210609502673866709e-03
7.190834753786984335e-03
7.171061135756863492e-03
7.151266022926847793e-03
7.131419287036465729e-03
7.111605519122769954e-03
7.091750833149322066e-03
7.071903604678435838e-03
7.052047512668231308e-03
7.032192393556483019e-03
7.012323572185281788e-03
6.992456332059850295e-03
6.972588947070026619e-03
6.952731491422400358e-03
6.932834780434023528e-03
6.912943513187658554e-03
6.893022656817458446e-03
6.873097631802880733e-03
6.853135484300351341e-03
6.833162720752675688e-03
6.813204144562722692e-03
6.793244590278316175e-03
6.773270063832819744e-03
6.753292316284935891e-03
6.733295387610649559e-03
6.713283467654003640e-03
6.693242110296631492e-03
6.673195850827961725e-03
6.653150696028229880e-03
6.633092712312199830e-03
6.613018054953940725e-03
6.592950741305912687e-03
6.572868586851595037e-03
6.552786876135411297e-03
6.532686433642633309e-03
6.512567161792440044e-03
6.492487642332060715e-03
6.472431619169573963e-03
6.452417412662540645e-03
6.432424558585086993e-03
6.412430812978489429e-03
6.392459084473392332e-03
6.372489859399592567e-03
6.352532411572321507e-03
6.332646822407426816e-03
6.312724907300902404e-03
6.292835281158191442e-03
6.272977258523386619e-03
6.253151150844540179e-03
6.233352679322140370e-03
6.213559752240172505e-03
6.193774979755707968e-03
6.173992853280695775e-03
6.154231045855403266e-03
6.134460969001075993e-03
6.114718450467162593e-03
6.094987520876851694e-03
6.075280309869180405e-03
6.055611983000242643e-03
6.035950793352620573e-03
6.016327597873386349e-03
5.996691848969609197e-03
5.977061646065062218e-03
5.957481246790613701e-03
5.937941378058471213e-03
5.918418685629295468e-03
5.898912916146279578e-03
5.879449604089053219e-03
5.860023470948303587e-03
5.840601609852270198e-03
5.821217287235697958e-03
5.801862738096930441e-03
5.782524106063246551e-03
5.763234005160025077e-03
5.743947566707163950e-03
5.724669138403093611e-03
5.705430602780752446e-03
5.686207507322941015e-03
5.667010917684415540e-03
5.647828650239730686e-03
5.628691882788768204e-03
5.609578902819364020e-03
5.590486359329210030e-03
5.571423121833020929e-03
5.552388434261290237e-03
5.533363359075949006e-03
5.514364299207787784e-03
5.495385740509037102e-03
5.476470291920756440e-03
5.457585066419890461e-03
5.438711509777057092e-03
5.419832500455098664e-03
5.400982945992415830e-03
5.382184290683812884e-03
5.363434392167816707e-03
5.344752938700126667e-03
5.326106206754149981e-03
5.307494874303559512e-03
5.288928699430497059e-03
5.270391773551313420e-03
5.251899382977071040e-03
5.233420262043582058e-03
5.214967677689679587e-03
5.196566596888215622e-03
5.178186160249996853e-03
5.159863391227275178e-03
5.141563592719521937e-03
5.123297174854526438e-03
5.105078475933721993e-03
5.086902103707423642e-03
5.068771875778461597e-03
5.050693163196849460e-03
5.032661442847303872e-03
5.014680085476920339e-03
4.996753695830094544e-03
4.978877144470665941e-03
4.961011713635720376e-03
4.943208501719839436e-03
4.925427912446936167e-03
4.907661199681241822e-03
4.889943791729944519e-03
4.872246482310260522e-03
4.854595774851316534e-03
4.836995791986938020e-03
4.819448925902128887e-03
4.801936240227917992e-03
4.784461168816783738e-03
4.767007228719581657e-03
4.749593845274570694e-03
4.732227364482638823e-03
4.714889633505165746e-03
4.697618850167638305e-03
4.680401463829791248e-03
4.663217841001732547e-03
4.646086653134532361e-03
4.629001958112138881e-03
4.611941694225416347e-03
4.594948255768792171e-03
4.577999399718821541e-03
4.561089856061647727e-03
4.544235622830005220e-03
4.527431207699313641e-03
4.510649363537409633e-03
4.493898087451132783e-03
4.477201391051366733e-03
4.460548287558587996e-03
4.443927856312332100e-03
4.427365121571316328e-03
4.410847310626938959e-03
