1.152397942214332567e-02
1.151433145360022600e-02
1.150540972728652210e-02
1.149838678680578652e-02
1.149190903280158764e-02
1.148645779663330299e-02
1.148192603584559900e-02
1.147859204219307469e-02
1.147623783902186265e-02
1.147443363150319265e-02
1.147319565112588612e-02
1.147214545930205429e-02
1.147113390399022784e-02
1.147008046882677830e-02
1.146991430363020724e-02
1.147064003798825560e-02
1.147146815034551237e-02
1.147179225237750753e-02
1.147252317712723658e-02
1.147393102331606060e-02
1.147542777486228356e-02
1.147677756277153301e-02
1.147743893678453662e-02
1.147871546668474511e-02
1.148008985245288494e-02
1.148171027093924067e-02
1.148317520391535333e-02
1.148446288419425684e-02
1.148496985816349798e-02
1.148448420727287908e-02
1.148392131122177862e-02
1.148410714828061382e-02
1.148438412406619855e-02
1.148503811128768690e-02
1.148631294153185621e-02
1.148783304375483420e-02
1.148978989216219333e-02
1.149242206811387952e-02
1.149546753460106534e-02
1.149836013934858563e-02
1.150087425466863635e-02
1.150366546700662233e-02
1.150510648056190730e-02
1.150686378982314177e-02
1.150921735248382032e-02
1.151168754934834247e-02
1.151477352896461415e-02
1.151823009793353711e-02
1.152199993414761842e-02
1.152556723095281115e-02
1.152870048403756807e-02
1.153129577704012886e-02
1.153406257897130437e-02
1.153671387897455165e-02
1.153923923401846408e-02
1.154112681787811123e-02
1.154335063919579261e-02
1.154602555184496698e-02
1.154878214325260645e-02
1.155108249351780893e-02
1.155314810686320845e-02
1.155465846822880706e-02
1.155592862057545564e-02
1.155695176285636422e-02
1.155825017385278194e-02
1.155935972802312611e-02
1.156035234139333664e-02
1.156129356164570070e-02
1.156263363456713940e-02
1.156372501845985903e-02
1.156457506682202242e-02
1.156525750188602125e-02
1.156486817029015249e-02
1.156402699664516552e-02
1.156261967750903639e-02
1.156055851701603965e-02
1.155836453468459153e-02
1.155583012515500052e-02
1.155307006176926714e-02
1.154999830994526792e-02
1.154661722150809519e-02
1.154351943151111018e-02
1.153985919542986106e-02
1.153574987602309747e-02
1.153143772210404872e-02
1.152698735875379646e-02
1.152288669885251533e-02
1.151897937861061025e-02
1.151479471205333650e-02
1.151065446318297152e-02
1.150603283898372908e-02
1.150104358300299036e-02
1.149589813488891346e-02
1.149090863890508095e-02
1.148581052716677285e-02
1.148020662064200281e-02
1.147444848052397819e-02
1.146892146399056990e-02
1.146344113157295175e-02
1.145818924851624461e-02
1.145303730890039583e-02
1.144758883310706930e-02
1.144192763424137227e-02
1.143613291173991089e-02
1.143021339917709919e-02
1.142411664260088895e-02
1.141753397727297142e-02
1.141056543134194752e-02
1.140359437393883082e-02
1.139572531966388282e-02
1.138754304282610201e-02
1.137906860029370450e-02
1.137052770943090471e-02
1.136165873293418400e-02
1.135240418356727073e-02
1.134311894783796362e-02
1.133406748613879737e-02
1.132521192122443003e-02
1.131616721372364492e-02
1.130724995655666386e-02
1.129848353260567810e-02
1.128926984937738201e-02
1.127991561753855128e-02
1.127027632828469204e-02
1.126019119353231096e-02
1.125015562351091257e-02
1.123919557754488215e-02
1.122785843652312175e-02
1.121582827904305489e-02
1.120354436672960086e-02
1.119111061480465054e-02
1.117861041614706848e-02
1.116591175944195262e-02
1.115291586837326154e-02
1.113994622506458282e-02
1.112696868663352184e-02
1.111352660722144357e-02
1.109960673025557273e-02
1.108547798411418581e-02
1.107112629966152534e-02
1.105642200078059585e-02
1.104169468350366112e-02
1.102687513065751454e-02
1.101183323845564277e-02
1.099665126804982331e-02
1.098083374105205713e-02
1.096470085559900741e-02
1.094800057144531928e-02
1.093100335287996473e-02
1.091415722340747033e-02
1.089740695355612306e-02
1.088035755494569032e-02
1.086305829352435248e-02
1.084521524697384075e-02
1.082677893786890798e-02
1.080812862576169785e-02
1.078906112740410199e-02
1.076977854979739926e-02
1.075032512932068071e-02
1.073072895236343131e-02
1.071089461790318727e-02
1.069102557826275522e-02
1.067102008987414613e-02
1.065090781832018531e-02
1.063059569415210348e-02
1.061036006046168177e-02
1.058999679305773836e-02
1.056912355905990399e-02
1.054785315451903759e-02
1.052637602041024342e-02
1.050473782468768977e-02
1.048301543025211176e-02
1.046107922727443698e-02
1.043901419389320524e-02
1.041687405258515803e-02
1.039461911123418063e-02
1.037250940740027695e-02
1.035036327957640327e-02
1.032808934610347264e-02
1.030564669700164207e-02
1.028288059964113307e-02
1.025991838504266770e-02
1.023690001798158340e-02
1.021387869548944297e-02
1.019059654751633577e-02
1.016719062596175595e-02
1.014378518550452558e-02
1.012004444212177140e-02
1.009618850821692414e-02
1.007228875917244755e-02
1.004821490110629004e-02
1.002364934871479048e-02
9.999128331887881249e-03
9.974702391255691261e-03
9.950350159320320992e-03
9.925956525422146431e-03
9.901633725691404500e-03
9.877208149974074994e-03
9.852471041717870276e-03
9.827768863498616975e-03
9.803053110633638476e-03
9.778084369877400664e-03
9.753236907065343173e-03
9.728112365642168149e-03
9.703096327077446320e-03
9.678051974174858851e-03
9.652993557319522466e-03
9.627775008310345342e-03
9.602583919936747911e-03
9.577540294785481453e-03
9.552366792211306606e-03
9.526982478016129963e-03
9.501686043560013742e-03
9.476271934531585450e-03
9.450779035069445042e-03
9.425356606314758134e-03
9.400011330735171672e-03
9.374719957231960471e-03
9.349234719319154258e-03
9.323713798729251975e-03
9.298260848273313603e-03
9.272726032080959649e-03
9.247224045651666544e-03
9.221602412457487186e-03
9.195996187732206201e-03
9.170023535020993891e-03
9.144166343023714047e-03
9.118280030685533416e-03
9.092295009111630091e-03
9.066298281788152252e-03
9.040451789959170689e-03
9.014824756461533445e-03
8.989165055575738805e-03
8.963542196334141343e-03
8.937689081427759030e-03
8.911881973124639866e-03
8.885983348975813600e-03
8.860060234223213205e-03
8.834167686428997385e-03
8.808405170118997068e-03
8.782533479419908640e-03
8.756693992366259768e-03
8.730997720287904731e-03
8.705640640026964319e-03
8.680376436339390031e-03
8.655228462061523645e-03
8.629824472236983374e-03
8.604489657809841208e-03
8.579331561626164782e-03
8.554254191696791104e-03
8.529387724006607524e-03
8.504759456400610637e-03
8.480010901519197467e-03
8.455218933200673442e-03
8.430248690593503819e-03
8.405453664586705342e-03
8.380902690291843621e-03
8.356400580918120838e-03
8.331901143248044567e-03
8.307516827564863024e-03
8.283146589188142631e-03
8.258755826389994198e-03
8.234525234222044021e-03
8.210297645028520261e-03
8.186054390943655820e-03
8.161978764368004943e-03
8.137751667651065002e-03
8.113559190172522917e-03
8.089435109263406337e-03
8.065411367262471931e-03
8.041255768761364220e-03
8.016933559659586428e-03
7.992723994184101552e-03
7.968607497637785961e-03
7.944367097843896969e-03
7.920109474099807853e-03
7.895733186101878964e-03
7.871397780986669895e-03
7.847098886088995848e-03
7.822941738895044031e-03
7.798945446254376170e-03
7.774644819427029528e-03
7.750286662028794960e-03
7.725773788991690573e-03
7.701347848255580240e-03
7.676883853051665561e-03
7.652404233485184115e-03
7.627821370708074387e-03
7.603060066591018316e-03
7.578306571563627088e-03
7.553300288119295554e-03
7.528348692697825993e-03
7.503334115013602333e-03
7.478339849598254242e-03
7.453504950420831131e-03
7.428739878790368775e-03
7.404098733659567576e-03
7.379602866470695403e-03
7.355079000938506695e-03
7.330684265904676387e-03
7.306307478818259947e-03
7.281792824255691084e-03
7.257228924645842648e-03
7.232692934670654009e-03
7.208279722879819100e-03
7.183914280849863776e-03
7.159468857619595561e-03
7.135194428488832175e-03
7.110836865551609272e-03
7.086467464652673916e-03
7.062141650555282466e-03
7.037938447772806340e-03
7.013843628327864205e-03
6.989981005278514750e-03
6.966090205104586396e-03
6.942009356746939135e-03
6.918165270507327901e-03
6.894291705480975162e-03
6.870528922134407773e-03
6.846914216839489024e-03
6.823366429372259949e-03
6.799992070913613885e-03
6.776782765230827781e-03
6.753790957273889464e-03
6.730942469095502201e-03
6.708063623188533116e-03
6.685407879019928008e-03
6.662902340092127264e-03
6.640382829258661967e-03
6.617858267539536432e-03
6.595517397013728710e-03
6.573354159694475528e-03
6.551242124858439216e-03
6.528998947036519784e-03
6.506711233169377995e-03
6.484566039754610829e-03
6.462513379743598137e-03
6.440592794191834884e-03
6.418957055734138099e-03
6.397328295669097581e-03
6.375764167823140711e-03
6.354154615539903649e-03
6.332565855323893378e-03
6.311065341820720417e-03
6.289698298246189714e-03
6.268537275667991279e-03
6.247505525055659960e-03
6.226468976667665772e-03
6.205573145188544165e-03
6.184888114879977423e-03
6.164367212083119753e-03
6.143559872502936912e-03
6.122622968545667586e-03
6.101821136637724900e-03
6.081078199905838588e-03
6.060490774787583891e-03
6.039733026009300870e-03
6.018976229235068094e-03
5.998382174726276002e-03
5.978007570001411981e-03
5.957759544137756526e-03
5.937708198004697582e-03
5.917500806180974425e-03
5.897369978507652037e-03
5.877206006667994552e-03
5.857153772103906343e-03
5.837236736715703186e-03
5.817419907906630841e-03
5.797673977916183510e-03
5.777988224369669940e-03
5.758475294952754807e-03
5.739238376155264727e-03
5.720114417712551282e-03
5.701198217411324390e-03
5.682418893475829624e-03
5.663826739752322176e-03
5.645209820881556297e-03
5.626633138569953063e-03
5.608209956663969681e-03
5.589958852826869794e-03
5.571806410169019737e-03
5.553809255274760361e-03
5.535896233205038833e-03
5.517972626298662565e-03
5.500052975319033068e-03
5.481979384092648851e-03
5.463835393857073043e-03
5.445714785188452388e-03
5.427544189416004874e-03
5.409591239442323660e-03
5.391749398155245253e-03
5.374020764023049873e-03
5.355929203142975256e-03
5.337765001960461698e-03
5.319499922184304716e-03
5.301159545525660835e-03
5.283103659941119912e-03
5.265170738206890154e-03
5.247410592428872547e-03
5.229749093781427619e-03
5.212131889477667791e-03
5.194602274511954387e-03
5.177159926229118331e-03
5.159835599387110894e-03
5.142607446735145832e-03
5.125624664324785786e-03
5.108769096915035009e-03
5.091785067998016653e-03
5.074845457407663532e-03
5.058059211522978119e-03
5.041214988448743453e-03
5.024497389541562366e-03
5.007909531717578445e-03
4.991452312528418464e-03
4.975148660601121098e-03
4.958931291879523778e-03
4.942921390604498692e-03
4.927034680095462860e-03
4.911124430533677504e-03
4.895240218193359569e-03
4.879406610241296925e-03
4.863795165932581661e-03
4.848274070182384717e-03
4.832890241715495118e-03
4.817337288910712723e-03
4.801804350821174856e-03
4.786368563934713209e-03
4.771161053635770630e-03
4.756178354256142445e-03
4.740942046933958182e-03
4.725757550781667371e-03
4.710675060689388516e-03
4.695825521474178768e-03
4.681149973872231890e-03
4.666578563979891653e-03
4.652123198786065061e-03
4.637881320057219391e-03
4.623758160788054260e-03
4.609812627374732484e-03
4.595979394155041975e-03
4.582259167797547543e-03
4.568551244998806521e-03
4.554867649191641187e-03
4.541356171081766674e-03
4.527945321163138852e-03
4.514672523634015444e-03
4.501342528453701995e-03
4.488104537572840981e-03
4.474996328348606299e-03
4.462058933325472980e-03
4.449244023977238366e-03
4.436519920226592723e-03
4.423814662790110860e-03
4.411265681078379609e-03
4.398757219891099787e-03
4.386425459319055233e-03
4.374202630871931730e-03
4.362070138504003415e-03
4.350058952299388181e-03
4.337967701052992432e-03
4.325945788993991112e-03
4.314098123981023082e-03
4.302341252578317093e-03
4.290763445127506424e-03
4.279275048866825436e-03
4.268001678005238324e-03
4.256865965912036420e-03
4.245904182094519148e-03
4.235067142503163261e-03
4.224422160680601016e-03
4.213827555163140136e-03
4.203279894150732492e-03
4.192975710375976620e-03
4.182863445274801611e-03
4.173014466908190126e-03
4.163394214559688541e-03
4.153764272269300749e-03
4.143933063982200432e-03
4.134089728134501991e-03
4.124581838269080446e-03
4.115238212422729809e-03
4.105987782267577282e-03
4.096882041548847303e-03
4.087911995712221504e-03
4.079046568520582408e-03
4.070019410998911361e-03
4.061072818618700377e-03
4.052093029903533310e-03
4.043260366182964069e-03
4.034680969439577783e-03
4.026294962327255783e-03
4.018053582049338143e-03
4.009924549999202212e-03
4.001893256618042211e-03
3.993799073518078911e-03
3.985791512852995995e-03
3.977888609393691495e-03
3.970176353838035001e-03
3.962624100467695455e-03
3.955229729105269425e-03
