2.112531210770013032e-02
2.100955367401810894e-02
2.089426562634652193e-02
2.077939967807863192e-02
2.066500520500604357e-02
2.055108193662516514e-02
2.043757346134893876e-02
2.032439716646433983e-02
2.021165669444252577e-02
2.009949565806449026e-02
1.998777761294652164e-02
1.987645437671356832e-02
1.976561998485425187e-02
1.965509584866993384e-02
1.954507536306017423e-02
1.943550478343919474e-02
1.932635856566286559e-02
1.921763429109856272e-02
1.910938746234564639e-02
1.900166767020607800e-02
1.889440311327751990e-02
1.878758543099316725e-02
1.868131800955761049e-02
1.857555609210869915e-02
1.847036160245871944e-02
1.836567880792957380e-02
1.826151407320174627e-02
1.815789747499135451e-02
1.805468266970929048e-02
1.795191742498613435e-02
1.784967131812972840e-02
1.774791690824923870e-02
1.764670753890341601e-02
1.754602979194993737e-02
1.744584790209531555e-02
1.734609247846407437e-02
1.724676244236726316e-02
1.714786387270554255e-02
1.704951922894096944e-02
1.695167077689745116e-02
1.685430397048566856e-02
1.675738258259193078e-02
1.666090022442632407e-02
1.656479520474937739e-02
1.646923683262500188e-02
1.637410658362349267e-02
1.627937564136973034e-02
1.618519757687662472e-02
1.609145046067380139e-02
1.599822213171185961e-02
1.590548425746690642e-02
1.581319021841582836e-02
1.572136967788123618e-02
1.562996973188572614e-02
1.553898141962093034e-02
1.544852175306579527e-02
1.535851793318658218e-02
1.526902808406698821e-02
1.517998143851589411e-02
1.509137744284786906e-02
1.500328970085265147e-02
1.491554342522290535e-02
1.482822310099717218e-02
1.474130633363678229e-02
1.465488994056708509e-02
1.456892840589470335e-02
1.448344422350576581e-02
1.439838700137559095e-02
1.431382256551012346e-02
1.422977315768571803e-02
1.414618146626474803e-02
1.406304507053618945e-02
1.398035460045496739e-02
1.389821608179208495e-02
1.381659228086533353e-02
1.373542850980766401e-02
1.365476851766567537e-02
1.357459953018498415e-02
1.349488375895875787e-02
1.341562367250118994e-02
1.333682585185407520e-02
1.325851352707237661e-02
1.318068795080702162e-02
1.310329676362107475e-02
1.302634548761216760e-02
1.294980967291311375e-02
1.287371515838498306e-02
1.279804014349547082e-02
1.272279381185728586e-02
1.264804941289317426e-02
1.257371023579964379e-02
1.249983973554534208e-02
1.242638923041992222e-02
1.235334270906294878e-02
1.228077254318937946e-02
1.220868893004698960e-02
1.213700832153939702e-02
1.206580242283908019e-02
1.199501443691993949e-02
1.192459640867982347e-02
1.185463725097796704e-02
1.178504257375091735e-02
1.171589340441305666e-02
1.164716352022306285e-02
1.157887110051910619e-02
1.151099825402908221e-02
1.144357024348193440e-02
1.137653551772999788e-02
1.130991492415191375e-02
1.124371633094182164e-02
1.117796684332915055e-02
1.111263434340237222e-02
1.104771081082855932e-02
1.098316984453977588e-02
1.091896763916481473e-02
1.085516611747676906e-02
1.079174083002412861e-02
1.072869985471146606e-02
1.066607886870816688e-02
1.060384979700394747e-02
1.054201353809058536e-02
1.048055051324403575e-02
1.041951846765590793e-02
1.035889528882624408e-02
1.029869162480751173e-02
1.023888849462314433e-02
1.017944346298238836e-02
1.012042538972983755e-02
1.006177150722330736e-02
1.000347963740483119e-02
9.945551326810917261e-03
9.887967188449805350e-03
9.830735224572353936e-03
9.773889199285821366e-03
9.717396738827792022e-03
9.661246973588496351e-03
9.605438957376900844e-03
9.550002663300949032e-03
9.494943487299472087e-03
9.440265249053685429e-03
9.385988850811956968e-03
9.332086202391690066e-03
9.278536159099305333e-03
9.225334272434044039e-03
9.172522025364348436e-03
9.120101031351171908e-03
9.067997882701697709e-03
9.016286053513582546e-03
8.964908156911156542e-03
8.913884802296405049e-03
8.863241095271322950e-03
8.812965238844618424e-03
8.763049497320068992e-03
8.713490561055511896e-03
8.664270184827538648e-03
8.615417693907199276e-03
8.566897564199179096e-03
8.518761037793243923e-03
8.470975851497792794e-03
8.423543261081347863e-03
8.376450409881016843e-03
8.329722723260440595e-03
8.283326655344229114e-03
8.237261002739509202e-03
8.191517840407933071e-03
8.146084573772692169e-03
8.101002841162536702e-03
8.056277129216844399e-03
8.011907425153464921e-03
7.967877920567599526e-03
7.924171862941824587e-03
7.880833996460058846e-03
7.837792355630384192e-03
7.795049391716281015e-03
7.752652003369814478e-03
7.710578279072186417e-03
7.668802594453074176e-03
7.627333413271778807e-03
7.586176899955067096e-03
7.545374312900400560e-03
7.504849431406180812e-03
7.464624567290805909e-03
7.424726114763494263e-03
7.385157730143322372e-03
7.345921385311101649e-03
7.306996697098553858e-03
7.268363997930086563e-03
7.230015627243597566e-03
7.191959760628399180e-03
7.154221784270317630e-03
7.116805654609209206e-03
7.079705465355431646e-03
7.042885218330914576e-03
7.006389083665844238e-03
6.970191142896478217e-03
6.934305739156493807e-03
6.898741274788508689e-03
6.863499856769253969e-03
6.828568240814468331e-03
6.793913192600736090e-03
6.759532950061598357e-03
6.725428354636787259e-03
6.691619590383983233e-03
6.658121735566502157e-03
6.624924263822124654e-03
6.592013576707444686e-03
6.559387333945471826e-03
6.527051433304413043e-03
6.495001598998444842e-03
6.463198473325757788e-03
6.431704840867487512e-03
6.400511643130529955e-03
6.369609089817583961e-03
6.338987492992487031e-03
6.308650076771295766e-03
6.278574138804488176e-03
6.248768573495586121e-03
6.219236305463386738e-03
6.189999017187148254e-03
6.161011162013189414e-03
6.132322154495261149e-03
6.103916454030243986e-03
6.075778868874253356e-03
6.047915036787809839e-03
6.020309396695571087e-03
5.992961115679237664e-03
5.965902049668177047e-03
5.939129986414762828e-03
5.912624516562889690e-03
5.886384625126530983e-03
5.860396506238083926e-03
5.834641536717327485e-03
5.809139374579219695e-03
5.783899571728724591e-03
5.758884577735665436e-03
5.734134376315554345e-03
5.709627444194477312e-03
5.685401712877021820e-03
5.661411905381746011e-03
5.637651000669840519e-03
5.614150899356244902e-03
5.590922399138134775e-03
5.567932559993355769e-03
5.545195809230735531e-03
5.522669565136327507e-03
5.500397632457821977e-03
5.478405713089813320e-03
5.456657435885574337e-03
5.435170149239453713e-03
5.413919074897258210e-03
5.392886440679136792e-03
5.372080478914689587e-03
5.351520013661374350e-03
5.331154063876307296e-03
5.311023519352931974e-03
5.291101671212460923e-03
5.271431904989555550e-03
5.251973994731330350e-03
5.232770722613289821e-03
5.213839072894321282e-03
5.195144831597758167e-03
5.176679449230352573e-03
5.158428670678610363e-03
5.140434612822599239e-03
5.122664772831341320e-03
5.105113857438904265e-03
5.087790095233771410e-03
5.070716940530132361e-03
5.053868211323280478e-03
5.037259593288565505e-03
5.020901860845096085e-03
5.004744973633261894e-03
4.988839453993342173e-03
4.973167776451417610e-03
4.957727571632914061e-03
4.942531500623403851e-03
4.927556412554915180e-03
4.912855480349653109e-03
4.898382548383104287e-03
4.884038149895036755e-03
4.869893303978501363e-03
4.855993782897362679e-03
4.842328720575127254e-03
4.828887406295606123e-03
4.815682200607914777e-03
4.802685166091762853e-03
4.789937452444359943e-03
4.777431569428378967e-03
4.765178170604039698e-03
4.753180726065892384e-03
4.741397573167918135e-03
4.729876948115696242e-03
4.718534498784285498e-03
4.707340993846258724e-03
4.696396823390492324e-03
4.685710475805311866e-03
4.675271280279787167e-03
4.665077308787318744e-03
4.655129775216695562e-03
4.645412599308566121e-03
4.635949124286706247e-03
4.626734708671031981e-03
4.617798713688894656e-03
4.609134289977220161e-03
4.600314711720623721e-03
4.591387224352001112e-03
4.582580886222866953e-03
4.574008635650619881e-03
4.565680876371950615e-03
4.557606299419063832e-03
4.549748377349646482e-03
4.542119810842766038e-03
4.534722953685003943e-03
4.527579012921905191e-03
4.520696664101601231e-03
4.514049783518472338e-03
4.507663603972514657e-03
4.501546208460379533e-03
4.495698727527065730e-03
4.490044066816061691e-03
4.484534157121126963e-03
4.479285011023166271e-03
4.474300017143498925e-03
4.469552016318247868e-03
4.465028775923742151e-03
4.460736143223099047e-03
4.456707628758929327e-03
4.452951502583769872e-03
4.449451625411745929e-03
4.446241403553768609e-03
4.443294808806640996e-03
4.440605597452684794e-03
4.438196238541161805e-03
4.436076544192560540e-03
4.434238145006885040e-03
4.432506674344706063e-03
4.431036596930401986e-03
4.429860979880210700e-03
4.428942788726445215e-03
4.428150563709106792e-03
4.427676613036974664e-03
4.427368555684333719e-03
4.427367694395892110e-03
4.427681219392119207e-03
4.428339331469537468e-03
4.429187459177995334e-03
4.430275572107626042e-03
4.431563936574288952e-03
4.433053390380518877e-03
4.434640576938906481e-03
4.436555812032210583e-03
4.438395277956043959e-03
4.440489832720831247e-03
4.442761309620225224e-03
4.445331554053377245e-03
4.448193608476559528e-03
4.451238784274293668e-03
4.454663497714402877e-03
4.458457157588627782e-03
4.462496126450459302e-03
4.466655857190213706e-03
4.471006531981727358e-03
4.475583945683714489e-03
4.480379009458450995e-03
4.485383347255064018e-03
4.490747975786368168e-03
4.496340509417683963e-03
4.502336332476384109e-03
4.508626459915370498e-03
4.515292655110023264e-03
4.522214161170575245e-03
4.529440063068694393e-03
4.537095958336789803e-03
4.545033872518214335e-03
4.553375592868911213e-03
4.562162696456833859e-03
4.571410855135978231e-03
4.580694778485094702e-03
4.590399989051633343e-03
4.600584601878259482e-03
4.611112641779777435e-03
4.621969065098209886e-03
4.633309378615107534e-03
4.645124825309105386e-03
4.657237467228207348e-03
4.669496841968546509e-03
4.682050281241956040e-03
4.694979828176287263e-03
4.708266607689392744e-03
4.721966467238943900e-03
4.735844327456172759e-03
4.750107775950212011e-03
4.764746549016484443e-03
4.779806021321172417e-03
4.795327840649744530e-03
4.811049547847528161e-03
4.827241628013799295e-03
4.843907179989132700e-03
4.860953619734666685e-03
4.878613444156768182e-03
4.896349077030076255e-03
4.914204778635323893e-03
4.932349651027912070e-03
4.951040302566117428e-03
4.970180088383647880e-03
4.989477760333613753e-03
5.008374068700474462e-03
5.027373080725778404e-03
5.046947492092533800e-03
5.067012100506793938e-03
5.087414166107302564e-03
5.108047784709383518e-03
5.129090042173507086e-03
5.150537210943479001e-03
5.172603483260051344e-03
5.195259846573243613e-03
5.218205031762586550e-03
5.241849604157920554e-03
5.265865768737016533e-03
5.289716442270697358e-03
5.313757672000951962e-03
5.338450367505110337e-03
5.363467737004017077e-03
5.388928198045729416e-03
5.415093979316478769e-03
5.442062097378194165e-03
5.469377803235273526e-03
5.496673533601987779e-03
5.524504947786021934e-03
5.552648073251615149e-03
5.580955726710582626e-03
5.609543452740391872e-03
5.638738935194918811e-03
5.668522950002885009e-03
5.698082572490503067e-03
5.727594606921192037e-03
5.757010214327757704e-03
5.786964684462526931e-03
5.816925689680499043e-03
5.847002758114365137e-03
5.877622988210425697e-03
5.908732279820835646e-03
5.940432900607939617e-03
5.972657051905585004e-03
6.005436363565316155e-03
6.038622080016276157e-03
6.071427075904213370e-03
6.104022664389033986e-03
6.136617954831475631e-03
6.169494227767729350e-03
6.203106393788899824e-03
6.236906232176421712e-03
6.271325017996817915e-03
6.306465446880717141e-03
6.341730993134954766e-03
6.377400473042250419e-03
6.413601471292054539e-03
6.450495197973941594e-03
6.488151211352424438e-03
6.526355686180008824e-03
6.565366031647990215e-03
6.604501539275803301e-03
6.644611876787438580e-03
6.685372017639757899e-03
6.726482248705514290e-03
6.768190640748569104e-03
6.809688128265930368e-03
6.851863626580221439e-03
6.894160592674590700e-03
6.937409606232946939e-03
6.981488138062953534e-03
7.026079345446442463e-03
7.071128872228800780e-03
7.117038088566072021e-03
7.163840385337056846e-03
7.211473323065745525e-03
7.259473147431470472e-03
7.307396039945486012e-03
7.355606208071933591e-03
7.403825176619307884e-03
7.452740680900522829e-03
7.502579134907375741e-03
7.553291294280995577e-03
7.604136332324449264e-03
7.655518943813404212e-03
7.707711707600055709e-03
7.760504896259842050e-03
7.813856758788817469e-03
7.867912761743780375e-03
7.922600854509388724e-03
7.977643102043996057e-03
8.032462885388775078e-03
8.088008360777616812e-03
8.143711545673969210e-03
8.199769340157918307e-03
8.256949200852009910e-03
8.315221365216078978e-03
8.372594173057693739e-03
8.429470895813100453e-03
8.486322900652831097e-03
