2.132383884915146563e-02
2.118649864310886977e-02
2.105077838555966321e-02
2.091728778585016588e-02
2.078436341294307918e-02
2.065327760496001724e-02
2.052342899193477718e-02
2.039533717180039285e-02
2.026884465280716363e-02
2.014423176668262566e-02
2.002054589424775294e-02
1.989825865341865105e-02
1.977779908235898290e-02
1.965819607668271851e-02
1.953995378800113883e-02
1.942260414744586411e-02
1.930653543916503040e-02
1.919171920099464052e-02
1.907825023527447150e-02
1.896592307071852390e-02
1.885484661140072668e-02
1.874539708509376582e-02
1.863685189899721636e-02
1.852925825287114053e-02
1.842253357885699841e-02
1.831672322403020414e-02
1.821211027522418383e-02
1.810802981651572427e-02
1.800496756319694067e-02
1.790271021532274104e-02
1.780163610972743463e-02
1.770161697888971222e-02
1.760214110555405678e-02
1.750375184455655805e-02
1.740613819815608684e-02
1.730911603838369145e-02
1.721320059913257483e-02
1.711808783228143879e-02
1.702414020351814689e-02
1.693112935639253663e-02
1.683877548743458949e-02
1.674717382948541847e-02
1.665620137764623615e-02
1.656609110134724464e-02
1.647666175107186104e-02
1.638805273059672912e-02
1.630040219408723443e-02
1.621337045335212793e-02
1.612720929650120552e-02
1.604219082086049200e-02
1.595778310670999817e-02
1.587419032813560879e-02
1.579111434166892772e-02
1.570870647308058796e-02
1.562696776896126474e-02
1.554595966460858673e-02
1.546551898431342345e-02
1.538571130718090554e-02
1.530637900144870417e-02
1.522747382037638146e-02
1.514925805517086665e-02
1.507174324947962649e-02
1.499463621173618803e-02
1.491817770162493298e-02
1.484221792611636545e-02
1.476708379658832684e-02
1.469237280716997017e-02
1.461830987910802716e-02
1.454492727121645644e-02
1.447193494384646159e-02
1.439949886614003312e-02
1.432754210711583223e-02
1.425604005264823060e-02
1.418537104467660313e-02
1.411494539332261086e-02
1.404506873165546274e-02
1.397598405754817835e-02
1.390742979471104243e-02
1.383955255714575464e-02
1.377203441973022524e-02
1.370513251333204362e-02
1.363860332331032037e-02
1.357268094788660270e-02
1.350726010362902733e-02
1.344246532465721844e-02
1.337818695262686305e-02
1.331396945116721138e-02
1.325016713442128853e-02
1.318683802112393180e-02
1.312395424880711918e-02
1.306147299762439387e-02
1.299942795756209822e-02
1.293771702117650635e-02
1.287600818205112893e-02
1.281484104513606025e-02
1.275375444556189723e-02
1.269310775978852238e-02
1.263290978054678292e-02
1.257317118553230237e-02
1.251366696832296836e-02
1.245455115816658173e-02
1.239567844477602702e-02
1.233722973834331001e-02
1.227914001064289717e-02
1.222128600117193369e-02
1.216398789366141681e-02
1.210674423943165420e-02
1.204983775533511464e-02
1.199320940688452727e-02
1.193699712577866653e-02
1.188080171351560410e-02
1.182494257077662016e-02
1.176930756481873661e-02
1.171382715726516054e-02
1.165864857567389112e-02
1.160372694920860578e-02
1.154910310528478416e-02
1.149469423884662798e-02
1.144057853417590476e-02
1.138676584051849169e-02
1.133334520230920746e-02
1.128008319487058646e-02
1.122718998685814581e-02
1.117458169511168810e-02
1.112200161567972016e-02
1.106951061041665761e-02
1.101745562434689255e-02
1.096547645400268965e-02
1.091383478303605166e-02
1.086226463862946176e-02
1.081074639682773515e-02
1.075920800817167615e-02
1.070786483530022058e-02
1.065685450699851815e-02
1.060599066320128299e-02
1.055540836166245569e-02
1.050492166142586066e-02
1.045459236832864749e-02
1.040455429900894249e-02
1.035486376700531057e-02
1.030547624270254300e-02
1.025635809124381993e-02
1.020770102576627932e-02
1.015924784364561316e-02
1.011083088832686466e-02
1.006256075943515703e-02
1.001458020807327078e-02
9.966943414511295757e-03
9.919600211399483627e-03
9.872570032389636763e-03
9.825909621846394548e-03
9.779376865878694480e-03
9.733120927813173132e-03
9.687200930819775402e-03
9.641504318850654606e-03
9.595997326031930827e-03
9.550544858939148327e-03
9.505340942798147855e-03
9.460269438141840834e-03
9.415413065214369576e-03
9.370663460098155317e-03
9.326063389016970434e-03
9.281659545380977622e-03
9.237492309723949538e-03
9.193352243414937633e-03
9.149408070604400298e-03
9.105663890310346231e-03
9.062063389461852067e-03
9.018623044772822520e-03
8.975350673178882424e-03
8.932138781715453710e-03
8.889087917702223618e-03
8.846122963859528315e-03
8.803336864958263147e-03
8.760872974525081569e-03
8.718577633059325371e-03
8.676581805921818047e-03
8.634697858547186675e-03
8.593110062391834045e-03
8.551628038390818656e-03
8.510320227773213522e-03
8.469350501160757480e-03
8.428553653080116115e-03
8.387991039706868893e-03
8.347642437233971854e-03
8.307547268936690821e-03
8.267661858512404330e-03
8.227974387302518927e-03
8.188324221323697513e-03
8.148920187534136259e-03
8.109620519316582468e-03
8.070391232487346758e-03
8.031368073841515035e-03
7.992619686030974502e-03
7.954103892499656339e-03
7.915797998899886875e-03
7.877735888431155326e-03
7.839761022464952420e-03
7.802076348455202863e-03
7.764567991662012052e-03
7.727209813129522556e-03
7.690004035705193426e-03
7.653096319964270214e-03
7.616320496809815717e-03
7.579831995628922604e-03
7.543479305699454969e-03
7.507268219258918414e-03
7.471210348580911362e-03
7.435438453203979496e-03
7.399848418133063432e-03
7.364480400915729072e-03
7.329365834475221574e-03
7.294428699039181077e-03
7.259728702379164393e-03
7.225163436255184479e-03
7.190892457962085732e-03
7.156727055648464016e-03
7.122763259234331755e-03
7.088926414585207045e-03
7.055250854198426291e-03
7.021768792786923195e-03
6.988536967155166771e-03
6.955481223413270860e-03
6.922613588839103549e-03
6.889915256002406702e-03
6.857398005890794589e-03
6.825043884828253457e-03
6.793013956299222625e-03
6.761022481836163195e-03
6.729291180808616435e-03
6.697670287076374143e-03
6.666207261550294826e-03
6.634991183984984171e-03
6.604002992034577191e-03
6.573252796537414934e-03
6.542628240452331642e-03
6.512170769440495111e-03
6.482005499157498206e-03
6.452037608324160019e-03
6.422133968096458041e-03
6.392500316802150230e-03
6.363074967280655560e-03
6.333808654441099202e-03
6.304763786778330541e-03
6.275818320328241211e-03
6.247102035036933461e-03
6.218525374365131697e-03
6.190109726594736697e-03
6.161951408646650953e-03
6.133993197137277767e-03
6.106228023588362169e-03
6.078608895975798863e-03
6.051147820169949093e-03
6.023872794306309522e-03
5.996817664614850774e-03
5.969901221431642667e-03
5.943160362491695797e-03
5.916586321498796923e-03
5.890131975126000619e-03
5.863890719884167976e-03
5.837866978164173506e-03
5.812021548741674176e-03
5.786405233241758046e-03
5.760949434893188753e-03
5.735578057594412603e-03
5.710344694519832280e-03
5.685361920137105285e-03
5.660536829320793328e-03
5.635860703707753876e-03
5.611370383435372068e-03
5.587066699317568171e-03
5.562901101674296023e-03
5.538901057973893635e-03
5.515177291454253540e-03
5.491717926716496202e-03
5.468523336781238621e-03
5.445497769610377695e-03
5.422697469116119842e-03
5.400106016026304419e-03
5.377778069733892864e-03
5.355615238816234351e-03
5.333575785337338684e-03
5.311724327389720675e-03
5.290124362757009542e-03
5.268650896590538514e-03
5.247422776874680755e-03
5.226351989008211872e-03
5.205426604489162695e-03
5.184708315726072568e-03
5.164212319840678737e-03
5.143890764273855928e-03
5.123801879081630282e-03
5.103932876603952881e-03
5.084226771771628225e-03
5.064667053551189652e-03
5.045308340313204784e-03
5.026234580297729224e-03
5.007373057191333993e-03
4.988586815791922445e-03
4.970030054840712981e-03
4.951731718066691192e-03
4.933550238482803038e-03
4.915616474152540404e-03
4.897818267275235761e-03
4.880040307612942482e-03
4.862344488204627113e-03
4.844872428101232482e-03
4.827550313711700611e-03
4.810428649592984711e-03
4.793401687037682907e-03
4.776626151288528542e-03
4.759994151003860488e-03
4.743606178815502374e-03
4.727374726004480825e-03
4.711347998561628628e-03
4.695520938846484832e-03
4.679861701438602951e-03
4.664439707752890407e-03
4.649196411725782345e-03
4.634179351298791695e-03
4.619393713090011802e-03
4.604823546636100176e-03
4.590555585854956197e-03
4.576507729241747341e-03
4.562385049312397446e-03
4.548351275851156110e-03
4.534591480069274406e-03
4.521020669227402387e-03
4.507632691278241378e-03
4.494482168697191797e-03
4.481568056114635518e-03
4.468800762671735864e-03
4.456161090731858808e-03
4.443726546005558747e-03
4.431501640917344387e-03
4.419415509383317966e-03
4.407556246282857797e-03
4.395878210239286682e-03
4.384414480657356471e-03
4.373176225721802680e-03
4.362212620074183700e-03
4.351441583695113240e-03
4.340982426804846847e-03
4.330527157143756155e-03
4.320233736965549062e-03
4.310127806150584190e-03
4.300327709282069331e-03
4.290780424095756024e-03
4.281451134983509099e-03
4.272523564158883097e-03
4.263504317328373205e-03
4.254821374581814128e-03
4.246323209433712324e-03
4.238032829992014437e-03
4.229943034280311993e-03
4.221987141116051098e-03
4.213992433738284610e-03
4.206156683063076544e-03
4.198462804230552840e-03
4.190955520880940491e-03
4.183640704464719820e-03
4.176502718662022592e-03
4.169671215649388765e-03
4.163224456518406502e-03
4.156960075584943161e-03
4.150911316356323266e-03
4.145129755180766012e-03
4.139561756341642897e-03
4.134315545107849869e-03
4.129338126117412279e-03
4.124512798384851603e-03
4.119993510964252426e-03
4.115789127193562880e-03
4.111772012183573244e-03
4.108037174210898458e-03
4.104550573975313671e-03
4.101268451239362643e-03
4.098113372075187950e-03
4.095271090259674021e-03
4.092592998743116786e-03
4.090016729208715250e-03
4.087377858518397543e-03
4.084920144752000014e-03
4.082696433951537272e-03
4.080519367725362646e-03
4.078397984532757502e-03
4.076499949898274543e-03
4.074821531472413126e-03
4.073423199221014313e-03
4.072184943955078559e-03
4.070898456857968868e-03
4.070029412148218513e-03
4.069538267484290074e-03
4.069445157061769500e-03
4.069504823294577307e-03
4.068999057829401217e-03
4.068718297523057220e-03
4.068866624894981222e-03
4.069401517387676373e-03
4.070344640908405386e-03
4.071566784537671360e-03
4.072963591241142607e-03
4.074798589490022035e-03
4.077021984610943242e-03
4.079767233240636642e-03
4.082849626656830967e-03
4.085988193926954823e-03
4.089325305965944846e-03
4.092695468312104734e-03
4.096497603283893486e-03
4.100666732699719680e-03
4.104950249050829010e-03
4.109245801233715745e-03
4.113966816318744522e-03
4.119030499749278505e-03
4.124386941890519423e-03
4.130048569189803676e-03
4.136264553117848138e-03
4.142953168330766427e-03
4.150175466836979535e-03
4.157939444515749983e-03
4.166122846013582508e-03
4.174690210912118497e-03
4.183756129349089879e-03
4.192772097226292113e-03
4.202152462045964654e-03
4.212171038823537064e-03
4.222667568937733991e-03
4.233782042224938993e-03
4.245308643550817392e-03
4.257506362949604710e-03
4.270340405058069624e-03
4.283661511790833043e-03
4.296705679788512429e-03
4.310407001166119759e-03
4.324254663119082680e-03
4.338651921833184232e-03
4.353627515704604559e-03
4.369232651918975203e-03
4.385462981376582123e-03
4.401893012215720227e-03
4.418124082710163207e-03
4.434885588947898652e-03
4.452190435412846370e-03
4.470086875985068188e-03
4.488569261355939907e-03
4.507690751301765553e-03
4.526424866150472771e-03
4.545482316946626057e-03
4.564866340680986782e-03
4.584879192873793363e-03
4.605708883613232954e-03
4.627378070608707816e-03
4.649889574317138050e-03
4.672958815309532186e-03
4.696823390801471189e-03
4.721615283086682754e-03
4.747256800187870003e-03
4.772598996057040958e-03
4.798138250787733865e-03
4.824476651552838877e-03
4.851711473327396246e-03
4.880078248051375814e-03
4.909506392947741299e-03
4.939989245896038439e-03
4.970554346783726159e-03
5.002088246655337668e-03
5.034878162716899426e-03
5.067492652940036070e-03
5.100588917814506337e-03
5.133992576640930734e-03
5.167747788179985133e-03
5.201251761662349128e-03
5.233558069885914030e-03
5.266514668709298790e-03
5.299877139396278955e-03
5.333487679203756208e-03
5.367577708326750664e-03
5.402551174203734131e-03
5.438430527975630403e-03
5.475169449376296807e-03
5.513064279996592564e-03
5.551858336487151303e-03
5.591460648840045414e-03
5.631017035580618627e-03
5.671584545822064109e-03
5.713297560479650532e-03
5.756367895693878523e-03
5.800956308843266407e-03
5.845770200878640244e-03
5.891431388091804278e-03
5.938448211977043374e-03
5.986426071510534026e-03
6.036022719384978932e-03
6.086688471194139083e-03
6.138608639491951839e-03
6.191909640474166539e-03
6.244517055196431403e-03
6.297362842035208845e-03
6.351412034377850249e-03
