3.345057230069142101e-02
3.306224578271974024e-02
3.267881639967374491e-02
3.230126620337953058e-02
3.192919724288071498e-02
3.156266151950615217e-02
3.120118293021981529e-02
3.084488357497277775e-02
3.049437554443069562e-02
3.014885595378061223e-02
2.980816511949082107e-02
2.947167247021564851e-02
2.913998572434526799e-02
2.881321474567379720e-02
2.849161792211056185e-02
2.817468093039938656e-02
2.786254658095546621e-02
2.755493977772585645e-02
2.725168740191570918e-02
2.695254311318394727e-02
2.665730801542122788e-02
2.636615922709294527e-02
2.607844569623422523e-02
2.579506153258000548e-02
2.551582536726151179e-02
2.524051757377862928e-02
2.496867731560963380e-02
2.470089319647512244e-02
2.443700460434472532e-02
2.417727693382563242e-02
2.392100760386229805e-02
2.366811143356827019e-02
2.341870004391987531e-02
2.317272392587416130e-02
2.292994779458659704e-02
2.269055889697535813e-02
2.245421157121917435e-02
2.222060634853247757e-02
2.199016931624666465e-02
2.176248995761435878e-02
2.153800564850397864e-02
2.131698149104005111e-02
2.109897326305671880e-02
2.088383566011225642e-02
2.067155230089124177e-02
2.046191831440754422e-02
2.025493715690837235e-02
2.005069978138321676e-02
1.984868443604103500e-02
1.964943846555545701e-02
1.945279800980052182e-02
1.925880254632371738e-02
1.906757411498440774e-02
1.887889769358520528e-02
1.869297183859910949e-02
1.850932913339788100e-02
1.832818576545914083e-02
1.814936434157916195e-02
1.797288766472795313e-02
1.779882499250368122e-02
1.762693974968796221e-02
1.745712463933511704e-02
1.728941915395709739e-02
1.712358110660694085e-02
1.695969446272351661e-02
1.679777823245891949e-02
1.663764835640523659e-02
1.647972810883311517e-02
1.632373989007645382e-02
1.616932499303640192e-02
1.601707677894025766e-02
1.586660395298156861e-02
1.571785661659946820e-02
1.557096847744615133e-02
1.542606955601649558e-02
1.528262240666041112e-02
1.514085584021815888e-02
1.500073815593880831e-02
1.486216738971012953e-02
1.472515885974657636e-02
1.458990170979095752e-02
1.445612079494795754e-02
1.432395521106656633e-02
1.419344458866441706e-02
1.406460383882363052e-02
1.393741124136798834e-02
1.381176183388722022e-02
1.368762375377509562e-02
1.356515895586346034e-02
1.344422345481830795e-02
1.332464688374865834e-02
1.320628513812433825e-02
1.308950736047647355e-02
1.297387559828491743e-02
1.285949248833565851e-02
1.274653952721507139e-02
1.263490741455696245e-02
1.252468148141210047e-02
1.241570258169671058e-02
1.230804909008693243e-02
1.220153575539503071e-02
1.209635565548686578e-02
1.199246407828976659e-02
1.188981500078104860e-02
1.178832571079628522e-02
1.168793582443478259e-02
1.158873703820719435e-02
1.149061008798166889e-02
1.139369051461005568e-02
1.129793977842230915e-02
1.120317726300793827e-02
1.110946495515473600e-02
1.101687340899198952e-02
1.092533826256380028e-02
1.083479795276396686e-02
1.074509121284052474e-02
1.065653623519789185e-02
1.056895733497218923e-02
1.048237595947186171e-02
1.039671875358756485e-02
1.031202636968167781e-02
1.022821519798131247e-02
1.014517300752607910e-02
1.006302930305620624e-02
9.981819597417684181e-03
9.901365740765721846e-03
9.821807350575438578e-03
9.743080077257406518e-03
9.665209314557632672e-03
9.588104921724863172e-03
9.511669901240474984e-03
9.436105392533490274e-03
9.361293616202184462e-03
9.287178592524768933e-03
9.213871066198690840e-03
9.141308010327484426e-03
9.069496961444810726e-03
8.998487172067271347e-03
8.928179336666390575e-03
8.858673554874841455e-03
8.789905685384737447e-03
8.721791238507097324e-03
8.654354674838852721e-03
8.587572326874055514e-03
8.521488471780440041e-03
8.456021429396496855e-03
8.391271541228558992e-03
8.327056197941537508e-03
8.263576615527476119e-03
8.200678731380153796e-03
8.138500210137206148e-03
8.076945692629780224e-03
8.016099056562342104e-03
7.955929424567607239e-03
7.896394152891419299e-03
7.837422305109016316e-03
7.779107980749708391e-03
7.721341724294834667e-03
7.664113671793835146e-03
7.607523902796857820e-03
7.551497890341386451e-03
7.496108848465448532e-03
7.441309582656906348e-03
7.387049754072094396e-03
7.333423108912537347e-03
7.280469084508704204e-03
7.228047912779506957e-03
7.176130289627575577e-03
7.124814843776810722e-03
7.074043674181663098e-03
7.023950081803653420e-03
6.974378550404480501e-03
6.925408533842853688e-03
6.876952006450005005e-03
6.829002833676148763e-03
6.781663607907480705e-03
6.734739905307108795e-03
6.688360609797556165e-03
6.642463165655355245e-03
6.597082802336829560e-03
6.552193062657272159e-03
6.507924709073933250e-03
6.464094687552335468e-03
6.420678741906066939e-03
6.377718930196517137e-03
6.335226232812114430e-03
6.293256548858754129e-03
6.251697713754906377e-03
6.210515211402656451e-03
6.169751149199387448e-03
6.129426972894742517e-03
6.089594882174746704e-03
6.050194729634502180e-03
6.011326007962290545e-03
5.972837456856926359e-03
5.934758886947536297e-03
5.896847516319533335e-03
5.859348139504932246e-03
5.822341471950484744e-03
5.785648410553811440e-03
5.749360324373847461e-03
5.713386852842692286e-03
5.677846735842094136e-03
5.642699239744286208e-03
5.607949438570111744e-03
5.573654851329450446e-03
5.539708309885383805e-03
5.506113674759667391e-03
5.472914129388672250e-03
5.440034953077140488e-03
5.407463337069264367e-03
5.375195589037707646e-03
5.343294009114851403e-03
5.311789790402730166e-03
5.280573565818547609e-03
5.249685311024030777e-03
5.219135452462378942e-03
5.188900559175403659e-03
5.158965494665651054e-03
5.129421740719206785e-03
5.100205917891220513e-03
5.071302065365315345e-03
5.042704090822168646e-03
5.014449010660398595e-03
4.986491374261326805e-03
4.958793138029714796e-03
4.931449540080677305e-03
4.904452720247887490e-03
4.877792168341664979e-03
4.851448235660873153e-03
4.825430599256063519e-03
4.799761239051339098e-03
4.774401718699048357e-03
4.749418629510537490e-03
4.724814135917272152e-03
4.700490201526004094e-03
4.676484385898883878e-03
4.652772497552649586e-03
4.629333630809571477e-03
4.606202285672962929e-03
4.583400749656951594e-03
4.560893334044040584e-03
4.538734473825116293e-03
4.516889442789143519e-03
4.495299816653685991e-03
4.473908347912691243e-03
4.452791175664645371e-03
4.431952469177436772e-03
4.411318192484274189e-03
4.390939222071605849e-03
4.370863443038525142e-03
4.351061265624741638e-03
4.331546500569108220e-03
4.312358061224780097e-03
4.293395283719284375e-03
4.274558882184501148e-03
4.255938272328774891e-03
4.237562216384944090e-03
4.219404716215141397e-03
4.201534857027351688e-03
4.183915988428975677e-03
4.166542694411645882e-03
4.149418370721692263e-03
4.132514622048090447e-03
4.115875853873717134e-03
4.099487874651605232e-03
4.083345631625527432e-03
4.067432915428595072e-03
4.051799975000736423e-03
4.036443132303607108e-03
4.021326329736406129e-03
4.005974442065297382e-03
3.990641743314552771e-03
3.975327044003577545e-03
3.960196571463575274e-03
3.945298429603559184e-03
3.930624799961574163e-03
3.916082193667841729e-03
3.901656042043446290e-03
3.887321733664659846e-03
3.873190533543063776e-03
3.859349617425228765e-03
3.845719376507817158e-03
3.832322794009968003e-03
3.819141748713982161e-03
3.806244840710090813e-03
3.793558661714418762e-03
3.781084562536766829e-03
3.768850076079331441e-03
3.756941541461741082e-03
3.745335412686436483e-03
3.734056006489429574e-03
3.723055852496614821e-03
3.712256690645800248e-03
3.701646115172954350e-03
3.691299261725648415e-03
3.681179353190662615e-03
3.671236146307943655e-03
3.661566795469756250e-03
3.652111120672817644e-03
3.642952375127719768e-03
3.633739116921324164e-03
3.624429005248822402e-03
3.615335723951389624e-03
3.606506391666620352e-03
3.597966815784088904e-03
3.589589978776854939e-03
3.581509745618910879e-03
3.573644554084885998e-03
3.566034999332479659e-03
3.558663639348466200e-03
3.551544776731257666e-03
3.544704486155755060e-03
3.538153770289846709e-03
3.531704974217565653e-03
3.525349310473876313e-03
3.519212256336365623e-03
3.513371707962337134e-03
3.507757880575896724e-03
3.502188254112432314e-03
3.496899258300792575e-03
3.491846314634652806e-03
3.486962939765738886e-03
3.482366471921546740e-03
3.478062782924398570e-03
3.474096745635466867e-03
3.470416441908947842e-03
3.467031036497704791e-03
3.463677967129195380e-03
3.460202330242969585e-03
3.456693966523085356e-03
3.453347792109276448e-03
3.450014673012691095e-03
3.446943224477645729e-03
3.444061419522449329e-03
3.441360957397586202e-03
3.438919161601426602e-03
3.436819709211253772e-03
3.435045433492885537e-03
3.433612156024596837e-03
3.432458844594668719e-03
3.431576663814736236e-03
3.430946343703636554e-03
3.430296897829514940e-03
3.429510512558766027e-03
3.428822231271442741e-03
3.427879908235521075e-03
3.427233724604708716e-03
3.426678762466519451e-03
3.425966980433897604e-03
3.425371150279163650e-03
3.424915679556237401e-03
3.424720344419435267e-03
3.424777488633129995e-03
3.424867693935714722e-03
3.425330867309134102e-03
3.425950521239420638e-03
3.426340749986438346e-03
3.426937628837042459e-03
3.427770259207381376e-03
3.428672126128855854e-03
3.429296862577064977e-03
3.429920684822100000e-03
3.430747740514563347e-03
3.431865885039851391e-03
3.432804718379324146e-03
3.433502224475493483e-03
3.434290543086560097e-03
3.435418479295022053e-03
3.436925290576787421e-03
3.438729600904222826e-03
3.440692107550533119e-03
3.442919079122470742e-03
3.445470844329502104e-03
3.448256634199994407e-03
3.451403039195410395e-03
3.454939829343845522e-03
3.458684179930459051e-03
3.462586542342336107e-03
3.466697234685429865e-03
3.471145710298569227e-03
3.475794332540800818e-03
3.480661651069805618e-03
3.485930395797024860e-03
3.491437681797430592e-03
3.497168090002269244e-03
3.503166797427696624e-03
3.509311896873020930e-03
3.515786493494022467e-03
3.522667646400512269e-03
3.529695630542890698e-03
3.537064078483229818e-03
3.544694498354550912e-03
3.552620411015962407e-03
3.560662399897902581e-03
3.569008424318942645e-03
3.577854036283804190e-03
3.587107440894818020e-03
3.596792489880375112e-03
3.606487213429712940e-03
3.616574961783726450e-03
3.627215803646069870e-03
3.638248371293980113e-03
3.649502046412744088e-03
3.661087745599215550e-03
3.672888066912828597e-03
3.684931554076891803e-03
3.697092023849148264e-03
3.709452133950125966e-03
3.722111766181293926e-03
3.734575536783563739e-03
3.747344279719734463e-03
3.760326546638335325e-03
3.773465742774736401e-03
3.787138005807795440e-03
3.800924383784462773e-03
3.814540641877288678e-03
3.828419489257781430e-03
3.842427627615190976e-03
3.856824513584066350e-03
3.871424477424917354e-03
3.886267434005087618e-03
3.901373513184361406e-03
3.916595099583941933e-03
3.931688738732396458e-03
3.946807761097251288e-03
3.961919839250573928e-03
3.977202770485926790e-03
3.992343910416841501e-03
4.007663588683838506e-03
4.023416811694255357e-03
4.038981638901660391e-03
4.054625864742041064e-03
4.070406083713733365e-03
4.086610471372243390e-03
4.103137914755090009e-03
4.119675136142648096e-03
4.136701670073027887e-03
4.154378452998814912e-03
4.172368085397471296e-03
4.189883486874539098e-03
4.207631992237739760e-03
4.225494897839281866e-03
4.243484881350931964e-03
4.261999720710086051e-03
4.280955811300070878e-03
4.299854194143302652e-03
4.319253460412382159e-03
4.339372539709765789e-03
4.359689045740126889e-03
4.380489865176522002e-03
4.401568015559107622e-03
4.422912748915178334e-03
4.444373127467600437e-03
4.465905858835370057e-03
4.488175106315461273e-03
4.511201100811935462e-03
4.534613614583331113e-03
4.558315973710401654e-03
4.582459419068205149e-03
4.607498336121029249e-03
4.632745808373861518e-03
4.658158338618284371e-03
4.683529371520012315e-03
4.709374463593304916e-03
4.735768025411568258e-03
4.762783795830434139e-03
4.790076477422675928e-03
4.817730321100917659e-03
4.845916734970990777e-03
4.875015618037867315e-03
4.904463585083839415e-03
4.934712477277417193e-03
4.965165727355284192e-03
4.995830376703045209e-03
5.026279780181587553e-03
5.057340615270820849e-03
5.088920217103666023e-03
5.120676774430273602e-03
5.152647085932933295e-03
5.185036101544461713e-03
5.218135913542104425e-03
5.251394682014696828e-03
5.285250692321303602e-03
5.319673730500036786e-03
5.354985882010499833e-03
5.390522140471128675e-03
5.426863050457526698e-03
5.463920702957958918e-03
5.501690584177873662e-03
5.540004386425020737e-03
5.579228418145073566e-03
5.618861915776932753e-03
5.658755551540143106e-03
5.699366893482392220e-03
5.740722158809241985e-03
5.783283346515600241e-03
5.826735674034279333e-03
5.871052295072664087e-03
5.914241855064746207e-03
