8.264485999008950451e-03
8.236939722352891458e-03
8.209618852301722378e-03
8.182502746926521853e-03
8.155661678655582933e-03
8.129153415854654605e-03
8.103031426578557322e-03
8.077141983622726160e-03
8.051515407395530913e-03
8.026136172154406737e-03
8.001036303426056415e-03
7.976232723325241483e-03
7.951642955377983407e-03
7.927286117942999519e-03
7.903231471891916313e-03
7.879442489678501263e-03
7.855854830728408594e-03
7.832487734778844496e-03
7.809340603770569683e-03
7.786338416653749983e-03
7.763624725208362332e-03
7.741123886111990135e-03
7.718882556818515601e-03
7.696846389590850275e-03
7.675053370699382906e-03
7.653478542939792968e-03
7.632111760192915144e-03
7.610970247396208442e-03
7.590040186107760434e-03
7.569306926214399052e-03
7.548761222167136437e-03
7.528390920321456452e-03
7.508198850417252893e-03
7.488185090498399206e-03
7.468294790998428537e-03
7.448571806650512196e-03
7.429015478810089418e-03
7.409684869957886694e-03
7.390525392925280206e-03
7.371457336028223138e-03
7.352527978785345503e-03
7.333806424629565023e-03
7.315231462847207773e-03
7.296832577914666267e-03
7.278575530498813083e-03
7.260417555570938125e-03
7.242453184733437140e-03
7.224670423235378044e-03
7.207117803765914800e-03
7.189735258522843807e-03
7.172497469491822923e-03
7.155395518679504886e-03
7.138462199269169674e-03
7.121678820740479261e-03
7.105062020675408097e-03
7.088643498603814860e-03
7.072417611153498582e-03
7.056313348584211664e-03
7.040384203579797343e-03
7.024599320855971427e-03
7.008946482753534470e-03
6.993407778879119283e-03
6.978045065497052654e-03
6.962787609709797203e-03
6.947639057444435738e-03
6.932640845009359690e-03
6.917810725567070766e-03
6.903136778669390940e-03
6.888588872003039397e-03
6.874131326216315584e-03
6.859852261155399873e-03
6.845723029418993022e-03
6.831749159028165444e-03
6.817918716025148096e-03
6.804259218825038820e-03
6.790777205238937402e-03
6.777452085921410393e-03
6.764284925636136932e-03
6.751231468830745826e-03
6.738252260014772864e-03
6.725404895982149515e-03
6.712706609256491319e-03
6.700187326805284900e-03
6.687836456381073512e-03
6.675647513587603700e-03
6.663584648748398925e-03
6.651667892223549379e-03
6.639940624559552938e-03
6.628364049118348582e-03
6.616916705185829466e-03
6.605639147933235929e-03
6.594475598126341674e-03
6.583443249526625511e-03
6.572558504025642449e-03
6.561802881956609566e-03
6.551139446848344879e-03
6.540647267640081232e-03
6.530343528532662166e-03
6.520205909394099358e-03
6.510271605456217914e-03
6.500523750721022044e-03
6.490946612957031528e-03
6.481505313515664203e-03
6.472199966293171874e-03
6.462952670202577569e-03
6.453789214846901261e-03
6.444731482439514970e-03
6.435849631408543069e-03
6.427113807218694588e-03
6.418528906785258593e-03
6.410110802631631410e-03
6.401846594968146030e-03
6.393679413816911496e-03
6.385665967456395815e-03
6.377782782243305096e-03
6.370021479320927583e-03
6.362259772565673210e-03
6.354659336459316486e-03
6.347181973150476351e-03
6.339830002963513407e-03
6.332613920980743882e-03
6.325524410987622310e-03
6.318605780912167971e-03
6.311837051189582784e-03
6.305218071135957822e-03
6.298739749835172499e-03
6.292358650000440257e-03
6.286053504208738776e-03
6.279849746241220401e-03
6.273798371481714882e-03
6.267902932952882158e-03
6.262181355181200768e-03
6.256616578046231107e-03
6.251189366175403245e-03
6.245910092441187868e-03
6.240730771396821308e-03
6.235714587819107466e-03
6.230845992167816268e-03
6.226127261536615852e-03
6.221485373256070706e-03
6.216954487680155170e-03
6.212598994433426829e-03
6.208384791149237220e-03
6.204280859388997850e-03
6.200165305015122204e-03
6.196165886575102401e-03
6.192318321974935903e-03
6.188606798756949613e-03
6.184999597646499182e-03
6.181511875989969575e-03
6.178132418955559722e-03
6.174873144913046834e-03
6.171772153821232509e-03
6.168841112355806511e-03
6.166101352577993064e-03
6.163457616900715197e-03
6.160930242040038411e-03
6.158519518348267406e-03
6.156264358438112358e-03
6.154022235284102409e-03
6.151677604672502533e-03
6.149475347284868998e-03
6.147396792241732570e-03
6.145474168648950436e-03
6.143738153464198097e-03
6.142169762385474470e-03
6.140664493108074010e-03
6.139117427647540134e-03
6.137623865158924573e-03
6.136291948678021003e-03
6.135085017121481507e-03
6.133835319600952282e-03
6.132634232709530987e-03
6.131551084139359384e-03
6.130576822671731513e-03
6.129634818576186125e-03
6.128818568204700591e-03
6.128178989001153293e-03
6.127607676051507503e-03
6.127080924386689616e-03
6.126681178889017455e-03
6.126451718471290914e-03
6.126135738470501330e-03
6.125981497797527119e-03
6.126025516828121319e-03
6.126308989009779903e-03
6.126820900907540245e-03
6.127482946354510449e-03
6.128282565587057744e-03
6.129218198559082884e-03
6.130318764318598915e-03
6.131614275151360538e-03
6.133130398450540449e-03
6.134757312457677150e-03
6.136552390330998405e-03
6.138301101206660761e-03
6.140008301886856409e-03
6.141935414820933088e-03
6.144105781673864057e-03
6.146508711786012255e-03
6.149119636197941316e-03
6.151738699619367125e-03
6.154446514824110474e-03
6.157354349512641351e-03
6.160446338020280146e-03
6.163700835278951295e-03
6.166938494805848485e-03
6.170415529959538334e-03
6.173970873358518296e-03
6.177701098008434553e-03
6.181584465521107290e-03
6.185634490268710796e-03
6.189888616267402721e-03
6.194382876508429218e-03
6.199048347756043985e-03
6.203995374693831860e-03
6.209162376237462901e-03
6.214439128250477500e-03
6.219843004483686932e-03
6.225549634203735895e-03
6.231313413654147003e-03
6.237316829154712465e-03
6.243568009530773427e-03
6.250124855022480899e-03
6.256916203958635091e-03
6.263866547697059459e-03
6.270905330627629670e-03
6.278234371088249263e-03
6.285910067675973788e-03
6.293902197771094296e-03
6.302203884367835185e-03
6.310669767375391183e-03
6.319372702983458087e-03
6.328435890564036888e-03
6.337731899748796395e-03
6.347221668488155569e-03
6.356880562145279627e-03
6.366709782866004572e-03
6.376795895958165504e-03
6.387263693262881792e-03
6.398025116142819213e-03
6.408569595553647441e-03
6.419303924219671616e-03
6.430329128739372714e-03
6.441658152756632276e-03
6.453239874520975104e-03
6.464975066080196411e-03
6.477039742451749793e-03
6.489155106604117818e-03
6.501421346501888229e-03
6.513962366717754998e-03
6.526845267108244246e-03
6.539946666233625167e-03
6.553192276095304823e-03
6.566421682760347628e-03
6.579930156025225185e-03
6.593682410498719233e-03
6.607468570306661293e-03
6.621456820307063985e-03
6.635752689741454026e-03
6.650334777130087645e-03
6.664740400567139948e-03
6.679331911000016032e-03
6.694217522337906137e-03
6.709365490365378631e-03
6.724830604167499233e-03
6.740619779823938708e-03
6.756670224128217064e-03
6.772817289449151699e-03
6.788987898455418370e-03
6.805384789384206698e-03
6.821995251580136900e-03
6.838892345331661765e-03
6.856023409418356140e-03
6.873254619278142304e-03
6.890889187100463463e-03
6.908664242207726222e-03
6.926360442658667863e-03
6.944027017198181433e-03
6.961678051758100200e-03
6.979712509318966238e-03
6.998084287671122936e-03
7.016624066319481108e-03
7.035222536454392023e-03
7.054043732163728375e-03
7.073043250120966685e-03
7.092262911242186961e-03
7.111947818805447463e-03
7.131963116947213910e-03
7.152017051274658227e-03
7.171898627735086469e-03
7.192232477272572817e-03
7.213014682313318923e-03
7.234065067924779109e-03
7.255474051103347720e-03
7.277147579733220066e-03
7.298865528940324567e-03
7.320670525643773775e-03
7.342571689233752530e-03
7.364899446245065477e-03
7.387460884070601655e-03
7.410164249719250820e-03
7.433202136763917764e-03
7.456442134369351341e-03
7.479722329869282343e-03
7.503014090411203388e-03
7.526158533426379263e-03
7.549480344288751928e-03
7.572976052903773736e-03
7.596580573591144546e-03
7.620726264211125610e-03
7.645301466324281453e-03
7.670203002397268585e-03
7.695424863363625571e-03
7.720799066801381678e-03
7.746261427184733712e-03
7.771901237512033808e-03
7.797764305275998488e-03
7.823837095943983813e-03
7.850419803246931616e-03
7.877393053313577406e-03
7.904269519001425395e-03
7.931611600047093480e-03
7.959298402438469769e-03
7.986995593394226323e-03
8.014639844416285644e-03
8.042645323842587471e-03
8.070897070242407864e-03
8.099238656259451219e-03
8.127676562652770206e-03
8.156551829404294976e-03
8.185890599133072501e-03
8.215403450864548415e-03
8.245119619667264088e-03
8.275012770150689742e-03
8.305106323166791538e-03
8.335098180963536676e-03
8.365257365863128930e-03
8.395441604612583972e-03
8.425659389029584861e-03
8.455920562306679100e-03
8.486202426978584415e-03
8.516783250812577297e-03
8.547605133568506736e-03
8.579109641971883332e-03
8.610763786147970084e-03
8.642577476629432348e-03
8.674658344542453617e-03
8.707277828451704185e-03
8.740068664490816680e-03
8.773203812327165854e-03
8.806616455597816168e-03
8.840019815284779967e-03
8.873716282713916756e-03
8.907682318980210401e-03
8.942075758723749476e-03
8.976525663573101804e-03
9.011079832750505669e-03
9.046007805475934221e-03
9.080874832171768191e-03
9.115395497561360263e-03
9.149717536825686254e-03
9.184001044863471241e-03
9.218023220030895082e-03
9.252261662772156073e-03
9.286720765990845450e-03
9.321473924078017489e-03
9.356262462435309402e-03
9.391140346374442227e-03
9.425916066103537036e-03
9.460647675248574917e-03
9.495392204447667198e-03
9.530559141692613451e-03
9.566238113253008879e-03
9.602303741491041711e-03
9.638790386806570659e-03
9.675466801774623010e-03
9.712544486953668399e-03
9.749950360647746325e-03
9.787341971434338969e-03
9.824673607323154353e-03
9.862111796688399074e-03
9.899281377748467281e-03
9.936790349788898399e-03
9.974104365220970783e-03
1.001148873497024680e-02
1.004917267420340175e-02
1.008741291608652828e-02
1.012606458219772812e-02
1.016492680267636756e-02
1.020412430327048703e-02
1.024330150466363880e-02
1.028260230510486851e-02
1.032209106408195527e-02
1.036210638891501071e-02
1.040223918567663788e-02
1.044233444011384744e-02
1.048258705988870838e-02
1.052267152338354217e-02
1.056324290551159673e-02
1.060363096923291892e-02
1.064436254155428155e-02
1.068470483862342391e-02
1.072441963572685723e-02
1.076332835923435489e-02
1.080230344507858084e-02
1.084159323374756824e-02
1.088122862250925395e-02
1.092082447929540283e-02
1.096061386742796899e-02
1.100070605778582546e-02
1.104031017350507599e-02
1.107967936022773679e-02
1.111948038625017003e-02
1.115942733238795004e-02
1.119943368051289599e-02
1.123991129536969572e-02
1.128041958718416747e-02
1.132020339013969923e-02
1.136010606233127905e-02
1.140043267403683357e-02
1.144081133622534135e-02
1.148124322163329714e-02
1.152208065761054639e-02
1.156309601034010218e-02
1.160428099792255689e-02
1.164575686208612661e-02
1.168753222839345740e-02
1.172963887930251504e-02
1.177170634543254352e-02
1.181408052512646772e-02
1.185718895352809096e-02
1.190016377622302515e-02
1.194289579653123358e-02
1.198561062889747821e-02
1.202806004122222716e-02
1.207080813898394646e-02
1.211402314102246781e-02
1.215760631497976758e-02
1.220065141228531512e-02
1.224374736447493561e-02
1.228705351219645282e-02
1.233066528086764271e-02
1.237436904902803128e-02
1.241813433103655315e-02
1.246208889136413492e-02
1.250618247225066329e-02
1.255031220844220370e-02
1.259464047639970857e-02
1.263913549761416615e-02
1.268362984199807378e-02
1.272797260585156222e-02
1.277233690929439197e-02
1.281700096428882961e-02
1.286147198010167449e-02
1.290575915707673979e-02
1.294988216112689765e-02
1.299430563564678981e-02
1.303789475278530931e-02
1.308144640844912353e-02
1.312488305778879843e-02
1.316818377236815031e-02
1.321127909927150880e-02
1.325464376150392413e-02
1.329851363664317707e-02
1.334268819942714505e-02
1.338714147932819690e-02
1.343170547573837095e-02
1.347659034428430776e-02
1.352143531599180395e-02
1.356617413919886800e-02
1.361065502241760525e-02
1.365525552205674314e-02
1.369997027512006964e-02
1.374476396504038973e-02
1.378923945367125856e-02
1.383356930339413142e-02
1.387787916110336944e-02
1.392236072946625471e-02
1.396665301285920403e-02
1.401100214617349501e-02
1.405551022004384795e-02
1.410018916790843103e-02
1.414504122934581720e-02
1.419005495612002225e-02
1.423445030533238356e-02
1.427831227050168315e-02
1.432193920836613218e-02
1.436524907392732787e-02
1.440862585395188099e-02
1.445218591154263238e-02
1.449574704709489202e-02
1.453923645648285551e-02
1.458253470784793074e-02
1.462568921362234799e-02
1.466918952130198336e-02
1.471292732251442553e-02
1.475662571593565342e-02
1.479992375343349743e-02
1.484322653757840123e-02
