7.516837389688751057e-03
7.531990236613088190e-03
7.547398662813869195e-03
7.562988599905891979e-03
7.578679308387278012e-03
7.594598173197501627e-03
7.610719380268561596e-03
7.626992845678476005e-03
7.643419079207559169e-03
7.659974235854688160e-03
7.676574537697981870e-03
7.693297750269344898e-03
7.710112437906445348e-03
7.727156881052150289e-03
7.744325677830541516e-03
7.761672032708885789e-03
7.779133092468884687e-03
7.796627725088597222e-03
7.814151926475377402e-03
7.831736288190196266e-03
7.849412852674068561e-03
7.867212681822279355e-03
7.885091787090313387e-03
7.903177381191657178e-03
7.921395506965901029e-03
7.939776877545306338e-03
7.958271690303162990e-03
7.976885348695245820e-03
7.995670691397194565e-03
8.014591247022497672e-03
8.033622848751000717e-03
8.052728563915060797e-03
8.071980332109022008e-03
8.091265590606307179e-03
8.110580463567669540e-03
8.129867554256356779e-03
8.149135821441676891e-03
8.168410432104736621e-03
8.187733049846934730e-03
8.207080922730980443e-03
8.226431302915074295e-03
8.245785977540262546e-03
8.265040127151944763e-03
8.284414414416116368e-03
8.303848992848351235e-03
8.323394990935279597e-03
8.342980393639379613e-03
8.362558294920774404e-03
8.382210257258606093e-03
8.401946685128971332e-03
8.421616195764956153e-03
8.441383700619241662e-03
8.461266479627827311e-03
8.481325749323210747e-03
8.501427064362458708e-03
8.521486905917112151e-03
8.541511326900910750e-03
8.561563819212518467e-03
8.581705191344631348e-03
8.601859963046904270e-03
8.622014755011057907e-03
8.642245549507881694e-03
8.662598260176169324e-03
8.683019987123530639e-03
8.703420078477047683e-03
8.723745572265373741e-03
8.744094718998054669e-03
8.764490499959632502e-03
8.784853474348607721e-03
8.805141693819481738e-03
8.825412366716620105e-03
8.845599714566483238e-03
8.866007230175117215e-03
8.886571659397631343e-03
8.907217641183903106e-03
8.927903613241939054e-03
8.948519579853098094e-03
8.969234144443512247e-03
8.989968156344578867e-03
9.010562389501316355e-03
9.031204529936647657e-03
9.051776545078226571e-03
9.072382282457006064e-03
9.093042629054979079e-03
9.113681868161334701e-03
9.134356909149911330e-03
9.155128096430095036e-03
9.175773241443774611e-03
9.196410377194401062e-03
9.216993188901036888e-03
9.237561916875686521e-03
9.258186403823523078e-03
9.278721627052868154e-03
9.299211455692466335e-03
9.319623666668785250e-03
9.340051223433638167e-03
9.360401908344889721e-03
9.380769544044344904e-03
9.401261720475562189e-03
9.421777402198060550e-03
9.442399910379182387e-03
9.463130797855028725e-03
9.483908637067764089e-03
9.504828797028736301e-03
9.525802820399225865e-03
9.546713099890843934e-03
9.567636595733482532e-03
9.588625753220511930e-03
9.609653736783334982e-03
9.630680191651870559e-03
9.651788026211517019e-03
9.672880682466477448e-03
9.694061285633189320e-03
9.715234980145001295e-03
9.736408659137073263e-03
9.757556490650595368e-03
9.778741734003698616e-03
9.799984252522262948e-03
9.821252339810734172e-03
9.842571663792905670e-03
9.863929353431949085e-03
9.885418192624917735e-03
9.906901059736123241e-03
9.928444337000054409e-03
9.950050560169614033e-03
9.971719777097329609e-03
9.993471615941926234e-03
1.001525640965885214e-02
1.003704145126049947e-02
1.005879920872998143e-02
1.008064820027814411e-02
1.010244403025387441e-02
1.012434620104972829e-02
1.014635210836729341e-02
1.016836731114627648e-02
1.019046809235240637e-02
1.021262584522687929e-02
1.023479867035448874e-02
1.025699518032813923e-02
1.027917477594186141e-02
1.030126030340013273e-02
1.032338624598302251e-02
1.034554229384173143e-02
1.036769782696243293e-02
1.038978017114980390e-02
1.041180504703718632e-02
1.043385490065108258e-02
1.045598278277023660e-02
1.047823884758655559e-02
1.050048188099541105e-02
1.052271189377439707e-02
1.054495400462099330e-02
1.056722051767045034e-02
1.058947326816029808e-02
1.061163452677135743e-02
1.063377627448394355e-02
1.065589279098094581e-02
1.067813296229127781e-02
1.070030864132643679e-02
1.072242036869066294e-02
1.074456986592622898e-02
1.076674614548906415e-02
1.078876565413339553e-02
1.081073275046380046e-02
1.083273440278627146e-02
1.085479937909245539e-02
1.087693520774905137e-02
1.089910419217237671e-02
1.092128750002143399e-02
1.094357877481437306e-02
1.096583941709147227e-02
1.098810940483803920e-02
1.101041523930162448e-02
1.103280898791306891e-02
1.105537112957196734e-02
1.107796768625196777e-02
1.110062443667055726e-02
1.112331326164739745e-02
1.114582014915572669e-02
1.116828858995965942e-02
1.119067515594970169e-02
1.121314703739353588e-02
1.123555901221395294e-02
1.125784432182278839e-02
1.128002508960790524e-02
1.130217235803651632e-02
1.132431660399596876e-02
1.134638666603438213e-02
1.136848539389283090e-02
1.139046881483308377e-02
1.141237017472257823e-02
1.143420962249350019e-02
1.145609420640740679e-02
1.147792797136725287e-02
1.149965496310980349e-02
1.152141749333011368e-02
1.154326173670036822e-02
1.156507441852596546e-02
1.158702024505415228e-02
1.160881825081106107e-02
1.163066309212236818e-02
1.165253262533833337e-02
1.167447541603314036e-02
1.169646504745559291e-02
1.171847867713659251e-02
1.174045564790089993e-02
1.176239018080127950e-02
1.178434085767898765e-02
1.180626394951403944e-02
1.182811166240815663e-02
1.184995200730620986e-02
1.187182181556643672e-02
1.189365910048929484e-02
1.191541348413997260e-02
1.193717181885752335e-02
1.195896343220640388e-02
1.198077683742427776e-02
1.200257525359206025e-02
1.202449084594437237e-02
1.204643633707375497e-02
1.206847149780591356e-02
1.209043997021983820e-02
1.211242725040184189e-02
1.213450558920325419e-02
1.215664488867702377e-02
1.217873046872996502e-02
1.220076649080763243e-02
1.222277666907113300e-02
1.224479463695027012e-02
1.226681816822471419e-02
1.228878850430062571e-02
1.231073510940238099e-02
1.233260831691654000e-02
1.235448985637499150e-02
1.237647375152948863e-02
1.239848515973230106e-02
1.242052639730446134e-02
1.244253247663246534e-02
1.246448273663274334e-02
1.248639400285782471e-02
1.250828907466642638e-02
1.253014305925949021e-02
1.255196687003122015e-02
1.257382014761395349e-02
1.259571074327118199e-02
1.261759652048057012e-02
1.263942456124337102e-02
1.266123586396772187e-02
1.268298320381243925e-02
1.270459302325039480e-02
1.272602488430846397e-02
1.274740037034593002e-02
1.276884071897678441e-02
1.279032645853300440e-02
1.281176323331286414e-02
1.283321051581819486e-02
1.285460670992955197e-02
1.287586839705012580e-02
1.289713525741701186e-02
1.291841628644334501e-02
1.293969663518778658e-02
1.296089292988832943e-02
1.298207302025699943e-02
1.300321229457446215e-02
1.302431894295183815e-02
1.304551188538876846e-02
1.306672919122921391e-02
1.308784528422994413e-02
1.310897597613177104e-02
1.313008933076078612e-02
1.315119594464985234e-02
1.317217916540563277e-02
1.319302413460250387e-02
1.321381823785499482e-02
1.323459958560649005e-02
1.325539182390368491e-02
1.327608631888502373e-02
1.329679474283206389e-02
1.331744910894174655e-02
1.333814986786216461e-02
1.335870179507275303e-02
1.337917063908533426e-02
1.339955448062552304e-02
1.341985191257032313e-02
1.344020009319925671e-02
1.346044303577173529e-02
1.348048829178951150e-02
1.350048910875924213e-02
1.352044224176217856e-02
1.354033026428700694e-02
1.356016430959090108e-02
1.357992552334656537e-02
1.359966593030555344e-02
1.361930557967050252e-02
1.363895203616539292e-02
1.365851539566695014e-02
1.367788950143639798e-02
1.369720850178610984e-02
1.371638818445707064e-02
1.373548551034002412e-02
1.375465194001613579e-02
1.377379581994266772e-02
1.379290221064647520e-02
1.381203439386309226e-02
1.383127935384935274e-02
1.385051796453797002e-02
1.386970777038975741e-02
1.388889514352246654e-02
1.390797916942025127e-02
1.392695851166114718e-02
1.394589072131708490e-02
1.396470945452181478e-02
1.398348181517769170e-02
1.400221284159551896e-02
1.402078308696674304e-02
1.403926756034518455e-02
1.405764836229859982e-02
1.407590934152089246e-02
1.409415942976638414e-02
1.411248435936629693e-02
1.413081336850203346e-02
1.414902732248422834e-02
1.416711234149302390e-02
1.418515472174349153e-02
1.420316807620220292e-02
1.422119879121333703e-02
1.423920439787348599e-02
1.425722150940233329e-02
1.427526727252478693e-02
1.429332945897987192e-02
1.431131967221450918e-02
1.432920894765369463e-02
1.434704166959527814e-02
1.436474296219653231e-02
1.438240977640441350e-02
1.439994511471274878e-02
1.441746962972758478e-02
1.443499051786565311e-02
1.445251472722785396e-02
1.447008521127833222e-02
1.448756770099563461e-02
1.450510236074649406e-02
1.452270144250259604e-02
1.454029015189983905e-02
1.455786483835073974e-02
1.457541397844913482e-02
1.459293966735978297e-02
1.461038204889841298e-02
1.462782373334210392e-02
1.464529007563324450e-02
1.466275754353656320e-02
1.468026055077985108e-02
1.469768835497257606e-02
1.471500988257965284e-02
1.473231283305921624e-02
1.474956022459778318e-02
1.476665516574072502e-02
1.478367110968803813e-02
1.480073239196604690e-02
1.481769111291146752e-02
1.483458030715084468e-02
1.485147538552679912e-02
1.486830813706226800e-02
1.488506767422928014e-02
1.490179253857508088e-02
1.491848808440960315e-02
1.493513360279675323e-02
1.495170350211811640e-02
1.496819651967048852e-02
1.498459841307566570e-02
1.500087764579301208e-02
1.501709797291010152e-02
1.503323080922332362e-02
1.504927273133692747e-02
1.506530349906927239e-02
1.508141902871805440e-02
1.509747244492276076e-02
1.511351078801212444e-02
1.512944234365776359e-02
1.514535079644757296e-02
1.516113402736152423e-02
1.517683504245843050e-02
1.519250430373835989e-02
1.520821726558541954e-02
1.522387489029442161e-02
1.523945492299082390e-02
1.525501199768229156e-02
1.527055792381240215e-02
1.528609248927805669e-02
1.530165589774742929e-02
1.531704487232651672e-02
1.533235789351877765e-02
1.534759493373356182e-02
1.536284316174015528e-02
1.537807057087916748e-02
1.539317933376948763e-02
1.540814255254801396e-02
1.542307705679177125e-02
1.543797664808946660e-02
1.545290246321938225e-02
1.546771672720792870e-02
1.548250779780883414e-02
1.549717387609668602e-02
1.551175826516085730e-02
1.552629586048770438e-02
1.554072884522976830e-02
1.555513445035016165e-02
1.556949046430028752e-02
1.558383741989611757e-02
1.559814934636339669e-02
1.561245795182209309e-02
1.562677890452643034e-02
1.564106000426557924e-02
1.565536021548547679e-02
1.566954475291779461e-02
1.568351922378587518e-02
1.569734507806495177e-02
1.571112734213948522e-02
1.572487686215147742e-02
1.573864607563442430e-02
1.575241996443872694e-02
1.576617168178708756e-02
1.577984695429021991e-02
1.579340203697729428e-02
1.580691396681468616e-02
1.582034068574097313e-02
1.583366533328420950e-02
1.584691468207182277e-02
1.586009443862560972e-02
1.587315338478933330e-02
1.588608000082120802e-02
1.589888636215589304e-02
1.591157045381394811e-02
1.592421678163611840e-02
1.593683912413286149e-02
1.594940804251492039e-02
1.596191723533717938e-02
1.597428917137268603e-02
1.598643968125726053e-02
1.599846504039810838e-02
1.601046791833489469e-02
1.602240468390820141e-02
1.603422904583225866e-02
1.604601838121438515e-02
1.605777973472275605e-02
1.606945580899005535e-02
1.608109779587518079e-02
1.609256601557214686e-02
1.610393215871281161e-02
1.611525192154475428e-02
1.612656759255441316e-02
1.613780231993451955e-02
1.614895335798458703e-02
1.616000527124648520e-02
1.617100998165349468e-02
1.618197149243605706e-02
1.619284778390098559e-02
1.620366433062199463e-02
1.621439651829311920e-02
1.622499457920706725e-02
1.623551562837421275e-02
1.624600373129109904e-02
1.625638510194556130e-02
1.626663337380999247e-02
1.627680147910957886e-02
1.628690876449221531e-02
1.629700683847869203e-02
1.630698630835687724e-02
1.631683891126687463e-02
1.632663298988798126e-02
1.633626212008924827e-02
1.634576135557214496e-02
1.635513891511620674e-02
1.636440472197784116e-02
1.637355117514935343e-02
1.638260895704685138e-02
1.639158452571393143e-02
1.640045428942298392e-02
1.640919054360780518e-02
1.641789257385830800e-02
1.642649251149389672e-02
1.643492984117249714e-02
1.644324777038620733e-02
1.645146601750222676e-02
1.645961083750003759e-02
1.646760716905446703e-02
1.647553241341465774e-02
1.648342761738015930e-02
1.649125060401265483e-02
1.649897981294592281e-02
1.650664760175789628e-02
1.651420032259099183e-02
1.652162088778152613e-02
1.652895309252393197e-02
1.653616383709497970e-02
1.654326937680457299e-02
1.655020231772523845e-02
1.655705915210942472e-02
1.656386055957817516e-02
1.657061825096005359e-02
