2.559849465583253700e-02
2.551417778101134834e-02
2.543000403568894743e-02
2.534587265709825621e-02
2.526173281378329971e-02
2.517773016970245234e-02
2.509390230461017862e-02
2.501022712486482627e-02
2.492682738254799885e-02
2.484352979417040266e-02
2.476027397199683996e-02
2.467678027102512828e-02
2.459343246551456280e-02
2.451017458611338615e-02
2.442707155059615012e-02
2.434429462402387667e-02
2.426210465397720187e-02
2.418038164399038265e-02
2.409889614507012418e-02
2.401764473166516367e-02
2.393673785387739547e-02
2.385583626228514331e-02
2.377491182132617301e-02
2.369432067064024261e-02
2.361370902484576789e-02
2.353296124723033844e-02
2.345189316203457122e-02
2.337077556800946920e-02
2.329002189720429106e-02
2.320961292540466708e-02
2.312953681794746585e-02
2.304984311427039911e-02
2.297047207329404664e-02
2.289121071419250933e-02
2.281197104866824338e-02
2.273311262897914631e-02
2.265429158470127699e-02
2.257550032366458653e-02
2.249643994475084008e-02
2.241745193610404641e-02
2.233886782780019134e-02
2.226060325669407605e-02
2.218289101024728191e-02
2.210587191974392948e-02
2.202910645712489318e-02
2.195250316499987309e-02
2.187611802522264337e-02
2.179965807857944804e-02
2.172299898868200810e-02
2.164645008806862295e-02
2.157012122114026695e-02
2.149382176023720975e-02
2.141763208467389532e-02
2.134208683436715839e-02
2.126671709377002742e-02
2.119149647242870443e-02
2.111632500166940249e-02
2.104149719440418648e-02
2.096692301545438966e-02
2.089229998424643742e-02
2.081772388602226229e-02
2.074353327526412202e-02
2.066987765792797568e-02
2.059693612490319167e-02
2.052413926300459754e-02
2.045144651527448440e-02
2.037894745173045655e-02
2.030643668285445763e-02
2.023405066939969188e-02
2.016193269821785553e-02
2.009023337414865204e-02
2.001903747549029292e-02
1.994822797608263032e-02
1.987765690168170549e-02
1.980715214096962634e-02
1.973708122291898542e-02
1.966754136274321760e-02
1.959841417759832644e-02
1.952967310760668485e-02
1.946100402419956646e-02
1.939233477438635778e-02
1.932376987541764915e-02
1.925538452172177381e-02
1.918722418096049237e-02
1.911954957353880283e-02
1.905226526987545410e-02
1.898498916580749346e-02
1.891800277474123271e-02
1.885130421965046724e-02
1.878493766583220342e-02
1.871892861178636736e-02
1.865322134553020275e-02
1.858775928425116311e-02
1.852268494355614747e-02
1.845794268388784368e-02
1.839364226428865864e-02
1.833001862644615884e-02
1.826697368474822225e-02
1.820410335390834980e-02
1.814152719497738597e-02
1.807929603035811697e-02
1.801744024468160399e-02
1.795595494190132743e-02
1.789475999144976570e-02
1.783374619946167736e-02
1.777296019844144814e-02
1.771244831739635095e-02
1.765212421182784860e-02
1.759211250092835785e-02
1.753253008626901727e-02
1.747325612728272554e-02
1.741421934913744279e-02
1.735536439982212839e-02
1.729674143870184311e-02
1.723844902344743094e-02
1.718035136668991797e-02
1.712249506127213813e-02
1.706485451169579767e-02
1.700741366149767855e-02
1.695024890659256947e-02
1.689321229127398530e-02
1.683631132968217703e-02
1.677951474135227009e-02
1.672296500740285199e-02
1.666668445427165607e-02
1.661065634736909671e-02
1.655462790549883795e-02
1.649883025464819394e-02
1.644326412769371928e-02
1.638779466241532118e-02
1.633260918163054881e-02
1.627774986798975754e-02
1.622307658299272648e-02
1.616854880804999631e-02
1.611422513491809344e-02
1.606014065933104515e-02
1.600630803461820448e-02
1.595277046299056062e-02
1.589969031411210890e-02
1.584708585083561411e-02
1.579480146751661984e-02
1.574281248087259361e-02
1.569113317078775147e-02
1.563970419107380688e-02
1.558837976396097030e-02
1.553719367678305270e-02
1.548632031320639098e-02
1.543575531563318171e-02
1.538541502792855308e-02
1.533524026901700137e-02
1.528515564271358887e-02
1.523511174149838956e-02
1.518507569197776602e-02
1.513508490275794829e-02
1.508524151872499275e-02
1.503557445487690124e-02
1.498602100457081809e-02
1.493672479695490156e-02
1.488753793538389637e-02
1.483842862293049958e-02
1.478954613189238480e-02
1.474087609702677375e-02
1.469251219590883388e-02
1.464440275987890193e-02
1.459644047468455427e-02
1.454859608949787830e-02
1.450089388107046739e-02
1.445333777977619687e-02
1.440599294179005507e-02
1.435892480436674022e-02
1.431210868163710140e-02
1.426538546653113859e-02
1.421887183946370960e-02
1.417245945239533483e-02
1.412632392755373660e-02
1.408043651203595703e-02
1.403475741883578216e-02
1.398925140047062483e-02
1.394390208059820974e-02
1.389867697123174997e-02
1.385357986780961538e-02
1.380867320365482091e-02
1.376405589339220990e-02
1.371968330915033542e-02
1.367543961289128390e-02
1.363120844666588193e-02
1.358705887719221725e-02
1.354311640699451015e-02
1.349938966375428123e-02
1.345588635215969574e-02
1.341259906455314656e-02
1.336947742558654631e-02
1.332644724013030968e-02
1.328364172962324084e-02
1.324086888471774810e-02
1.319822529207783680e-02
1.315569370366922661e-02
1.311326678037983036e-02
1.307098653586729123e-02
1.302883561820130341e-02
1.298685479170052712e-02
1.294509458647933806e-02
1.290346664995742874e-02
1.286194180416344070e-02
1.282056689887810588e-02
1.277938343948762170e-02
1.273827989899265628e-02
1.269735421341229402e-02
1.265667562276837251e-02
1.261619707336803474e-02
1.257585248302520858e-02
1.253558992700453366e-02
1.249541503940234353e-02
1.245538781952926222e-02
1.241552576114877092e-02
1.237581351523908864e-02
1.233624588570540401e-02
1.229684923497977728e-02
1.225767230064673738e-02
1.221868335949774335e-02
1.217990311400229606e-02
1.214137236727840484e-02
1.210302583338882486e-02
1.206484617333635975e-02
1.202678656622423702e-02
1.198883124097999651e-02
1.195094820409297806e-02
1.191319296234050022e-02
1.187557478747324792e-02
1.183803727019797775e-02
1.180063652579510167e-02
1.176336986029660921e-02
1.172627696802138776e-02
1.168935328293291623e-02
1.165249620489946548e-02
1.161573926388584886e-02
1.157914819396177290e-02
1.154270592169001977e-02
1.150637281827949186e-02
1.147011132057322580e-02
1.143395690949654611e-02
1.139789403728879054e-02
1.136199940702624887e-02
1.132616984693347005e-02
1.129048301627510152e-02
1.125494458988678635e-02
1.121948627272634572e-02
1.118409434685344386e-02
1.114880416450890477e-02
1.111366378471978326e-02
1.107863915092790683e-02
1.104374699815395891e-02
1.100898844015476240e-02
1.097430716355767694e-02
1.093968140882654524e-02
1.090513914253088065e-02
1.087067265890476545e-02
1.083632565075537402e-02
1.080208617542806337e-02
1.076792538280595818e-02
1.073377536476259088e-02
1.069971885788830075e-02
1.066580541520056880e-02
1.063207388346809265e-02
1.059848293362615490e-02
1.056500871916481697e-02
1.053165479345762913e-02
1.049848394160836015e-02
1.046544704084117691e-02
1.043258153597503672e-02
1.039986923938479753e-02
1.036724349163632014e-02
1.033472430845065564e-02
1.030234326473662004e-02
1.027007800862134862e-02
1.023793346223314700e-02
1.020592330977847413e-02
1.017405712596625329e-02
1.014233351315777312e-02
1.011071226671495654e-02
1.007923837103213809e-02
1.004788741981101768e-02
1.001660013551660192e-02
9.985394233715307391e-03
9.954271322101195321e-03
9.923226263425137875e-03
9.892274456393635937e-03
9.861398416835271546e-03
9.830583739091279874e-03
9.799881389660916250e-03
9.769331817725922587e-03
9.738838161793585135e-03
9.708439650267294135e-03
9.678202999271346557e-03
9.648081955780528698e-03
9.618083753825361001e-03
9.588199457808392265e-03
9.558416236354373707e-03
9.528723572038018744e-03
9.499107500219809708e-03
9.469624487098701054e-03
9.440279848508599525e-03
9.411059917702755198e-03
9.381939951259648039e-03
9.352917670364281968e-03
9.324040941448064057e-03
9.295284599362126782e-03
9.266643345840049062e-03
9.238078451804481242e-03
9.209575763792417560e-03
9.181180076081393512e-03
9.152878562900510634e-03
9.124683588631761141e-03
9.096536706369513781e-03
9.068444731757994634e-03
9.040460827662844673e-03
9.012545777643802061e-03
8.984696028003986631e-03
8.956971428460984777e-03
8.929379305409322273e-03
8.901889048858399600e-03
8.874508089314323001e-03
8.847216335397312115e-03
8.820066189829126047e-03
8.792993268002912213e-03
8.765942553414216021e-03
8.738947512493917477e-03
8.712004273929367659e-03
8.685128259652789146e-03
8.658328144066584908e-03
8.631536509963805975e-03
8.604837234096725240e-03
8.578302510033601613e-03
8.551878289475359218e-03
8.525551846559420791e-03
8.499275687920878827e-03
8.473071597561041002e-03
8.446945280708370585e-03
8.420897804291027980e-03
8.394931724754898031e-03
8.369067013417332349e-03
8.343294616666198371e-03
8.317596907958028224e-03
8.291996437042353091e-03
8.266488540614846947e-03
8.241099434424482492e-03
8.215777082672771903e-03
8.190506727542984367e-03
8.165332176354258426e-03
8.140249001777745061e-03
8.115261565937833405e-03
8.090354988153199145e-03
8.065515976306343593e-03
8.040725234134665084e-03
8.016004927058610618e-03
7.991324364578928849e-03
7.966734707083835548e-03
7.942181097954522512e-03
7.917703579087359556e-03
7.893298303149850689e-03
7.868958046080747407e-03
7.844665773619396640e-03
7.820444345532891542e-03
7.796334069439249739e-03
7.772336825705724629e-03
7.748392931344143079e-03
7.724532760531298628e-03
7.700734726226460790e-03
7.676974827368957671e-03
7.653234812260837662e-03
7.629537415379637408e-03
7.605906521711316461e-03
7.582326504441543567e-03
7.558811352405539127e-03
7.535395114724937303e-03
7.512039090775244829e-03
7.488748166687595950e-03
7.465535019555945111e-03
7.442416731493474609e-03
7.419393464703011136e-03
7.396475383158566085e-03
7.373643610923801169e-03
7.350894326155233208e-03
7.328217269066020050e-03
7.305632517294503511e-03
7.283122065518590933e-03
7.260675297751872925e-03
7.238293814251874070e-03
7.215976506920013592e-03
7.193697362626134614e-03
7.171444227420813861e-03
7.149235198181828899e-03
7.127084737096438249e-03
7.104967703804245145e-03
7.082908219428347626e-03
7.060910502912769691e-03
7.038941170383020141e-03
7.017036284107976661e-03
6.995190837786303961e-03
6.973437551123113157e-03
6.951748912040130700e-03
6.930106818270779373e-03
6.908535888216459954e-03
6.887053983210577809e-03
6.865688127537390370e-03
6.844393961957045969e-03
6.823164337743695476e-03
6.802007098185391780e-03
6.780971647407116852e-03
6.760020200287311307e-03
6.739160586480365256e-03
6.718340909218786794e-03
6.697576978212719384e-03
6.676871007665468975e-03
6.656234823025316757e-03
6.635617546654292050e-03
6.615045625157482158e-03
6.594551190214332712e-03
6.574131656225565626e-03
6.553777616612760197e-03
6.533493003366435195e-03
6.513287945864517335e-03
6.493141361565568301e-03
6.473043185541688289e-03
6.452999701939936793e-03
6.433004420491721283e-03
6.413067095299060903e-03
6.393193737835822961e-03
6.373353292888895433e-03
6.353579716515367695e-03
6.333857403186661170e-03
6.314198755760788186e-03
6.294601882607904660e-03
6.275084430587248366e-03
6.255632574305849090e-03
6.236253637814105112e-03
6.216950152149713568e-03
6.197706098328552640e-03
6.178532888720575898e-03
6.159410721917235772e-03
6.140333521886861406e-03
6.121277601493220304e-03
6.102259898779974559e-03
6.083312660450469929e-03
6.064404258085124254e-03
6.045527644078891108e-03
6.026697134717313824e-03
6.007924680307130498e-03
5.989260966133160176e-03
5.970665047971708203e-03
5.952135808913509851e-03
5.933654785130572547e-03
5.915238075226512265e-03
5.896858911908858802e-03
5.878513308706344483e-03
5.860220349131813923e-03
5.841969163736735783e-03
5.823717448919175227e-03
5.805530890276600423e-03
5.787403211825980359e-03
5.769330719546127140e-03
5.751319917581786990e-03
5.733326908055068165e-03
5.715379366890654608e-03
5.697488902799363597e-03
5.679691224787404569e-03
5.661923882233721970e-03
5.644185951767737019e-03
5.626477817745486297e-03
5.608838526482866522e-03
5.591263639819541928e-03
5.573757809770308463e-03
5.556286561767909658e-03
5.538856618445916861e-03
5.521475721324929122e-03
5.504171587850319181e-03
5.486959577444251723e-03
5.469805868796535908e-03
5.452693926245076074e-03
5.435644311881177027e-03
5.418658656247406918e-03
5.401743330897133127e-03
5.384899727271947809e-03
5.368123919847889516e-03
5.351389423139691487e-03
5.334696611453279384e-03
5.318041105042890099e-03
5.301440820153783574e-03
5.284897543091742790e-03
5.268413149859095188e-03
5.251971283162965541e-03
5.235589823601714300e-03
5.219248233468348937e-03
5.202960757054069137e-03
5.186710356110511497e-03
5.170505186206584593e-03
5.154355611860426262e-03
5.138240520649711360e-03
5.122162919928014389e-03
5.106128032868854048e-03
