1.157781736328362260e-02
1.160707217896278509e-02
1.163617907083685545e-02
1.166489092586255397e-02
1.169353601507910553e-02
1.172207275604041782e-02
1.175053659626133437e-02
1.177899500435806990e-02
1.180743405901701903e-02
1.183582088328787550e-02
1.186413676704758426e-02
1.189225599049533941e-02
1.192017144494405059e-02
1.194787975485049614e-02
1.197532975616198009e-02
1.200272108143601683e-02
1.203025654391439402e-02
1.205783499779405216e-02
1.208533502870842713e-02
1.211270239646323327e-02
1.213990311778788585e-02
1.216672496693447895e-02
1.219325222147425898e-02
1.221973279307041020e-02
1.224618858029012831e-02
1.227251145409448754e-02
1.229874830392586708e-02
1.232470937920496917e-02
1.235044155794992257e-02
1.237589851158446899e-02
1.240132949573807299e-02
1.242647665145709887e-02
1.245148422695513055e-02
1.247646829134197929e-02
1.250133810803282300e-02
1.252559034193209860e-02
1.254938114359984563e-02
1.257299568737689152e-02
1.259636355158558381e-02
1.261941729433815017e-02
1.264231348436537297e-02
1.266509493308267190e-02
1.268778776085734139e-02
1.271029935623387529e-02
1.273266996340421085e-02
1.275485751913367494e-02
1.277673871801862475e-02
1.279835017715867662e-02
1.281950693101182107e-02
1.284040843775406324e-02
1.286124798387855254e-02
1.288191892700801984e-02
1.290216981051224912e-02
1.292196963651487743e-02
1.294151870298222880e-02
1.296092932001400959e-02
1.298002685088558116e-02
1.299897715612476252e-02
1.301776909924110687e-02
1.303641781370449247e-02
1.305471765413632884e-02
1.307259178468019208e-02
1.309033251638574979e-02
1.310790492962483379e-02
1.312510511421188623e-02
1.314203308516454123e-02
1.315891087907678468e-02
1.317564602934401079e-02
1.319219280339104482e-02
1.320849836254225050e-02
1.322447397743237336e-02
1.324015642790273874e-02
1.325558024989907831e-02
1.327078105755787919e-02
1.328587466779319361e-02
1.330068490419294980e-02
1.331515686697395603e-02
1.332910886849240223e-02
1.334266675162924798e-02
1.335581886041389138e-02
1.336874751793723504e-02
1.338163399388789775e-02
1.339456586291944314e-02
1.340761069086200512e-02
1.342055206228482019e-02
1.343332409115394373e-02
1.344572019163771219e-02
1.345778286583452707e-02
1.346971554411135336e-02
1.348160286250229233e-02
1.349333798851327926e-02
1.350470384949571320e-02
1.351591007983220412e-02
1.352693722617664095e-02
1.353775021672119598e-02
1.354832149832489729e-02
1.355841271474160850e-02
1.356831862181098573e-02
1.357807696138261210e-02
1.358780994320967286e-02
1.359754612878506450e-02
1.360711850524035441e-02
1.361656713160836786e-02
1.362579090799861080e-02
1.363501177314448837e-02
1.364403721567759332e-02
1.365301141289492447e-02
1.366193893169521598e-02
1.367063357228611234e-02
1.367901395519206115e-02
1.368725499519969115e-02
1.369519223955083589e-02
1.370275048821266786e-02
1.371028182758714242e-02
1.371758141501105456e-02
1.372477906577187698e-02
1.373170064042327464e-02
1.373840001509232280e-02
1.374501078455403306e-02
1.375147922119660492e-02
1.375768464568555803e-02
1.376371983674469328e-02
1.376950037302962851e-02
1.377507066642886038e-02
1.378033208253486366e-02
1.378530900716855474e-02
1.379001930570497060e-02
1.379458017674603520e-02
1.379888112190600855e-02
1.380280199124594813e-02
1.380632313074089956e-02
1.380967070609761746e-02
1.381274744304124974e-02
1.381565261832407368e-02
1.381831715660579094e-02
1.382087401721432234e-02
1.382320833209521073e-02
1.382556243291883230e-02
1.382775054496123736e-02
1.382968137853135202e-02
1.383146301007343384e-02
1.383313556414809964e-02
1.383468542433994447e-02
1.383610662848259489e-02
1.383716044505400346e-02
1.383791502984993427e-02
1.383827936348143613e-02
1.383830793445861920e-02
1.383833701801828915e-02
1.383826029403331659e-02
1.383813844899399806e-02
1.383796884368250317e-02
1.383775413111198657e-02
1.383741405612575956e-02
1.383693154485547173e-02
1.383630335410678501e-02
1.383558878566439922e-02
1.383478910654256135e-02
1.383386456508549009e-02
1.383291352582969799e-02
1.383180882994969156e-02
1.383049649763791814e-02
1.382902061357504410e-02
1.382740191428781518e-02
1.382567221394774733e-02
1.382377390155947912e-02
1.382170150943275860e-02
1.381947670484756294e-02
1.381712732676672155e-02
1.381472535401502555e-02
1.381223372588698955e-02
1.380960882113859041e-02
1.380689814137969068e-02
1.380401854952430403e-02
1.380100917083429760e-02
1.379783191469706634e-02
1.379440654147566156e-02
1.379085497553251584e-02
1.378713825370081122e-02
1.378331756298242089e-02
1.377943148932829140e-02
1.377541895006367464e-02
1.377136504164160058e-02
1.376722373941403205e-02
1.376286381364173403e-02
1.375840010953065760e-02
1.375391406906641655e-02
1.374939832942619067e-02
1.374476113144680947e-02
1.373989430815220417e-02
1.373498295269112192e-02
1.372997637328514722e-02
1.372480253420377792e-02
1.371966183536939797e-02
1.371445501123842899e-02
1.370913111266344915e-02
1.370372294319933439e-02
1.369824366358470512e-02
1.369265729259813713e-02
1.368692888539188926e-02
1.368112846099260420e-02
1.367528114240880097e-02
1.366924907081719202e-02
1.366310113833893794e-02
1.365668073399507569e-02
1.365012561098844120e-02
1.364353306342466418e-02
1.363678631130366657e-02
1.362979533108641533e-02
1.362255831903435958e-02
1.361516757663933271e-02
1.360769584405553852e-02
1.360006946891300326e-02
1.359238009139024025e-02
1.358462915223634417e-02
1.357676571135707673e-02
1.356882348840300970e-02
1.356077660420946379e-02
1.355251012778081396e-02
1.354422378608631863e-02
1.353588896115847859e-02
1.352754668675594518e-02
1.351895931860060823e-02
1.351018614769956827e-02
1.350144548978940082e-02
1.349281810700493286e-02
1.348416676174353859e-02
1.347547634338384231e-02
1.346683194105010445e-02
1.345807255081503742e-02
1.344923299595509464e-02
1.344021776023696622e-02
1.343117089399756443e-02
1.342205824906907846e-02
1.341289252146016936e-02
1.340359092802111997e-02
1.339428176827823190e-02
1.338503208621041884e-02
1.337575014291638754e-02
1.336641005492041415e-02
1.335707741295030088e-02
1.334769036825974795e-02
1.333819557433276771e-02
1.332868050731569193e-02
1.331908857060054054e-02
1.330942623850507253e-02
1.329969187197241505e-02
1.328998857293938948e-02
1.328023438985562361e-02
1.327038236688874578e-02
1.326043191773750539e-02
1.325053898301436356e-02
1.324064234726458900e-02
1.323077154670690425e-02
1.322088813636132856e-02
1.321093594943043188e-02
1.320091841318989274e-02
1.319087458608048623e-02
1.318083906332472195e-02
1.317078138700382949e-02
1.316068385685554426e-02
1.315049880701943917e-02
1.314021437567281826e-02
1.312983339128810482e-02
1.311941371360758959e-02
1.310889451818774039e-02
1.309830111556724991e-02
1.308768592754432428e-02
1.307691917935525569e-02
1.306608535657889994e-02
1.305523254712636673e-02
1.304431919086118663e-02
1.303333385340014333e-02
1.302233151061625918e-02
1.301121414264056267e-02
1.300002179341724386e-02
1.298885066032371208e-02
1.297770923244161850e-02
1.296657042286881306e-02
1.295536252868697939e-02
1.294416895211097235e-02
1.293290128667233356e-02
1.292164120025509656e-02
1.291025306521400261e-02
1.289891098844704598e-02
1.288752874896678322e-02
1.287606784424086791e-02
1.286452081574142661e-02
1.285288449291512904e-02
1.284109387133541835e-02
1.282923319710295960e-02
1.281728796853057878e-02
1.280542119072967770e-02
1.279346735559984578e-02
1.278145789341461093e-02
1.276948717323991497e-02
1.275747125548993763e-02
1.274544405661416635e-02
1.273336976718606427e-02
1.272121838711915906e-02
1.270908137337281758e-02
1.269685410609352853e-02
1.268462465721316088e-02
1.267236438138911320e-02
1.266005263758414844e-02
1.264768114213760640e-02
1.263523554187758954e-02
1.262266995463588899e-02
1.261003903058655756e-02
1.259741559330240269e-02
1.258478013404046997e-02
1.257214547469174930e-02
1.255944648947395111e-02
1.254666751444389119e-02
1.253386800162596681e-02
1.252108139045324600e-02
1.250822691124658416e-02
1.249536954666179145e-02
1.248251163177292213e-02
1.246966046387500485e-02
1.245685752636802208e-02
1.244403737315951351e-02
1.243125981947887891e-02
1.241850362160568273e-02
1.240568972824076729e-02
1.239280664249085492e-02
1.237982677952884428e-02
1.236682214727903573e-02
1.235374455802977847e-02
1.234065939795009337e-02
1.232756157009904860e-02
1.231442148092111097e-02
1.230123146366523916e-02
1.228795209194352180e-02
1.227463375727053801e-02
1.226127083912972003e-02
1.224778052139190512e-02
1.223411044994219231e-02
1.222037421827647935e-02
1.220666102307660025e-02
1.219293603977278893e-02
1.217916740849651729e-02
1.216536534942698304e-02
1.215151551241001708e-02
1.213770427578597134e-02
1.212398315689715463e-02
1.211033485295906660e-02
1.209670065840364253e-02
1.208298213670002709e-02
1.206923321764773009e-02
1.205551212828952917e-02
1.204166352315184062e-02
1.202770283855500964e-02
1.201367948288126555e-02
1.199948118655466169e-02
1.198525714642998535e-02
1.197105118680117687e-02
1.195679533293608765e-02
1.194249389264003675e-02
1.192816415619551290e-02
1.191385131018465188e-02
1.189953149214662345e-02
1.188521572497601084e-02
1.187088195878816151e-02
1.185656734288040477e-02
1.184228397445814124e-02
1.182789194867917351e-02
1.181343220963254961e-02
1.179889837202345755e-02
1.178438516769173515e-02
1.176980350622264943e-02
1.175514530420328392e-02
1.174047623621114061e-02
1.172579406223056391e-02
1.171107580399474539e-02
1.169631726147432951e-02
1.168155343168062778e-02
1.166675908706244456e-02
1.165193415023663311e-02
1.163716756913810157e-02
1.162247204042216736e-02
1.160770597643271534e-02
1.159286599322000011e-02
1.157798678968701561e-02
1.156305420708970272e-02
1.154812568268857170e-02
1.153306503508545570e-02
1.151792517904582508e-02
1.150279066804739750e-02
1.148751750715010234e-02
1.147223448690754162e-02
1.145690508096746350e-02
1.144155098290717751e-02
1.142615464485963878e-02
1.141065355353194401e-02
1.139514625452422471e-02
1.137966681689673437e-02
1.136428086177009890e-02
1.134896385135929046e-02
1.133371387910749387e-02
1.131843072198945865e-02
1.130314756487142171e-02
1.128786354683897902e-02
1.127255233671504812e-02
1.125719750017385203e-02
1.124184057105452259e-02
1.122648990220988588e-02
1.121111655062013296e-02
1.119573281891165194e-02
1.118038363284874250e-02
1.116506306152005579e-02
1.114969786081097293e-02
1.113431599039340497e-02
1.111891224253272990e-02
1.110346037033266980e-02
1.108793462029531753e-02
1.107242418091153313e-02
1.105688377959396576e-02
1.104128868951854622e-02
1.102568603507925529e-02
1.101018430765781687e-02
1.099451282274522060e-02
1.097889983884190596e-02
1.096336137404287439e-02
1.094782180971345074e-02
1.093226432137885985e-02
1.091668502091339664e-02
1.090109924785458845e-02
1.088551715965601838e-02
1.086993222272314430e-02
1.085440006087808919e-02
1.083887492128380280e-02
1.082337838715500579e-02
1.080794266776990455e-02
1.079243558603853147e-02
1.077692824413597865e-02
1.076144261456375532e-02
1.074594524840451031e-02
1.073047326111391947e-02
1.071500584438644758e-02
1.069954920784208473e-02
1.068416101269979365e-02
1.066874306341577920e-02
1.065329453938384380e-02
1.063783837489820812e-02
1.062232263617023283e-02
1.060679489486415251e-02
1.059133583982713872e-02
1.057592415836213634e-02
1.056056560613677538e-02
1.054502400893710112e-02
1.052949049083930569e-02
1.051399495773367061e-02
1.049852113501839948e-02
1.048311071948988121e-02
1.046774685660385035e-02
1.045246154202655008e-02
1.043725007144489028e-02
1.042198146623763040e-02
1.040659482738027358e-02
1.039125847721922638e-02
1.037587915149996466e-02
1.036047239151662198e-02
1.034499253205400579e-02
1.032946585363449243e-02
1.031399375048473906e-02
1.029854146388609580e-02
1.028306103321086594e-02
1.026764596844277448e-02
1.025224089375219479e-02
1.023682012785111575e-02
1.022136847734621441e-02
1.020585287366152297e-02
1.019041352007088626e-02
1.017500914387633494e-02
1.015957155867372973e-02
1.014406985259193143e-02
1.012853441769860120e-02
1.011302829614329699e-02
1.009751480411308529e-02
1.008198464302104309e-02
1.006643190286436208e-02
1.005087196241101835e-02
1.003528446720006705e-02
1.001967678598199990e-02
1.000407055036294998e-02
9.988452168177106016e-03
9.972781107794035857e-03
9.957079735097519937e-03
9.941432063392137072e-03
9.925858185997674804e-03
9.910300743252317690e-03
9.894739119122851825e-03
9.879030344157517171e-03
9.863306190963082656e-03
9.847591502330554913e-03
9.831892356824351378e-03
9.816159941632226701e-03
9.800434476804299397e-03
9.784672533584424375e-03
