7.302977055353480039e-03
7.319324099428162200e-03
7.335780054348717445e-03
7.352270679934993884e-03
7.368838894947310654e-03
7.385506123523085872e-03
7.402240607534276394e-03
7.419108753033918854e-03
7.436150515482174185e-03
7.453440530273659596e-03
7.470864692084317610e-03
7.488420324944716072e-03
7.506001159597880910e-03
7.523689236724980835e-03
7.541444573059655730e-03
7.559314728949707157e-03
7.577340955537948362e-03
7.595568373878766946e-03
7.613834958220804666e-03
7.632243471114462038e-03
7.650839622178670120e-03
7.669527381088681213e-03
7.688289313573299331e-03
7.707225459654271950e-03
7.726240447302446489e-03
7.745346474170432260e-03
7.764649688159464512e-03
7.784016681162386417e-03
7.803455427307294523e-03
7.823032875514758511e-03
7.842665359303177888e-03
7.862430179905663397e-03
7.882315137298532767e-03
7.902228806855125104e-03
7.922240110658375356e-03
7.942296240209869088e-03
7.962520521175242560e-03
7.982880742551844155e-03
8.003309402743958093e-03
8.023813938939821158e-03
8.044404458369425540e-03
8.065059872078606668e-03
8.085862518533522628e-03
8.106821721432901431e-03
8.127736731660057182e-03
8.148765508471409597e-03
8.169958577885992265e-03
8.191394497589113421e-03
8.213026874554446230e-03
8.234783463319397465e-03
8.256519628538990310e-03
8.278212751487006374e-03
8.299961362243927360e-03
8.321802751940287485e-03
8.343743450506249312e-03
8.365754475260420847e-03
8.387822181765638638e-03
8.410105326820464106e-03
8.432472238804089235e-03
8.454953809541351784e-03
8.477500154280212530e-03
8.500097202437342792e-03
8.522754356603474621e-03
8.545414831993744173e-03
8.568147600483582912e-03
8.590891888715214073e-03
8.613537129972835549e-03
8.636053941726224217e-03
8.658641620056512986e-03
8.681180680864557589e-03
8.703871809463676820e-03
8.726640308272524613e-03
8.749500340561757947e-03
8.772303553362264389e-03
8.795139587392931599e-03
8.817990794555049736e-03
8.841040448308143743e-03
8.864288540030131405e-03
8.887604787332395798e-03
8.910978093170478231e-03
8.934380614917141958e-03
8.957701311426790811e-03
8.981029435424841764e-03
9.004466229712812173e-03
9.027964001270687849e-03
9.051511099732206800e-03
9.074963588140642218e-03
9.098440772333691098e-03
9.121965138904231107e-03
9.145506514462010614e-03
9.168935864879632774e-03
9.192307078355131666e-03
9.215829005955585018e-03
9.239398736938641415e-03
9.262963081063418924e-03
9.286600611966065386e-03
9.310286185513959312e-03
9.333936925438872378e-03
9.357613478785152886e-03
9.381363973556612265e-03
9.405065745185384532e-03
9.428714600324222123e-03
9.452256178931918787e-03
9.475794523614012449e-03
9.499423703172686639e-03
9.523076168375246148e-03
9.546769601593160792e-03
9.570409264951050890e-03
9.593964225669214183e-03
9.617597211443866187e-03
9.641376775117491138e-03
9.665278062690360952e-03
9.689384617132817609e-03
9.713617428747158347e-03
9.737754448868287532e-03
9.761874785916694816e-03
9.786132609099223653e-03
9.810510583729666750e-03
9.834791702040365791e-03
9.858854184950784083e-03
9.883009620966597478e-03
9.907275880205007948e-03
9.931558820576169566e-03
9.955855884125333274e-03
9.980164684908185424e-03
1.000450193940799481e-02
1.002880660978476557e-02
1.005307397846895781e-02
1.007727814042963521e-02
1.010150524185779962e-02
1.012583761195087750e-02
1.015021662532607054e-02
1.017465008366993245e-02
1.019911119517088495e-02
1.022362009194807859e-02
1.024805140210140707e-02
1.027260399341031402e-02
1.029717013129581062e-02
1.032172766305495225e-02
1.034625424500578914e-02
1.037082304366430778e-02
1.039536551955224861e-02
1.041988655362751162e-02
1.044452212165184433e-02
1.046916783354999957e-02
1.049387642884377567e-02
1.051871159752411529e-02
1.054348717126907600e-02
1.056819918650977151e-02
1.059288959439390852e-02
1.061750895205090285e-02
1.064215937030989559e-02
1.066687795686672817e-02
1.069156898855814879e-02
1.071630578752864361e-02
1.074111986833257461e-02
1.076595041040629037e-02
1.079069287278819171e-02
1.081530746847195017e-02
1.083987765442269088e-02
1.086440284692578515e-02
1.088877431081018525e-02
1.091312795113660514e-02
1.093741459145664528e-02
1.096162055586255915e-02
1.098578884092891658e-02
1.100990893849913138e-02
1.103402094209437675e-02
1.105811233245856430e-02
1.108230868540392537e-02
1.110649604207393677e-02
1.113071931917976147e-02
1.115488362386417992e-02
1.117896010751910120e-02
1.120299710982032917e-02
1.122690222624212961e-02
1.125079507474139109e-02
1.127467265311083051e-02
1.129855064921991142e-02
1.132242437222753459e-02
1.134627673705662816e-02
1.137006947849748817e-02
1.139388886301909674e-02
1.141756088589491493e-02
1.144121546070421373e-02
1.146497229291796455e-02
1.148869929015799117e-02
1.151237903194841927e-02
1.153601059831361325e-02
1.155956653052432441e-02
1.158303720116915340e-02
1.160648001646918254e-02
1.162978273724118820e-02
1.165306587641367145e-02
1.167640432146923105e-02
1.169965174886017194e-02
1.172286674344552929e-02
1.174606206719286394e-02
1.176920118663668004e-02
1.179250085346894225e-02
1.181588511624272544e-02
1.183930318531899173e-02
1.186267256595643048e-02
1.188595686695381563e-02
1.190927685214209636e-02
1.193257109439448994e-02
1.195579143725433204e-02
1.197892426991055935e-02
1.200195137348295145e-02
1.202484028843748241e-02
1.204769514144494492e-02
1.207058446853476706e-02
1.209342048316576143e-02
1.211632197686871547e-02
1.213925869046370877e-02
1.216220779613915240e-02
1.218508003384086678e-02
1.220787794966824748e-02
1.223061625762713288e-02
1.225321530696837913e-02
1.227582188898736909e-02
1.229846645556745104e-02
1.232104969589905251e-02
1.234356941221469856e-02
1.236600689331355911e-02
1.238847783065856641e-02
1.241087983578969406e-02
1.243323409185730782e-02
1.245551935923643570e-02
1.247776252199488296e-02
1.249986459480649514e-02
1.252185125551047613e-02
1.254380707418211414e-02
1.256564844641876871e-02
1.258742178184425915e-02
1.260924869227083092e-02
1.263108446446834475e-02
1.265299179818217719e-02
1.267484897684185118e-02
1.269672291078414311e-02
1.271862595889450623e-02
1.274049034431740633e-02
1.276229743948616158e-02
1.278409892642480561e-02
1.280577718577394220e-02
1.282742102665311579e-02
1.284895846290870676e-02
1.287033429039814714e-02
1.289169787238244810e-02
1.291293772238572522e-02
1.293413080882891038e-02
1.295528487390622090e-02
1.297644974029074118e-02
1.299753328410534550e-02
1.301850031391085273e-02
1.303940011522493510e-02
1.306016107350549925e-02
1.308078875516558402e-02
1.310134599919711082e-02
1.312191667082056139e-02
1.314250520350802864e-02
1.316308633241780775e-02
1.318364296773068441e-02
1.320411252825484487e-02
1.322449634610121764e-02
1.324482655704482467e-02
1.326524673979508594e-02
1.328568942228689626e-02
1.330605673963303204e-02
1.332641591342725515e-02
1.334679008834249031e-02
1.336719108567767551e-02
1.338759301074836892e-02
1.340794464238056517e-02
1.342829726641384461e-02
1.344868753874720567e-02
1.346906443694552424e-02
1.348942144918499272e-02
1.350968786624162817e-02
1.352995760409129479e-02
1.355018044107428841e-02
1.357035648216439912e-02
1.359054888364599235e-02
1.361067810297698910e-02
1.363071721901465416e-02
1.365063435744845281e-02
1.367053725307293063e-02
1.369042602810603172e-02
1.371021235626453290e-02
1.372995881054927744e-02
1.374959253548571105e-02
1.376911123997236717e-02
1.378855183835501000e-02
1.380788443530536931e-02
1.382715702389175107e-02
1.384630443112593035e-02
1.386540843309908705e-02
1.388443701129644242e-02
1.390351601140124571e-02
1.392249872532116094e-02
1.394140782265265548e-02
1.396025517384051097e-02
1.397902541304985209e-02
1.399781754414430000e-02
1.401651728235281738e-02
1.403527874558088348e-02
1.405405658515127346e-02
1.407279832580885480e-02
1.409149409355082289e-02
1.411002448079897061e-02
1.412844651612740060e-02
1.414671720942810122e-02
1.416488642648454539e-02
1.418293675501183099e-02
1.420095515038290700e-02
1.421898910386117966e-02
1.423694370103424298e-02
1.425495592041142214e-02
1.427290563231554607e-02
1.429079170984112572e-02
1.430857742725034042e-02
1.432625348692624298e-02
1.434398393164737842e-02
1.436151423769488865e-02
1.437894795104266779e-02
1.439643228460566783e-02
1.441387448121519976e-02
1.443119984910981590e-02
1.444837080120618504e-02
1.446537381851836432e-02
1.448223450171796760e-02
1.449900771954875864e-02
1.451569007275680008e-02
1.453227448735885767e-02
1.454864444632810762e-02
1.456493884055059390e-02
1.458117514913231591e-02
1.459729818517486143e-02
1.461329865278570422e-02
1.462924087998949442e-02
1.464520828236538959e-02
1.466109018865490235e-02
1.467688572328609484e-02
1.469258534894827412e-02
1.470823287958892590e-02
1.472379831555265146e-02
1.473924954736175949e-02
1.475456086829308837e-02
1.476972685937111979e-02
1.478484957710590568e-02
1.479997183226625102e-02
1.481496743040588461e-02
1.482981540608189347e-02
1.484450341463525169e-02
1.485909992139435552e-02
1.487354804522262805e-02
1.488795924414309559e-02
1.490229249646797538e-02
1.491663102464189233e-02
1.493088697357814257e-02
1.494502955297684864e-02
1.495897628146092284e-02
1.497280774743040346e-02
1.498651645355806618e-02
1.500008222159664346e-02
1.501357533139068348e-02
1.502695666716256408e-02
1.504025459295964262e-02
1.505353833285310791e-02
1.506675661652311614e-02
1.507986457424883089e-02
1.509287956873820932e-02
1.510575942941167794e-02
1.511857528883721671e-02
1.513133415805690066e-02
1.514413081482321108e-02
1.515692365545815400e-02
1.516963840852654684e-02
1.518228647327665194e-02
1.519483056051790237e-02
1.520730284396246655e-02
1.521967902616569619e-02
1.523200607589312097e-02
1.524427511800958111e-02
1.525653275096239096e-02
1.526870284180989988e-02
1.528073181641323788e-02
1.529260395069021936e-02
1.530437146338918010e-02
1.531599854486800395e-02
1.532745994709803355e-02
1.533885240461217367e-02
1.535025839188984900e-02
1.536161345890401687e-02
1.537297623879733954e-02
1.538424516436264627e-02
1.539544587808862504e-02
1.540667249037898368e-02
1.541788915494777742e-02
1.542900569133408110e-02
1.543989856672685693e-02
1.545067956075261290e-02
1.546133375333786329e-02
1.547186026977287812e-02
1.548231222636422752e-02
1.549265987177233551e-02
1.550282895094396741e-02
1.551296921340919108e-02
1.552312210807971563e-02
1.553315350086948571e-02
1.554317639961990370e-02
1.555316569899769380e-02
1.556305825263387850e-02
1.557280697407157494e-02
1.558252959518828529e-02
1.559222607675355560e-02
1.560182972096481671e-02
1.561133118364590490e-02
1.562078243867816296e-02
1.563018535360351235e-02
1.563956107837731827e-02
1.564885070567485423e-02
1.565806089605076279e-02
1.566712582942992454e-02
1.567614641170619535e-02
1.568516738887359638e-02
1.569413235314759750e-02
1.570304856517939357e-02
1.571193585014219601e-02
1.572068873459675845e-02
1.572928463171854516e-02
1.573770574640243752e-02
1.574601733699521056e-02
1.575428414624344131e-02
1.576253062980688749e-02
1.577076857104734928e-02
1.577897977824415168e-02
1.578703874757940440e-02
1.579496044180588032e-02
1.580274909738120168e-02
1.581043916985027178e-02
1.581796306428338156e-02
1.582530994747163508e-02
1.583247749878296043e-02
1.583948631420425621e-02
1.584635356201563594e-02
1.585311294031252136e-02
1.585970482958660652e-02
1.586625231990526977e-02
1.587264815068821153e-02
1.587892777333024460e-02
1.588515398543732457e-02
1.589132959371112458e-02
1.589732318411539447e-02
1.590319333978475191e-02
1.590900221921368041e-02
1.591484112114651198e-02
1.592058418006922146e-02
1.592623596568272168e-02
1.593173935327675539e-02
1.593721974018655341e-02
1.594262897620645977e-02
1.594784759857697382e-02
1.595299670652784718e-02
1.595801822993805213e-02
1.596298196150477619e-02
1.596782464492755432e-02
1.597249869474678605e-02
1.597702478045258737e-02
1.598148748052677023e-02
1.598590274257886967e-02
1.599019902988103869e-02
1.599443846730165888e-02
1.599853926904971566e-02
1.600250585695750169e-02
1.600630042450982074e-02
1.601009706243842687e-02
1.601385879065421805e-02
1.601753849403191043e-02
1.602115270066238259e-02
1.602476382942684754e-02
1.602835820657308105e-02
1.603187960796677997e-02
1.603529889163367653e-02
1.603861561526121263e-02
1.604178666393681063e-02
1.604488532962768457e-02
1.604785349263586347e-02
1.605076941555606471e-02
1.605362973750260047e-02
1.605647351583851246e-02
1.605925569956379376e-02
1.606195019784173797e-02
1.606458790443715534e-02
1.606713067506497505e-02
1.606952305381796967e-02
1.607178337252557904e-02
1.607396174485599058e-02
1.607602781570867043e-02
1.607795603485115410e-02
