8.970351955501533470e-03
9.000262720007170397e-03
9.030177172336884689e-03
9.059988088177085147e-03
9.089576982835256141e-03
9.119131700064441251e-03
9.148506223155241507e-03
9.177684594474972909e-03
9.206722747647770599e-03
9.235669366370278036e-03
9.264496125178958014e-03
9.293226554746333856e-03
9.321972564514969042e-03
9.350632265889847680e-03
9.379129607515794553e-03
9.407457761677659458e-03
9.435732070536370641e-03
9.463969082498567900e-03
9.492148136911786327e-03
9.520251278731380398e-03
9.548355731753362455e-03
9.576515513075775296e-03
9.604475610485420367e-03
9.632371742698252540e-03
9.660145381653221369e-03
9.687756500434732340e-03
9.715291373972105918e-03
9.742651026100227624e-03
9.769926359271130165e-03
9.797116772310482738e-03
9.824232712265885611e-03
9.851210762304635216e-03
9.878038397835743958e-03
9.904736498727988517e-03
9.931288713211977245e-03
9.957738833033309700e-03
9.984157299484864440e-03
1.001050075860701431e-02
1.003671741715097404e-02
1.006276711930110222e-02
1.008864617642499587e-02
1.011444920234781837e-02
1.014017627908707884e-02
1.016566644334701910e-02
1.019107356870487500e-02
1.021645222439495487e-02
1.024181921851008426e-02
1.026704966942313009e-02
1.029216848437512592e-02
1.031712389566019281e-02
1.034201180782844641e-02
1.036680191298525351e-02
1.039153675989600879e-02
1.041624290466623172e-02
1.044079471393143457e-02
1.046524371753593946e-02
1.048946193982021671e-02
1.051353297990581352e-02
1.053748826882069251e-02
1.056129201944794489e-02
1.058500662146143884e-02
1.060873046397061044e-02
1.063231531256003150e-02
1.065577699219017946e-02
1.067920759979410113e-02
1.070264178588338673e-02
1.072607400915679896e-02
1.074941183448030989e-02
1.077267449587593698e-02
1.079586788545568166e-02
1.081896457003321890e-02
1.084192345732754546e-02
1.086472895646758453e-02
1.088748236532828192e-02
1.091019983920344522e-02
1.093286216400960950e-02
1.095549856729513549e-02
1.097797745536134920e-02
1.100039557308756487e-02
1.102272185221971589e-02
1.104484784028320239e-02
1.106687568916971814e-02
1.108865719959880453e-02
1.111034128411225730e-02
1.113201397605956613e-02
1.115368130873924633e-02
1.117526202230706596e-02
1.119659204165183476e-02
1.121785075243053424e-02
1.123902143427997664e-02
1.126012425919640375e-02
1.128106847270417788e-02
1.130180279133483588e-02
1.132235959314374305e-02
1.134284279205184133e-02
1.136329597319820327e-02
1.138379968295017558e-02
1.140424860737702939e-02
1.142464497011247242e-02
1.144492446360934057e-02
1.146500272041122738e-02
1.148498502060720829e-02
1.150488122569806940e-02
1.152467217009952964e-02
1.154438618250840272e-02
1.156408757348958288e-02
1.158360299208568631e-02
1.160298720637767921e-02
1.162231199623592164e-02
1.164158408192292674e-02
1.166080161033875712e-02
1.168001721516916634e-02
1.169915537758001861e-02
1.171811240114226625e-02
1.173709873286929960e-02
1.175600911293392045e-02
1.177482034342190037e-02
1.179354121734310992e-02
1.181195185513171826e-02
1.183026409389550428e-02
1.184844681742009895e-02
1.186654610855256316e-02
1.188453170056867972e-02
1.190244470374804235e-02
1.192021793378743137e-02
1.193785818682363727e-02
1.195538741746736064e-02
1.197278476438728805e-02
1.199007289610211358e-02
1.200721353080466507e-02
1.202427129613672582e-02
1.204116576212899137e-02
1.205795428305447836e-02
1.207461775152792946e-02
1.209123195431452760e-02
1.210771933561440028e-02
1.212411996308245671e-02
1.214046331603171013e-02
1.215660451769914538e-02
1.217258786379077189e-02
1.218843825766768862e-02
1.220415541501689884e-02
1.221967049523415595e-02
1.223506576867113872e-02
1.225047343893070212e-02
1.226582143148300004e-02
1.228109343917789011e-02
1.229618181301059092e-02
1.231124019322337067e-02
1.232616359654216572e-02
1.234099919607569394e-02
1.235574655382243314e-02
1.237039609669008007e-02
1.238495798881433102e-02
1.239937606986430546e-02
1.241376028511949683e-02
1.242800173688279192e-02
1.244216400262697017e-02
1.245633028755243135e-02
1.247035150990911251e-02
1.248421569966725285e-02
1.249797834118687896e-02
1.251160827686765079e-02
1.252519921747991677e-02
1.253860820941497985e-02
1.255189425958250053e-02
1.256517315773699427e-02
1.257840654511925040e-02
1.259163011066227571e-02
1.260476868537271748e-02
1.261779952421094968e-02
1.263067694266987832e-02
1.264346562917693061e-02
1.265617120532643546e-02
1.266869201941494931e-02
1.268104839066068121e-02
1.269326749153989499e-02
1.270534675612241746e-02
1.271740931629259351e-02
1.272941643650644071e-02
1.274131339028451888e-02
1.275310184470545248e-02
1.276491168187781494e-02
1.277669148447539184e-02
1.278835368021568990e-02
1.279994024180156759e-02
1.281145915586313043e-02
1.282285191557118974e-02
1.283417738686444716e-02
1.284545440165279530e-02
1.285665552362440928e-02
1.286775914111171031e-02
1.287868517872832116e-02
1.288959892600500222e-02
1.290033529775422121e-02
1.291089406721534702e-02
1.292148200387029447e-02
1.293201687034682863e-02
1.294242266044790153e-02
1.295271298929560194e-02
1.296289261153439794e-02
1.297290767755009643e-02
1.298286685569255763e-02
1.299266187207195195e-02
1.300237734935816986e-02
1.301209158247865032e-02
1.302171188281029367e-02
1.303116111380172963e-02
1.304055305022803514e-02
1.304978736387461639e-02
1.305890388227152858e-02
1.306773587815664335e-02
1.307643240008502135e-02
1.308510149044371518e-02
1.309356918459900383e-02
1.310187159051684133e-02
1.311025828198134763e-02
1.311859659885068058e-02
1.312684419034388858e-02
1.313496866547249342e-02
1.314301758878751690e-02
1.315089250004739148e-02
1.315859741239794149e-02
1.316623401677306272e-02
1.317370611277761568e-02
1.318117398482655453e-02
1.318860272212933615e-02
1.319596296521982279e-02
1.320316824932133044e-02
1.321015606696086114e-02
1.321710057763108431e-02
1.322388560444622170e-02
1.323050292582456967e-02
1.323706892127071884e-02
1.324348235078541547e-02
1.324986755161939450e-02
1.325617542449189154e-02
1.326235753919533314e-02
1.326851672520890438e-02
1.327467337633178070e-02
1.328081492416204566e-02
1.328691869953435058e-02
1.329291567237430270e-02
1.329885008859541320e-02
1.330476232883399078e-02
1.331049356321950712e-02
1.331589572050934783e-02
1.332128412731048601e-02
1.332652235908217582e-02
1.333170135459695038e-02
1.333683024549676098e-02
1.334184932131044811e-02
1.334677293003666207e-02
1.335165988976157354e-02
1.335656294604239090e-02
1.336141053218960900e-02
1.336625776224504084e-02
1.337100815085389381e-02
1.337561316434367036e-02
1.338021607921985844e-02
1.338480308291480243e-02
1.338937600675769481e-02
1.339386050861238533e-02
1.339820328421106703e-02
1.340253796626588931e-02
1.340680053585372247e-02
1.341082046122087264e-02
1.341472305046396800e-02
1.341854068724272070e-02
1.342227037452310180e-02
1.342585522125319328e-02
1.342931107825969840e-02
1.343271939744361890e-02
1.343605327361308520e-02
1.343927666820986071e-02
1.344252372092423660e-02
1.344580252961110819e-02
1.344897330970625145e-02
1.345199715149972101e-02
1.345492111687544325e-02
1.345785743423894877e-02
1.346078990701823387e-02
1.346363456049251388e-02
1.346641137718788094e-02
1.346902816468178131e-02
1.347141569890308171e-02
1.347387379879072360e-02
1.347638426055313907e-02
1.347893823362809017e-02
1.348148828020908838e-02
1.348393965616983582e-02
1.348631252811777030e-02
1.348867292995546696e-02
1.349099483163188930e-02
1.349330112131314451e-02
1.349554984181610892e-02
1.349774639961428581e-02
1.349977689232585709e-02
1.350162827129920522e-02
1.350330944314006611e-02
1.350485419302680477e-02
1.350618419887243682e-02
1.350745261592739381e-02
1.350864857390785857e-02
1.350974307245720284e-02
1.351075328373546082e-02
1.351169533447581055e-02
1.351255304750592114e-02
1.351330320357192576e-02
1.351410837969909892e-02
1.351486505319324932e-02
1.351552572589334936e-02
1.351597512623172598e-02
1.351632211483055554e-02
1.351665014305054174e-02
1.351686196808741386e-02
1.351702432826745043e-02
1.351709501981611904e-02
1.351702452398860325e-02
1.351692545071734447e-02
1.351681457252910425e-02
1.351667134861828622e-02
1.351644878521537745e-02
1.351614793680041941e-02
1.351573591359776436e-02
1.351526875350479370e-02
1.351463638923962665e-02
1.351398470203727005e-02
1.351326795436485519e-02
1.351260235673426569e-02
1.351196138763606155e-02
1.351115594724222255e-02
1.351020070343046317e-02
1.350918320477256275e-02
1.350805140323736199e-02
1.350687007217974724e-02
1.350564383863744021e-02
1.350430002884622609e-02
1.350285448156190310e-02
1.350131348443426096e-02
1.349970882964852265e-02
1.349808774075255541e-02
1.349646465584572116e-02
1.349488448991471856e-02
1.349324956646479751e-02
1.349153128132377782e-02
1.348974397085050611e-02
1.348780427292277893e-02
1.348579787374370662e-02
1.348376517550478951e-02
1.348164492093422220e-02
1.347945329151536802e-02
1.347726696251846587e-02
1.347505405295089907e-02
1.347285562717970113e-02
1.347064279133089459e-02
1.346835996706381364e-02
1.346597903907805621e-02
1.346360385727564217e-02
1.346125296214025456e-02
1.345885900964469487e-02
1.345642760543244547e-02
1.345398109404765015e-02
1.345147561670805882e-02
1.344880078539052032e-02
1.344606617290078701e-02
1.344335728653386734e-02
1.344064659125515475e-02
1.343783533453466079e-02
1.343493507469796337e-02
1.343198572808251313e-02
1.342905214262416630e-02
1.342606041160166949e-02
1.342305402046132558e-02
1.341982485467718353e-02
1.341653982429941161e-02
1.341313795011818931e-02
1.340972442707958137e-02
1.340624849787737903e-02
1.340278013411680749e-02
1.339926046641033534e-02
1.339566305214053184e-02
1.339194360788785107e-02
1.338814065752427784e-02
1.338423376672687529e-02
1.338030872731919493e-02
1.337636995768469450e-02
1.337245477158682631e-02
1.336848357259560159e-02
1.336444446052008003e-02
1.336032885466904678e-02
1.335619646594476267e-02
1.335196808677292096e-02
1.334765896788365352e-02
1.334331149670173536e-02
1.333887839665352099e-02
1.333442253777035631e-02
1.332999810808296361e-02
1.332548417864772190e-02
1.332078622045915380e-02
1.331601200129115675e-02
1.331122524864065265e-02
1.330642920699528879e-02
1.330162261278965141e-02
1.329679393701322862e-02
1.329193600049344802e-02
1.328705634603898761e-02
1.328209345728461818e-02
1.327707224578241092e-02
1.327197946306410935e-02
1.326688295172852826e-02
1.326186395588460631e-02
1.325672713590706105e-02
1.325145122975354001e-02
1.324617806951605171e-02
1.324079084005955372e-02
1.323538948311402813e-02
1.323011021930809751e-02
1.322477477469385584e-02
1.321946664395794169e-02
1.321420001925496454e-02
1.320888164807797194e-02
1.320351481306730745e-02
1.319815266200007400e-02
1.319274816920507597e-02
1.318731367244366584e-02
1.318181339095771468e-02
1.317621641697156940e-02
1.317060202380287981e-02
1.316505483045714818e-02
1.315949465678976048e-02
1.315394955365109184e-02
1.314834773297980652e-02
1.314272883218916242e-02
1.313710923171695216e-02
1.313162704085780834e-02
1.312619731727833125e-02
1.312074784504660245e-02
1.311520642504375618e-02
1.310958135127694713e-02
1.310389705785072224e-02
1.309805883836036647e-02
1.309215660102463867e-02
1.308617717518952873e-02
1.308018822971899336e-02
1.307416462802474602e-02
1.306814392787502589e-02
1.306212486958435379e-02
1.305601250058771243e-02
1.304992897782807082e-02
1.304393847628815446e-02
1.303788346048677035e-02
1.303178060638341372e-02
1.302568660262673830e-02
1.301961515724171965e-02
1.301345384394615376e-02
1.300723353236300263e-02
1.300099625080752830e-02
1.299462171030978629e-02
1.298821635256820241e-02
1.298180660920705658e-02
1.297533017623436757e-02
1.296884780976370957e-02
1.296235462086176363e-02
1.295587645657597653e-02
1.294938717757048406e-02
1.294289424560643789e-02
1.293641507921972945e-02
1.292997627751848663e-02
1.292345776988687231e-02
1.291691025370765925e-02
1.291038278579787965e-02
1.290376596794884020e-02
1.289711758381300102e-02
1.289047866046691242e-02
1.288385616778221776e-02
1.287716412295635514e-02
1.287038267602766753e-02
1.286357703533483332e-02
1.285674773781771141e-02
1.284984969303032583e-02
1.284289300798711030e-02
1.283593415686255443e-02
1.282896132396207402e-02
1.282192450123797317e-02
1.281490027903302992e-02
1.280783355494523497e-02
1.280058935143394902e-02
1.279321124469283942e-02
1.278579871172192718e-02
1.277846942598403861e-02
1.277116569586738727e-02
1.276388705965974223e-02
1.275661182787927485e-02
1.274934969756064823e-02
1.274211023252743227e-02
1.273491333274933551e-02
1.272772907487636565e-02
1.272060054515265423e-02
1.271343236163374052e-02
