1.038309252632799856e-02
1.041441057387353965e-02
1.044562420871080789e-02
1.047663281680319414e-02
1.050755612043480398e-02
1.053835675755849383e-02
1.056899762522054212e-02
1.059963060346639542e-02
1.063015871203388564e-02
1.066077093629325644e-02
1.069150576088610458e-02
1.072215944354149714e-02
1.075258926409325584e-02
1.078278325057162833e-02
1.081282641213124861e-02
1.084264311095319532e-02
1.087237000437451563e-02
1.090209625049338819e-02
1.093168147111535371e-02
1.096105782062376487e-02
1.099024746163696636e-02
1.101933987622769236e-02
1.104813479466660447e-02
1.107676730636600673e-02
1.110535548355998450e-02
1.113386099357105072e-02
1.116231197929030104e-02
1.119066061664211222e-02
1.121884643576578043e-02
1.124671626890862489e-02
1.127426437786271593e-02
1.130157364320737504e-02
1.132867488455756300e-02
1.135562835579095008e-02
1.138235176306057021e-02
1.140892306223079654e-02
1.143533305656298238e-02
1.146167068838782610e-02
1.148789283546395625e-02
1.151392682036266046e-02
1.153976854996834056e-02
1.156542026946989765e-02
1.159096416687830505e-02
1.161635040938950071e-02
1.164155916471705868e-02
1.166655230991551877e-02
1.169129420347324311e-02
1.171589868849544705e-02
1.174045827081733606e-02
1.176489681491058731e-02
1.178912329987723620e-02
1.181310843910764706e-02
1.183697962314584316e-02
1.186055219296436140e-02
1.188379789315400538e-02
1.190692163470826598e-02
1.192981310073595695e-02
1.195255581092787012e-02
1.197511947183130601e-02
1.199751097011488021e-02
1.201979049067964170e-02
1.204192569901166646e-02
1.206394306682793439e-02
1.208587000478963253e-02
1.210762530931145699e-02
1.212922844473269049e-02
1.215078572967177514e-02
1.217220842226130438e-02
1.219357842102600752e-02
1.221487750169685145e-02
1.223597774023879071e-02
1.225693754001617487e-02
1.227783975919092760e-02
1.229859729473696713e-02
1.231908933906621789e-02
1.233900505056021932e-02
1.235872247367822592e-02
1.237836412382625241e-02
1.239779604949063294e-02
1.241693299104539190e-02
1.243590176501976029e-02
1.245467520195515758e-02
1.247328581333364758e-02
1.249178194853090527e-02
1.251017464639237430e-02
1.252848107907811488e-02
1.254654442178139949e-02
1.256432702404660512e-02
1.258196600104307186e-02
1.259942202920109541e-02
1.261673647767819900e-02
1.263400159407837738e-02
1.265098055968702853e-02
1.266784284358709982e-02
1.268454917092361883e-02
1.270099356084801977e-02
1.271719302299421060e-02
1.273325770957170651e-02
1.274919107889567298e-02
1.276495883449851529e-02
1.278060845988380698e-02
1.279612037991856993e-02
1.281147142104590436e-02
1.282672058241569532e-02
1.284189237185128993e-02
1.285688581663766740e-02
1.287166806493626747e-02
1.288624242115817865e-02
1.290069013501682176e-02
1.291505915172799952e-02
1.292919094146922042e-02
1.294309533642622537e-02
1.295676076232257258e-02
1.297025918763667837e-02
1.298369131262592374e-02
1.299693381873780022e-02
1.301004559044856811e-02
1.302302942001792516e-02
1.303572427549657721e-02
1.304824062293764853e-02
1.306048765850397093e-02
1.307261606851440813e-02
1.308464110757904912e-02
1.309646304671751096e-02
1.310799757279234277e-02
1.311933928163027015e-02
1.313056648454079614e-02
1.314167310597722481e-02
1.315250570616033517e-02
1.316302215244766725e-02
1.317328455354125141e-02
1.318340635700850950e-02
1.319325906975729774e-02
1.320284695712921168e-02
1.321231116468358190e-02
1.322161604358000446e-02
1.323076131575649274e-02
1.323964393618176638e-02
1.324831012048294752e-02
1.325671680397102863e-02
1.326491791084125418e-02
1.327297788982740624e-02
1.328090511253534126e-02
1.328874232636162965e-02
1.329631796792076805e-02
1.330361646487912379e-02
1.331077376928782585e-02
1.331783499918356636e-02
1.332482321905396720e-02
1.333178294942576926e-02
1.333855150722189006e-02
1.334515922490993149e-02
1.335167931728956613e-02
1.335803056741126892e-02
1.336420883495356531e-02
1.337028765243967500e-02
1.337635627647501199e-02
1.338227052092471649e-02
1.338795503271396868e-02
1.339358904887697800e-02
1.339909054673110375e-02
1.340446237759727530e-02
1.340976576339688447e-02
1.341500533202986609e-02
1.342006104607519276e-02
1.342496072897600076e-02
1.342964568637283231e-02
1.343420984545032164e-02
1.343859893885455264e-02
1.344289993834048291e-02
1.344709242079383804e-02
1.345113926041239215e-02
1.345507086812464635e-02
1.345886025467343469e-02
1.346238995201673970e-02
1.346585722034784709e-02
1.346927121113950139e-02
1.347253202900522764e-02
1.347570976884606558e-02
1.347872138281439210e-02
1.348156093633447183e-02
1.348432289288413813e-02
1.348684751555009192e-02
1.348918854056629056e-02
1.349151935100762617e-02
1.349374189402552555e-02
1.349599459620727179e-02
1.349821151849304145e-02
1.350036723696378463e-02
1.350243311511448857e-02
1.350446723039498351e-02
1.350628966592027497e-02
1.350806505421909935e-02
1.350977209531193518e-02
1.351133151954539424e-02
1.351279140707078996e-02
1.351425182485393311e-02
1.351569886807092030e-02
1.351702162059619308e-02
1.351817545628256761e-02
1.351923466036059930e-02
1.352010975636190604e-02
1.352083832878322490e-02
1.352151934786214454e-02
1.352219732765885286e-02
1.352271982984839561e-02
1.352304286804171564e-02
1.352322247194530890e-02
1.352325175424390520e-02
1.352307572419131181e-02
1.352274637808631094e-02
1.352215953968109383e-02
1.352148229793419601e-02
1.352072989322928090e-02
1.352000578187070694e-02
1.351926145087888401e-02
1.351842597935777948e-02
1.351742129698494006e-02
1.351632463084367040e-02
1.351518257895020954e-02
1.351390088734319948e-02
1.351253750241689956e-02
1.351102146447592627e-02
1.350941765982448077e-02
1.350763377101974090e-02
1.350573794954654412e-02
1.350374621694874940e-02
1.350170485653678053e-02
1.349954988301350564e-02
1.349726267010554689e-02
1.349487755351094602e-02
1.349242949489055758e-02
1.348998119140317441e-02
1.348732295930446697e-02
1.348452772929666608e-02
1.348162725649010990e-02
1.347867954849580295e-02
1.347566153263515289e-02
1.347241623364618321e-02
1.346905863382606011e-02
1.346570367236156127e-02
1.346220997736382631e-02
1.345860760711840159e-02
1.345489618570271974e-02
1.345107779189959503e-02
1.344720790618920796e-02
1.344323984692116260e-02
1.343920429748160159e-02
1.343516247634308526e-02
1.343097058536422451e-02
1.342664390114141175e-02
1.342225929035511731e-02
1.341788276276620166e-02
1.341345304127198115e-02
1.340891971603588168e-02
1.340427278113730768e-02
1.339963590302958515e-02
1.339494616900198214e-02
1.339023545487392358e-02
1.338543412357666613e-02
1.338056207701991858e-02
1.337565736356816776e-02
1.337056521607341009e-02
1.336540236107903144e-02
1.336013501469992398e-02
1.335476881879230776e-02
1.334928702928225332e-02
1.334356810333405148e-02
1.333768616278989926e-02
1.333181151264312657e-02
1.332588865387608970e-02
1.331987344274681781e-02
1.331379768868473819e-02
1.330760249341826802e-02
1.330133803269458771e-02
1.329493013293903993e-02
1.328842780419396165e-02
1.328186838350247853e-02
1.327525585814418735e-02
1.326851235308669150e-02
1.326178621806592753e-02
1.325499363269616072e-02
1.324804434107322917e-02
1.324095091073686226e-02
1.323374583053617097e-02
1.322645561982511118e-02
1.321910444499277068e-02
1.321180193747520382e-02
1.320449910490532723e-02
1.319713041173652644e-02
1.318965832649784085e-02
1.318204547808894678e-02
1.317439620657711793e-02
1.316667696777099224e-02
1.315890249335168079e-02
1.315106119567852581e-02
1.314312399593395471e-02
1.313512497934466762e-02
1.312709220818533869e-02
1.311897523080231796e-02
1.311074903110080909e-02
1.310239461852466536e-02
1.309399664635228604e-02
1.308552608318751947e-02
1.307698486166896865e-02
1.306838422541641183e-02
1.305978121335048259e-02
1.305107862793266141e-02
1.304235840821144250e-02
1.303362011402978138e-02
1.302482805171247503e-02
1.301598780319230229e-02
1.300705220700027788e-02
1.299807842147280082e-02
1.298905203739445131e-02
1.297997832069888030e-02
1.297090378964811663e-02
1.296178512908181292e-02
1.295256450383050657e-02
1.294328872056470757e-02
1.293394527856578553e-02
1.292452057823136741e-02
1.291504856295498660e-02
1.290550149637648657e-02
1.289588106238754792e-02
1.288615032142280750e-02
1.287633950032942252e-02
1.286648439322979343e-02
1.285659638428355775e-02
1.284660995001501126e-02
1.283655938042519047e-02
1.282646951658072444e-02
1.281635054331030886e-02
1.280618632698308189e-02
1.279602699506259163e-02
1.278586740534199198e-02
1.277569732212233133e-02
1.276550375495099331e-02
1.275530733344099922e-02
1.274508239613506878e-02
1.273484836081327509e-02
1.272461435997978944e-02
1.271433066451103412e-02
1.270402080707342014e-02
1.269364548220360336e-02
1.268327103764787037e-02
1.267291710975594447e-02
1.266247744134168900e-02
1.265198651985170904e-02
1.264143237008297400e-02
1.263079996806596057e-02
1.262012994102844864e-02
1.260947948653729118e-02
1.259883813092420486e-02
1.258819647052069127e-02
1.257748497732728669e-02
1.256673453605563519e-02
1.255597274252603576e-02
1.254510788930762906e-02
1.253423813098950013e-02
1.252327787362463203e-02
1.251227087684145603e-02
1.250117860599032557e-02
1.249000487720261163e-02
1.247877306234298871e-02
1.246751732639237234e-02
1.245623415844092884e-02
1.244492275060002026e-02
1.243360095358718789e-02
1.242223477874298924e-02
1.241084654000322932e-02
1.239943666976507826e-02
1.238802623650528748e-02
1.237659671612208710e-02
1.236514280388247879e-02
1.235364504062042360e-02
1.234214208729899655e-02
1.233058152255100959e-02
1.231897488400907417e-02
1.230735187429804825e-02
1.229568018304582309e-02
1.228395456328731580e-02
1.227217744558609103e-02
1.226026305191378098e-02
1.224837065962697258e-02
1.223646390727058456e-02
1.222458174938941683e-02
1.221266943493102414e-02
1.220068987603031840e-02
1.218861721421555730e-02
1.217649971415050991e-02
1.216428968841947768e-02
1.215204377156767213e-02
1.213978805917395598e-02
1.212750506782128181e-02
1.211517933984963824e-02
1.210277472245821148e-02
1.209035191765713002e-02
1.207787929923611475e-02
1.206537237572542602e-02
1.205283058841446348e-02
1.204027872103304204e-02
1.202764989514602638e-02
1.201503854491619075e-02
1.200242779780065321e-02
1.198981156014635417e-02
1.197716455547176428e-02
1.196448127685617244e-02
1.195177395126726175e-02
1.193904157940628430e-02
1.192626577771132949e-02
1.191346488059846949e-02
1.190061009205425901e-02
1.188776022844054668e-02
1.187487964479686312e-02
1.186193303371706372e-02
1.184893002519917492e-02
1.183592861262777740e-02
1.182287363583285796e-02
1.180976122479506819e-02
1.179662131234872520e-02
1.178341945372651106e-02
1.177009192100029675e-02
1.175675794370247690e-02
1.174342368230721183e-02
1.173006803126282367e-02
1.171670607489337483e-02
1.170331767116431464e-02
1.168990663491369965e-02
1.167647483023462329e-02
1.166301012629556225e-02
1.164951584820059054e-02
1.163597053689286245e-02
1.162238208071081011e-02
1.160878562151669742e-02
1.159515696145085525e-02
1.158150654098656640e-02
1.156781752465588751e-02
1.155408772245120758e-02
1.154032804518012253e-02
1.152651994804788048e-02
1.151276415631588730e-02
1.149901998283292363e-02
1.148522919538287439e-02
1.147142231568793434e-02
1.145759090101010347e-02
1.144377053552421072e-02
1.142993026597309211e-02
1.141600584753509583e-02
1.140199465133888250e-02
1.138798459929231399e-02
1.137394304519337256e-02
1.135982764688312115e-02
1.134565356542211433e-02
1.133142723115553030e-02
1.131716260193304895e-02
1.130285318231281054e-02
1.128850570958593938e-02
1.127413979337372335e-02
1.125974390207900612e-02
1.124532614304098350e-02
1.123091624475074622e-02
1.121645802359772133e-02
1.120198258458762579e-02
1.118753389600315659e-02
1.117302825083889284e-02
1.115852026434956297e-02
1.114400083075943459e-02
1.112949735404758674e-02
1.111498445081873267e-02
1.110041052095853825e-02
1.108577708928135813e-02
1.107108836594749082e-02
1.105640555929855370e-02
1.104174336501848042e-02
1.102711268486168683e-02
1.101246523735135811e-02
1.099776100117618761e-02
1.098304090447444967e-02
1.096827882946543355e-02
1.095344357543836383e-02
1.093860378124099191e-02
1.092372989491925510e-02
1.090886964699923703e-02
1.089400892766714812e-02
1.087915522239486441e-02
1.086420310710445661e-02
1.084920286725903592e-02
1.083418840184843628e-02
1.081910330869243105e-02
1.080402711740003144e-02
1.078894278083129994e-02
1.077380367057716691e-02
1.075865339106867394e-02
1.074348372137075985e-02
1.072828878381339342e-02
1.071309222465885794e-02
1.069791099922197224e-02
1.068276076691935216e-02
1.066756912428878934e-02
