2.848166562328579773e-02
2.840585469865251206e-02
2.832843695347637275e-02
2.824921326931826432e-02
2.816684795261841651e-02
2.808294163337604621e-02
2.799825185971377764e-02
2.791180499070568949e-02
2.782272973320031040e-02
2.772976310458475160e-02
2.763599007265144653e-02
2.754124367478259089e-02
2.744498036335015975e-02
2.734430348887918055e-02
2.724044902058361112e-02
2.713569766522793553e-02
2.703150983816722877e-02
2.692765587787367132e-02
2.682126452734763522e-02
2.671419514658718297e-02
2.660726579097377753e-02
2.650190485756331871e-02
2.639632224311190198e-02
2.628995853930330209e-02
2.618378828507973016e-02
2.607871688821517681e-02
2.597148089629434595e-02
2.586202354802760381e-02
2.575124894979417128e-02
2.564100780190111881e-02
2.553094197225392117e-02
2.542121120008273075e-02
2.531188740148668584e-02
2.520287952124137393e-02
2.509439912900840106e-02
2.498691858911237726e-02
2.487973440574448372e-02
2.477251931179877756e-02
2.466470188476808587e-02
2.455589731342611506e-02
2.444620336814043449e-02
2.433510175359573577e-02
2.422326463469676172e-02
2.411161027581235419e-02
2.400000847107500862e-02
2.389011509056971141e-02
2.378126625008853551e-02
2.367203551064930162e-02
2.356288403876165977e-02
2.345328432733692278e-02
2.334450528009170828e-02
2.323561212843869642e-02
2.312712813185413205e-02
2.301859372343924293e-02
2.291087383371059188e-02
2.280393392230364163e-02
2.269701929804798443e-02
2.259139637153273830e-02
2.248595916014123341e-02
2.238156425096760049e-02
2.227798737483886390e-02
2.217607706604460965e-02
2.207533351074586481e-02
2.197456702147624133e-02
2.187302602049740266e-02
2.176966112718943178e-02
2.166575781415300966e-02
2.156044333059368989e-02
2.145519127766307155e-02
2.135052063176667500e-02
2.124473615640894500e-02
2.113905623246693094e-02
2.103396969216322909e-02
2.092922257803426361e-02
2.082455543173122176e-02
2.072000535362111817e-02
2.061658979364655586e-02
2.051396828807358283e-02
2.041217782809216438e-02
2.030897614089768530e-02
2.020519919140784451e-02
2.010114692864700334e-02
1.999523457796923559e-02
1.988899988317604714e-02
1.978317842859148024e-02
1.967829579610215832e-02
1.957444342025000186e-02
1.947157612878710337e-02
1.936940121253953942e-02
1.926781060939731019e-02
1.916658939414803489e-02
1.906533667415205927e-02
1.896487971368120487e-02
1.886439451062655107e-02
1.876516415207556826e-02
1.866690016876078675e-02
1.856886067135645260e-02
1.847187452546967396e-02
1.837584710617443107e-02
1.828082905912099473e-02
1.818630979222725375e-02
1.809259105933388317e-02
1.799939432671627398e-02
1.790695694808841498e-02
1.781478024740218782e-02
1.772241246769023018e-02
1.763068375375257540e-02
1.753878924988044527e-02
1.744673016047025224e-02
1.735521019079339783e-02
1.726532354129029986e-02
1.717629951304204886e-02
1.708819962209050941e-02
1.700172797883694326e-02
1.691662842955916554e-02
1.683239609828890773e-02
1.674956304532604356e-02
1.666766885056337327e-02
1.658675557939106454e-02
1.650634688004325168e-02
1.642589848131102356e-02
1.634595564475662885e-02
1.626592358662419871e-02
1.618662084284128166e-02
1.610779250751580988e-02
1.602919536510685056e-02
1.595117382017650215e-02
1.587381983633890173e-02
1.579681260808830229e-02
1.572024455503894316e-02
1.564419129313105936e-02
1.556958871640248647e-02
1.549617167226908197e-02
1.542381880251562573e-02
1.535236461229823324e-02
1.528105364814709780e-02
1.521038227269925179e-02
1.514052053120758419e-02
1.506986387245995603e-02
1.499953014218902841e-02
1.492997450286710770e-02
1.486090572562314555e-02
1.479255475150121832e-02
1.472523305918285556e-02
1.465861532390055552e-02
1.459215346876831763e-02
1.452591286411205988e-02
1.446065814063276882e-02
1.439592075913649107e-02
1.433115984055503486e-02
1.426674959554022695e-02
1.420253737678984704e-02
1.413916717360760335e-02
1.407624053631162733e-02
1.401430043956597253e-02
1.395293372183847337e-02
1.389224809286560697e-02
1.383255588421399701e-02
1.377358331330078706e-02
1.371453513102781525e-02
1.365502680099751030e-02
1.359610795721107566e-02
1.353771435042818057e-02
1.347992062709036862e-02
1.342306108625418264e-02
1.336711748829255177e-02
1.331193389404807317e-02
1.325714299559613979e-02
1.320262235981794346e-02
1.314822492506230282e-02
1.309399140747208486e-02
1.303987279398732303e-02
1.298595241504404106e-02
1.293269569150031634e-02
1.287950023902369005e-02
1.282709794775534207e-02
1.277538412902686459e-02
1.272418736538178004e-02
1.267337833196721317e-02
1.262312182405325896e-02
1.257339351466469149e-02
1.252394591796129712e-02
1.247475723048818014e-02
1.242593576477278756e-02
1.237756697540763444e-02
1.232972523389777933e-02
1.228182172770690868e-02
1.223419896222296271e-02
1.218709921420433467e-02
1.214052484874068513e-02
1.209472542646732734e-02
1.204935735270464513e-02
1.200436753415630789e-02
1.195986639274095216e-02
1.191566698932320159e-02
1.187194948393024280e-02
1.182871515306060418e-02
1.178583869141990557e-02
1.174331206204667563e-02
1.170103800440755112e-02
1.165921716490843883e-02
1.161784437860178057e-02
1.157651963520973937e-02
1.153542910337731868e-02
1.149477297442641488e-02
1.145422067969607133e-02
1.141361409745782207e-02
1.137320057441311080e-02
1.133301168412359679e-02
1.129336176909374184e-02
1.125397254736359640e-02
1.121479892687057313e-02
1.117593805207331772e-02
1.113720825079396980e-02
1.109879965632417156e-02
1.106003385970476781e-02
1.102141027621921648e-02
1.098300113855855617e-02
1.094484935993258155e-02
1.090676002389844371e-02
1.086866740339177684e-02
1.083091649126978993e-02
1.079345863034875640e-02
1.075615983252535199e-02
1.071934270995382292e-02
1.068290495004856760e-02
1.064672117347311570e-02
1.061068200098740782e-02
1.057522385012907122e-02
1.054000539086094937e-02
1.050498560930907682e-02
1.047021791951104931e-02
1.043547249606568625e-02
1.040084498663903893e-02
1.036643495655347434e-02
1.033219731266864748e-02
1.029829901396491984e-02
1.026491908041532626e-02
1.023197369529869200e-02
1.019927922442959850e-02
1.016716534985003320e-02
1.013514740428567151e-02
1.010339852764151683e-02
1.007211903415795515e-02
1.004120031053176015e-02
1.001064198358865738e-02
9.980202842959532555e-03
9.950117871556586960e-03
9.920450858282064271e-03
9.891043201508072785e-03
9.861648095379904264e-03
9.832419403451539766e-03
9.803188517716469527e-03
9.774129634203314321e-03
9.745081259089226691e-03
9.716202953289013872e-03
9.687758687273093777e-03
9.659629614464270569e-03
9.631903649576176521e-03
9.604259298845754106e-03
9.576948386419127657e-03
9.550012490754659217e-03
9.523405632982175767e-03
9.497192414904135141e-03
9.471089656681867114e-03
9.445134963073909679e-03
9.419399071379787672e-03
9.393875052494116140e-03
9.368512758610742647e-03
9.343063811558350445e-03
9.317718751900485458e-03
9.292471500089275610e-03
9.267469669440650884e-03
9.242439389601697988e-03
9.217216397473094666e-03
9.192182878481409275e-03
9.167328947617226637e-03
9.142802712483997368e-03
9.118511838017723942e-03
9.094159463743341568e-03
9.069875358052233508e-03
9.045759209575949047e-03
9.021723243709612108e-03
8.997706782275176340e-03
8.973842579125618224e-03
8.950166050561148001e-03
8.926586488382487472e-03
8.903324384659625987e-03
8.880495579734354675e-03
8.857933850924757865e-03
8.835615463417175949e-03
8.813468843557123109e-03
8.791361652873667595e-03
8.769623540294629177e-03
8.748047689172751967e-03
8.726679869804772685e-03
8.705337350716546574e-03
8.683687717482681603e-03
8.662016788789193497e-03
8.640409792319773963e-03
8.619008559223312674e-03
8.597703447434584118e-03
8.576447583361040961e-03
8.555372750932594209e-03
8.534469633678253356e-03
8.513844441975485303e-03
8.493431312174096540e-03
8.473272303649012627e-03
8.453250304052823544e-03
8.433586792232045451e-03
8.414064338799751019e-03
8.394741836840680788e-03
8.375419442199527262e-03
8.356368507656759814e-03
8.337477174916309991e-03
8.318775403493725018e-03
8.299791681424084633e-03
8.280590910308896838e-03
8.261568110607646689e-03
8.242761033027734552e-03
8.224166812116111974e-03
8.205705671760092634e-03
8.187294648655739707e-03
8.168987549374189319e-03
8.150783282474980893e-03
8.132764482201822534e-03
8.114811005540439187e-03
8.097045355118397125e-03
8.079585584369358697e-03
8.062295524377033687e-03
8.045190708035759170e-03
8.028407405955182222e-03
8.012068860590982819e-03
7.995985028920621698e-03
7.980027194540431287e-03
7.963893281588628817e-03
7.947829527341089204e-03
7.931863001603976435e-03
7.915999433538765603e-03
7.900408061809765028e-03
7.884681187930583576e-03
7.869061696401549386e-03
7.853592090749069235e-03
7.838238936349595926e-03
7.823112312454820819e-03
7.808027951951501504e-03
7.792895353573581207e-03
7.777940063194645377e-03
7.763020666280533166e-03
7.748260280115245105e-03
7.733588214537766466e-03
7.718891718412360277e-03
7.704331383241294628e-03
7.689740192417744528e-03
7.675154065818380264e-03
7.660676367999683621e-03
7.646269273053573484e-03
7.632040955059169428e-03
7.617959094540726478e-03
7.603918976838990214e-03
7.589883996814128161e-03
7.575861787836936888e-03
7.561570781154385197e-03
7.547388344277350912e-03
7.533439092919281058e-03
7.519575381778360358e-03
7.505919503201144601e-03
7.492292129278462290e-03
7.478564028760861793e-03
7.464885628870095852e-03
7.451266806943277615e-03
7.437914645766931579e-03
7.424772272769381357e-03
7.411802545289958473e-03
7.399066064893150899e-03
7.386512600881300905e-03
7.374019492423510708e-03
7.361664618989356701e-03
7.349419527958203462e-03
7.337211397754509618e-03
7.325142139806579272e-03
7.313216464680189280e-03
7.301369664405137072e-03
7.289524892214406873e-03
7.277777120114735897e-03
7.266230704321046188e-03
7.254718911488690358e-03
7.243213307034354620e-03
7.231755165124432658e-03
7.220404232030196851e-03
7.209135057658249031e-03
7.197936686467253965e-03
7.186745449774005826e-03
7.175535055609996889e-03
7.164375830479927619e-03
7.153158304955463398e-03
7.141963652447834779e-03
7.130770540792966648e-03
7.119699270743678511e-03
7.108785490990422208e-03
7.098004300659379977e-03
7.087196331790081988e-03
7.076557568113918568e-03
7.066118100902552511e-03
7.055700048196098841e-03
7.045406601314645363e-03
7.035220834324148846e-03
7.025136813901777105e-03
7.015172870142418263e-03
7.005329799757998785e-03
6.995602155145018430e-03
6.986111448946500345e-03
6.976699105601179111e-03
6.967329983734383420e-03
6.957875449507254853e-03
6.948414661650495656e-03
6.939021994139593641e-03
6.929635933190085063e-03
6.920390062547552429e-03
6.911291399647363776e-03
6.902310470236937973e-03
6.893522871621374920e-03
6.884822127457390639e-03
6.876051486403067341e-03
6.867299843431482961e-03
6.858592675274379977e-03
6.849930456712670021e-03
6.841184195533045638e-03
6.832555598887617154e-03
6.823920875525493930e-03
6.815182353360686555e-03
6.806380453565875725e-03
6.797678180156097212e-03
6.789116400339069608e-03
6.780582033519721129e-03
6.772146114606591299e-03
6.763807110123678558e-03
6.755549224144352834e-03
6.747288996746506236e-03
6.739056026396200542e-03
6.730831132657976237e-03
6.722598589698311651e-03
6.714369405611111952e-03
6.706217875442810686e-03
6.698165639328986301e-03
6.690124215711688513e-03
6.682093339884308258e-03
6.674102055386253209e-03
6.666288670747313842e-03
6.658443446265986838e-03
6.650548082607740143e-03
6.642765101288087420e-03
6.635037656709653550e-03
6.627491744144758078e-03
6.620093024609101720e-03
6.612661000940069783e-03
6.605182905756478741e-03
6.597673776735578713e-03
6.590299400999565134e-03
6.583033161794955325e-03
6.575830850590102215e-03
6.568674525095403831e-03
6.561717248532740292e-03
6.554894548047278911e-03
6.548068178356039777e-03
6.541182977994976222e-03
6.534471988451842107e-03
6.527838482602205811e-03
6.521317260996510427e-03
6.514641882869342572e-03
6.507998536249380052e-03
6.501402981522867199e-03
6.494841473421506320e-03
6.488290839691865375e-03
6.481716043264093043e-03
6.475242603749707324e-03
6.468478849606309512e-03
6.461489414767907467e-03
6.454616869249711099e-03
6.447839831556143736e-03
6.441104944522899577e-03
6.434534944292698289e-03
6.428005778761028410e-03
6.421391137141855415e-03
6.414817002521235566e-03
6.408287024261960854e-03
6.401759025037577835e-03
6.395290471317953071e-03
6.388747675822693123e-03
6.382141924724109815e-03
6.375629843483899759e-03
6.369201394028466655e-03
6.362807303861312686e-03
6.356431107093044562e-03
6.350082872667916177e-03
6.343862788849582469e-03
6.337760583956257923e-03
6.331728339522987858e-03
6.325700969775135268e-03
6.319777513085119043e-03
