8.994891866287872684e-03
9.039435850786240248e-03
9.083387813922193590e-03
9.126807894891038678e-03
9.169915653450627646e-03
9.212850014060193840e-03
9.255491475442412241e-03
9.297477369485574253e-03
9.339194650468736481e-03
9.380720111614544374e-03
9.421478611302021647e-03
9.461942334344558211e-03
9.502290352123229922e-03
9.542658150074779730e-03
9.582986608250642496e-03
9.622696079892712265e-03
9.662014003760661940e-03
9.701175434750512749e-03
9.739911531723981220e-03
9.778265936638250860e-03
9.815942880153177147e-03
9.853551002169851428e-03
9.891062949505825472e-03
9.928025464130059083e-03
9.964614321472902228e-03
1.000074025758146933e-02
1.003654529437863173e-02
1.007162549059851565e-02
1.010617378036000706e-02
1.013997873325021316e-02
1.017308408776793592e-02
1.020609968419346550e-02
1.023890526377705182e-02
1.027125144308972497e-02
1.030316638853940106e-02
1.033473538067188578e-02
1.036557528663000285e-02
1.039598364093795649e-02
1.042581475511767178e-02
1.045479583496840628e-02
1.048363445492569122e-02
1.051211302420273185e-02
1.054022435538488900e-02
1.056782340014090701e-02
1.059460677948929203e-02
1.062098107841913386e-02
1.064723219418826222e-02
1.067253365101362289e-02
1.069703610744822050e-02
1.072102104228198419e-02
1.074486903287690323e-02
1.076815740941203768e-02
1.079123631546429971e-02
1.081355157105136182e-02
1.083553856548276177e-02
1.085693199063829557e-02
1.087801090137534982e-02
1.089797044567539577e-02
1.091741554617139780e-02
1.093644026339684640e-02
1.095510751941905503e-02
1.097313699384364072e-02
1.099094158438021669e-02
1.100796029971806353e-02
1.102447846773767746e-02
1.104076935225400263e-02
1.105674778059013118e-02
1.107204162345147742e-02
1.108666234268755255e-02
1.110019707010201015e-02
1.111290588840883019e-02
1.112509015015072239e-02
1.113734261860051603e-02
1.114891228879061336e-02
1.115902831660597373e-02
1.116795724296902256e-02
1.117618125805277911e-02
1.118376321097276464e-02
1.119035690575873217e-02
1.119586368477091566e-02
1.120039019792364032e-02
1.120472210696408198e-02
1.120885989584739090e-02
1.121258253019180411e-02
1.121553203574134940e-02
1.121760509290394350e-02
1.121912351023848266e-02
1.121981117174341777e-02
1.121977523706036740e-02
1.121890887462295532e-02
1.121731047478886911e-02
1.121511657380727840e-02
1.121167886153600496e-02
1.120796599982252194e-02
1.120371850058272598e-02
1.119909952871843070e-02
1.119388661305081509e-02
1.118780086489047296e-02
1.118087749522201323e-02
1.117352624144582474e-02
1.116534935062439560e-02
1.115660458410814605e-02
1.114736837584251114e-02
1.113774053261393053e-02
1.112794302803256190e-02
1.111698628241454198e-02
1.110550489657604299e-02
1.109311615022204496e-02
1.107930967944525079e-02
1.106463353658887309e-02
1.104907809201581721e-02
1.103201224555692625e-02
1.101384547502058837e-02
1.099455508782571506e-02
1.097469822182781975e-02
1.095443141495429547e-02
1.093328105396024902e-02
1.091141519110215390e-02
1.088878325311887392e-02
1.086504049309977224e-02
1.084080897433623535e-02
1.081656637355055822e-02
1.079219955185966966e-02
1.076673111668646939e-02
1.074073313689525785e-02
1.071421224756620785e-02
1.068811110998625288e-02
1.066143228438313009e-02
1.063476579657067662e-02
1.060816854978126160e-02
1.058120957431637338e-02
1.055417910505203685e-02
1.052656580435114633e-02
1.049843935884542910e-02
1.047065120682222697e-02
1.044272129678083284e-02
1.041533065826360550e-02
1.038728141633438531e-02
1.035818888848188957e-02
1.032901321075406845e-02
1.029997873735901195e-02
1.027064316488197557e-02
1.024210303675935838e-02
1.021374718071707197e-02
1.018582988073658130e-02
1.015875201753767970e-02
1.013151196794710024e-02
1.010389857288690463e-02
1.007642050527916486e-02
1.004933107974016922e-02
1.002272815351832810e-02
9.996020360856129258e-03
9.968621455092190053e-03
9.941054026730136717e-03
9.912605370807124269e-03
9.883563722156058634e-03
9.854438993048188905e-03
9.824934584758348091e-03
9.795536254407495591e-03
9.766743855440442046e-03
9.737605053494627003e-03
9.708708542753803628e-03
9.679301396874648994e-03
9.649701126599201720e-03
9.619887123980324847e-03
9.589666820593392010e-03
9.559378817316093596e-03
9.528983913261740088e-03
9.498595292830331466e-03
9.467936986651348877e-03
9.437051678176430064e-03
9.406163222797961007e-03
9.375449508170987170e-03
9.344719173836240136e-03
9.313611397923617086e-03
9.282491576443192144e-03
9.251266151106534580e-03
9.220520468836207115e-03
9.190265207613637632e-03
9.159821801214664341e-03
9.128913996775180409e-03
9.097501850796623282e-03
9.066092450590656354e-03
9.034806963063362825e-03
9.003585313345875002e-03
8.973136846877302272e-03
8.943140335491595039e-03
8.913876793456563738e-03
8.884498768645832101e-03
8.855923904037044797e-03
8.828026517194990930e-03
8.800275620677245475e-03
8.772674798370697080e-03
8.745151250410121077e-03
8.717756501963283555e-03
8.690958208441137978e-03
8.663858638341757901e-03
8.636359433730476584e-03
8.608553233100358151e-03
8.581530526551440011e-03
8.554993812190377772e-03
8.528811317146181570e-03
8.503672582315857306e-03
8.479116894036360652e-03
8.455331801503252614e-03
8.432190522808384256e-03
8.409149462007223588e-03
8.386563719345948784e-03
8.364030067592578832e-03
8.341704140363209036e-03
8.319477100748427431e-03
8.298082591292265178e-03
8.277083568279774983e-03
8.256357534110072768e-03
8.235708760984594354e-03
8.215315972698198840e-03
8.194827609972666141e-03
8.174635087980271914e-03
8.154867126112484710e-03
8.135401572198290923e-03
8.116435786826317611e-03
8.097951351018990718e-03
8.079499145772460478e-03
8.061243271891494616e-03
8.043054849116564389e-03
8.024808062514538279e-03
8.006585528955381323e-03
7.988807632333167277e-03
7.971587231778492696e-03
7.954622111381806290e-03
7.937779725627380073e-03
7.921009925767025228e-03
7.904586511842563029e-03
7.888470509304929684e-03
7.872228029136722760e-03
7.856252494347334969e-03
7.840530993508044999e-03
7.824721507710496668e-03
7.809161172976939423e-03
7.793384384756386028e-03
7.777316202121142136e-03
7.761564173864913228e-03
7.746139103400488668e-03
7.731116888862110334e-03
7.716601910552665401e-03
7.702050805723965193e-03
7.687836329892139622e-03
7.673715344696865025e-03
7.660083772318112931e-03
7.646853220743227847e-03
7.633640751029640084e-03
7.620440692682035021e-03
7.607066284737579002e-03
7.593785692179479130e-03
7.580580574281874616e-03
7.567646202738725902e-03
7.554614961602256450e-03
7.541654262670364692e-03
7.528839203166334294e-03
7.515974921308395812e-03
7.503552416250919288e-03
7.491324123527561170e-03
7.479116340287200390e-03
7.466924786379369391e-03
7.454785490274861738e-03
7.442739220492624458e-03
7.430816728500981572e-03
7.419131834066431189e-03
7.407799795623085277e-03
7.396666985313564771e-03
7.385743274492736869e-03
7.375131683671108489e-03
7.364979609250924680e-03
7.355082344647091014e-03
7.345296157154763451e-03
7.335716943364886146e-03
7.326160873584303818e-03
7.316674091798573525e-03
7.307364132904208692e-03
7.298368290207124347e-03
7.289633789525826017e-03
7.281225401247639825e-03
7.273162606515823358e-03
7.265003716498139377e-03
7.256901675258781680e-03
7.248681517683107194e-03
7.240441409765659142e-03
7.232362479489056091e-03
7.224664778775972095e-03
7.217174257734654610e-03
7.209702308848898837e-03
7.202406478173412063e-03
7.195232212625208429e-03
7.188170980169576382e-03
7.181302467549917704e-03
7.174625037923296894e-03
7.168029533267696735e-03
7.161276526619442771e-03
7.154461567996489232e-03
7.147733444457685797e-03
7.141040648917336940e-03
7.134384849498281306e-03
7.127832060717337152e-03
7.121207969557470825e-03
7.114827124003303936e-03
7.108494252464793786e-03
7.102255189142164631e-03
7.096171835401105139e-03
7.090170163042731899e-03
7.084351572569643624e-03
7.078494172364511831e-03
7.072587366438743035e-03
7.066674711379288161e-03
7.060845192685565042e-03
7.055180731379636846e-03
7.049537583741142914e-03
7.043920100274349977e-03
7.038369291008139510e-03
7.032692458449322885e-03
7.026937988344351266e-03
7.021266790948070026e-03
7.015663183494860039e-03
7.010023300709045113e-03
7.004208380480311802e-03
6.998299480152120680e-03
6.992523564713153464e-03
6.986865719366130122e-03
6.981324626302322194e-03
6.975894582603395927e-03
6.970601807685278782e-03
6.965194295907216337e-03
6.959843181271429570e-03
6.954496818790467834e-03
6.949111393532414992e-03
6.943740917573061264e-03
6.938628956903271534e-03
6.933512784254493126e-03
6.928480910731627147e-03
6.923510319939062997e-03
6.918362034262937922e-03
6.913383217999475618e-03
6.908557879325163964e-03
6.903645904781223822e-03
6.898673060588733814e-03
6.893766759553784408e-03
6.888676721418344161e-03
6.883495587689153310e-03
6.878322915640879172e-03
6.873278946356880907e-03
6.868144604761898184e-03
6.863007180381967137e-03
6.857927353107831810e-03
6.852809886655829991e-03
6.847477327860175891e-03
6.842184834772929887e-03
6.836975911293634647e-03
6.831912507318593265e-03
6.826873454175081020e-03
6.821949957715903005e-03
6.816997695074887391e-03
6.811993798669773240e-03
6.806982831136427527e-03
6.801930831439253686e-03
6.797091355288796544e-03
6.792354145605777015e-03
6.787667516458290029e-03
6.783002030029940121e-03
6.778274636208544111e-03
6.773564681191871287e-03
6.768884516799779372e-03
6.764184424616541055e-03
6.759429214025856891e-03
6.754629618710239133e-03
6.749974699484660896e-03
6.745304122642089770e-03
6.740748786463321950e-03
6.736441617954175808e-03
6.732220294899613974e-03
6.728030273569446038e-03
6.723964528118133235e-03
6.719833627360046434e-03
6.715532783522219946e-03
6.711402583080592482e-03
6.707274532118953116e-03
6.703316435876085187e-03
6.699475795662250370e-03
6.695650361845039214e-03
6.691765087498420528e-03
6.687859694355808952e-03
6.684054689639524344e-03
6.680144282879525199e-03
6.676256708369007753e-03
6.672362447545788014e-03
6.668596156643444468e-03
6.664766745706303050e-03
6.660993955858903783e-03
6.657358041143589776e-03
6.653565940269872553e-03
6.649850283525748570e-03
6.646177298698146586e-03
6.642476902389013796e-03
6.638861816554626240e-03
6.635298575441810932e-03
6.631706303670916770e-03
6.627918868906315826e-03
6.624006706107211755e-03
6.620329383869256144e-03
6.616827140226513165e-03
6.613483531719423561e-03
6.610157932537513541e-03
6.606807758992287553e-03
6.603311194262373278e-03
6.599827269314464777e-03
6.596330638075790197e-03
6.592791251784642370e-03
6.589267349148512400e-03
6.585865978147046641e-03
6.582547114535889678e-03
6.579322406544964655e-03
6.576068702865019676e-03
6.572747421972195345e-03
6.569257403938547762e-03
6.565708572831914676e-03
6.562250019832843208e-03
6.558936431041837226e-03
6.555749325493080010e-03
6.552679573664178282e-03
6.549709308444384530e-03
6.546706445150935437e-03
6.543576566077517927e-03
6.540589738305914967e-03
6.537623874147436946e-03
6.534613773765616564e-03
6.531630716001508158e-03
6.528709449240116189e-03
6.525671539467323493e-03
6.522611061765408967e-03
6.519643974936905825e-03
6.516717321745350844e-03
6.513864842968031602e-03
6.510873224851026174e-03
6.507815705593855173e-03
6.504761433315132436e-03
6.501699472467869188e-03
6.498740391579395891e-03
6.495865195903724638e-03
6.492826919605312191e-03
6.490016378186437389e-03
6.487286308366294399e-03
6.484704370389795212e-03
6.482204572030947007e-03
6.479811502045976224e-03
6.477404523468521108e-03
6.474965695300762339e-03
6.472555956090165867e-03
6.470167235362422019e-03
6.467785277588335331e-03
6.465558187280604809e-03
6.463319381922431536e-03
6.461048854327838126e-03
6.458730839270734707e-03
6.456409689312834869e-03
6.454131703228441728e-03
6.451878828929321318e-03
6.449627873927528746e-03
6.447416202117014182e-03
6.445316250630458640e-03
6.443288171887402889e-03
6.441351472335606065e-03
6.439406263611481551e-03
6.437483862299974401e-03
6.435614338985978268e-03
6.433815534384574632e-03
6.432048851124112267e-03
6.430262301800946170e-03
6.428603817329518917e-03
6.426962469619515624e-03
6.425261180058165246e-03
6.423571690190045189e-03
6.421790643479532816e-03
6.419824330798407953e-03
6.417778478732349620e-03
6.415835884166214143e-03
6.413775807227342293e-03
6.411738910565823422e-03
6.409633365588628465e-03
6.407489245582569624e-03
6.405476407477756623e-03
6.403556064716292573e-03
6.401708819342832174e-03
6.399893492354675507e-03
6.398148455357408233e-03
6.396479829754953168e-03
6.394752027255812266e-03
6.393028717839091372e-03
6.391322426351346217e-03
6.389518053563807316e-03
6.387677198279267596e-03
6.385869307230283495e-03
6.384063324411152172e-03
