9.957428997860558878e-03
9.952265842822067415e-03
9.947129947127287056e-03
9.942001344200951385e-03
9.936988184637264576e-03
9.932058792972353264e-03
9.927005190154490274e-03
9.922038569545781408e-03
9.917167962233209080e-03
9.912479514192213195e-03
9.907989049089968928e-03
9.903566367956464708e-03
9.899162109830857495e-03
9.894683145501832408e-03
9.890161184382694620e-03
9.885652411377282914e-03
9.881193906590790207e-03
9.876828733418871464e-03
9.872586820600340318e-03
9.868362351752842446e-03
9.864143247346222193e-03
9.860017482960703114e-03
9.855996820618445273e-03
9.852108169175720354e-03
9.848426006782005915e-03
9.844856737556056947e-03
9.841299272384893687e-03
9.837867392079127984e-03
9.834511107128492483e-03
9.831154311966438727e-03
9.827780492297408937e-03
9.824425153835296409e-03
9.821146527287310385e-03
9.817899123651921758e-03
9.814722808827463021e-03
9.811757808181963136e-03
9.808967713701152030e-03
9.806337115362008180e-03
9.803805975054391900e-03
9.801382340409607596e-03
9.799036171679598173e-03
9.796786097293249881e-03
9.794665812759350415e-03
9.792558024417483478e-03
9.790383914842271107e-03
9.788303445767551278e-03
9.786322132089450565e-03
9.784482986333369742e-03
9.782718819885004649e-03
9.780996300009461852e-03
9.779377987852222454e-03
9.777868586109740925e-03
9.776483957679642928e-03
9.775115716585016171e-03
9.773881470329886037e-03
9.772739245780252826e-03
9.771804796909099727e-03
9.770906037402084243e-03
9.770121700403776310e-03
9.769441215678640114e-03
9.768763572143492058e-03
9.768114907625352963e-03
9.767616249144062818e-03
9.767170248921487954e-03
9.766757428391930479e-03
9.766556627111695060e-03
9.766492793563175123e-03
9.766586506058010445e-03
9.766746747147147731e-03
9.767120025537371492e-03
9.767691658477874878e-03
9.768345933166094203e-03
9.769117770092435038e-03
9.770114970225870013e-03
9.771298284793243985e-03
9.772689997768620532e-03
9.774280622711567848e-03
9.776069076689188064e-03
9.777964754603267125e-03
9.779992511100185984e-03
9.782138116303738459e-03
9.784442058195128369e-03
9.786833831893602606e-03
9.789384544532006224e-03
9.792013213681376865e-03
9.794772371502552880e-03
9.797854902484486386e-03
9.801069474112120150e-03
9.804397671999634176e-03
9.807742955826424455e-03
9.811259927627588584e-03
9.814984535214028166e-03
9.818789741762545126e-03
9.822638144055607576e-03
9.826546356620419198e-03
9.830590294044514593e-03
9.834646246764288530e-03
9.838855244803122735e-03
9.843311446201694070e-03
9.847832311454821075e-03
9.852485094273494629e-03
9.857283782469104805e-03
9.862221278778804737e-03
9.867182267446688443e-03
9.872208555847321668e-03
9.877498642735222864e-03
9.882935222810172032e-03
9.888401791762918905e-03
9.893945664535391468e-03
9.899510962954143761e-03
9.905057196235802011e-03
9.910594046326397580e-03
9.916270894593289670e-03
9.922131086158509847e-03
9.928116884790979049e-03
9.934142141281975674e-03
9.940324214173047734e-03
9.946644570093709364e-03
9.952993531479884665e-03
9.959456018032084718e-03
9.965999379021726889e-03
9.972640011053017506e-03
9.979451201135466215e-03
9.986330722257453357e-03
9.993247711909207173e-03
1.000026210516704456e-02
1.000736135281315997e-02
1.001455519175932854e-02
1.002180516517018824e-02
1.002915451750501646e-02
1.003669713973564734e-02
1.004436955742307735e-02
1.005201775828228755e-02
1.005967377850330510e-02
1.006741243314327600e-02
1.007527776657468795e-02
1.008315337795322349e-02
1.009106589419322790e-02
1.009902185729577573e-02
1.010704136208953260e-02
1.011514535009114257e-02
1.012324217357770534e-02
1.013150175235111652e-02
1.013989488904026327e-02
1.014825170178038950e-02
1.015662446407001630e-02
1.016509955360291040e-02
1.017366861515516495e-02
1.018224832842158645e-02
1.019092558475619137e-02
1.019979153869906251e-02
1.020876589607855323e-02
1.021788018977093718e-02
1.022710839726947464e-02
1.023644432749163530e-02
1.024594718716376716e-02
1.025562464993457282e-02
1.026535175927253095e-02
1.027517653497437428e-02
1.028516348117067963e-02
1.029519717238960679e-02
1.030526551185684953e-02
1.031551404325320616e-02
1.032594507427763743e-02
1.033653562321448088e-02
1.034730472157473040e-02
1.035819077690328278e-02
1.036912514539474646e-02
1.038014949690155460e-02
1.039128341970533935e-02
1.040250960477057465e-02
1.041385599387838375e-02
1.042534007066135346e-02
1.043683224098818606e-02
1.044840176557389373e-02
1.046008996205905796e-02
1.047185137528380480e-02
1.048367336830068920e-02
1.049562026654773939e-02
1.050771252741196371e-02
1.051978521810092125e-02
1.053190977834408265e-02
1.054416484170102829e-02
1.055658656657689452e-02
1.056898021775385700e-02
1.058132476771005311e-02
1.059382823936202284e-02
1.060650694783534138e-02
1.061935591840701756e-02
1.063220936987221282e-02
1.064511716241003936e-02
1.065809696201001737e-02
1.067118586041714175e-02
1.068439390256689485e-02
1.069770227508683516e-02
1.071109411060734533e-02
1.072464116852141040e-02
1.073822514703223416e-02
1.075185064817352383e-02
1.076549283130977253e-02
1.077914924647774622e-02
1.079283636744923607e-02
1.080650758284382000e-02
1.082015903708412503e-02
1.083395992528645921e-02
1.084785536879167428e-02
1.086170821363119030e-02
1.087571041720511097e-02
1.088981536080424473e-02
1.090392467191658200e-02
1.091816236489616052e-02
1.093249208561669107e-02
1.094689955570278539e-02
1.096133672518043861e-02
1.097590055060103029e-02
1.099046630585804978e-02
1.100519301805216558e-02
1.102011489829238071e-02
1.103513938987330488e-02
1.105015179761303923e-02
1.106538377517064971e-02
1.108069447013754032e-02
1.109611994478268762e-02
1.111176984994173035e-02
1.112746838706498917e-02
1.114322790426032148e-02
1.115908758369533668e-02
1.117514040843714009e-02
1.119129366140970798e-02
1.120749596279282077e-02
1.122389781396166374e-02
1.124030128263218790e-02
1.125682589536725238e-02
1.127343790320118992e-02
1.129004978989494451e-02
1.130671792400259924e-02
1.132352616858910491e-02
1.134038197643335959e-02
1.135729059363823311e-02
1.137431121076367367e-02
1.139132278721007203e-02
1.140835112497453827e-02
1.142537178305484680e-02
1.144257268479673129e-02
1.145992629171673285e-02
1.147736121430897697e-02
1.149486869900959163e-02
1.151249531322640768e-02
1.153021257263409961e-02
1.154805328208087685e-02
1.156599380672872907e-02
1.158404259060895856e-02
1.160212764153249927e-02
1.162021642322884178e-02
1.163844469418337350e-02
1.165693665283148300e-02
1.167551096869876015e-02
1.169405293884343520e-02
1.171262149473204298e-02
1.173125880177089929e-02
1.174992080373215599e-02
1.176868268383565209e-02
1.178747844956473841e-02
1.180647019941952897e-02
1.182567976881052259e-02
1.184511231632650805e-02
1.186472179705752930e-02
1.188445540078076311e-02
1.190432074941244825e-02
1.192429251904965175e-02
1.194432969016011488e-02
1.196446689461020708e-02
1.198473379018996296e-02
1.200516562093323532e-02
1.202562055625676710e-02
1.204616034489081750e-02
1.206677943119994524e-02
1.208740141194038567e-02
1.210813591251265128e-02
1.212899559185048014e-02
1.214996528242677336e-02
1.217115365216036617e-02
1.219245906917851979e-02
1.221389024565913521e-02
1.223551158679445257e-02
1.225734315270927792e-02
1.227933035746398352e-02
1.230135383572855505e-02
1.232340093891575068e-02
1.234550584968171355e-02
1.236767419263850448e-02
1.238985885460080344e-02
1.241232091120390152e-02
1.243499484586980779e-02
1.245771305964425875e-02
1.248053252160901544e-02
1.250330534029166045e-02
1.252616459012495000e-02
1.254929984472019297e-02
1.257257075950914300e-02
1.259600742467900658e-02
1.261947728053503665e-02
1.264292174092489403e-02
1.266640764074217045e-02
1.268990704855223715e-02
1.271328744238193684e-02
1.273656722217510889e-02
1.275974096658516292e-02
1.278296318625318090e-02
1.280620513948482926e-02
1.282958568678750286e-02
1.285311439974464939e-02
1.287683299002577442e-02
1.290055057238607451e-02
1.292450012806895150e-02
1.294863894761501613e-02
1.297279313407371550e-02
1.299707382839117818e-02
1.302137486757754502e-02
1.304573640249079639e-02
1.307014636761165936e-02
1.309461163904669656e-02
1.311932762108692328e-02
1.314418234010910139e-02
1.316905184017377016e-02
1.319398371924253820e-02
1.321912445261163964e-02
1.324446250264847864e-02
1.326993199582106667e-02
1.329556997817738992e-02
1.332127767261446702e-02
1.334706934091018857e-02
1.337290761498198359e-02
1.339885204277490617e-02
1.342489711391941891e-02
1.345111599191377641e-02
1.347733163619808244e-02
1.350368710815710686e-02
1.353009981432676777e-02
1.355648702587636777e-02
1.358299371742960684e-02
1.360969988461871276e-02
1.363653181127028220e-02
1.366341215735186396e-02
1.369051779313733286e-02
1.371773550989089686e-02
1.374502772613357682e-02
1.377239018859469435e-02
1.379985937081630414e-02
1.382746092347806807e-02
1.385523643172050824e-02
1.388301250729562751e-02
1.391083273609696434e-02
1.393873714223796759e-02
1.396672516959465531e-02
1.399466203742519635e-02
1.402259385530512520e-02
1.405050902438509039e-02
1.407858700630426965e-02
1.410666431311480284e-02
1.413479697969639154e-02
1.416300874348975884e-02
1.419119003643121331e-02
1.421934481993411895e-02
1.424750730683189623e-02
1.427558857936683800e-02
1.430376683259497461e-02
1.433198170809600429e-02
1.436043098468099688e-02
1.438908028871479540e-02
1.441785314323487839e-02
1.444666173497162823e-02
1.447566594784463305e-02
1.450482853577371792e-02
1.453417726745180431e-02
1.456355360615886434e-02
1.459267008063248189e-02
1.462177252396877451e-02
1.465093470407360758e-02
1.468000381101062894e-02
1.470918548002765266e-02
1.473841739333732991e-02
1.476771481115408610e-02
1.479707619012610859e-02
1.482634288446408981e-02
1.485560374553574446e-02
1.488508295122810410e-02
1.491455930495287803e-02
1.494401241937743513e-02
1.497352500867493892e-02
1.500309970107006896e-02
1.503272487788270308e-02
1.506239466295167771e-02
1.509237810948920767e-02
1.512240597071744762e-02
1.515243700831892491e-02
1.518256497401892884e-02
1.521288394976830563e-02
1.524328812629790857e-02
1.527388840011798150e-02
1.530453400795774195e-02
1.533525111695927499e-02
1.536586753906772802e-02
1.539642206673282228e-02
1.542701040953802123e-02
1.545767717272194391e-02
1.548845135254574984e-02
1.551919862717766364e-02
1.555000633696637310e-02
1.558076328729331855e-02
1.561149772602335971e-02
1.564226860941150127e-02
1.567296076116393364e-02
1.570362983032240131e-02
1.573423391208286781e-02
1.576488229299820645e-02
1.579560854204822493e-02
1.582625342110691169e-02
1.585697784658759990e-02
1.588782596115446630e-02
1.591866546679280431e-02
1.594956642219086743e-02
1.598043770212364059e-02
1.601129770653495973e-02
1.604194565160429672e-02
1.607254450795487719e-02
1.610318976444499381e-02
1.613401050822780083e-02
1.616487944554220041e-02
1.619579623797165815e-02
1.622669137260540975e-02
1.625773355073028420e-02
1.628886555171541947e-02
1.632004625903019090e-02
1.635128430294276181e-02
1.638236061242242386e-02
1.641352721035451920e-02
1.644465313579296026e-02
1.647583762669075497e-02
1.650720921623259965e-02
1.653857830213877750e-02
1.656986078466832213e-02
1.660110719350463629e-02
1.663247697693686147e-02
1.666392035583341008e-02
1.669543160491946884e-02
1.672674649158618909e-02
1.675804322791819845e-02
1.678939298248064912e-02
1.682092471934654165e-02
1.685258713758766569e-02
1.688421738233217978e-02
1.691584602229257578e-02
1.694746399480351329e-02
1.697909824579619739e-02
1.701074813400363372e-02
1.704235779978984996e-02
1.707408542938742765e-02
1.710598123626510050e-02
1.713802288773406263e-02
1.717022911396371559e-02
1.720255489887346015e-02
1.723481486284589304e-02
1.726704429324079498e-02
1.729928510477760084e-02
1.733155006179493487e-02
1.736379839372302267e-02
1.739614937342009310e-02
1.742856188694214686e-02
1.746104077493887061e-02
1.749352015310068342e-02
1.752605225267792749e-02
1.755852496123192635e-02
1.759112420501978205e-02
1.762370653401659423e-02
1.765625298741240259e-02
1.768887285973549939e-02
1.772142496662732630e-02
1.775410290217378437e-02
1.778658868610785010e-02
1.781915095325544221e-02
1.785166602961902119e-02
1.788412184321275245e-02
1.791631786974063473e-02
1.794848217435319679e-02
1.798052361522792589e-02
1.801246105358978583e-02
1.804436855911735124e-02
1.807607431234956388e-02
1.810778813864821063e-02
1.813949435359265769e-02
1.817129034095821619e-02
1.820311256465802566e-02
1.823509772794158074e-02
1.826721191069499012e-02
1.829945623098610738e-02
1.833176032167186872e-02
1.836424437472393770e-02
1.839660915125338608e-02
1.842890533721877611e-02
