6.406718366733885062e-03
6.411522941044252299e-03
6.416489377582802744e-03
6.421739535547962840e-03
6.427202763066071182e-03
6.432939497153027444e-03
6.438811805158969025e-03
6.444903985253849950e-03
6.451347191235310211e-03
6.457974710215787228e-03
6.464877437466766755e-03
6.472139297997397608e-03
6.479755492422715688e-03
6.487645074795960441e-03
6.494993308170399042e-03
6.502495763198069476e-03
6.510489953286591538e-03
6.518777120857558241e-03
6.527315734335117567e-03
6.536118732089137191e-03
6.545100087128879508e-03
6.554364005232634662e-03
6.563935448863151417e-03
6.573841566004613376e-03
6.583861276790201750e-03
6.594109383558018588e-03
6.604469114013931073e-03
6.614948865966821523e-03
6.625804003787925597e-03
6.636953206739568296e-03
6.648453474686994054e-03
6.660196100480964866e-03
6.672190161808091817e-03
6.684401136571842782e-03
6.697069620360486877e-03
6.710037624777765407e-03
6.723301215664157643e-03
6.736585164029231833e-03
6.750149758851390139e-03
6.763868101893910113e-03
6.777722198100316446e-03
6.791807930330839675e-03
6.806082608364117520e-03
6.820566778812179806e-03
6.835271666555242827e-03
6.850107875175635332e-03
6.864891912805945982e-03
6.879990818294931705e-03
6.895308926274258850e-03
6.910619112275590524e-03
6.926217732436621907e-03
6.942017885461044743e-03
6.957987031184961410e-03
6.974283890099817161e-03
6.990720514879813011e-03
7.007164186941546198e-03
7.023879554612589594e-03
7.040834498621131518e-03
7.057980537606417006e-03
7.075391517396301469e-03
7.093011775396239164e-03
7.110923074036755789e-03
7.129082489801942188e-03
7.147545356731312832e-03
7.166209023849594816e-03
7.185171416708353333e-03
7.204460759434779156e-03
7.224145100398969045e-03
7.244001583680507485e-03
7.264127404123387095e-03
7.284589511631599235e-03
7.305235716290514082e-03
7.326007490564470821e-03
7.346926739514176609e-03
7.368114681973691321e-03
7.389467098059545984e-03
7.410933780769597169e-03
7.432596213879611585e-03
7.454425767135616082e-03
7.476528068056013596e-03
7.498892622198717085e-03
7.521516315242500299e-03
7.544206467715327755e-03
7.567071646091859567e-03
7.590138347362507427e-03
7.613501381194858614e-03
7.636863504185586321e-03
7.660309595807784748e-03
7.683998790776348960e-03
7.707844461586338750e-03
7.731589882171088432e-03
7.755560708763359519e-03
7.779641659435479646e-03
7.803859257273114067e-03
7.828359057677630045e-03
7.852881038860714050e-03
7.877503472375917137e-03
7.902219959389066711e-03
7.927213652017315801e-03
7.952535212724038197e-03
7.978034626931210238e-03
8.003746805577570747e-03
8.029665030623484717e-03
8.055929290073829407e-03
8.082335406525944371e-03
8.108493512376460308e-03
8.134617081769294697e-03
8.161004416548581566e-03
8.187613145684951785e-03
8.214525002051374994e-03
8.241628922704623619e-03
8.268836074598943237e-03
8.296332932328516485e-03
8.324050475114603415e-03
8.351999446577322572e-03
8.380147920053985372e-03
8.408587446134357241e-03
8.437248125692530659e-03
8.465385087295053748e-03
8.493891293799085696e-03
8.522668298381138111e-03
8.551733420342384762e-03
8.581091395978436565e-03
8.610701618296499188e-03
8.640198254177952966e-03
8.669921788993067632e-03
8.699928260800902577e-03
8.730219722437208146e-03
8.760740707594413118e-03
8.791566352124786585e-03
8.822617804087733509e-03
8.854030531054308747e-03
8.885733906087508668e-03
8.917820875691402985e-03
8.950174681043854968e-03
8.982195197793037267e-03
9.013687808170075394e-03
9.044970952510498693e-03
9.076450557292413401e-03
9.108173202425641143e-03
9.139584477973297302e-03
9.171074605272935484e-03
9.202729340393464921e-03
9.234523745835740080e-03
9.266279457200824604e-03
9.298368670619476181e-03
9.330406417296615088e-03
9.362059170551870202e-03
9.393860425533931413e-03
9.425850295001958132e-03
9.458109805438302126e-03
9.490606675489570918e-03
9.523355006859395705e-03
9.556281574886695343e-03
9.589315166548772335e-03
9.622491532507330275e-03
9.655813301229543982e-03
9.689280002246381668e-03
9.722409210184841319e-03
9.755394027807059304e-03
9.788475608010821852e-03
9.821497248773366703e-03
9.854575040220858728e-03
9.887764879333620083e-03
9.920737888293635481e-03
9.953571127050529418e-03
9.985337365379097149e-03
1.001717395110075619e-02
1.004898659886451460e-02
1.008057947489222894e-02
1.011209760403113285e-02
1.014405763499579005e-02
1.017632017870583397e-02
1.020873032302784152e-02
1.024137942962031686e-02
1.027425092774004664e-02
1.030723403856819570e-02
1.034042705044370056e-02
1.037374135403676227e-02
1.040660029531354121e-02
1.043913953099190849e-02
1.047153464415036261e-02
1.050403762232361010e-02
1.053663638967283073e-02
1.056900488394625810e-02
1.060149971781316515e-02
1.063406025142328570e-02
1.066681264594698635e-02
1.069959081406882291e-02
1.073239014658798965e-02
1.076537406320314180e-02
1.079849068061866126e-02
1.083168576947173001e-02
1.086481738391276500e-02
1.089781516601357608e-02
1.093072070002551813e-02
1.096364256993684339e-02
1.099655447838517389e-02
1.102969325448518827e-02
1.106303740776337641e-02
1.109627816573853162e-02
1.112968778097920934e-02
1.116322933116424727e-02
1.119686598709092144e-02
1.123036058734430513e-02
1.126404425053944766e-02
1.129785131468166552e-02
1.133181887202787223e-02
1.136589637147421283e-02
1.140015737728383022e-02
1.143441634914543932e-02
1.146872986653066015e-02
1.150322564401179068e-02
1.153785766184458467e-02
1.157260638366849025e-02
1.160754257431985924e-02
1.164268861479805274e-02
1.167795693661965832e-02
1.171355158490580521e-02
1.174897577178897132e-02
1.178436197518882567e-02
1.182004798119965297e-02
1.185577770900949138e-02
1.189124941210617341e-02
1.192680561290653841e-02
1.196085921408347741e-02
1.199518674999622975e-02
1.202944787446718483e-02
1.206386226643728354e-02
1.209851391687456236e-02
1.213328095169404104e-02
1.216827414260134195e-02
1.220344135604505865e-02
1.223868965266127970e-02
1.227410453936782567e-02
1.230983916077229429e-02
1.234545331758584927e-02
1.238131177799280287e-02
1.241530600013659828e-02
1.244827615141690449e-02
1.248147881215121852e-02
1.251476387243367558e-02
1.254796189920565769e-02
1.258007800445196805e-02
1.261219973204703859e-02
1.264426537241026237e-02
1.267644523842934370e-02
1.270867217064340117e-02
1.274084380963808917e-02
1.277240227034830665e-02
1.280417641539110044e-02
1.283611524016829535e-02
1.286811704913854749e-02
1.289966356037726414e-02
1.293022155768689709e-02
1.296066523826998156e-02
1.299106978451105773e-02
1.302145630031819983e-02
1.305165660865388599e-02
1.308206421697179038e-02
1.311217908205830965e-02
1.314201853504303255e-02
1.317181656201846414e-02
1.320154974601571440e-02
1.323135611689857209e-02
1.326124908927194673e-02
1.329118435309561107e-02
1.332102700837369154e-02
1.335075959340601900e-02
1.337980884718862479e-02
1.340862292023604387e-02
1.343738944559936567e-02
1.346619135208754724e-02
1.349484099484803655e-02
1.352286578888452738e-02
1.355072788831211336e-02
1.357850852414498218e-02
1.360581276219123559e-02
1.363316623202881668e-02
1.366023732086293560e-02
1.368705707900296636e-02
1.371349840485241479e-02
1.374000263452099420e-02
1.376671355693506044e-02
1.379342426816212476e-02
1.382018734681443768e-02
1.384697258032520015e-02
1.387387662045531933e-02
1.390083713346663107e-02
1.392763992535260391e-02
1.395412087077839772e-02
1.398082660046564424e-02
1.400771794752399269e-02
1.403442540604549205e-02
1.406118672617127398e-02
1.408794977459242904e-02
1.411474030248969190e-02
1.414147239997091098e-02
1.416826009567747832e-02
1.419477456322745974e-02
1.422100660706775155e-02
1.424741021844269824e-02
1.427396123478928865e-02
1.430036076035046122e-02
1.432661180568613364e-02
1.435286890043282679e-02
1.437914752464099048e-02
1.440551085227020738e-02
1.443177376053328062e-02
1.445817697769069196e-02
1.448460735854063298e-02
1.451098685612119132e-02
1.453752234548090320e-02
1.456413551652283554e-02
1.459082612680495661e-02
1.461774168791628477e-02
1.464510372966134656e-02
1.467255392743049836e-02
1.469964218917908794e-02
1.472690616322955802e-02
1.475382824726560911e-02
1.478016948268115645e-02
1.480636613849892549e-02
1.483243733585908747e-02
1.485853583516139748e-02
1.488480323047468822e-02
1.491078458596564564e-02
1.493655424614150941e-02
1.496224407824986793e-02
1.498764347490663500e-02
1.501333322039006234e-02
1.503932348898025934e-02
1.506555308054013421e-02
1.509178256744954545e-02
1.511760844108985674e-02
1.514352516687779600e-02
1.516901745126031202e-02
1.519435263550912747e-02
1.521968383794797437e-02
1.524493996382480544e-02
1.526977733165964420e-02
1.529451327786575214e-02
1.531901017368107049e-02
1.534359529721844063e-02
1.536835064431071006e-02
1.539244336824062767e-02
1.541648066812462657e-02
1.544056919521805474e-02
1.546487909776735753e-02
1.548933856713943964e-02
1.551391349639078508e-02
1.553859886923056322e-02
1.556351132413557291e-02
1.558852013472744255e-02
1.561348199335338763e-02
1.563833839430238057e-02
1.566292210146822544e-02
1.568739068777084272e-02
1.571161667121173319e-02
1.573575517346773381e-02
1.575971175142405409e-02
1.578390766091150241e-02
1.580830228110828919e-02
1.583252778258853466e-02
1.585651015270739608e-02
1.588035748730210958e-02
1.590442719071702773e-02
1.592861893100578838e-02
1.595279153955191445e-02
1.597705819246870995e-02
1.600107183245679660e-02
1.602495368435201406e-02
1.604859103864362049e-02
1.607156165817370114e-02
1.609446193284342838e-02
1.611735859515919453e-02
1.614035724251602216e-02
1.616338415372221837e-02
1.618658179183748991e-02
1.620996809935731572e-02
1.623336996043753602e-02
1.625673940539725665e-02
1.628016339097677900e-02
1.630354161038196151e-02
1.632657496593073118e-02
1.634957553806188485e-02
1.637224420860581078e-02
1.639496280579628984e-02
1.641781875596023260e-02
1.644049876116430303e-02
1.646308644202463742e-02
1.648558733226447581e-02
1.650729678685928029e-02
1.652884859819351432e-02
1.655037433981514788e-02
1.657182999921971364e-02
1.659325753593111560e-02
1.661464481913130925e-02
1.663598100180599046e-02
1.665745879001079982e-02
1.667885188686209566e-02
1.670027680661476804e-02
1.672194407548413531e-02
1.674347783504142456e-02
1.676488295595192357e-02
1.678607235161876446e-02
1.680723244960876175e-02
1.682831601888360243e-02
1.684930881679563494e-02
1.687053072742027149e-02
1.689191890484438574e-02
1.691344031802160391e-02
1.693506190275771359e-02
1.695582415632185258e-02
1.697602571891742435e-02
1.699623891044530627e-02
1.701661828978298999e-02
1.703714770231867792e-02
1.705771572251375823e-02
1.707810450815875833e-02
1.709849624786380362e-02
1.711859688337750290e-02
1.713867041899530541e-02
1.715883885014277827e-02
1.717920977644650168e-02
1.719960352029445416e-02
1.722006024861500589e-02
1.724072714271099316e-02
1.726132750184887835e-02
1.728180975094030514e-02
1.730241184961257492e-02
1.732302222185330004e-02
1.734352870052418075e-02
1.736391102650221285e-02
1.738456379198425814e-02
1.740532249774718807e-02
1.742602648162124013e-02
1.744680434283414627e-02
1.746757636401778668e-02
1.748832684835225498e-02
1.750909801445654432e-02
1.752992534512530509e-02
1.755100238152635175e-02
1.757203283802263177e-02
1.759292883851033135e-02
1.761378656025404388e-02
1.763442596039658042e-02
1.765513208909822232e-02
1.767580790917941402e-02
1.769654317575392738e-02
1.771723692270309181e-02
1.773814482999058403e-02
1.775900852431116020e-02
1.777918249463129180e-02
1.779888295449217131e-02
1.781834619535713204e-02
1.783735612679123589e-02
1.785614612697413242e-02
1.787506748932518250e-02
1.789411789415282575e-02
1.791265056706777686e-02
1.793113658155475257e-02
1.794978229465394107e-02
1.796841991899940372e-02
1.798717111922617032e-02
1.800583252103849299e-02
1.802451931348221861e-02
1.804338327150966509e-02
1.806222812674537770e-02
1.808072715252570864e-02
1.809921013163734785e-02
1.811769920700003617e-02
1.813600232794796915e-02
1.815429120682081343e-02
1.817269754459057210e-02
1.819132694710973164e-02
1.820984956631809329e-02
1.822848846757298136e-02
1.824725370196447760e-02
1.826647445485730589e-02
1.828590908544600047e-02
1.830545475093216939e-02
1.832494409418605405e-02
1.834450222615597453e-02
1.836437168692289790e-02
1.838440055682000196e-02
1.840462207117416621e-02
1.842458222234141102e-02
1.844443273900112784e-02
1.846410696830641171e-02
1.848402637439922752e-02
1.850377845995790360e-02
1.852376440447554493e-02
1.854380279766214626e-02
1.856368206129636531e-02
1.858325193868693923e-02
1.860290649790948686e-02
1.862243638617319327e-02
1.864194690774897967e-02
1.866156475332968537e-02
