1.332752023793747770e-02
1.334319484306751777e-02
1.335680923301160034e-02
1.336929059336643133e-02
1.338135415408370742e-02
1.339361896255095510e-02
1.340567967444904196e-02
1.341758458706062036e-02
1.342860622566335524e-02
1.343968871206560091e-02
1.344961364811424372e-02
1.345838677132605958e-02
1.346687432585705856e-02
1.347520229260899989e-02
1.348201601327306785e-02
1.348879705595461449e-02
1.349503824385338280e-02
1.350073220128154838e-02
1.350644742031687807e-02
1.351185169445139403e-02
1.351701897637566305e-02
1.352210622975872495e-02
1.352708003352361479e-02
1.353187707739676379e-02
1.353636786063471854e-02
1.354065121458275164e-02
1.354494771026023246e-02
1.354957124918539958e-02
1.355424264891381264e-02
1.355905312677063365e-02
1.356423252836495147e-02
1.356917652674390767e-02
1.357388488031268520e-02
1.357810119798592667e-02
1.358210373019596434e-02
1.358587035145310436e-02
1.358960965482553310e-02
1.359357973370862137e-02
1.359756969106214360e-02
1.360103261823689992e-02
1.360465995390587428e-02
1.360851612525798039e-02
1.361263451220976958e-02
1.361657152937165161e-02
1.362086746103717549e-02
1.362498832762800392e-02
1.362915146186476772e-02
1.363318264125995029e-02
1.363719982671591884e-02
1.364115658643802811e-02
1.364495441955501133e-02
1.364885032731036514e-02
1.365222324468591368e-02
1.365551403496029562e-02
1.365860623983392551e-02
1.366151115882175034e-02
1.366523286905989287e-02
1.366876261264417941e-02
1.367215625994144465e-02
1.367524029699485576e-02
1.367844697271765678e-02
1.368147469373892991e-02
1.368399502162020304e-02
1.368626623777873148e-02
1.368797037589961074e-02
1.368944180587707525e-02
1.369044593795352115e-02
1.369117348983538499e-02
1.369188281408578213e-02
1.369261387652163757e-02
1.369313715855434606e-02
1.369361439416320880e-02
1.369406146818925515e-02
1.369443659487473014e-02
1.369478100428044368e-02
1.369516553251075644e-02
1.369569300310855345e-02
1.369621469271437020e-02
1.369670255559577061e-02
1.369685308406958998e-02
1.369693942609562405e-02
1.369646165356505282e-02
1.369547997678739748e-02
1.369424263295517669e-02
1.369285374746034498e-02
1.369132348746476130e-02
1.368948466723847110e-02
1.368761224875697860e-02
1.368570744237707429e-02
1.368393652171472595e-02
1.368207282441175066e-02
1.367926878909199624e-02
1.367617772594455737e-02
1.367297140505005677e-02
1.366967766297674802e-02
1.366649159866675789e-02
1.366328763186604699e-02
1.365982653727220580e-02
1.365610192708560829e-02
1.365194713301493175e-02
1.364716975633931823e-02
1.364226718470158521e-02
1.363714605033854339e-02
1.363188950799593818e-02
1.362634024798397778e-02
1.362072256116994215e-02
1.361507977051187000e-02
1.360929417852201409e-02
1.360344418144067077e-02
1.359739534341184407e-02
1.359152105943280814e-02
1.358563821785566637e-02
1.358025583241388549e-02
1.357486251121581625e-02
1.356943505843948017e-02
1.356386762797424581e-02
1.355825627707901194e-02
1.355239486145431473e-02
1.354652701113546152e-02
1.354032421964288316e-02
1.353404698823845557e-02
1.352766668727166909e-02
1.352124411549704766e-02
1.351488152877385225e-02
1.350889372338325359e-02
1.350279546392422342e-02
1.349653261439504037e-02
1.349039948711009719e-02
1.348447450055986589e-02
1.347880653467586377e-02
1.347319662035690105e-02
1.346761762400317843e-02
1.346185711399741462e-02
1.345604757364822143e-02
1.345022755584908587e-02
1.344455922284594485e-02
1.343873942588160071e-02
1.343279078276673338e-02
1.342679038400472133e-02
1.342071093758349931e-02
1.341454470619363355e-02
1.340832440277903506e-02
1.340205575021293644e-02
1.339570113377738445e-02
1.338918419139811106e-02
1.338252573776337571e-02
1.337577144897503581e-02
1.336892102853532230e-02
1.336204743114733501e-02
1.335523561466164626e-02
1.334834240406781135e-02
1.334131571258285846e-02
1.333407750754723314e-02
1.332697383884507043e-02
1.331989338684798872e-02
1.331289291980412848e-02
1.330592410128127179e-02
1.329894870036226612e-02
1.329175874732357876e-02
1.328442227351432636e-02
1.327716276045808573e-02
1.326984730023835629e-02
1.326243531426059795e-02
1.325492877813227478e-02
1.324734569076191880e-02
1.323975005639234370e-02
1.323186710424062093e-02
1.322386444140527355e-02
1.321596147677512115e-02
1.320757786394366473e-02
1.319904660578787720e-02
1.319028759066284695e-02
1.318146044336614316e-02
1.317246635224197590e-02
1.316335110362222734e-02
1.315415148551987018e-02
1.314507189625129316e-02
1.313600958385837021e-02
1.312688544963532856e-02
1.311765953954940889e-02
1.310838837247394785e-02
1.309902548816302935e-02
1.308976712807245930e-02
1.308057498988493897e-02
1.307140867487210922e-02
1.306223300849284827e-02
1.305310263609276919e-02
1.304388311053575507e-02
1.303459281945978758e-02
1.302528705014406943e-02
1.301578341441452132e-02
1.300607266372157990e-02
1.299639388684297250e-02
1.298665876101518651e-02
1.297707618326642866e-02
1.296751657721584121e-02
1.295800034015956968e-02
1.294856725358708299e-02
1.293891622259714207e-02
1.292913694033992825e-02
1.291917785804232166e-02
1.290902382311404605e-02
1.289863238601084150e-02
1.288812896938680043e-02
1.287761826992407654e-02
1.286710841608736978e-02
1.285632434016358017e-02
1.284551737991308611e-02
1.283463539303841827e-02
1.282357441859979449e-02
1.281240675179964005e-02
1.280119126849200983e-02
1.278977332993330718e-02
1.277798934463408170e-02
1.276591605273804525e-02
1.275375599567631600e-02
1.274148945494751016e-02
1.272913735746521342e-02
1.271684713893510461e-02
1.270444069122919281e-02
1.269191892764343944e-02
1.267926294466227045e-02
1.266663834742039543e-02
1.265417173671276423e-02
1.264189531390135304e-02
1.262950076385118379e-02
1.261695192355698041e-02
1.260418969107360114e-02
1.259146861876070563e-02
1.257885288364298144e-02
1.256617110092222989e-02
1.255360754527286814e-02
1.254100036751950448e-02
1.252832044993615508e-02
1.251563109072203334e-02
1.250301312272113392e-02
1.249046391173426127e-02
1.247796406759612252e-02
1.246546466531433563e-02
1.245300518068851066e-02
1.244071522320847750e-02
1.242864931226919135e-02
1.241660051847229274e-02
1.240462443613933943e-02
1.239255225512056642e-02
1.238038662314515023e-02
1.236812054398256887e-02
1.235581616371111621e-02
1.234351098385746449e-02
1.233137262580070136e-02
1.231928786750218635e-02
1.230722994629136584e-02
1.229498470323673980e-02
1.228278914097104615e-02
1.227063666410481424e-02
1.225866462531974461e-02
1.224677538478500215e-02
1.223488351992025290e-02
1.222296064028607909e-02
1.221109422402095676e-02
1.219928537069537959e-02
1.218743676517381434e-02
1.217556051146953186e-02
1.216382740447034642e-02
1.215221182000153152e-02
1.214073126525858602e-02
1.212928916303442767e-02
1.211770270060527621e-02
1.210607220012238985e-02
1.209453869287811963e-02
1.208283922986159477e-02
1.207126726216553071e-02
1.205982586688286902e-02
1.204850607609219554e-02
1.203722295798908583e-02
1.202592117392382517e-02
1.201470358074975542e-02
1.200358224238133424e-02
1.199247963002716792e-02
1.198131166247905222e-02
1.197006600911459419e-02
1.195875001100943011e-02
1.194734518480105277e-02
1.193608747427502871e-02
1.192499436820458267e-02
1.191399199819817567e-02
1.190302944200387868e-02
1.189204168550656547e-02
1.188097302470445676e-02
1.187003481849514645e-02
1.185924938908084793e-02
1.184860656502853896e-02
1.183807590703921629e-02
1.182750379692078246e-02
1.181681206598719260e-02
1.180623108867788658e-02
1.179584546908472344e-02
1.178553884061819997e-02
1.177517357951187588e-02
1.176487724743442188e-02
1.175461824579596658e-02
1.174430969755300459e-02
1.173406397358912022e-02
1.172390865392599138e-02
1.171401343573399804e-02
1.170423751170429454e-02
1.169450811132422691e-02
1.168498238043449641e-02
1.167539231263496971e-02
1.166588032843922547e-02
1.165665606411394467e-02
1.164755970142420521e-02
1.163860087595039276e-02
1.162969647698842979e-02
1.162092306354313084e-02
1.161218368888339465e-02
1.160356684248392382e-02
1.159513871115535298e-02
1.158665281045856248e-02
1.157804761201643162e-02
1.156942808485386665e-02
1.156101212929097448e-02
1.155251921675054180e-02
1.154402880552544107e-02
1.153552203716663727e-02
1.152704461847861052e-02
1.151854457302112916e-02
1.151004889938984227e-02
1.150171643825703867e-02
1.149356325979511428e-02
1.148555164068266153e-02
1.147763934187853718e-02
1.146965155496923634e-02
1.146202597858161573e-02
1.145472076025450849e-02
1.144759037645537263e-02
1.144054511152694728e-02
1.143356906404622252e-02
1.142667042811444655e-02
1.142010867219169813e-02
1.141374508020698633e-02
1.140745217457571174e-02
1.140129082374376733e-02
1.139515909896286587e-02
1.138914901187149803e-02
1.138332326782126071e-02
1.137769148555207131e-02
1.137223234099779892e-02
1.136698482601508457e-02
1.136195051760981525e-02
1.135707107921007930e-02
1.135246186670936692e-02
1.134795391288709321e-02
1.134362577601937157e-02
1.133949480469910107e-02
1.133573620966112604e-02
1.133221997986904803e-02
1.132914584479709739e-02
1.132638229610528555e-02
1.132391542953694284e-02
1.132167491635659162e-02
1.131974390283669273e-02
1.131794613619348244e-02
1.131652288675932469e-02
1.131536516460690360e-02
1.131431118594122646e-02
1.131342928029477855e-02
1.131261403673869750e-02
1.131201479219482407e-02
1.131165391730216963e-02
1.131142246265842352e-02
1.131141078021010576e-02
1.131163601623711226e-02
1.131205179719321254e-02
1.131237710928095774e-02
1.131267259682264617e-02
1.131319754618353123e-02
1.131403667642560604e-02
1.131502109743838698e-02
1.131602975222725967e-02
1.131713435221142448e-02
1.131836862519193174e-02
1.131983333657641394e-02
1.132165294214221123e-02
1.132370711146597764e-02
1.132581776803191428e-02
1.132813513131356899e-02
1.133060852274858990e-02
1.133330273362304942e-02
1.133616124759508417e-02
1.133920088833119573e-02
1.134229628923951426e-02
1.134565551761295560e-02
1.134946857587604968e-02
1.135347320772159274e-02
1.135754797875060743e-02
1.136182186963328490e-02
1.136621657983796774e-02
1.137070062393678166e-02
1.137542329760137146e-02
1.138035859004569994e-02
1.138530015377138722e-02
1.139020208426019636e-02
1.139505018683823617e-02
1.140002412802648690e-02
1.140516510114599619e-02
1.141043322844309191e-02
1.141590163864461202e-02
1.142146223336054471e-02
1.142719987832242767e-02
1.143321571011833397e-02
1.143924634343407298e-02
1.144543077938335249e-02
1.145169702208591669e-02
1.145801573875004573e-02
1.146449487902157297e-02
1.147107902623739281e-02
1.147787177381958020e-02
1.148480802986795273e-02
1.149227748516546029e-02
1.150000503471823241e-02
1.150780456837675880e-02
1.151525227410734979e-02
1.152257565736611658e-02
1.152986928132343665e-02
1.153709438346440901e-02
1.154409693263001163e-02
1.155099541585675668e-02
1.155796358954159012e-02
1.156529453739328986e-02
1.157269018632257722e-02
1.158013521239243879e-02
1.158750103110364749e-02
1.159476642608395051e-02
1.160187007822512106e-02
1.160899401981135837e-02
1.161598364614041014e-02
1.162283858987137562e-02
1.162925792274105245e-02
1.163582387605400885e-02
1.164239546722200223e-02
1.164903407061535813e-02
1.165585611558494876e-02
1.166269071292477810e-02
1.166937924886874388e-02
1.167585688346994832e-02
1.168229548936311306e-02
1.168890788631665213e-02
1.169566492161916438e-02
1.170227470135465006e-02
1.170886682536630835e-02
1.171535387435970743e-02
1.172172954680891083e-02
1.172809524813571078e-02
1.173427989295491511e-02
1.174043603473623812e-02
1.174646949785821022e-02
1.175224687045522964e-02
1.175798258205098742e-02
1.176377397131638490e-02
1.176968040167044628e-02
1.177549545345876227e-02
1.178124004049952399e-02
1.178681756579560459e-02
1.179235499095583270e-02
1.179780336437951001e-02
1.180302640145963408e-02
1.180780196225874636e-02
1.181211700308293713e-02
1.181633288348562204e-02
1.182054278746182997e-02
1.182475679084504967e-02
1.182815578320827246e-02
1.183149126229283456e-02
1.183460642319053915e-02
1.183727276175952810e-02
1.183982438108582835e-02
1.184220315774656834e-02
1.184482912405886851e-02
1.184769016328294546e-02
1.185069695286818971e-02
1.185350838928224057e-02
1.185565978902320024e-02
1.185752916245848623e-02
1.185886705928852237e-02
1.185994054784880562e-02
1.186098403258416083e-02
1.186205424339444384e-02
1.186328444137341696e-02
1.186435123371196859e-02
1.186513283749699929e-02
1.186541583576673949e-02
1.186537560268250031e-02
1.186511786980003549e-02
1.186492995273930734e-02
1.186485910424869318e-02
1.186478172584813293e-02
1.186460755000736007e-02
1.186413554502147027e-02
1.186353538565667644e-02
