2.080753600130534273e-02
2.058481717953130133e-02
2.037577260828155393e-02
2.017571520944854563e-02
1.998537861291747875e-02
1.980766500795060059e-02
1.964246668751584018e-02
1.948705133172885101e-02
1.933965268929419695e-02
1.920055807967149461e-02
1.906974163015584880e-02
1.894514397316697865e-02
1.882367826276483413e-02
1.870622567848992390e-02
1.859495423677718154e-02
1.848782730933341834e-02
1.838627410139609050e-02
1.828872794239690472e-02
1.819342389218607178e-02
1.810065838530519264e-02
1.801084370585092492e-02
1.792225684768277219e-02
1.783701880644823767e-02
1.775335116017116854e-02
1.767189415188592447e-02
1.759302285187618400e-02
1.751629372621899342e-02
1.744144753724637814e-02
1.736813171615087317e-02
1.729625269247318450e-02
1.722519536738011461e-02
1.715548220486576292e-02
1.708810010982115407e-02
1.702183715139262213e-02
1.695685911193017467e-02
1.689297059586211680e-02
1.683066951293418420e-02
1.676915693957143488e-02
1.670809724575071653e-02
1.664773751768489768e-02
1.658819038124475717e-02
1.653075527951370499e-02
1.647321334267101353e-02
1.641512070241809770e-02
1.635723968052459412e-02
1.630037227555914889e-02
1.624495802616683984e-02
1.619078384868607307e-02
1.613812565879583008e-02
1.608625312949706065e-02
1.603593956957611102e-02
1.598619250638798686e-02
1.593637873948072076e-02
1.588711671771737485e-02
1.583843683260576993e-02
1.579070607187932698e-02
1.574402870035949975e-02
1.569787561978193066e-02
1.565261197022984815e-02
1.560801230575781934e-02
1.556383513895957631e-02
1.552018840182785298e-02
1.547671410715611463e-02
1.543303712417860157e-02
1.538974838788028862e-02
1.534670634655486109e-02
1.530429728374346765e-02
1.526221835445257594e-02
1.522003827136034389e-02
1.517801600247775835e-02
1.513606178973170985e-02
1.509427978954839406e-02
1.505331159347694445e-02
1.501234985866715770e-02
1.497160038023967465e-02
1.493124470086079451e-02
1.489089057615037084e-02
1.485064611117342150e-02
1.481059196353079650e-02
1.477070392690350495e-02
1.473055370292925340e-02
1.469051976267389363e-02
1.465091227489778193e-02
1.461169123564411837e-02
1.457276270378411905e-02
1.453423088254300090e-02
1.449567286292830978e-02
1.445745442971047533e-02
1.441865181312273342e-02
1.437978280287354610e-02
1.434118700570429818e-02
1.430233887254742098e-02
1.426353224638210807e-02
1.422477319362888161e-02
1.418631995906837959e-02
1.414817405090580682e-02
1.411028710473372083e-02
1.407261884557416826e-02
1.403535742079737442e-02
1.399871539890517463e-02
1.396238065847070671e-02
1.392636394712546723e-02
1.389055348499912239e-02
1.385486340822584053e-02
1.381956715297280591e-02
1.378495879138914512e-02
1.375063282968535909e-02
1.371619180760885043e-02
1.368212729108666051e-02
1.364873813919921346e-02
1.361575819737051614e-02
1.358347053811673893e-02
1.355149456251038449e-02
1.351953157860560917e-02
1.348765918880610870e-02
1.345585836596183658e-02
1.342426460916533969e-02
1.339290062257761371e-02
1.336181217690149241e-02
1.333096883802047800e-02
1.330016984487704737e-02
1.326952305575748552e-02
1.323944701535462523e-02
1.320983421569968050e-02
1.318043791608718152e-02
1.315103387898752460e-02
1.312182814613799785e-02
1.309304781510679631e-02
1.306458772128190997e-02
1.303627005184599189e-02
1.300791558171812169e-02
1.297969760982226571e-02
1.295167042817287756e-02
1.292405784832976155e-02
1.289655866944155148e-02
1.286942721958488252e-02
1.284215952685193590e-02
1.281489710496495384e-02
1.278787847394213112e-02
1.276115395553502341e-02
1.273476645516073355e-02
1.270843897917062378e-02
1.268220987951964619e-02
1.265592687993671341e-02
1.262951909842846381e-02
1.260297829381177431e-02
1.257674232747737000e-02
1.255081695106731801e-02
1.252496026898315511e-02
1.249912342880391859e-02
1.247358923594107764e-02
1.244814050319489884e-02
1.242313719480407468e-02
1.239855610752955105e-02
1.237425166068885016e-02
1.235021453208883305e-02
1.232631696576325618e-02
1.230289643047019488e-02
1.227950195231643574e-02
1.225644900845531543e-02
1.223366854171847526e-02
1.221117340336764535e-02
1.218889041358832935e-02
1.216665567694556575e-02
1.214466380904668033e-02
1.212301200685006464e-02
1.210156306606562787e-02
1.207998115104367762e-02
1.205845247143430207e-02
1.203706891077387792e-02
1.201593056500056128e-02
1.199499841243967940e-02
1.197410927159692912e-02
1.195335177798202697e-02
1.193287917261527491e-02
1.191259866919453306e-02
1.189247745959103042e-02
1.187248465630170308e-02
1.185282938353113442e-02
1.183369639064821462e-02
1.181468871043752679e-02
1.179604494392810787e-02
1.177754184990336718e-02
1.175943514599798317e-02
1.174138564899787976e-02
1.172354693745502816e-02
1.170592563273459286e-02
1.168883089647129205e-02
1.167198166975989132e-02
1.165521594219375880e-02
1.163872398927460160e-02
1.162221424809870007e-02
1.160607480811978731e-02
1.159028120717164531e-02
1.157462935039624448e-02
1.155897457909437105e-02
1.154331232833467370e-02
1.152802412417298222e-02
1.151293376276344392e-02
1.149789744010702545e-02
1.148306150453642580e-02
1.146850701113131567e-02
1.145381879672081708e-02
1.143907284861259317e-02
1.142446920646222712e-02
1.140993494377197728e-02
1.139569832605752571e-02
1.138158727188536175e-02
1.136754981925852843e-02
1.135362920262602236e-02
1.133984857378856487e-02
1.132629825841482626e-02
1.131287160610084871e-02
1.129941589246906929e-02
1.128622188209474353e-02
1.127306025998331927e-02
1.126007542288416131e-02
1.124751026562611708e-02
1.123515519833234028e-02
1.122320387139378282e-02
1.121137723609742960e-02
1.119960385770129956e-02
1.118809177931274872e-02
1.117675454325428239e-02
1.116572232522829687e-02
1.115474022966804653e-02
1.114395469543325023e-02
1.113316098749202003e-02
1.112264934237358789e-02
1.111225420513471326e-02
1.110198438876801308e-02
1.109178635094104290e-02
1.108171187649095897e-02
1.107189041607377356e-02
1.106230378962632689e-02
1.105280917478844091e-02
1.104340544744459099e-02
1.103422445757889711e-02
1.102523862576549642e-02
1.101607118771528830e-02
1.100690039898295780e-02
1.099794721361988317e-02
1.098899539303458718e-02
1.098026491165807542e-02
1.097160359336764660e-02
1.096311259761277232e-02
1.095463004640470119e-02
1.094641323671633783e-02
1.093832726485664299e-02
1.093026986428964446e-02
1.092243833884120469e-02
1.091469442093128892e-02
1.090693434582087375e-02
1.089916806785541301e-02
1.089141208099067212e-02
1.088370343767282485e-02
1.087601608907794691e-02
1.086837466301028912e-02
1.086089161876823035e-02
1.085370484867937205e-02
1.084667048464492238e-02
1.083979690920050878e-02
1.083316340153928949e-02
1.082667465106984007e-02
1.082053660162748086e-02
1.081461192602788633e-02
1.080873161898365450e-02
1.080281833955426714e-02
1.079697444704985111e-02
1.079116157691669894e-02
1.078556588546045365e-02
1.078013661781338818e-02
1.077484704586556367e-02
1.076972877053151631e-02
1.076451591801185284e-02
1.075923728332038760e-02
1.075404230626585307e-02
1.074892701744404808e-02
1.074392274303720592e-02
1.073873722527175605e-02
1.073350107299575473e-02
1.072835683372551363e-02
1.072330751821976187e-02
1.071841677877695062e-02
1.071359223505526266e-02
1.070896197612348187e-02
1.070450664125512097e-02
1.070016302492367809e-02
1.069595733343970193e-02
1.069195064942878547e-02
1.068811340191327085e-02
1.068459133861914163e-02
1.068126162894497688e-02
1.067794595125069225e-02
1.067482307578119551e-02
1.067171377956779854e-02
1.066853586862032480e-02
1.066549152355626175e-02
1.066228677612254122e-02
1.065911346145227354e-02
1.065624133946670334e-02
1.065346750130841125e-02
1.065079173917097242e-02
1.064819734059374579e-02
1.064573862136186308e-02
1.064338321500943318e-02
1.064105486005204916e-02
1.063889729676636454e-02
1.063686841231506475e-02
1.063482435588161863e-02
1.063265299913594697e-02
1.063064315722101957e-02
1.062870921367958799e-02
1.062696195221606021e-02
1.062528524887075727e-02
1.062383503878379723e-02
1.062252345020530016e-02
1.062121319129766435e-02
1.062010153182302297e-02
1.061918720290005134e-02
1.061832442984677986e-02
1.061755586208578891e-02
1.061679212898312789e-02
1.061607279433644975e-02
1.061552785164909807e-02
1.061520230868505214e-02
1.061504372585153969e-02
1.061497233277312879e-02
1.061506372416632163e-02
1.061544411470126577e-02
1.061613455134419702e-02
1.061697364204676995e-02
1.061806054408230733e-02
1.061925461607047226e-02
1.062038354943790897e-02
1.062156609363531200e-02
1.062300331217503301e-02
1.062461409690042616e-02
1.062633839552491223e-02
1.062826320716422218e-02
1.063044163206747911e-02
1.063245123098502214e-02
1.063448143330376731e-02
1.063645834060975015e-02
1.063838426238433374e-02
1.064040919403335013e-02
1.064244042269823880e-02
1.064461240414666353e-02
1.064684787536138155e-02
1.064935086176438915e-02
1.065201239520776298e-02
1.065492737789343336e-02
1.065800142751567245e-02
1.066100517139047590e-02
1.066411588580905810e-02
1.066732385542879837e-02
1.067067699220681370e-02
1.067412528181244970e-02
1.067784262553490328e-02
1.068167478370085459e-02
1.068572174011713644e-02
1.069003421068536429e-02
1.069456583275285241e-02
1.069910865822850006e-02
1.070388141119629592e-02
1.070906086563326413e-02
1.071457018812900161e-02
1.072028464672772526e-02
1.072614431272499863e-02
1.073213584061194839e-02
1.073821532992917140e-02
1.074433495943327883e-02
1.075063077810839256e-02
1.075690473027172966e-02
1.076335358720464236e-02
1.076987587089905767e-02
1.077644889308104759e-02
1.078315954624444600e-02
1.078996056033124963e-02
1.079658878334212313e-02
1.080326882148298882e-02
1.080995003075137934e-02
1.081666364840183116e-02
1.082322366475758392e-02
1.082990967972445769e-02
1.083672334385704129e-02
1.084374576113608657e-02
1.085095508899549741e-02
1.085838967871044156e-02
1.086609634233685028e-02
1.087411654660749329e-02
1.088229008676073681e-02
1.089087906584118755e-02
1.089967136763560392e-02
1.090845946612897625e-02
1.091726028487133120e-02
1.092632541099862464e-02
1.093548328879113962e-02
1.094478559813750161e-02
1.095422372768360859e-02
1.096388588667866586e-02
1.097395839804344089e-02
1.098447881999070966e-02
1.099543986312109464e-02
1.100665509302727746e-02
1.101819436878094874e-02
1.102975585178773629e-02
1.104116527964065994e-02
1.105268787889018486e-02
1.106436513858649433e-02
1.107625296203726580e-02
1.108847065575663433e-02
1.110094065548954123e-02
1.111341971639259393e-02
1.112617006261574365e-02
1.113901318637634634e-02
1.115183692650222394e-02
1.116472446481368841e-02
1.117785558046202957e-02
1.119109251700914354e-02
1.120454825949667409e-02
1.121843063236654080e-02
1.123257824553704730e-02
1.124684391239251166e-02
1.126105452808633112e-02
1.127516208099651161e-02
1.128951864584785449e-02
1.130391765805600392e-02
1.131833225605343059e-02
1.133310249893038080e-02
1.134807036421947059e-02
1.136350802018654994e-02
1.137897375716798859e-02
1.139453675881697652e-02
1.141027223430081741e-02
1.142634288652991797e-02
1.144214691728539374e-02
1.145788572640917685e-02
1.147348163764340574e-02
1.148899430600087458e-02
1.150445631882173955e-02
1.151982460092641943e-02
1.153524372187251373e-02
1.155093349881790299e-02
1.156684771678718505e-02
1.158311236605620749e-02
1.159961298705899056e-02
1.161600762243343750e-02
1.163260152002922390e-02
1.164945316100227807e-02
1.166656199669610997e-02
1.168374005145132385e-02
1.170110829911696210e-02
1.171879939433902174e-02
1.173681586494118405e-02
1.175520045423389739e-02
1.177353403190432336e-02
1.179192454304340935e-02
1.181034643969329154e-02
1.182882286746915826e-02
1.184748673775335055e-02
1.186622773030936856e-02
1.188478959845929057e-02
1.190358612041595571e-02
1.192218229269832383e-02
1.194084217063418919e-02
1.195956176183344578e-02
1.197839317685747348e-02
1.199710858267775439e-02
1.201605048137284991e-02
1.203512170096464155e-02
1.205406971741060547e-02
1.207328516109088326e-02
1.209245000005892273e-02
1.211154991641737004e-02
1.213097445446228474e-02
1.215083878579439891e-02
1.217069549306045058e-02
1.219033832548295504e-02
1.220999667706025062e-02
1.222940326448040439e-02
1.224883648367193836e-02
1.226845018329191656e-02
1.228807761512350737e-02
1.230794245604606429e-02
1.232774943036218929e-02
1.234766695668586961e-02
1.236773669880075234e-02
1.238772305112834267e-02
1.240789426016679180e-02
1.242816316429378593e-02
1.244845877160636639e-02
1.246855062803696457e-02
1.248879294972576361e-02
1.250924138845933148e-02
1.252982364531032670e-02
1.255012178403950955e-02
1.257051374055627967e-02
1.259132795866361315e-02
1.261229873554368594e-02
