1.717819969316482925e-02
1.706729371385833430e-02
1.695638773455183587e-02
1.684548175524533398e-02
1.673457577593883902e-02
1.662366979663233713e-02
1.652495037417109000e-02
1.642674406989279995e-02
1.632853776561450990e-02
1.623033146133621638e-02
1.613212515705792285e-02
1.604129248866426050e-02
1.595110805199671453e-02
1.586092361532916856e-02
1.577073917866162259e-02
1.568055474199407662e-02
1.559550964115213011e-02
1.551117341421716540e-02
1.542683718728220070e-02
1.534250096034723600e-02
1.525816473341226956e-02
1.517739192728546904e-02
1.509730604565181003e-02
1.501722016401815102e-02
1.493713428238449201e-02
1.485704840075083126e-02
1.477959342390954174e-02
1.470280449891442180e-02
1.462601557391930013e-02
1.454922664892418019e-02
1.447243772392905851e-02
1.439783807729764359e-02
1.432393899974260948e-02
1.425003992218757710e-02
1.417614084463254473e-02
1.410224176707751235e-02
1.403022605395877649e-02
1.395895307611069031e-02
1.388768009826260585e-02
1.381640712041451967e-02
1.374513414256643522e-02
1.367562020904211986e-02
1.360694641609034791e-02
1.353827262313857943e-02
1.346959883018680922e-02
1.340092503723503900e-02
1.333394137448367170e-02
1.326792350041824595e-02
1.320190562635282366e-02
1.313588775228739791e-02
1.306986987822197389e-02
1.300547098471097410e-02
1.294216970513517063e-02
1.287886842555937064e-02
1.281556714598356891e-02
1.275226586640776892e-02
1.269048742881763794e-02
1.262992726481604322e-02
1.256936710081444676e-02
1.250880693681285030e-02
1.244824677281125211e-02
1.238907624571851211e-02
1.233121361218704644e-02
1.227335097865557903e-02
1.221548834512411162e-02
1.215762571159264595e-02
1.210100266487298092e-02
1.204575107590254331e-02
1.199049948693210223e-02
1.193524789796166288e-02
1.187999630899122354e-02
1.182582436884884250e-02
1.177305848299415973e-02
1.172029259713947696e-02
1.166752671128479246e-02
1.161476082543011143e-02
1.156291610158123248e-02
1.151248855004897292e-02
1.146206099851671510e-02
1.141163344698445728e-02
1.136120589545219772e-02
1.131155265644379938e-02
1.126331530319331538e-02
1.121507794994283137e-02
1.116684059669234563e-02
1.111860324344186163e-02
1.107101346863059201e-02
1.102484418846017521e-02
1.097867490828975841e-02
1.093250562811934161e-02
1.088633634794892655e-02
1.084070510257227615e-02
1.079650861664566662e-02
1.075231213071905535e-02
1.070811564479244235e-02
1.066391915886583282e-02
1.062016018631230067e-02
1.057784691012197964e-02
1.053553363393165687e-02
1.049322035774133584e-02
1.045090708155101307e-02
1.040894044480492400e-02
1.036843334256085970e-02
1.032792624031679540e-02
1.028741913807273110e-02
1.024691203582866680e-02
1.020666850658495314e-02
1.016790098614319196e-02
1.012913346570143425e-02
1.009036594525967480e-02
1.005159842481791535e-02
1.001301728324418237e-02
9.975927172614654226e-03
9.938837061985126078e-03
9.901746951355597931e-03
9.864656840726066314e-03
9.827681010325928918e-03
9.792207148654905047e-03
9.756733286983882911e-03
9.721259425312860775e-03
9.685785563641835169e-03
9.650358839282205739e-03
9.616440508887129021e-03
9.582522178492052303e-03
9.548603848096977320e-03
9.514685517701900602e-03
9.480767187306823884e-03
9.448329264928506319e-03
9.415906448754443256e-03
9.383483632580378458e-03
9.351060816406315396e-03
9.318638000232252333e-03
9.287576380746781837e-03
9.256587165340493181e-03
9.225597949934207995e-03
9.194608734527917604e-03
9.163619519121630683e-03
9.133879226765182283e-03
9.104263826713723112e-03
9.074648426662258738e-03
9.045033026610796098e-03
9.015417626559333458e-03
8.986944367389289312e-03
8.958643757422248693e-03
8.930343147455208075e-03
8.902042537488167456e-03
8.873741927521125103e-03
8.846483231551783427e-03
8.819440542142942957e-03
8.792397852734099017e-03
8.765355163325256813e-03
8.738312473916412873e-03
8.712217309040993715e-03
8.686377246924571402e-03
8.660537184808150823e-03
8.634697122691730245e-03
8.608857060575307932e-03
8.583876240459871465e-03
8.559185704804227537e-03
8.534495169148581875e-03
8.509804633492939682e-03
8.485114097837295755e-03
8.461200151639805198e-03
8.437607935360693159e-03
8.414015719081579386e-03
8.390423502802467348e-03
8.366831286523351841e-03
8.343938168993191365e-03
8.321394600837505803e-03
8.298851032681820242e-03
8.276307464526132945e-03
8.253763896370445649e-03
8.231847897005607415e-03
8.210306414499820432e-03
8.188764931994033450e-03
8.167223449488248202e-03
8.145681966982459485e-03
8.124701243845558127e-03
8.104116919572868991e-03
8.083532595300181589e-03
8.062948271027492453e-03
8.042363946754803317e-03
8.022278771350447799e-03
8.002609553336374054e-03
7.982940335322298575e-03
7.963271117308223096e-03
7.943601899294147617e-03
7.924374048274321694e-03
7.905578736908858498e-03
7.886783425543397036e-03
7.867988114177933839e-03
7.849192802812470643e-03
7.830785577714995463e-03
7.812825495491504402e-03
7.794865413268014208e-03
7.776905331044524014e-03
7.758945248821032953e-03
7.741323825838474469e-03
7.724162011825751011e-03
7.707000197813028419e-03
7.689838383800304961e-03
7.672676569787581502e-03
7.655807540597673981e-03
7.639408508097023966e-03
7.623009475596373083e-03
7.606610443095722200e-03
7.590211410595071317e-03
7.574062673423464891e-03
7.558392442027972100e-03
7.542722210632480176e-03
7.527051979236986518e-03
7.511381747841494594e-03
7.495922350744885741e-03
7.480947872535708559e-03
7.465973394326531377e-03
7.450998916117354195e-03
7.436024437908177881e-03
7.421224763201420167e-03
7.406915882943758932e-03
7.392607002686099431e-03
7.378298122428439063e-03
7.363989242170778694e-03
7.349821493907855892e-03
7.336147707626514136e-03
7.322473921345172380e-03
7.308800135063829757e-03
7.295126348782488002e-03
7.281562898709932966e-03
7.268495961576920336e-03
7.255429024443905972e-03
7.242362087310893343e-03
7.229295150177880713e-03
7.216310221797550030e-03
7.203823203701369832e-03
7.191336185605188766e-03
7.178849167509007700e-03
7.166362149412826635e-03
7.153931054141068890e-03
7.141997672006683562e-03
7.130064289872298233e-03
7.118130907737912037e-03
7.106197525603528443e-03
7.094296181044383413e-03
7.082891418901482959e-03
7.071486656758582505e-03
7.060081894615682051e-03
7.048677132472782464e-03
7.037282583623909356e-03
7.026383379535349957e-03
7.015484175446791426e-03
7.004584971358233762e-03
6.993685767269674364e-03
6.982786563181115833e-03
6.972360420909264403e-03
6.961944032489303207e-03
6.951527644069342010e-03
6.941111255649381681e-03
6.930694867229420485e-03
6.920711616259814410e-03
6.910756309641843086e-03
6.900801003023871762e-03
6.890845696405900438e-03
6.880890389787929114e-03
6.871331406460806472e-03
6.861816953840521940e-03
6.852302501220235674e-03
6.842788048599950275e-03
6.833273595979666611e-03
6.824120665798715998e-03
6.815027280490127196e-03
6.805933895181538393e-03
6.796840509872949590e-03
6.787747124564360787e-03
6.778982942118657630e-03
6.770291915864705586e-03
6.761600889610755276e-03
6.752909863356804966e-03
6.744218837102853789e-03
6.735826754857501472e-03
6.727520085186035163e-03
6.719213415514567987e-03
6.710906745843100811e-03
6.702600076171634502e-03
6.694564473401030252e-03
6.686625415006075372e-03
6.678686356611121359e-03
6.670747298216167347e-03
6.662808239821212467e-03
6.655113838036147249e-03
6.647525808690162193e-03
6.639937779344178004e-03
6.632349749998194682e-03
6.624761720652209626e-03
6.617393951791371472e-03
6.610141396107378602e-03
6.602888840423385731e-03
6.595636284739393729e-03
6.588383729055399991e-03
6.581328771013721622e-03
6.574396906585287456e-03
6.567465042156853290e-03
6.560533177728419124e-03
6.553601313299984958e-03
6.546845968791957168e-03
6.540220691593702680e-03
6.533595414395448192e-03
6.526970137197193704e-03
6.520344859998939216e-03
6.513876735844745421e-03
6.507545008672191433e-03
6.501213281499637446e-03
6.494881554327082591e-03
6.488549827154527737e-03
6.482356547680086060e-03
6.476304541366982928e-03
6.470252535053880663e-03
6.464200528740777531e-03
6.458148522427675266e-03
6.452217990512482473e-03
6.446433227874780354e-03
6.440648465237079102e-03
6.434863702599377851e-03
6.429078939961676599e-03
6.423399706743283463e-03
6.417869759044888232e-03
6.412339811346493001e-03
6.406809863648097771e-03
6.401279915949702540e-03
6.395841018555034445e-03
6.390554691939586904e-03
6.385268365324138495e-03
6.379982038708690954e-03
6.374695712093242546e-03
6.369487111597222848e-03
6.364433963340057100e-03
6.359380815082893088e-03
6.354327666825728207e-03
6.349274518568563327e-03
6.344286794738559880e-03
6.339456991939636590e-03
6.334627189140711566e-03
6.329797386341786541e-03
6.324967583542863252e-03
6.320191862127136351e-03
6.315576221605672877e-03
6.310960581084210270e-03
6.306344940562747664e-03
6.301729300041284190e-03
6.297157230989529862e-03
6.292746998825266523e-03
6.288336766661003184e-03
6.283926534496739845e-03
6.279516302332475639e-03
6.275139775716644455e-03
6.270925828805014313e-03
6.266711881893384170e-03
6.262497934981754895e-03
6.258283988070124752e-03
6.254094715611870949e-03
6.250068674152873399e-03
6.246042632693875850e-03
6.242016591234879168e-03
6.237990549775881619e-03
6.233980880680384598e-03
6.230134935219883326e-03
6.226288989759383788e-03
6.222443044298883383e-03
6.218597098838383845e-03
6.214759865291777721e-03
6.211086415726396227e-03
6.207412966161015601e-03
6.203739516595633240e-03
6.200066067030251746e-03
6.196394287174128261e-03
6.192886138825259325e-03
6.189377990476389521e-03
6.185869842127521452e-03
6.182361693778651648e-03
6.178853545429782712e-03
6.175499438590497346e-03
6.172150145548386223e-03
6.168800852506275099e-03
6.165451559464164843e-03
6.162102266422054588e-03
6.158894775250929252e-03
6.155698073352595945e-03
6.152501371454263505e-03
6.149304669555931066e-03
6.146107967657597759e-03
6.143041822116466176e-03
6.139991996119985133e-03
6.136942170123504091e-03
6.133892344127022181e-03
6.130842518130541138e-03
6.127912613883661902e-03
6.125004124234926031e-03
6.122095634586189293e-03
6.119187144937452555e-03
6.116278655288716684e-03
6.113479931769429630e-03
6.110707277705886876e-03
6.107934623642344123e-03
6.105161969578801369e-03
6.102389315515257748e-03
6.099716850195492819e-03
6.097074705153448723e-03
6.094432560111405495e-03
6.091790415069362266e-03
6.089148270027319038e-03
6.086597482464589128e-03
6.084080953956603338e-03
6.081564425448617549e-03
6.079047896940630892e-03
6.076531368432645970e-03
6.074097826961240461e-03
6.071702117815337349e-03
6.069306408669433370e-03
6.066910699523529391e-03
6.064514990377625411e-03
6.062194585573968571e-03
6.059915362832478392e-03
6.057636140090988212e-03
6.055356917349498033e-03
6.053077694608006987e-03
6.050866659757642846e-03
6.048699947036510240e-03
6.046533234315377633e-03
6.044366521594245027e-03
6.042199808873112421e-03
6.040094443937557046e-03
6.038036185337356671e-03
6.035977926737155427e-03
6.033919668136954184e-03
6.031861409536753808e-03
6.029858182965767456e-03
6.027904696882724865e-03
6.025951210799683141e-03
6.023997724716640551e-03
6.022044238633598827e-03
6.020139771691876938e-03
6.018287387587808838e-03
6.016435003483741606e-03
6.014582619379673506e-03
6.012730235275605406e-03
6.010921340261038762e-03
6.009166806608348503e-03
6.007412272955659112e-03
6.005657739302968853e-03
6.003903205650277727e-03
6.002186794897532846e-03
6.000526615422206202e-03
5.998866435946880425e-03
5.997206256471553781e-03
5.995546076996227138e-03
5.993919129766924966e-03
5.992350338968163888e-03
5.990781548169401942e-03
5.989212757370641731e-03
5.987643966571880652e-03
5.986103831707520126e-03
5.984623695205811000e-03
5.983143558704102742e-03
5.981663422202394484e-03
5.980183285700685358e-03
5.978727197512230182e-03
5.977332088975238766e-03
5.975936980438247351e-03
5.974541871901255935e-03
5.973146763364264519e-03
5.971771838270493668e-03
5.970459986436787297e-03
5.969148134603079192e-03
5.967836282769372822e-03
5.966524430935664716e-03
5.965228842838749684e-03
5.963997496502161828e-03
5.962766150165573972e-03
5.961534803828986116e-03
5.960303457492399128e-03
5.959084732150489450e-03
5.957931478218476615e-03
5.956778224286463780e-03
5.955624970354451812e-03
5.954471716422438110e-03
5.953327655659327623e-03
5.952250245370757642e-03
5.951172835082186793e-03
5.950095424793617679e-03
5.949018014505046831e-03
5.947946584701525007e-03
5.946943182915430740e-03
5.945939781129335605e-03
5.944936379343241338e-03
5.943932977557146204e-03
5.942932482603375394e-03
5.942001024917304038e-03
5.941069567231233549e-03
5.940138109545162193e-03
5.939206651859090837e-03
5.938275194173019481e-03
