3.038323916906238327e-03
3.039831728569256358e-03
3.041520634115813491e-03
3.043259618021837681e-03
3.045122832718457923e-03
3.047224241588328188e-03
3.049246942476488160e-03
3.051237935620201153e-03
3.053314492198878124e-03
3.055492484409839862e-03
3.057816220005065040e-03
3.060378785675009743e-03
3.063118874868094293e-03
3.066183081390368072e-03
3.069738866817745861e-03
3.073878302424387556e-03
3.078897713326146993e-03
3.085241526071966223e-03
3.092984489324383541e-03
3.101992660952047898e-03
3.112485694192733583e-03
3.125013246842635144e-03
3.139489816495540531e-03
3.156087352578033738e-03
3.175253330523464344e-03
3.196921060758869861e-03
3.221118969065523384e-03
3.247682718660372964e-03
3.276498928281162525e-03
3.307513509378235544e-03
3.340341435100872142e-03
3.374842121341558188e-03
3.410572165478178638e-03
3.447063116745373995e-03
3.484260742298788283e-03
3.521840318008290747e-03
3.559645810789571936e-03
3.597742565496612338e-03
3.636116357900549476e-03
3.674606229130893478e-03
3.713189628913030581e-03
3.751819537435474149e-03
3.790522484387845968e-03
3.829300810495920269e-03
3.868077229036851698e-03
3.906844576338857310e-03
3.945506341704780456e-03
3.984213040923312819e-03
4.022927489612772127e-03
4.061649936994483380e-03
4.100265353892637056e-03
4.138794256235227807e-03
4.177050382790690498e-03
4.214923930014660529e-03
4.252358335043805553e-03
4.289236944618252632e-03
4.325621650841646182e-03
4.361286999889688216e-03
4.396345542451604756e-03
4.430520137880514589e-03
4.463869013260580651e-03
4.496520786891149840e-03
4.528562837997848929e-03
4.559826150487435344e-03
4.590124761655848748e-03
4.619815991959579787e-03
4.649061527233281678e-03
4.677691198014437626e-03
4.705795749746115482e-03
4.733434624706654367e-03
4.760719333378628584e-03
4.787738739663719746e-03
4.814450801313601910e-03
4.840931312248877502e-03
4.867016698943960919e-03
4.892982632798450505e-03
4.918814564206622914e-03
4.944489210219410284e-03
4.970045347127255951e-03
4.995514737114559872e-03
5.020904506955828524e-03
5.046154644221981060e-03
5.071442726272134237e-03
5.096770427759385672e-03
5.122104709041009653e-03
5.147513460992758118e-03
5.173010043063615629e-03
5.198631507035683837e-03
5.224315889756102338e-03
5.250090360247630129e-03
5.275978603485891212e-03
5.301973744059062382e-03
5.328071051978107778e-03
5.354253932364261975e-03
5.380518997366859173e-03
5.406938984911684350e-03
5.433560515583906771e-03
5.460381743970722963e-03
5.487376713498215777e-03
5.514707489076612311e-03
5.542264824683762990e-03
5.570011025360963909e-03
5.597951392565756260e-03
5.626124327466289904e-03
5.654491779198899185e-03
5.682976986717090152e-03
5.711671964796070922e-03
5.740466715082653305e-03
5.769365190307207750e-03
5.798488839496820230e-03
5.827751448984419026e-03
5.857153501179908697e-03
5.886762797021933072e-03
5.916461767297738830e-03
5.946397186401375205e-03
5.976400253803144068e-03
6.006465232086633660e-03
6.036550900297320971e-03
6.066650699615175509e-03
6.096838031567861430e-03
6.126989516061101190e-03
6.157090490491268740e-03
6.187135021534994131e-03
6.217194528479739676e-03
6.247126373599136417e-03
6.276962359818324087e-03
6.306858536473982681e-03
6.336792817801834010e-03
6.366700459956185429e-03
6.396539801740923348e-03
6.426332421363171662e-03
6.456072800154646733e-03
6.485686780852433983e-03
6.515262922077190606e-03
6.544824532584115999e-03
6.574306543589911178e-03
6.603726009761702598e-03
6.633012722394041050e-03
6.662302041006222010e-03
6.691558755824737227e-03
6.720757572010722589e-03
6.749817408132324781e-03
6.778730992022202403e-03
6.807530903095464735e-03
6.836271864403119930e-03
6.864832788203899250e-03
6.893200197438754083e-03
6.921416936432485054e-03
6.949473572879977246e-03
6.977416260879426742e-03
7.005311741780775869e-03
7.033006993471074136e-03
7.060651865446708475e-03
7.088161695263534186e-03
7.115553737009662656e-03
7.142710520963204898e-03
7.169552960011970136e-03
7.196196522090880267e-03
7.222615994940684465e-03
7.248773746855151530e-03
7.274686348993369620e-03
7.300322262311600106e-03
7.325667017697284726e-03
7.350783868280324866e-03
7.375771276085629768e-03
7.400506952014231608e-03
7.424925926005005068e-03
7.449093644049996875e-03
7.472975923679282123e-03
7.496654426029220747e-03
7.520109392609176588e-03
7.543343285433732302e-03
7.566337641150521799e-03
7.588840137855887638e-03
7.611015715262901479e-03
7.632873072123715942e-03
7.654436190788421225e-03
7.675695454575341518e-03
7.696641569544142476e-03
7.717312174538922855e-03
7.737700432692331751e-03
7.757713147637864022e-03
7.777469869400898891e-03
7.796941624835681400e-03
7.816159495174227617e-03
7.835116008938025275e-03
7.853824100708329398e-03
7.872338386907418856e-03
7.890553363731385092e-03
7.908484185308263872e-03
7.926097727988143729e-03
7.943482169778722304e-03
7.960634332462957624e-03
7.977614644223156651e-03
7.994479492550780192e-03
8.011104852527751313e-03
8.027534108211326416e-03
8.043587272938194227e-03
8.059296338951655453e-03
8.074877099743539219e-03
8.090211646777936694e-03
8.105253454348386802e-03
8.120059275075631328e-03
8.134635560272466745e-03
8.149123987567421373e-03
8.163513176237688351e-03
8.177785277665850297e-03
8.191884316050572837e-03
8.205889587698416907e-03
8.219761293737321700e-03
8.233414615239166567e-03
8.246861275544310754e-03
8.260238969352257793e-03
8.273525724116256863e-03
8.286734475296072058e-03
8.299790881142415575e-03
8.312746174399799487e-03
8.325443346622029769e-03
8.338041177873558793e-03
8.350458425077327343e-03
8.362759090729320749e-03
8.374832457967811700e-03
8.386751403302991278e-03
8.398521958560776698e-03
8.410240015365746252e-03
8.422013838228614019e-03
8.433749054023359504e-03
8.445438900445878874e-03
8.457043708752892339e-03
8.468610227571900240e-03
8.480104935728779644e-03
8.491546575501721789e-03
8.502959890247113045e-03
8.514271745613087236e-03
8.525541922432443992e-03
8.536701322212375542e-03
8.547879068283675136e-03
8.559043294578547872e-03
8.570245452150385482e-03
8.581391056302832901e-03
8.592517967812707616e-03
8.603702268640945824e-03
8.614963278903415775e-03
8.626291085971554001e-03
8.637546264268346208e-03
8.648829229287807729e-03
8.660019006506201530e-03
8.671200502482675695e-03
8.682399886389732813e-03
8.693693500885123909e-03
8.704974182226829851e-03
8.716160303540247331e-03
8.727301477823459427e-03
8.738606396941031584e-03
8.749857650070594350e-03
8.761206107972386789e-03
8.772554947146021451e-03
8.784080487148871255e-03
8.795577710909231392e-03
8.807071769190896390e-03
8.818550651711300897e-03
8.830037145832012047e-03
8.841507500250160925e-03
8.853028794870146032e-03
8.864531967657183695e-03
8.876031641791917726e-03
8.887523490410002142e-03
8.899007029893586315e-03
8.910495945837206347e-03
8.922014735395788348e-03
8.933596808832001621e-03
8.945216880092048475e-03
8.956872801886315433e-03
8.968578121444558890e-03
8.980397658273846229e-03
8.992245082414801818e-03
9.004126576576843011e-03
9.016055116081967205e-03
9.028048526486791986e-03
9.040066931940123410e-03
9.052092723876459940e-03
9.064171280013841314e-03
9.076356351555412219e-03
9.088576472213611215e-03
9.100969642847463181e-03
9.113470824762520683e-03
9.126174284126630995e-03
9.138931237291470638e-03
9.151696592053625706e-03
9.164662297919613093e-03
9.177739032956403961e-03
9.190956541858122733e-03
9.204383365705176220e-03
9.217843228426262150e-03
9.231504095201169616e-03
9.245357195240206868e-03
9.259308082501315623e-03
9.273404121445076934e-03
9.287614504164825799e-03
9.301921899263872889e-03
9.316366338089071900e-03
9.330838559464033413e-03
9.345495675718356807e-03
9.360317770669479565e-03
9.375314689520592576e-03
9.390519098439326084e-03
9.405919305601738792e-03
9.421569587777517060e-03
9.437412112661370742e-03
9.453351606438450266e-03
9.469524258706922201e-03
9.485899591658948291e-03
9.502443375165630507e-03
9.519132274995078385e-03
9.535938408887034354e-03
9.552909701130379502e-03
9.570082599204525128e-03
9.587485903628694198e-03
9.605157042954479835e-03
9.622990547639730108e-03
9.640913264005438257e-03
9.658968178035586688e-03
9.677083412521174724e-03
9.695283410588973264e-03
9.713607781463441670e-03
9.731993192509834009e-03
9.750439260918923254e-03
9.769092522899676737e-03
9.787952942433324893e-03
9.806863936270834164e-03
9.825987087022343761e-03
9.845118349024753468e-03
9.864300962809316106e-03
9.883574210576430430e-03
9.902970725549731928e-03
9.922477434673367472e-03
9.942209742300346653e-03
9.962129866499818201e-03
9.982311435783573078e-03
1.000249767564736006e-02
1.002283159399824063e-02
1.004323160656918172e-02
1.006368557108201431e-02
1.008421517039595136e-02
1.010479404228668311e-02
1.012527906925345285e-02
1.014582900753122421e-02
1.016639068067975819e-02
1.018702907270646954e-02
1.020777157237056677e-02
1.022866117290370698e-02
1.024964884485578438e-02
1.027064030031591031e-02
1.029170836484089892e-02
1.031284417166421913e-02
1.033390747270710938e-02
1.035500563662323896e-02
1.037622271650265326e-02
1.039737805120864202e-02
1.041851539388102474e-02
1.043971075180767996e-02
1.046095253704806827e-02
1.048220577296235002e-02
1.050356947580324829e-02
1.052486495580273566e-02
1.054622293561276701e-02
1.056750399910027366e-02
1.058870750561436043e-02
1.060987342852044713e-02
1.063106062731759317e-02
1.065226071863749867e-02
1.067336644100428875e-02
1.069444341863702401e-02
1.071549288517851736e-02
1.073642175758960683e-02
1.075727186090787331e-02
1.077810372884622017e-02
1.079881933149514847e-02
1.081932853034979491e-02
1.083973474166289620e-02
1.085995868636858465e-02
1.088007870199334155e-02
1.090014174471183768e-02
1.092013001839742606e-02
1.094002927630951215e-02
1.095987382742296193e-02
1.097964381814880812e-02
1.099933520142703375e-02
1.101896431440455189e-02
1.103858545273893495e-02
1.105823959985850063e-02
1.107774507248417833e-02
1.109712195063999873e-02
1.111642759728912778e-02
1.113562178671514101e-02
1.115474724047155024e-02
1.117375994142731990e-02
1.119265429657055090e-02
1.121148285838221258e-02
1.123022887835470850e-02
1.124884504737336602e-02
1.126721396621644528e-02
1.128546333020235756e-02
1.130349988783831139e-02
1.132136213637910914e-02
1.133905107336892829e-02
1.135652311478046149e-02
1.137387897282331022e-02
1.139096229727230153e-02
1.140781306983867059e-02
1.142454490382021140e-02
1.144108857487805518e-02
1.145743088630655528e-02
1.147348075059415919e-02
1.148925627529808272e-02
1.150473829733549870e-02
1.152005037623564376e-02
1.153507145643255585e-02
1.154981815048493864e-02
1.156432630870738755e-02
1.157844476801660888e-02
1.159231009467044486e-02
1.160588585678297598e-02
1.161920762222893970e-02
1.163229700973657417e-02
1.164497371703909594e-02
1.165739747134082217e-02
1.166952647637525646e-02
1.168127121957345145e-02
1.169256480551737927e-02
1.170339658297409914e-02
1.171373250103004138e-02
1.172365570165415441e-02
1.173313982833242008e-02
1.174217399065848912e-02
1.175088622656832518e-02
1.175927678753442562e-02
1.176736175560736015e-02
1.177492953633694529e-02
1.178211721122511373e-02
1.178884713830293668e-02
1.179517677870668690e-02
1.180113750379516678e-02
1.180666874800960844e-02
1.181174332947909807e-02
1.181619150624436433e-02
1.182014947591994609e-02
1.182359215483798874e-02
1.182649440310622017e-02
1.182877923192532724e-02
1.183052136168091795e-02
1.183181063009917586e-02
1.183254531293096747e-02
1.183266656890623846e-02
1.183211419474036220e-02
1.183114555584305512e-02
1.182970585657670305e-02
1.182779610755327337e-02
1.182536087281369983e-02
1.182240186928920286e-02
1.181884974756354512e-02
1.181467208832943407e-02
1.180997030308767771e-02
1.180467866373581878e-02
1.179878067137193030e-02
1.179229180088875104e-02
1.178519880034453390e-02
1.177748449471675667e-02
1.176926592787126170e-02
1.176048887289361106e-02
1.175104350295901913e-02
1.174100968540329679e-02
1.173027708650338161e-02
1.171887791801939915e-02
1.170685809300930913e-02
1.169426407831963832e-02
1.168108570172313870e-02
1.166728135736960770e-02
1.165290357555772392e-02
1.163789997972745210e-02
1.162226472155092859e-02
1.160587707852598141e-02
1.158887766391556232e-02
1.157127572262835538e-02
1.155303680979551974e-02
1.153407617583604092e-02
1.151449649296252230e-02
1.149435593878822548e-02
1.147353923996743269e-02
1.145206483772512329e-02
1.142993360892064283e-02
1.140721037240217603e-02
1.138375681384858062e-02
1.135951977169932098e-02
1.133462117448133348e-02
1.130905560180925362e-02
1.128289086335188506e-02
1.125608550666823068e-02
1.122856096730258553e-02
1.120030917479969586e-02
