4.614910886403038488e-03
4.623156500543634112e-03
4.631686875642025344e-03
4.641034842987115487e-03
4.650485876576597108e-03
4.660043091524053091e-03
4.670143163168648595e-03
4.680438824752401229e-03
4.690893384077111060e-03
4.701169115274339387e-03
4.711583572130920855e-03
4.722107890483139177e-03
4.732763842694930403e-03
4.743506389487758650e-03
4.754274400173249746e-03
4.765023989571039870e-03
4.776104598039580297e-03
4.787738583570668935e-03
4.799418867213075396e-03
4.811164150625813624e-03
4.822936810289704147e-03
4.834939741095850389e-03
4.847214655721960100e-03
4.859821389879376459e-03
4.872611823311697246e-03
4.885365305242137142e-03
4.898230875936049333e-03
4.910760518050403915e-03
4.922937366612565452e-03
4.934960065825096630e-03
4.946335080345981225e-03
4.956605044050844781e-03
4.966202342923531007e-03
4.974775665105769795e-03
4.982583478326572425e-03
4.989388579644583183e-03
4.995160538684613634e-03
5.000264260632511157e-03
5.004506603862515259e-03
5.007930345824121790e-03
5.010226689564804131e-03
5.011485792175185243e-03
5.011856317137773804e-03
5.011356531315423746e-03
5.010522274597625780e-03
5.008810247784218316e-03
5.006225225120711567e-03
5.003082679197213938e-03
4.999518436869976497e-03
4.995882819323986361e-03
4.992121676568261890e-03
4.988751448306245027e-03
4.985896481461924226e-03
4.983517713978064846e-03
4.981784745349764065e-03
4.980581939368816657e-03
4.980282002826286886e-03
4.980637393567101216e-03
4.981534567589276929e-03
4.982927681621286166e-03
4.985033961333041642e-03
4.987899334353289478e-03
4.991530575134225066e-03
4.996198882502126369e-03
5.001500449353899445e-03
5.007218735673397113e-03
5.013241731725698140e-03
5.019820689626449187e-03
5.026761537562351653e-03
5.034075888113292811e-03
5.042138255302419658e-03
5.050572893783581568e-03
5.059252719871294712e-03
5.068494260254559867e-03
5.078326098324167578e-03
5.088534765775817349e-03
5.099317677510813857e-03
5.110537249205986642e-03
5.122199813040393714e-03
5.134239218693200345e-03
5.146590202544930846e-03
5.159437943904873758e-03
5.172606223159775980e-03
5.186865047531372640e-03
5.201589848299013018e-03
5.216555711728102125e-03
5.231829193954590576e-03
5.247643536776629841e-03
5.263896356639810245e-03
5.280429014548863528e-03
5.297179332844437726e-03
5.314264264782477161e-03
5.331899243694242924e-03
5.350000624638470009e-03
5.368438484459268391e-03
5.387063825317671070e-03
5.405853032367620263e-03
5.425024820381932171e-03
5.444531560387268557e-03
5.464419834479156655e-03
5.484519304233833638e-03
5.504581401510400158e-03
5.524849235245391822e-03
5.545474960465562007e-03
5.566324976161114713e-03
5.587469224012580477e-03
5.608960672926673226e-03
5.630733435297192134e-03
5.652785735278073251e-03
5.675122992389891943e-03
5.697667797934782494e-03
5.720509469906081418e-03
5.743696611060448293e-03
5.767066814076260775e-03
5.790558015321571605e-03
5.814220010386473951e-03
5.838079337635800753e-03
5.862018128752958038e-03
5.885997970861012694e-03
5.910046416176249241e-03
5.934116893749190672e-03
5.958247534607166544e-03
5.982521963526969341e-03
6.006990391151855076e-03
6.031513051305299050e-03
6.056403506348153644e-03
6.081555069800974669e-03
6.106920390614203366e-03
6.132446587965134643e-03
6.158017327231147565e-03
6.183516308271003355e-03
6.209127946107026973e-03
6.234979533317087409e-03
6.260926411239373275e-03
6.286996064211815977e-03
6.313069905354377551e-03
6.339079182553017042e-03
6.365114035863566298e-03
6.391366030184824146e-03
6.417780609272298945e-03
6.444402950571921640e-03
6.471136274508779151e-03
6.497935087992286890e-03
6.524740167409968060e-03
6.551612248476228369e-03
6.578464324877878952e-03
6.605250948122268206e-03
6.631595194607528554e-03
6.658112919010670400e-03
6.684697596936703921e-03
6.711324969237385078e-03
6.737979407624521654e-03
6.764454791293078410e-03
6.790796652825254777e-03
6.816920398684894744e-03
6.842940831214493549e-03
6.868907799936210638e-03
6.894744118592780954e-03
6.920429837577248521e-03
6.945940401780749569e-03
6.971500901298064226e-03
6.997200207772575481e-03
7.022712531130517570e-03
7.048053206431068723e-03
7.073182846135468889e-03
7.098457689107101100e-03
7.123716074494093609e-03
7.148895747259888245e-03
7.174210724747920841e-03
7.199534614300460815e-03
7.224819236010756457e-03
7.249944856163386200e-03
7.274757927930158678e-03
7.299375173725696463e-03
7.324019290373339278e-03
7.348456901320267291e-03
7.372779900546894312e-03
7.397144229552976916e-03
7.421627655219970379e-03
7.446126726127585971e-03
7.470656153362005385e-03
7.495117083276733524e-03
7.519285091657493779e-03
7.543417955493910733e-03
7.567410738826907748e-03
7.591165505170817916e-03
7.614903533631597367e-03
7.638426068665778168e-03
7.661902829336287093e-03
7.685254886991676158e-03
7.708521592657779919e-03
7.731827955948499323e-03
7.755067171909547398e-03
7.778172619491576824e-03
7.801088720829348760e-03
7.823695519643304383e-03
7.846082306816616267e-03
7.868516946021567385e-03
7.890716298690668429e-03
7.913017406356474132e-03
7.935314305646510441e-03
7.957378638531477019e-03
7.979136163027603090e-03
8.000508178071540077e-03
8.021709157555591968e-03
8.042621508465153460e-03
8.063535166729715251e-03
8.084448753039099114e-03
8.105373524795745840e-03
8.126092614012304233e-03
8.146725351087335046e-03
8.167078831934904137e-03
8.187219097488053141e-03
8.207385354014100354e-03
8.227530345520638402e-03
8.247491450536350438e-03
8.267438822792724795e-03
8.287202896251694845e-03
8.306836606313185156e-03
8.326366409805639052e-03
8.345830093546538833e-03
8.365321135298874750e-03
8.384660742125285213e-03
8.404162014360819569e-03
8.423464641442723888e-03
8.442650061421473270e-03
8.461727391987012778e-03
8.480513824164238879e-03
8.499261032122562565e-03
8.518016185568570708e-03
8.536511495338319072e-03
8.554743886384380894e-03
8.572789427599787973e-03
8.590581991875493109e-03
8.608166522453077757e-03
8.625634722127968612e-03
8.642845634964977861e-03
8.659876124246675827e-03
8.676698528821965434e-03
8.693554044912744569e-03
8.710250325653305647e-03
8.726782552435273510e-03
8.743182147021714631e-03
8.759234593763806642e-03
8.775130387306031773e-03
8.790930310060906389e-03
8.806431914121976012e-03
8.821883287292957634e-03
8.837357604803607047e-03
8.852761031832936250e-03
8.868005256346230686e-03
8.883366436380367784e-03
8.898603464772053898e-03
8.913741469718402394e-03
8.928799792144876887e-03
8.943898767626239088e-03
8.959057954079068659e-03
8.974116733219131975e-03
8.989025740446151755e-03
9.003915219845441686e-03
9.018631780770797884e-03
9.033148038416335610e-03
9.047504195986686565e-03
9.061817320463211312e-03
9.076109103764691891e-03
9.090203456804729285e-03
9.104023978587366672e-03
9.117668665034727588e-03
9.131056579284320407e-03
9.144533750127878044e-03
9.157805758040517274e-03
9.170898606815835671e-03
9.183977681377290814e-03
9.196902489613694928e-03
9.209922331338356652e-03
9.222837858976760603e-03
9.235718067357831518e-03
9.248239699869674479e-03
9.260410394028528724e-03
9.272492214320282242e-03
9.284600318841398220e-03
9.296453373092469774e-03
9.308130946540564207e-03
9.319709227747770969e-03
9.331231848015965336e-03
9.342588054904078440e-03
9.353916377912233071e-03
9.365260022266629764e-03
9.376552174909333348e-03
9.387815633414516026e-03
9.399017633221862927e-03
9.410099603092367607e-03
9.421171785109701963e-03
9.432137108226958805e-03
9.442970434144194736e-03
9.453744483793468864e-03
9.464574616092350651e-03
9.475401704366068559e-03
9.486168928239148423e-03
9.496844430319098876e-03
9.507477998563985261e-03
9.517930577001187248e-03
9.528349459029720678e-03
9.538663357000943741e-03
9.548978091749645708e-03
9.559277398248843330e-03
9.569611619260936369e-03
9.579812212372697602e-03
9.589841065142703722e-03
9.599786607847155331e-03
9.609664213581822767e-03
9.619542770272368482e-03
9.629295318706701176e-03
9.639039831441705702e-03
9.648808887480642832e-03
9.658650868484781882e-03
9.668374416539702448e-03
9.678163238399282997e-03
9.687975017721223506e-03
9.697806751770166739e-03
9.707407205822150484e-03
9.716946916472797569e-03
9.726656134631013126e-03
9.736246157323786427e-03
9.745950915441564319e-03
9.755721298711710066e-03
9.765336060533013826e-03
9.774543771427592065e-03
9.783659606790395813e-03
9.792555820816537665e-03
9.801306834458050482e-03
9.809954719969678563e-03
9.818672214605934229e-03
9.827567007922281481e-03
9.836364155401358667e-03
9.845182105036811779e-03
9.854091057380340649e-03
9.863195769477672500e-03
9.872371644365900492e-03
9.881528745212461717e-03
9.890505184593159291e-03
9.899517820557236780e-03
9.908806452693364603e-03
9.918134185508414510e-03
9.927487143513191378e-03
9.936780359586633998e-03
9.946210644931336234e-03
9.955737439216029092e-03
9.965381825897628651e-03
9.975043996928369128e-03
9.984784570426319047e-03
9.994437727705420341e-03
1.000381567187751293e-02
1.001309749035809125e-02
1.002260170723059084e-02
1.003219996810472171e-02
1.004190376171840322e-02
1.005172857043165439e-02
1.006163989018630384e-02
1.007148575156755974e-02
1.008132631508766933e-02
1.009116428307393204e-02
1.010098587749646941e-02
1.011094319474172692e-02
1.012088656396608992e-02
1.013087100882071462e-02
1.014097257457503842e-02
1.015116530424338935e-02
1.016150471582901761e-02
1.017204879667293373e-02
1.018264465284202634e-02
1.019315280885620817e-02
1.020370384907108227e-02
1.021441769996562186e-02
1.022532580001510490e-02
1.023620107057715209e-02
1.024698728803617558e-02
1.025766624640793434e-02
1.026826580178275862e-02
1.027897709597618524e-02
1.028983385275412943e-02
1.030060148678681523e-02
1.031144249277981227e-02
1.032231266342608159e-02
1.033325814737426004e-02
1.034421674106278041e-02
1.035487466441902503e-02
1.036563122240596706e-02
1.037633564825681323e-02
1.038696918742175977e-02
1.039756414161171344e-02
1.040828346956214345e-02
1.041902183029500689e-02
1.042960622539227181e-02
1.043993972876747223e-02
1.045029827014873694e-02
1.046075334316703270e-02
1.047113375933370408e-02
1.048162708345332789e-02
1.049195823416055814e-02
1.050241968946710042e-02
1.051290216093558536e-02
1.052353640077813290e-02
1.053426260472375975e-02
1.054484823904372308e-02
1.055551083739997807e-02
1.056631551854764033e-02
1.057721340650079334e-02
1.058813582803253342e-02
1.059915988484387561e-02
1.061024271169750885e-02
1.062126469895334144e-02
1.063223704632749837e-02
1.064334347515157909e-02
1.065439601150463059e-02
1.066552086684554451e-02
1.067665811058370745e-02
1.068754346705971976e-02
1.069831628232494579e-02
1.070915692138360575e-02
1.071995602004086577e-02
1.073075469189494098e-02
1.074158685063387846e-02
1.075246027646945685e-02
1.076350610411417469e-02
1.077468132904625675e-02
1.078579638355544115e-02
1.079685824627119387e-02
1.080789399109730736e-02
1.081878176421441004e-02
1.082956688877697964e-02
1.084024961615456112e-02
1.085090536216666221e-02
1.086153496046108127e-02
1.087232778139982613e-02
1.088333531110783486e-02
1.089432967087035180e-02
1.090543019394107568e-02
1.091655729143658181e-02
1.092776194396306161e-02
1.093897472679304303e-02
1.095029119452015087e-02
1.096160132133118005e-02
1.097300377163682415e-02
1.098452863148586048e-02
1.099601485233861475e-02
1.100761417133412287e-02
1.101941952225451472e-02
1.103133955431095069e-02
1.104327215868135259e-02
1.105530291626772958e-02
1.106739959094518028e-02
1.107982319657440685e-02
1.109229489614028605e-02
1.110479137257616017e-02
1.111747130008619404e-02
1.113043428491558920e-02
1.114387038511853098e-02
1.115741874414731549e-02
1.117113032516154313e-02
1.118509320404925678e-02
1.119917322336285055e-02
1.121347434877151793e-02
1.122799954853609568e-02
1.124259029562285454e-02
1.125718305935569444e-02
1.127192875720645950e-02
1.128683889446056160e-02
1.130180745231039105e-02
1.131686073098373685e-02
1.133214722993868689e-02
1.134759588932060526e-02
1.136322734921513603e-02
1.137904479597236750e-02
1.139489546242493032e-02
1.141083735703231003e-02
1.142688221215326996e-02
1.144312801336689125e-02
1.145955591882864832e-02
1.147604262396170575e-02
1.149270504497373890e-02
1.150945873252720575e-02
1.152650539389950789e-02
1.154372510909065612e-02
1.156101600191808930e-02
1.157825416160800092e-02
1.159557529411304154e-02
1.161279904088051949e-02
1.163026198024355411e-02
1.164796030570194006e-02
1.166566964893637690e-02
1.168366182528570059e-02
1.170165889753824878e-02
1.171975525021302401e-02
1.173795311146342071e-02
1.175628426107823421e-02
1.177480997714670970e-02
1.179370663317173828e-02
1.181283270456702506e-02
1.183181251159987762e-02
