1.029717953874791092e-02
1.022750897171665306e-02
1.015436784858927965e-02
1.007758046592992923e-02
9.996208899133005379e-03
9.911080278194654009e-03
9.822674220768604775e-03
9.730785245986800849e-03
9.636030818513410118e-03
9.538965065669671034e-03
9.439488731192224175e-03
9.338243047890701365e-03
9.235316162654369498e-03
9.130946295832997883e-03
9.025458259983583365e-03
8.919363322632651095e-03
8.813112228959562797e-03
8.708256781923301437e-03
8.605797497496802534e-03
8.506587183241915914e-03
8.410779631200066345e-03
8.319752962488923334e-03
8.234732449755652675e-03
8.156608986813078388e-03
8.084085411506009358e-03
8.019915614774468168e-03
7.965710404002571826e-03
7.920922932780301295e-03
7.886050205119621292e-03
7.861135556073553521e-03
7.845709358200036662e-03
7.839621468416921313e-03
7.842378121106979155e-03
7.853372837632325437e-03
7.871640165604522343e-03
7.895037596654759168e-03
7.922666145183724501e-03
7.953133410416635823e-03
7.986840612934543657e-03
8.023491820945726979e-03
8.062312803505791714e-03
8.103127399518142426e-03
8.144950996092149495e-03
8.187749561064900511e-03
8.230779004776891256e-03
8.273591039478637651e-03
8.316764331828315621e-03
8.360238255430642654e-03
8.403308087272918017e-03
8.446236943688052376e-03
8.489140107026352244e-03
8.531766506487526922e-03
8.574131583965397332e-03
8.616119659091292168e-03
8.657646137285774507e-03
8.698554078571403558e-03
8.739139048677201094e-03
8.779367011843872831e-03
8.818981944361063349e-03
8.857823320846506393e-03
8.896038552830982590e-03
8.933369717108272101e-03
8.969621341800066219e-03
9.004670649961851042e-03
9.038316093634635867e-03
9.070139626256494211e-03
9.100371598996036260e-03
9.128951496973399665e-03
9.156075503821917844e-03
9.181571592971312160e-03
9.205018252370980592e-03
9.226587171244686469e-03
9.246675699254032488e-03
9.265189437686584956e-03
9.282068065043736979e-03
9.297308902759043522e-03
9.310915464089975987e-03
9.323497024015647144e-03
9.335191588775803781e-03
9.346093604302607716e-03
9.355784538988708501e-03
9.364252675039326512e-03
9.372034731029273147e-03
9.379149264530723534e-03
9.385374731073703458e-03
9.391022804792989800e-03
9.396224568747720690e-03
9.400954058841795580e-03
9.405354758638522980e-03
9.409570127322663610e-03
9.413817928217131301e-03
9.417461901037761998e-03
9.420684573802398307e-03
9.423787241255752664e-03
9.426872440924296409e-03
9.429881110428920549e-03
9.432895135474139020e-03
9.435942624535618647e-03
9.438828873934105440e-03
9.441569833504925152e-03
9.444208334175609870e-03
9.446872588540081508e-03
9.449613148335518284e-03
9.452327134021871677e-03
9.455034393203266135e-03
9.457679044517872113e-03
9.460422436618397268e-03
9.463266536371174598e-03
9.466125334197264193e-03
9.469084348151196248e-03
9.472156715639414720e-03
9.475356523733930239e-03
9.478718238662246776e-03
9.482014519183887269e-03
9.485242466666515826e-03
9.488464992500932407e-03
9.491584336589052595e-03
9.494709768068621339e-03
9.497781742974227559e-03
9.500606480387930805e-03
9.503460784213810242e-03
9.506400290380929291e-03
9.509333667976604607e-03
9.512345401602230813e-03
9.515455474097034988e-03
9.518560163597913557e-03
9.521676694104114214e-03
9.524862961832218297e-03
9.527953467021390774e-03
9.531007541971874691e-03
9.533887585270716877e-03
9.536857439446299808e-03
9.539764853879284176e-03
9.542591434399710221e-03
9.545461745218742494e-03
9.548298725499603304e-03
9.551089352151513265e-03
9.553897868710628169e-03
9.556614138074735407e-03
9.559331250805120500e-03
9.562080110510731354e-03
9.564886502182149905e-03
9.567639274975520830e-03
9.570151579883676499e-03
9.572642488161047306e-03
9.575103258502831727e-03
9.577417109552033639e-03
9.579752557806041346e-03
9.581876336223225932e-03
9.583884387710892017e-03
9.585772779963945209e-03
9.587583431525973157e-03
9.589268659971974390e-03
9.590666856117143618e-03
9.591954704318533809e-03
9.593126360091748517e-03
9.594314899882180545e-03
9.595447842397833785e-03
9.596380983315687396e-03
9.597260384945191861e-03
9.597884587232917777e-03
9.598471537713617469e-03
9.599010982568760564e-03
9.599452706474262409e-03
9.599821566937428996e-03
9.600092035711214541e-03
9.600166349567850615e-03
9.600023559146197288e-03
9.599701271609176537e-03
9.599284194863565850e-03
9.598805545022057184e-03
9.598180467137843591e-03
9.597522353234777190e-03
9.596849114139497511e-03
9.596183628084070313e-03
9.595470958101197378e-03
9.594626393538769477e-03
9.593751949102049745e-03
9.592751655967790558e-03
9.591692182569826197e-03
9.590488137193851209e-03
9.589175608559135505e-03
9.587669607636808977e-03
9.586054652795860873e-03
9.584220726246251570e-03
9.582313854772823991e-03
9.580395051972620882e-03
9.578428914690913232e-03
9.576523233813475505e-03
9.574424164106549312e-03
9.572271486063653120e-03
9.569927808179994055e-03
9.567567159636410773e-03
9.565017627684135881e-03
9.562275035793255801e-03
9.559274055362226505e-03
9.556241064788357012e-03
9.553047917859875185e-03
9.549673377120404191e-03
9.546169119509277656e-03
9.542642346763823002e-03
9.539100392327203720e-03
9.535380876784006060e-03
9.531681899625606830e-03
9.528007482215699459e-03
9.524231772123090481e-03
9.520363720999994520e-03
9.516430885290527719e-03
9.512355811685116805e-03
9.508261749051005740e-03
9.504115233207214436e-03
9.499892815935653476e-03
9.495579789719064967e-03
9.491139458899972708e-03
9.486618829398432359e-03
9.482059756670277798e-03
9.477468004596924581e-03
9.472820080485890373e-03
9.468049429560124533e-03
9.463242600087793874e-03
9.458387318124572216e-03
9.453472761238566197e-03
9.448501552979748572e-03
9.443556059485895895e-03
9.438366311963260896e-03
9.432979651372332131e-03
9.427460143900756248e-03
9.421906964151965588e-03
9.416218828887202436e-03
9.410423122473114341e-03
9.404535517686022847e-03
9.398692589349083581e-03
9.392728003010429941e-03
9.386710110432247914e-03
9.380530566940199419e-03
9.374204482627167961e-03
9.367781536379175822e-03
9.361203735563547804e-03
9.354590538181991460e-03
9.347974941159816961e-03
9.341294061218436556e-03
9.334531098457636220e-03
9.327690642854467168e-03
9.320764165867429646e-03
9.313760647370758483e-03
9.306673438387697353e-03
9.299507063666187165e-03
9.292285562000339449e-03
9.284984236594642781e-03
9.277549041067806659e-03
9.269915661493339371e-03
9.262031725264534623e-03
9.253907865165689542e-03
9.245669958226178722e-03
9.237418465402635545e-03
9.229098547022361251e-03
9.220612509863579734e-03
9.211939879892099003e-03
9.203180090211897021e-03
9.194282738926069440e-03
9.185206221941464785e-03
9.176012635285000704e-03
9.166760207468356222e-03
9.157467428857956823e-03
9.148050785547227545e-03
9.138631651670454936e-03
9.129099771911388869e-03
9.119468470578741270e-03
9.109652583271773962e-03
9.099594318206368285e-03
9.089387381612176742e-03
9.079021681645307526e-03
9.068514002283043288e-03
9.057904233103205444e-03
9.047179810803376507e-03
9.036349490469929371e-03
9.025440045797653021e-03
9.014468145350033532e-03
9.003447616929841774e-03
8.992288891524168049e-03
8.980988968154666324e-03
8.969568615265039249e-03
8.958159621574802306e-03
8.946630276331891951e-03
8.935118912909933986e-03
8.923616098454753565e-03
8.912007805672457136e-03
8.900399484009259565e-03
8.888669706071413226e-03
8.876958832276571343e-03
8.865317057743165446e-03
8.853599777000120685e-03
8.841760896346608639e-03
8.829837430996861566e-03
8.817893497542838785e-03
8.805960401894574741e-03
8.793956773811267141e-03
8.781880965873525846e-03
8.769757801162176084e-03
8.757526844357108389e-03
8.745215140282189270e-03
8.732850502893766895e-03
8.720442893797137121e-03
8.708009346685067001e-03
8.695674573138191879e-03
8.683388165329685923e-03
8.670993059028336142e-03
8.658539294955048052e-03
8.646018992576704962e-03
8.633445046612319915e-03
8.620737263690416569e-03
8.608031971993437489e-03
8.595316273617785094e-03
8.582551678336746911e-03
8.569721409640343110e-03
8.556730420697941999e-03
8.543671631146401713e-03
8.530537367231083579e-03
8.517263142289149824e-03
8.503901084043604883e-03
8.490460567916255710e-03
8.476871838401281098e-03
8.463342529092110836e-03
8.449836585091977104e-03
8.436240014796309375e-03
8.422631187797008714e-03
8.408986373765567346e-03
8.395288745458258373e-03
8.381544313287397213e-03
8.367755695092663273e-03
8.353881768531929569e-03
8.339923422873443681e-03
8.325917110538184895e-03
8.311805616261953161e-03
8.297586537439172183e-03
8.283226116028424152e-03
8.268686056502010454e-03
8.254038390466381450e-03
8.239274830969339769e-03
8.224497716665432612e-03
8.209633404767211970e-03
8.194714987737572801e-03
8.179686508223872957e-03
8.164494381829447839e-03
8.149244772665580755e-03
8.133897989038050419e-03
8.118453108844429431e-03
8.102948959438317431e-03
8.087366549155492260e-03
8.071713032333598797e-03
8.055940039500615601e-03
8.039947616488371182e-03
8.023835299625360976e-03
8.007650660754577626e-03
7.991306375721856509e-03
7.974836616564822539e-03
7.958227391858859606e-03
7.941552158587288426e-03
7.924744706402529412e-03
7.907731334370974793e-03
7.890700566592146956e-03
7.873526347809653089e-03
7.856215732815367142e-03
7.838778583174653772e-03
7.821212077399034360e-03
7.803573351357679343e-03
7.785885430377593140e-03
7.768100692376192842e-03
7.750206256965105379e-03
7.732314052850818888e-03
7.714328938214180288e-03
7.696235655702649350e-03
7.678044278656572831e-03
7.659671534319422749e-03
7.641131012308882871e-03
7.622451792948479153e-03
7.603580900097514292e-03
7.584616187799366090e-03
7.565521282094672673e-03
7.546269770299926689e-03
7.526914438688601071e-03
7.507438537435354858e-03
7.487875504201249935e-03
7.468225801904327874e-03
7.448455998319285405e-03
7.428567933752606121e-03
7.408592188193386524e-03
7.388451026441267451e-03
7.368250788967721683e-03
7.347900607393758644e-03
7.327438990175103722e-03
7.306820154327711529e-03
7.286146215694911006e-03
7.265369105967704917e-03
7.244463687889363124e-03
7.223414927302914193e-03
7.202215672670954187e-03
7.180931886821844030e-03
7.159557841124243593e-03
7.138096564613798448e-03
7.116593430945413953e-03
7.094959261053271522e-03
7.073218528152966714e-03
7.051350920843828772e-03
7.029428255278583754e-03
7.007544748703156863e-03
6.985459307021888234e-03
6.963281813009344727e-03
6.941002882897906630e-03
6.918697284402652165e-03
6.896360258763460996e-03
6.873961137920954652e-03
6.851484151859120464e-03
6.828932638463560030e-03
6.806232035177928012e-03
6.783438862367747665e-03
6.760519198507025478e-03
6.737479897456716792e-03
6.714285962426274484e-03
6.691053835916248305e-03
6.667716667312510552e-03
6.644276318939113142e-03
6.620701412079794436e-03
6.597048847822851309e-03
6.573298697933729895e-03
6.549438530721272793e-03
6.525492908404772335e-03
6.501442132534042406e-03
6.477255859026444067e-03
6.452938406867214476e-03
6.428571697395289199e-03
6.404043674328557291e-03
6.379454132331348684e-03
6.354805479801891623e-03
6.330033797318039383e-03
6.305166495080021319e-03
6.280195272683503950e-03
6.255113255952069080e-03
6.229927561694660956e-03
6.204592418128191018e-03
6.179157341285532179e-03
6.153597546685238978e-03
6.127863913210582561e-03
6.101925406684582942e-03
6.075841736588777180e-03
6.049621099553912675e-03
6.023279712385214493e-03
5.996791088741891887e-03
5.970088592420318661e-03
5.943320281600722108e-03
5.916425387995283801e-03
5.889405255169946271e-03
5.862265051790489616e-03
5.835003147719394073e-03
5.807624912347458812e-03
5.780118153404012471e-03
5.752480398936369102e-03
5.724759477791860167e-03
5.696879355146990988e-03
5.668882884276305045e-03
5.640736649330408380e-03
5.612471103292435322e-03
5.584130413236598235e-03
5.555703612806924506e-03
5.527141080110502605e-03
5.498506450482427629e-03
5.469803160530476577e-03
5.441040138146005338e-03
5.412266987116455194e-03
5.383401365298256386e-03
5.354443377686667060e-03
5.325436704210297079e-03
5.296366787034303449e-03
5.267255963237583646e-03
5.238118975360982026e-03
5.208897697334916900e-03
5.179585216898338271e-03
5.150295116597774017e-03
5.120967533401785121e-03
5.091622781106345912e-03
5.062276420745862732e-03
5.032930734978884740e-03
5.003568561768331410e-03
4.974140383725821242e-03
4.944688935712825834e-03
4.915224646151054692e-03
4.885693202838923589e-03
4.856130170960710167e-03
4.826563858423359166e-03
4.796978431788517620e-03
4.767409877547837578e-03
4.737862512394201524e-03
4.708402452978693170e-03
4.678925849600066959e-03
4.649453910363660764e-03
4.619961248175437352e-03
4.590425911639745005e-03
4.560921746966341978e-03
4.531377392070276046e-03
4.501872396285931666e-03
