5.386660060790316937e-03
5.354177310911244561e-03
5.321789393768151279e-03
5.289344427920127795e-03
5.256834438078882357e-03
5.223747525922012476e-03
5.190071541402050022e-03
5.155929611479904973e-03
5.121533169756801659e-03
5.086625772362542847e-03
5.050718424697239230e-03
5.014210400462197972e-03
4.977540803857039009e-03
4.940334279729017945e-03
4.902863618333294649e-03
4.865521464902045935e-03
4.828863722699449842e-03
4.793116118545816436e-03
4.759042632807582163e-03
4.726561980760954004e-03
4.696670358818518312e-03
4.670161670981654717e-03
4.646942204047432856e-03
4.627111463706576333e-03
4.610928701220478633e-03
4.598639338427998151e-03
4.590702678233537365e-03
4.587515788875180800e-03
4.588503186358413796e-03
4.594061598939292237e-03
4.604637161615105813e-03
4.620209108632552727e-03
4.640038147278783762e-03
4.664163681756811411e-03
4.691974167163021070e-03
4.722498582995877589e-03
4.755015489030871810e-03
4.789431634434047208e-03
4.825553569648875600e-03
4.862480657866825005e-03
4.899966167258514721e-03
4.938180139271666595e-03
4.976644355191179973e-03
5.015517388412917867e-03
5.054561423509652644e-03
5.093793767746603376e-03
5.133079272665606700e-03
5.172639449545877663e-03
5.212318097178842737e-03
5.252250029339125721e-03
5.292331875401376333e-03
5.332434879003393989e-03
5.372479971865937003e-03
5.412609053138519276e-03
5.452970527284147460e-03
5.493591048822746119e-03
5.534292309395310271e-03
5.575167035147763836e-03
5.615994721871377798e-03
5.656842792774468068e-03
5.697589485203058586e-03
5.738058428591405295e-03
5.778273674060199587e-03
5.817799146802365637e-03
5.857242477041457902e-03
5.896046139927487405e-03
5.933944464649769206e-03
5.970960691879256127e-03
6.007092217997087730e-03
6.042146557799841014e-03
6.076137148484333887e-03
6.109351180290808168e-03
6.141152351891473841e-03
6.171843752545802357e-03
6.201295259594293875e-03
6.229733068458139650e-03
6.257215394883303139e-03
6.283810068003030207e-03
6.309572064180223906e-03
6.334465183921378188e-03
6.358530734466851311e-03
6.382043646525536670e-03
6.404994459240855205e-03
6.427333206509980475e-03
6.449356260421548748e-03
6.471009385715285889e-03
6.492563246413437204e-03
6.513978074336749559e-03
6.535254892725717024e-03
6.556385743134665427e-03
6.577453219015059159e-03
6.598567207753779952e-03
6.619934175738795973e-03
6.641713762598377285e-03
6.663681959871011959e-03
6.685894672034312265e-03
6.708318008337418002e-03
6.730805392159997479e-03
6.753609780511148596e-03
6.776660725621795611e-03
6.799778752723327491e-03
6.823109524514738879e-03
6.846355575166746844e-03
6.869795322345436522e-03
6.893391869270184928e-03
6.917005556241922690e-03
6.940425707124236836e-03
6.963757205330745569e-03
6.987194765522303924e-03
7.010774712132521354e-03
7.034530466789762002e-03
7.058288105569004295e-03
7.082113206567742202e-03
7.106031654212557024e-03
7.129874612229436005e-03
7.153757926750420500e-03
7.177657396183118911e-03
7.201620711133693321e-03
7.225570575490222920e-03
7.249489951441919627e-03
7.273304845182955274e-03
7.297065790605915953e-03
7.320891771703489682e-03
7.344647911585850363e-03
7.368320686633096119e-03
7.391950899905189859e-03
7.415551040415856686e-03
7.439310610262292282e-03
7.463178185514968838e-03
7.486844210721916790e-03
7.510299357626134230e-03
7.533791446883498708e-03
7.557170123581760483e-03
7.580408538968688541e-03
7.603480026637070288e-03
7.626566428875741765e-03
7.649558035152170116e-03
7.672389477002479995e-03
7.695047232234346335e-03
7.717645702275799553e-03
7.740108642422529987e-03
7.762599019042366010e-03
7.785104884336518233e-03
7.807492667644573385e-03
7.829763768427453613e-03
7.851991528309692006e-03
7.874073195958142604e-03
7.896110107157378044e-03
7.918016069489162631e-03
7.939766378196485425e-03
7.961361499217254473e-03
7.982753221649808301e-03
8.004026586300116985e-03
8.025245712944819795e-03
8.046402730055478986e-03
8.067502024948679240e-03
8.088453185464725831e-03
8.109277924881136759e-03
8.129800840636561624e-03
8.150169627470534375e-03
8.170334308902873349e-03
8.190411290235032060e-03
8.210318435607639673e-03
8.229877959894701944e-03
8.249123169695131777e-03
8.268305768553911583e-03
8.287403128448589049e-03
8.306325000511878553e-03
8.325175905059658057e-03
8.343888761418805436e-03
8.362481920053605952e-03
8.380726592493540142e-03
8.398789088921965532e-03
8.416641788763746038e-03
8.434296998907225146e-03
8.451749910407585845e-03
8.468933579089657840e-03
8.485905577550261272e-03
8.502718236557295708e-03
8.519297928038191761e-03
8.535592669003820923e-03
8.551745321199791944e-03
8.567675825336571946e-03
8.583278602607711735e-03
8.598718663775574422e-03
8.613928436423000032e-03
8.628949999805421087e-03
8.643750752874492307e-03
8.658413352883210720e-03
8.672795681412322905e-03
8.687098524316679352e-03
8.701282085359720447e-03
8.715244852231969486e-03
8.728899916916702320e-03
8.742330781900032113e-03
8.755622417652495285e-03
8.768729431960673240e-03
8.781539249592013388e-03
8.794090673521610946e-03
8.806486142224467101e-03
8.818674913601951340e-03
8.830658527017148582e-03
8.842483553309818042e-03
8.854107649672563959e-03
8.865462224181382828e-03
8.876604253586026921e-03
8.887788141191895613e-03
8.898834611157204269e-03
8.909695211430243567e-03
8.920411941541982886e-03
8.931094198617742577e-03
8.941699517298468819e-03
8.952146072716103339e-03
8.962555961357112494e-03
8.972828756636288747e-03
8.983090683691401235e-03
8.993184068058409156e-03
9.003208066441311178e-03
9.013239634695462132e-03
9.023267228805642581e-03
9.033288347553911427e-03
9.043264137560860783e-03
9.053198021158536876e-03
9.063143956218775235e-03
9.073018370084756645e-03
9.082881498765509043e-03
9.092756482672423313e-03
9.102642623722239854e-03
9.112522541431709866e-03
9.122402634073795147e-03
9.132292172088784382e-03
9.142150964351428502e-03
9.152010325007807479e-03
9.161899816681575923e-03
9.171790102744886361e-03
9.181644170618973033e-03
9.191526118557061947e-03
9.201320150172546952e-03
9.211038766174274584e-03
9.220551779909031895e-03
9.229999593194291446e-03
9.239356878906064899e-03
9.248622331913067957e-03
9.257814309927264035e-03
9.266958798842737238e-03
9.275954364976343736e-03
9.284965598066187778e-03
9.293914548007134804e-03
9.302726502539727590e-03
9.311390776059450328e-03
9.319854740423936384e-03
9.328344831243551988e-03
9.336774665628863601e-03
9.345176623244572447e-03
9.353569079702212657e-03
9.361918489229461085e-03
9.370176151706328949e-03
9.378282105327642379e-03
9.386337869760376373e-03
9.394304464571109903e-03
9.402171641212334063e-03
9.409967222096058542e-03
9.417631999614978558e-03
9.425277156678594712e-03
9.432834447823919624e-03
9.440266878481574919e-03
9.447732671084054998e-03
9.455141911365257806e-03
9.462687681885599209e-03
9.470162299745179049e-03
9.477546011065511242e-03
9.484770631000560837e-03
9.492015455927206927e-03
9.499194218259997616e-03
9.506329663631447532e-03
9.513419489915166116e-03
9.520582716518634012e-03
9.527693375047616500e-03
9.534796311064840449e-03
9.541821766099424160e-03
9.548799315293742679e-03
9.555697613973620358e-03
9.562546444389348130e-03
9.569414198934131366e-03
9.576329138065308930e-03
9.583130715151506190e-03
9.589909527497672906e-03
9.596622318979043664e-03
9.603281612267129327e-03
9.609938329993659295e-03
9.616539343377347726e-03
9.623149978164689117e-03
9.629695989132266293e-03
9.636232125027427431e-03
9.642612239258789922e-03
9.648984938894935096e-03
9.655210810657878506e-03
9.661479902966067096e-03
9.667760385111577245e-03
9.674228612670636440e-03
9.680760811099472368e-03
9.687234004416763258e-03
9.693737739892507518e-03
9.700195480279717036e-03
9.706657630550142093e-03
9.713125564248763569e-03
9.719659782583767171e-03
9.726169513207783349e-03
9.732636920022104746e-03
9.739126977809863320e-03
9.745613640169835737e-03
9.752105553802663945e-03
9.758608996516102488e-03
9.765063344989551725e-03
9.771463025757881268e-03
9.777821753186723835e-03
9.784265356646651771e-03
9.790692328659974381e-03
9.797089281885116088e-03
9.803435607437099852e-03
9.809677626589543425e-03
9.815868483717226159e-03
9.822022558215230681e-03
9.828100517588641422e-03
9.834057853181997488e-03
9.839924518115111471e-03
9.845804787161287208e-03
9.851582618171712824e-03
9.857434557797790584e-03
9.863157195316930165e-03
9.868808928573034184e-03
9.874465039866492724e-03
9.880016897251178015e-03
9.885594958289755860e-03
9.891190577818970847e-03
9.896702438997047324e-03
9.902042282883828997e-03
9.907290220710546214e-03
9.912456534517768633e-03
9.917414922737656513e-03
9.922398777544449641e-03
9.927256790901202790e-03
9.931911743839852424e-03
9.936445080505680594e-03
9.940764783048660139e-03
9.944937255582066843e-03
9.949095964333848699e-03
9.953090712577834787e-03
9.956993747813568801e-03
9.960759039153374572e-03
9.964422211355303607e-03
9.967954256352957315e-03
9.971290248559567734e-03
9.974489560082793957e-03
9.977474568280814832e-03
9.980274503262560881e-03
9.983002080492197478e-03
9.985503030706849997e-03
9.987783015112492932e-03
9.989802839798618550e-03
9.991631371112709090e-03
9.993360635470228265e-03
9.994950349063487158e-03
9.996310172868465641e-03
9.997469204010168281e-03
9.998413203434926289e-03
9.999091094442929054e-03
9.999577645847490884e-03
9.999799980150065465e-03
9.999825398858363384e-03
9.999589868509014406e-03
9.999031897158075499e-03
9.998231008535526237e-03
9.997283485421025462e-03
9.996071514706385622e-03
9.994601437012575959e-03
9.992839238872355812e-03
9.990737044424496602e-03
9.988325980253927663e-03
9.985688844394326538e-03
9.982767119195460823e-03
9.979572538320151398e-03
9.976047137687106547e-03
9.972175248802700454e-03
9.967928063790208390e-03
9.963340178347084714e-03
9.958595843846729245e-03
9.953570316862472150e-03
9.948326566656817346e-03
9.942728934688740972e-03
9.936868935314204301e-03
9.930736968543150966e-03
9.924298586486857143e-03
9.917563450740646963e-03
9.910634362712538586e-03
9.903426557282896808e-03
9.895952187711228032e-03
9.888263416970688446e-03
9.880323390174436046e-03
9.872139286038684319e-03
9.863762463703098365e-03
9.855139764297547733e-03
9.846251936888541015e-03
9.837152950988125102e-03
9.827736571655270106e-03
9.818171122061264411e-03
9.808315798801328644e-03
9.798226006098507274e-03
9.787916304979112081e-03
9.777482091260636735e-03
9.766749890099620662e-03
9.755862092142533748e-03
9.744686781945104820e-03
9.733323549424870505e-03
9.721729854988972117e-03
9.709768954042668349e-03
9.697582259948810471e-03
9.685225354718204893e-03
9.672688052287117810e-03
9.659864026294933889e-03
9.646794070302767282e-03
9.633492967324549031e-03
9.619959321138852465e-03
9.606104690789948539e-03
9.591899147646389123e-03
9.577381772950220584e-03
9.562551942357822715e-03
9.547486932928507877e-03
9.532051263963916415e-03
9.516382967784658281e-03
9.500456481497549302e-03
9.484147019013441926e-03
9.467593505819561425e-03
9.450703610933213275e-03
9.433411861183521249e-03
9.415761622892914254e-03
9.397838151277863872e-03
9.379587117187707448e-03
9.360947068650555397e-03
9.342043600585542631e-03
9.322809182634013425e-03
9.303289458866227310e-03
9.283419966393839304e-03
9.263103583792880319e-03
9.242484832362717409e-03
9.221524393609636244e-03
9.200163430985532770e-03
9.178452231742276549e-03
9.156375202773089569e-03
9.133876679267925736e-03
9.111017685475807093e-03
9.087749162242097362e-03
9.064192109512375292e-03
9.040315018386643059e-03
9.016101799841179723e-03
8.991522326043178623e-03
8.966558521391087763e-03
8.941248611736117222e-03
8.915466059576512489e-03
8.889281246079567059e-03
8.862640187567322539e-03
8.835647522350066271e-03
8.808255111069517376e-03
8.780405157494036716e-03
8.752110991148486646e-03
8.723461759637294102e-03
8.694356431688220199e-03
8.664884459747463491e-03
8.634944954915747470e-03
8.604532448819288831e-03
8.573641030756253348e-03
8.542241584439214802e-03
8.510433277333879359e-03
8.478231389084911127e-03
8.445673683394168407e-03
8.412718910151674098e-03
8.379373915723631328e-03
8.345664738824330742e-03
8.311447390090114309e-03
8.276786337845088229e-03
8.241799772186560527e-03
8.206448536375832506e-03
8.170648785034708220e-03
8.134408141513525814e-03
8.097794985027889289e-03
8.060802217492018043e-03
8.023377700942739554e-03
7.985602212738867819e-03
7.947515190274492825e-03
7.909071245234565450e-03
7.870323545521364442e-03
7.831257248190339262e-03
7.791906285172341823e-03
7.752220688250639410e-03
7.712192521573649380e-03
7.671777348111643094e-03
7.631111461977674315e-03
7.590142293340247301e-03
7.548807021267194863e-03
7.507197128076441989e-03
