3.239457799509941165e-03
3.243635457529959153e-03
3.248084784143930384e-03
3.252734744575826523e-03
3.257679549757259117e-03
3.262905672389607506e-03
3.268412823773660450e-03
3.274037363452854225e-03
3.279896664568093291e-03
3.286212434497294207e-03
3.292893727662750229e-03
3.299799898077348560e-03
3.307089619231483833e-03
3.314913044694399718e-03
3.323505175295173378e-03
3.332927548550153937e-03
3.343337970204901706e-03
3.354870636196600423e-03
3.368160812943655352e-03
3.383433466204741839e-03
3.400465687408969675e-03
3.419578307090095047e-03
3.440820823381394132e-03
3.464015095581690542e-03
3.489402601089905669e-03
3.517354345791802190e-03
3.547748846179092381e-03
3.580593221394249258e-03
3.615675052838450681e-03
3.652861204437746548e-03
3.691587030937899892e-03
3.731404683760565760e-03
3.772080925019668206e-03
3.813360800147444409e-03
3.854829995795727281e-03
3.896276784915063233e-03
3.937701023375472613e-03
3.978986478117914512e-03
4.020133483249409626e-03
4.060955137162301255e-03
4.101455355470056546e-03
4.141509409680852426e-03
4.181100487046326974e-03
4.220350851737640803e-03
4.259121035790047402e-03
4.297500649616029476e-03
4.335295528829641830e-03
4.372503381517132796e-03
4.409111510074403134e-03
4.445127789983150182e-03
4.480556081126580402e-03
4.515228571404916041e-03
4.549128632720888209e-03
4.582273324847916350e-03
4.614453185361689670e-03
4.645498292154438304e-03
4.675472188427850541e-03
4.704344680625910727e-03
4.732306249995892403e-03
4.759168074130495397e-03
4.785027801337799792e-03
4.810127822169369891e-03
4.834417259346473691e-03
4.858033839469176780e-03
4.881057116191431754e-03
4.903676297914347747e-03
4.925990017092957141e-03
4.948045701220618771e-03
4.969772299872907660e-03
4.991219075139372019e-03
5.012391389259217463e-03
5.033277845202370829e-03
5.053968311662240115e-03
5.074586625501415274e-03
5.095047695619590693e-03
5.115378803598133635e-03
5.135625329735631593e-03
5.155927735642637337e-03
5.176272709584072915e-03
5.196507726956447679e-03
5.216818717958808527e-03
5.237163005841542068e-03
5.257450473513516909e-03
5.277747560447764753e-03
5.298141335153002708e-03
5.318644816272563407e-03
5.339329620373431742e-03
5.360062250919441981e-03
5.380877720129894140e-03
5.401650245963997461e-03
5.422377053164682652e-03
5.443145520188753979e-03
5.463886382615584444e-03
5.484653837655027731e-03
5.505562581364025800e-03
5.526450194190480128e-03
5.547261208219730899e-03
5.568120044521218497e-03
5.589136081606698586e-03
5.610218012502837456e-03
5.631451660600047746e-03
5.652559653875195884e-03
5.673510766527079321e-03
5.694425249629120681e-03
5.715466171510499155e-03
5.736710173932878416e-03
5.758078842830009585e-03
5.779529449071324661e-03
5.801130482701390839e-03
5.822901826244956253e-03
5.844762369746278607e-03
5.866678080713024108e-03
5.888632763053514019e-03
5.910596907376154847e-03
5.932663059128875753e-03
5.954776079068275531e-03
5.976996161391845246e-03
5.999292113352188566e-03
6.021593291932289538e-03
6.043921557065306920e-03
6.066341230639163418e-03
6.088793360417539893e-03
6.111395076716641221e-03
6.134014803552865873e-03
6.156703612629425837e-03
6.179426093489023830e-03
6.202231563127869746e-03
6.224995395949218385e-03
6.247823661460128429e-03
6.270740016194540842e-03
6.293625801207416992e-03
6.316624225144355266e-03
6.339673363561781905e-03
6.362724445016050209e-03
6.385770590306785906e-03
6.408760400322371931e-03
6.431783148128782622e-03
6.454849333471471273e-03
6.477973783838739293e-03
6.501058733641884753e-03
6.524196280180688014e-03
6.547377851207951405e-03
6.570715088817348851e-03
6.594124577989238754e-03
6.617400186937232032e-03
6.640520489380961552e-03
6.663638797175589802e-03
6.686779787899286079e-03
6.709969708362526278e-03
6.733156769945856761e-03
6.756383477376328058e-03
6.779569830663760045e-03
6.802794678625325234e-03
6.826053730689986276e-03
6.849330857477655549e-03
6.872620310480784603e-03
6.895885295594274787e-03
6.919107004377436643e-03
6.942309425384777556e-03
6.965508794625116171e-03
6.988693825430764353e-03
7.011919308991811442e-03
7.035163671328979046e-03
7.058467692935511614e-03
7.081765905582264840e-03
7.104988687516073168e-03
7.128144998240798502e-03
7.151383940796582871e-03
7.174635607146943352e-03
7.197910678998000258e-03
7.221268723211213443e-03
7.244680571832045994e-03
7.268131559456652603e-03
7.291545120176918734e-03
7.315020679629468357e-03
7.338428393449453711e-03
7.361812137218474994e-03
7.385179293026995426e-03
7.408543457465837853e-03
7.431877356036593364e-03
7.455251266901531670e-03
7.478674258938579171e-03
7.502010624355701617e-03
7.525307145877362450e-03
7.548494049988395578e-03
7.571689292828605485e-03
7.594816743789869866e-03
7.617934042784456350e-03
7.640935099276057602e-03
7.663792314816976307e-03
7.686592390096221722e-03
7.709428407274314041e-03
7.732148852908790788e-03
7.754796610308116976e-03
7.777379150072287126e-03
7.799812366071549527e-03
7.822209804013434062e-03
7.844621287023732445e-03
7.866982458403698475e-03
7.889250989511932891e-03
7.911558329360390482e-03
7.933812624489760407e-03
7.955979498225318816e-03
7.978110302898210049e-03
8.000213277142769613e-03
8.022225348801538883e-03
8.044058906229129696e-03
8.065808087605833010e-03
8.087446547453906731e-03
8.108981786352380261e-03
8.130517096080442513e-03
8.151883403002926562e-03
8.173128521869851143e-03
8.194199476430737844e-03
8.215139610496195038e-03
8.235927210898563028e-03
8.256584853169485552e-03
8.277208969324734503e-03
8.297677145297971402e-03
8.317932562360914883e-03
8.338129095656140674e-03
8.358178949326425591e-03
8.378105994480933641e-03
8.397833892634929895e-03
8.417372391367548834e-03
8.436709334564163401e-03
8.455865638586997426e-03
8.474922305253132851e-03
8.493801127823861347e-03
8.512591222002673097e-03
8.531209024686669043e-03
8.549669747875481354e-03
8.567994764644926153e-03
8.586226387054588655e-03
8.604352703214655784e-03
8.622319370357723473e-03
8.640182769386370309e-03
8.657822168135030985e-03
8.675229764038047686e-03
8.692417771081669894e-03
8.709517066864253670e-03
8.726592063375547895e-03
8.743499304889988319e-03
8.760220800472130406e-03
8.776842913574282173e-03
8.793413140323128041e-03
8.809760104847292120e-03
8.826007275640592245e-03
8.842030031279190030e-03
8.857969477264027169e-03
8.873787607315700501e-03
8.889461788909452933e-03
8.905003802708182786e-03
8.920395128915507843e-03
8.935665692538972971e-03
8.950765726841931544e-03
8.965794264329328411e-03
8.980730400498774038e-03
8.995497952361191513e-03
9.010203393481743331e-03
9.024692258800707384e-03
9.039076791145513740e-03
9.053422105530768357e-03
9.067718160516899037e-03
9.081961235299267424e-03
9.096132991273462448e-03
9.110164003252157680e-03
9.124102093946843614e-03
9.137981858725465617e-03
9.151759696100462624e-03
9.165534791327105760e-03
9.179312821973543285e-03
9.193131912258678540e-03
9.206854917208684430e-03
9.220497458207240621e-03
9.234074953922644102e-03
9.247531037398603118e-03
9.260786134830421151e-03
9.274036740787737834e-03
9.287230880956775028e-03
9.300400797186461274e-03
9.313537344333516765e-03
9.326636547155849402e-03
9.339633793364212830e-03
9.352550992692106741e-03
9.365416873730986538e-03
9.378250569255175417e-03
9.391121505989384610e-03
9.404056094146306249e-03
9.416943763904407280e-03
9.429915942367885634e-03
9.442928726282181703e-03
9.455919012083223441e-03
9.468914589568413337e-03
9.481873208393248875e-03
9.494867624163351796e-03
9.507865497405759703e-03
9.520820382687610051e-03
9.533893417106174134e-03
9.546951991965956993e-03
9.560009648456966463e-03
9.573081762310487949e-03
9.586203262068075312e-03
9.599426221863808020e-03
9.612710098401207326e-03
9.626140727369775565e-03
9.639522691688148792e-03
9.652795740632432592e-03
9.666164743135865003e-03
9.679596284982543153e-03
9.693123927757842442e-03
9.706784483082082568e-03
9.720481786993801290e-03
9.734248073874613924e-03
9.748053089057394718e-03
9.761900817887064069e-03
9.775812917416675657e-03
9.789860304537663371e-03
9.804043453204304079e-03
9.818390353403679341e-03
9.832680947044087141e-03
9.846973442211900962e-03
9.861290728065602584e-03
9.875650034863785176e-03
9.890049151405485087e-03
9.904602805264067431e-03
9.919213466180767241e-03
9.933891851605945733e-03
9.948581382643604046e-03
9.963340498866591483e-03
9.978122642063770933e-03
9.992936422038495303e-03
1.000774148360449381e-02
1.002267731284571702e-02
1.003775809654466195e-02
1.005285972149352544e-02
1.006798406670798493e-02
1.008321506711883087e-02
1.009856896477461484e-02
1.011396019797005871e-02
1.012935352958818820e-02
1.014471069243315718e-02
1.016003468814218914e-02
1.017523831022613436e-02
1.019040759796838863e-02
1.020561568132817391e-02
1.022084220190472813e-02
1.023608845362837354e-02
1.025139453603997330e-02
1.026675337650299544e-02
1.028220734275237837e-02
1.029766093091450709e-02
1.031303637504133591e-02
1.032847454069170390e-02
1.034392096463299278e-02
1.035926809054073597e-02
1.037456586832019231e-02
1.038985292667265331e-02
1.040517851456497674e-02
1.042042857593223661e-02
1.043567079058888708e-02
1.045096288508990702e-02
1.046620135807738855e-02
1.048143566573592027e-02
1.049657705035342802e-02
1.051164852133397616e-02
1.052659960606090392e-02
1.054151851405820718e-02
1.055645609844568442e-02
1.057133225897359703e-02
1.058613962014028076e-02
1.060088308631831205e-02
1.061566406988685880e-02
1.063041323526625961e-02
1.064516331440227594e-02
1.065978797695622295e-02
1.067438304273462743e-02
1.068901011250630861e-02
1.070352630179458205e-02
1.071799360977098575e-02
1.073249083100491323e-02
1.074694884613912847e-02
1.076132357841403167e-02
1.077573008956491177e-02
1.079007123115391202e-02
1.080418915960478475e-02
1.081812631353696458e-02
1.083204504990895739e-02
1.084589708281670332e-02
1.085969063744240612e-02
1.087344475431720539e-02
1.088704076719347429e-02
1.090049804428528876e-02
1.091386882768619927e-02
1.092717235828173823e-02
1.094036938137980461e-02
1.095351771770028924e-02
1.096648946470724258e-02
1.097930601079543690e-02
1.099204230959385797e-02
1.100461720357014117e-02
1.101710826073383324e-02
1.102947696483248113e-02
1.104160117194050682e-02
1.105360100206914144e-02
1.106555233320096962e-02
1.107742683317061369e-02
1.108915773092372832e-02
1.110075432611092733e-02
1.111223867017979532e-02
1.112354461114856315e-02
1.113470719670623353e-02
1.114575071300140385e-02
1.115668793890002737e-02
1.116757453465479222e-02
1.117826409056188811e-02
1.118888310173488630e-02
1.119941306468467956e-02
1.120974796826998930e-02
1.121997317016294911e-02
1.123007830530413712e-02
1.124008668958658384e-02
1.125001605220569620e-02
1.125973655187139690e-02
1.126928450977772965e-02
1.127863905919808916e-02
1.128786850807910608e-02
1.129711040408004456e-02
1.130623027782856095e-02
1.131525859516279049e-02
1.132408593595173041e-02
1.133277838343401366e-02
1.134125772878447937e-02
1.134957825470265039e-02
1.135774220000754058e-02
1.136573021070589641e-02
1.137354214535816685e-02
1.138112809545870768e-02
1.138852570737377244e-02
1.139574457719502720e-02
1.140275666513505121e-02
1.140960255962359879e-02
1.141616807507093642e-02
1.142263164592886328e-02
1.142898277580123474e-02
1.143507455214905905e-02
1.144111663489590265e-02
1.144701016394372717e-02
1.145269534923550568e-02
1.145814838269491875e-02
1.146335346081289903e-02
1.146834101258521407e-02
1.147321139151611866e-02
1.147780810275652978e-02
1.148215859348629929e-02
1.148628166352577175e-02
1.149010581627901185e-02
1.149371659846177944e-02
1.149708205148860379e-02
1.150022632594354180e-02
1.150302743185928692e-02
1.150557445959990259e-02
1.150788051670260416e-02
1.150998450695103932e-02
1.151179694948498491e-02
1.151329018021583599e-02
1.151456228231240511e-02
1.151560992014026737e-02
1.151637816678007138e-02
1.151688739169626913e-02
1.151711164877469891e-02
1.151707110473697976e-02
1.151666896328910894e-02
1.151591744393545315e-02
1.151485768376055499e-02
1.151344032112909359e-02
1.151179424673215955e-02
1.150989529312935154e-02
1.150772391453845807e-02
1.150524306302090106e-02
1.150243227925747645e-02
1.149930796087475678e-02
1.149582830883352086e-02
1.149209445601058650e-02
1.148805073655279063e-02
1.148375287165920820e-02
1.147918013445049269e-02
1.147414398193933108e-02
1.146881953476849500e-02
1.146320388686579948e-02
1.145732904203234856e-02
1.145110401373006931e-02
1.144467388854955928e-02
1.143788338301989643e-02
1.143079823463248081e-02
1.142350775126410763e-02
1.141596060457784369e-02
1.140806707830116680e-02
1.139975579547975078e-02
1.139115905310398441e-02
