4.782505715666119511e-03
4.824141479255923681e-03
4.865640354313542117e-03
4.906967461329093776e-03
4.948085007047308553e-03
4.989209741433548763e-03
5.030371816108848530e-03
5.071335339534746404e-03
5.112606918705057783e-03
5.153994027552577691e-03
5.195654859202964056e-03
5.238009046773001338e-03
5.281166088978774334e-03
5.325126003719853757e-03
5.370350180928996041e-03
5.416790810605635019e-03
5.464674786967416674e-03
5.514311266541175455e-03
5.565739187015395460e-03
5.620086769755324417e-03
5.677491541637962567e-03
5.737884856107359002e-03
5.801646840280444764e-03
5.868683640283673709e-03
5.939240730363668994e-03
6.013353237137728652e-03
6.091275024919373150e-03
6.172063074205446677e-03
6.255920115918662573e-03
6.342805326326808428e-03
6.431983271064782223e-03
6.522398173793392435e-03
6.613830185340925129e-03
6.705286724516524438e-03
6.796401733458046560e-03
6.887144794233433787e-03
6.977743099203488966e-03
7.068536446873724920e-03
7.158154572667017011e-03
7.246804989628975908e-03
7.335095524465049324e-03
7.422545114735713996e-03
7.509156502946215395e-03
7.594655680930055032e-03
7.678698775064413118e-03
7.761514088636519738e-03
7.843176579640389820e-03
7.923578215326545354e-03
8.002700743294044114e-03
8.080753968708146232e-03
8.158049233929771937e-03
8.234077321922174050e-03
8.308970086002398503e-03
8.382631013263502906e-03
8.454532539732256130e-03
8.524751276285276458e-03
8.593141411921061817e-03
8.659559285384798091e-03
8.723932364101759374e-03
8.785745057593791901e-03
8.845287083769604389e-03
8.902392827688114518e-03
8.956957869663894484e-03
9.009194452415866805e-03
9.059570353429207204e-03
9.108000862051905330e-03
9.154577459132897180e-03
9.199027072595580834e-03
9.241864401000620538e-03
9.283206454418558781e-03
9.323006898122116609e-03
9.361477525350582474e-03
9.398770687174849009e-03
9.434987171712753973e-03
9.470011759468531867e-03
9.503995619427616295e-03
9.537054027502366374e-03
9.569185580704112418e-03
9.600006986670584982e-03
9.629597059984605981e-03
9.658258531378098935e-03
9.686314744860449050e-03
9.713616077013759523e-03
9.740062214347073796e-03
9.765623947519981932e-03
9.790664155532435159e-03
9.815187190492111191e-03
9.839084256090081110e-03
9.862425080982725051e-03
9.885093471753692712e-03
9.907465514087838987e-03
9.929471186250767023e-03
9.950844064360206756e-03
9.971686709085660419e-03
9.992049068355721500e-03
1.001223330877757701e-02
1.003234264257059707e-02
1.005236239085136388e-02
1.007210495469778276e-02
1.009148493116723833e-02
1.011062220417224475e-02
1.012964734910482001e-02
1.014828098172278550e-02
1.016657839843981490e-02
1.018463368379232681e-02
1.020238802108112790e-02
1.021995825980223822e-02
1.023734564103831977e-02
1.025458128118903432e-02
1.027150552135429155e-02
1.028816807715260927e-02
1.030460864428634805e-02
1.032093427004027175e-02
1.033694886631887112e-02
1.035283138133543182e-02
1.036844834254809118e-02
1.038383116436240004e-02
1.039893591140343861e-02
1.041371272913883990e-02
1.042808291787796979e-02
1.044200170782941077e-02
1.045573026355876324e-02
1.046911720169754582e-02
1.048204158901208660e-02
1.049458439788943966e-02
1.050677123904642310e-02
1.051862604316590802e-02
1.053022291551404359e-02
1.054138045838168801e-02
1.055228296992223071e-02
1.056297452629127373e-02
1.057317455858056837e-02
1.058296202207124719e-02
1.059248268718878880e-02
1.060168788044305900e-02
1.061036761938892285e-02
1.061853454101351936e-02
1.062615129429353607e-02
1.063357008853364587e-02
1.064070137860544281e-02
1.064752820675208753e-02
1.065407259092808999e-02
1.066013901192583088e-02
1.066582724354499072e-02
1.067118181025403234e-02
1.067600088286230035e-02
1.068036277243109879e-02
1.068430457324020567e-02
1.068777587630981643e-02
1.069086033808409018e-02
1.069369398333110989e-02
1.069602629948688925e-02
1.069810009389927236e-02
1.069979105805755545e-02
1.070131022004928295e-02
1.070261498109232462e-02
1.070364837783429994e-02
1.070449245625216400e-02
1.070506169587559508e-02
1.070564859710432248e-02
1.070598670105307910e-02
1.070612768422188853e-02
1.070583330606933968e-02
1.070511630285380864e-02
1.070407679675772564e-02
1.070253172178802469e-02
1.070072179142712160e-02
1.069865918336795375e-02
1.069632962451476377e-02
1.069367453945567134e-02
1.069081071871694384e-02
1.068769437390878346e-02
1.068448104164915723e-02
1.068091971230408950e-02
1.067710884674523929e-02
1.067294791840263553e-02
1.066853985134550223e-02
1.066400974029299044e-02
1.065923381525890612e-02
1.065420084662358630e-02
1.064879560710824472e-02
1.064297429822025874e-02
1.063682136837743389e-02
1.063017677224661547e-02
1.062320905377832012e-02
1.061610868148134962e-02
1.060879856734022256e-02
1.060100148066173142e-02
1.059300759424252648e-02
1.058466139820418359e-02
1.057603010603886014e-02
1.056727684323345573e-02
1.055811441249297246e-02
1.054870472630640120e-02
1.053901234736711809e-02
1.052888051469357163e-02
1.051857752961886903e-02
1.050799094962014298e-02
1.049723113570882882e-02
1.048627902786193611e-02
1.047496110522467758e-02
1.046335590221864759e-02
1.045136876635294719e-02
1.043916420632302541e-02
1.042679864728618920e-02
1.041417516559251140e-02
1.040117259685128734e-02
1.038783730968093066e-02
1.037427299936959438e-02
1.036055853812463748e-02
1.034664006767504335e-02
1.033241814843796624e-02
1.031803031214964701e-02
1.030353242282134110e-02
1.028890491435538977e-02
1.027409114317579149e-02
1.025933956586669998e-02
1.024456883349119524e-02
1.022967520683579559e-02
1.021459232560291419e-02
1.019921865892488635e-02
1.018375674560602351e-02
1.016803271042396317e-02
1.015211349601631563e-02
1.013594782208950863e-02
1.011948400500565365e-02
1.010273741654274873e-02
1.008575008533218152e-02
1.006851140197990470e-02
1.005108932709298207e-02
1.003366833320835580e-02
1.001620637873667195e-02
9.998768335675622607e-03
9.981234704733839280e-03
9.963651641656615446e-03
9.945961034444271778e-03
9.928450239730931409e-03
9.910921424542373098e-03
9.893238997324051848e-03
9.875547985339820298e-03
9.857883704003523456e-03
9.840220074079827559e-03
9.822436453340351731e-03
9.804608458247213859e-03
9.786917103865059794e-03
9.769165191830827058e-03
9.751572530740213948e-03
9.734003686401156152e-03
9.716464242930661008e-03
9.698977034360909202e-03
9.681588853574063513e-03
9.664198325966809680e-03
9.646751216828080081e-03
9.629258203636175545e-03
9.611821472954085177e-03
9.594411052115297059e-03
9.576909499400571013e-03
9.559363442093588709e-03
9.541784174494059162e-03
9.524137845987977816e-03
9.506377386634177681e-03
9.488513895154848318e-03
9.470578779915809348e-03
9.452622487398115725e-03
9.434466127315006487e-03
9.416171706854345111e-03
9.397819888619820053e-03
9.379351635214923377e-03
9.360985325356138351e-03
9.342688392641306655e-03
9.324391112586951497e-03
9.306050412346850848e-03
9.287621304534501160e-03
9.269223594216453865e-03
9.250814679535809132e-03
9.232448634052585479e-03
9.213951963596636249e-03
9.195446368777091678e-03
9.176919072210487985e-03
9.158404091591788171e-03
9.139819298748774398e-03
9.121230892224012690e-03
9.102646011859784683e-03
9.084058737125980804e-03
9.065588050752127619e-03
9.047158316070454120e-03
9.028874950241934719e-03
9.010599619234230945e-03
8.992334338341343922e-03
8.974107979406184890e-03
8.955823956564586130e-03
8.937615601962087264e-03
8.919489754332847117e-03
8.901323311904709573e-03
8.883172073020566967e-03
8.865044707496745960e-03
8.847037612812665500e-03
8.829074733362746522e-03
8.811071983113132750e-03
8.793085057401827179e-03
8.775032602899373105e-03
8.756964130806800181e-03
8.738859811145046827e-03
8.720851940190623222e-03
8.702870488398661494e-03
8.684856821552247585e-03
8.666911860176627208e-03
8.649016505869062607e-03
8.631199327826953940e-03
8.613452612927599908e-03
8.595765682924007278e-03
8.578090934841166304e-03
8.560499359584635565e-03
8.542926221599769082e-03
8.525428649178549284e-03
8.508037026842333456e-03
8.490593010156437595e-03
8.473187795676845671e-03
8.455901816387596456e-03
8.438702259849790305e-03
8.421600605453478591e-03
8.404664346604966141e-03
8.387823467211513381e-03
8.370998609745805216e-03
8.354188760685827067e-03
8.337410174434119886e-03
8.320573457898813863e-03
8.303714509657375564e-03
8.286882357622425352e-03
8.269993929666461657e-03
8.253077350133140519e-03
8.236036256298958150e-03
8.218867602656273336e-03
8.201588120471954568e-03
8.184272835467380422e-03
8.166983266325873736e-03
8.149717384850369353e-03
8.132355670802603534e-03
8.114822942498834887e-03
8.097329984460671301e-03
8.079818113329738719e-03
8.062268277895568575e-03
8.044564059404879161e-03
8.026682789588696770e-03
8.008717642823213329e-03
7.990574555738523196e-03
7.972426826817449047e-03
7.954286580466016915e-03
7.936113351135604815e-03
7.917766120819125231e-03
7.899235932785509534e-03
7.880526007969176211e-03
7.861756727160447433e-03
7.842868404130827129e-03
7.823896871734514757e-03
7.804805160522024221e-03
7.785678040691633960e-03
7.766448107072041786e-03
7.747111360152411468e-03
7.727754073612607202e-03
7.708462841457939911e-03
7.689028842299480693e-03
7.669512083816757211e-03
7.650017434708129144e-03
7.630362816723866397e-03
7.610602332085269171e-03
7.590841446902596608e-03
7.570862004007730163e-03
7.550787728281046357e-03
7.530614832192590591e-03
7.510377462330709679e-03
7.490074645282704217e-03
7.469628576226662597e-03
7.449073262013486928e-03
7.428529242786350607e-03
7.407940195445694362e-03
7.387336696521459856e-03
7.366596737405611828e-03
7.345784139319661878e-03
7.324945803174626874e-03
7.304132527622867778e-03
7.283270550221684729e-03
7.262395328538263049e-03
7.241378867944543198e-03
7.220212056776589664e-03
7.198925992120650506e-03
7.177600654255361819e-03
7.156239188440038750e-03
7.134764460290526217e-03
7.113263968097351293e-03
7.091740156963842988e-03
7.070115881318614522e-03
7.048349282233037048e-03
7.026424248240331800e-03
7.004452134615435539e-03
6.982444489395451225e-03
6.960449736011863064e-03
6.938475985866548491e-03
6.916444845977469391e-03
6.894335720760838733e-03
6.872209164052718242e-03
6.850024262526957335e-03
6.827812297207108694e-03
6.805520503452987431e-03
6.783180716433600578e-03
6.760759995159832877e-03
6.738338171950604763e-03
6.715820337365581601e-03
6.693275551421580538e-03
6.670644322266544059e-03
6.647965302829295098e-03
6.625146280286506838e-03
6.602215418638166487e-03
6.579254276948979033e-03
6.556213016739913246e-03
6.533088083147982686e-03
6.509877224409930593e-03
6.486529676773440667e-03
6.463048288391033160e-03
6.439544510020323888e-03
6.416042113595309647e-03
6.392556932933521861e-03
6.369007490733134998e-03
6.345421239431293763e-03
6.321774249443260808e-03
6.297968279235754453e-03
6.274116359855527042e-03
6.250108102913313167e-03
6.226060323286482928e-03
6.202052211064495307e-03
6.178035389163948586e-03
6.153921786116841458e-03
6.129747472626153985e-03
6.105533644110329103e-03
6.081282322081549285e-03
6.057028325974948314e-03
6.032794002114306303e-03
6.008672523599233907e-03
5.984507585104816181e-03
5.960278255512674664e-03
5.935951403355632823e-03
5.911628778928955559e-03
5.887328561415556237e-03
5.863026233502957769e-03
5.838719081113837896e-03
5.814387120880518990e-03
5.790017108507035555e-03
5.765671986351465772e-03
5.741246822243353462e-03
5.716773306061824836e-03
5.692280156377847386e-03
5.667704170740500702e-03
5.643140571839469488e-03
5.618601792285582604e-03
5.594107012971973394e-03
5.569673330267338462e-03
5.545209539695412221e-03
5.520793424554693019e-03
5.496400908179231715e-03
5.472071364717404074e-03
5.447814078425363901e-03
5.423517721711423357e-03
5.399272696371406818e-03
5.375044829526971248e-03
5.350795602616181118e-03
5.326515692694279956e-03
5.302222633571314868e-03
5.277971441585524448e-03
5.253632322721554608e-03
5.229254935488134894e-03
5.204870716867751254e-03
5.180373100177054421e-03
5.155872422011173115e-03
5.131399922670079258e-03
5.106957629788046876e-03
5.082564163973505265e-03
5.058192970496021637e-03
5.033816240450695798e-03
5.009488851467819304e-03
4.985218208307435998e-03
4.960946503355222886e-03
4.936642516057015463e-03
4.912368537354861418e-03
4.888027276136017348e-03
4.863704393057797191e-03
4.839400059703509276e-03
4.815072326747574412e-03
4.790807071800673271e-03
4.766567953727374185e-03
4.742400242079500457e-03
4.718307949147414887e-03
4.694271735064333047e-03
4.670252204812199055e-03
4.646287245687661868e-03
4.622329464062790473e-03
4.598361425264943514e-03
4.574427274007543918e-03
4.550532758629984714e-03
4.526694733036589272e-03
4.502923127245871647e-03
