1.274218853195166305e-02
1.250734558512438081e-02
1.227624220410441364e-02
1.204906176856676212e-02
1.182643306248521743e-02
1.160875175093012933e-02
1.139596637647899251e-02
1.118882659753436294e-02
1.098673885916816133e-02
1.079069997475010437e-02
1.060018596037155467e-02
1.041556098120760381e-02
1.023619377814719532e-02
1.006183186517093688e-02
9.892521561206768163e-03
9.728196206605926530e-03
9.568564621857865438e-03
9.413855127024042813e-03
9.263514523460790809e-03
9.118234579887985955e-03
8.977990029139749570e-03
8.842897616938639668e-03
8.713173203048586030e-03
8.589259584580590662e-03
8.470770877536500792e-03
8.357771053115433876e-03
8.250236505791727279e-03
8.148229729885190370e-03
8.051887624387871895e-03
7.961170405417277926e-03
7.876411459397303014e-03
7.797554193485640647e-03
7.724088930746829916e-03
7.656613598271286292e-03
7.595321997512015193e-03
7.539484819517443433e-03
7.488879216992423531e-03
7.442960420453740601e-03
7.401117678043052719e-03
7.362632845693510043e-03
7.327286676339583860e-03
7.294659040150955689e-03
7.264457362219249592e-03
7.236681660114596681e-03
7.211255118597715598e-03
7.187907983944274472e-03
7.166402590650047637e-03
7.146713162180079112e-03
7.128770716553569503e-03
7.112732896278639930e-03
7.098319211731962328e-03
7.085501549111929663e-03
7.073928477964452032e-03
7.063767361582340767e-03
7.054748365418663653e-03
7.046904585450341520e-03
7.040419898532173162e-03
7.035409941327114627e-03
7.031883003477794498e-03
7.029769288902381133e-03
7.028636985665102921e-03
7.028668540796457163e-03
7.029963191987612624e-03
7.032211647064504426e-03
7.035309724430592777e-03
7.039315521260821815e-03
7.044125244038914116e-03
7.049517626946217967e-03
7.055452849752027675e-03
7.061930581479003953e-03
7.068916789058281129e-03
7.076482943334597327e-03
7.084632178654571601e-03
7.093347497179488398e-03
7.102448420062942684e-03
7.111923238734475794e-03
7.121806484376162934e-03
7.131999838214677333e-03
7.142495101148471984e-03
7.153323122538707106e-03
7.164400490440485554e-03
7.175799199343350920e-03
7.187394754767614455e-03
7.199200295766915517e-03
7.211357734036721867e-03
7.223886375417151035e-03
7.236708031453385585e-03
7.249906220883775218e-03
7.263321744157165243e-03
7.276913311026874699e-03
7.290910532464813833e-03
7.305404131951289889e-03
7.320196635601422357e-03
7.335237772305973174e-03
7.350533097410867807e-03
7.366036871088699721e-03
7.381828509397367170e-03
7.397883055448518236e-03
7.414154092854896572e-03
7.430727259422443415e-03
7.447547759074354262e-03
7.464668055891820510e-03
7.482037911160532850e-03
7.499682398994558449e-03
7.517624619613580590e-03
7.535802489948664404e-03
7.554207919393820039e-03
7.572888950726444461e-03
7.591677063440982302e-03
7.610654347824148507e-03
7.629834824620710526e-03
7.649188701916849638e-03
7.668722122889180814e-03
7.688379789943477344e-03
7.708195108290962286e-03
7.728170792077594838e-03
7.748440458085174495e-03
7.769084748492194326e-03
7.790001485630441633e-03
7.811195861034318441e-03
7.832639879335882502e-03
7.854320747722883314e-03
7.876252942226104684e-03
7.898427865560907202e-03
7.920918588057910409e-03
7.943555836551079857e-03
7.966411573244845321e-03
7.989366010148496108e-03
8.012496460779243782e-03
8.036006135999121738e-03
8.059766225445429144e-03
8.083695247856110752e-03
8.107684116877702379e-03
8.131958182945018404e-03
8.156528162629909234e-03
8.181458046348826646e-03
8.206446468362786975e-03
8.231570657083677953e-03
8.256851334833604367e-03
8.282357588794527631e-03
8.308060326783085758e-03
8.333849927654953665e-03
8.359702066552334929e-03
8.385657832543908299e-03
8.411658562257265728e-03
8.437858893049279829e-03
8.464141668605398156e-03
8.490473603301100167e-03
8.516895160049530941e-03
8.543389854004891301e-03
8.570057192834388063e-03
8.596813387768726875e-03
8.623530048371332024e-03
8.650376697194281025e-03
8.677251202141886971e-03
8.704156607019687339e-03
8.731055165696012185e-03
8.758025174627081036e-03
8.785116625227610068e-03
8.812207340408351533e-03
8.839326087524869077e-03
8.866331911849855904e-03
8.893301899367328164e-03
8.920221675404193390e-03
8.947255335757998973e-03
8.974256093076884641e-03
9.001231837886973508e-03
9.028182422928606246e-03
9.055193279229246939e-03
9.082302892842697775e-03
9.109476548924111058e-03
9.136537829413754822e-03
9.163616960167991418e-03
9.190755452817153670e-03
9.217851133426676821e-03
9.244818885803881767e-03
9.271713845129096049e-03
9.298543634203576200e-03
9.325335238222556833e-03
9.352104070583301329e-03
9.378812913136570090e-03
9.405513177732346963e-03
9.432064907407123819e-03
9.458642112124391113e-03
9.485061672137267211e-03
9.511352727178281827e-03
9.537639821362742243e-03
9.563868136321740029e-03
9.590079254844639800e-03
9.616104763493867405e-03
9.641993837002498305e-03
9.667906139102580565e-03
9.693600456056876424e-03
9.719242169137626980e-03
9.744741074061893243e-03
9.770100153249569597e-03
9.795391401958890298e-03
9.820598332159469895e-03
9.845552321219367548e-03
9.870439180300064758e-03
9.895207683465526843e-03
9.919854580461177906e-03
9.944401272804492820e-03
9.968792608074450792e-03
9.992975530845146781e-03
1.001714504738639849e-02
1.004112926339809607e-02
1.006494265908392666e-02
1.008850544101252966e-02
1.011183639121449908e-02
1.013515393145337194e-02
1.015814863064123767e-02
1.018112902993888354e-02
1.020402040577619157e-02
1.022673799896357816e-02
1.024929701601001546e-02
1.027164358447851290e-02
1.029369120375989502e-02
1.031552456430060924e-02
1.033715348560751771e-02
1.035856655434326881e-02
1.037967050430018204e-02
1.040039686006629521e-02
1.042082950056763373e-02
1.044088248238780013e-02
1.046061380540713737e-02
1.048001682789656726e-02
1.049922968314983412e-02
1.051801430028684488e-02
1.053645642681704658e-02
1.055441951559025864e-02
1.057180443263399001e-02
1.058865375784252480e-02
1.060494418026442474e-02
1.062058254350533096e-02
1.063568449592331745e-02
1.065016187389632683e-02
1.066399633201151574e-02
1.067707175366682144e-02
1.068941707576957258e-02
1.070104246988812756e-02
1.071203308724561973e-02
1.072232692394851049e-02
1.073182672536943105e-02
1.074074018736593215e-02
1.074886468657723117e-02
1.075648387365791062e-02
1.076341542226231032e-02
1.076963502257705443e-02
1.077506954837654379e-02
1.077969874942613128e-02
1.078368781811915242e-02
1.078696063164420044e-02
1.078948308352220380e-02
1.079122238613203916e-02
1.079223577395522875e-02
1.079253529417159747e-02
1.079199740108851766e-02
1.079078766156273995e-02
1.078879832896327204e-02
1.078618105745839974e-02
1.078284554843554621e-02
1.077886499620456066e-02
1.077421130217298163e-02
1.076903398507932270e-02
1.076324627966431143e-02
1.075674696462391479e-02
1.074982860525784158e-02
1.074228527897399393e-02
1.073433999180266850e-02
1.072573989133234276e-02
1.071666996907789417e-02
1.070708981791134405e-02
1.069697043218222586e-02
1.068641091291903412e-02
1.067545509518227388e-02
1.066404362201861869e-02
1.065222943420887462e-02
1.064006763311086540e-02
1.062742397348117804e-02
1.061431711337116821e-02
1.060083055757289616e-02
1.058686991846508399e-02
1.057239872133465715e-02
1.055761082248637441e-02
1.054234981942409055e-02
1.052677150957257064e-02
1.051084871512401875e-02
1.049454533231474612e-02
1.047805957440270039e-02
1.046101609353830217e-02
1.044369915939380965e-02
1.042600455671489727e-02
1.040787846226094195e-02
1.038946292867280394e-02
1.037067950773226145e-02
1.035146619664391483e-02
1.033189024881713339e-02
1.031214645484837891e-02
1.029201831185202858e-02
1.027145084892847407e-02
1.025051704185906895e-02
1.022918445255847734e-02
1.020751637599540650e-02
1.018547030497199066e-02
1.016321727186361192e-02
1.014064308224051775e-02
1.011777450847973353e-02
1.009464362957704885e-02
1.007122733520995038e-02
1.004747675065535001e-02
1.002344262668705688e-02
9.999115994741606187e-03
9.974498746682833664e-03
9.949599524159958436e-03
9.924418796954352293e-03
9.898917342164850405e-03
9.873246964403985942e-03
9.847161367993803940e-03
9.820922983373205073e-03
9.794446230498052991e-03
9.767779868128574974e-03
9.740920740669276046e-03
9.713648250625357347e-03
9.686033688363368185e-03
9.658172812743481481e-03
9.630095865914121631e-03
9.601798094166578978e-03
9.573268849123071564e-03
9.544464394006012611e-03
9.515339927013356097e-03
9.485899792140321113e-03
9.456341438673604438e-03
9.426648071874222864e-03
9.396812188857061113e-03
9.366834042302561725e-03
9.336659394369924495e-03
9.306316429635435108e-03
9.275730242787941920e-03
9.245003213332535566e-03
9.214080674113247355e-03
9.183058126038768851e-03
9.151890448134641573e-03
9.120632138224704297e-03
9.089296065386552256e-03
9.057813393361657112e-03
9.026089119848699702e-03
8.994305952520082956e-03
8.962373905346836603e-03
8.930382536085993903e-03
8.898287049139960714e-03
8.866060932444181156e-03
8.833744829225269324e-03
8.801240142992017637e-03
8.768619712643479017e-03
8.735888208375329825e-03
8.702946468816658704e-03
8.669925281683669646e-03
8.636835403794795168e-03
8.603624219855908473e-03
8.570331206327124265e-03
8.536961846571737220e-03
8.503538658689033594e-03
8.470105272004270144e-03
8.436634195796601302e-03
8.403106716613852056e-03
8.369580503029589932e-03
8.336058984129373836e-03
8.302443810501965518e-03
8.268812786530103584e-03
8.235136672331517388e-03
8.201406990098455974e-03
8.167701920269370558e-03
8.133997273550996540e-03
8.100224662766369182e-03
8.066529350921232411e-03
8.032800529761850369e-03
7.999134233670004979e-03
7.965429059765346750e-03
7.931661198132173435e-03
7.897925426640837326e-03
7.864064444192820150e-03
7.830248851706978971e-03
7.796381931735236505e-03
7.762452398817848952e-03
7.728505893236448446e-03
7.694478698037199478e-03
7.660430576894503713e-03
7.626358317768818819e-03
7.592254137009832836e-03
7.558200979938203661e-03
7.524113564680407276e-03
7.490107737313396290e-03
7.456130839935474520e-03
7.422101669771161668e-03
7.388073757545856116e-03
7.353975415286435023e-03
7.319839493839041568e-03
7.285708074051337226e-03
7.251530542718147287e-03
7.217419590595462384e-03
7.183295832510382811e-03
7.149215518193503295e-03
7.115147495308719872e-03
7.081155345231599819e-03
7.047143090710735434e-03
7.013078120183201779e-03
6.979052712456504728e-03
6.945079675510858024e-03
6.911108748339849298e-03
6.877239208400796021e-03
6.843404827913261365e-03
6.809530579385047154e-03
6.775749140460735238e-03
6.741927409890871234e-03
6.708057512495741934e-03
6.674137211611421219e-03
6.640137374917779930e-03
6.606067007436305233e-03
6.571970599991453985e-03
6.537862554325301126e-03
6.503777742343191774e-03
6.469654864260859090e-03
6.435527508101247622e-03
6.401334336359213763e-03
6.367137088374282862e-03
6.333003723991760883e-03
6.298855137342054301e-03
6.264806211466776749e-03
6.230767823016652128e-03
6.196769798682005490e-03
6.162756991374626625e-03
6.128775180516484074e-03
6.094714649082503231e-03
6.060605652892862329e-03
6.026559218743531877e-03
5.992613084049747997e-03
5.958670123928573245e-03
5.924760967201712220e-03
5.890839685657010480e-03
5.856895369499220266e-03
5.823036721593112704e-03
5.789216562149837771e-03
5.755404013229317370e-03
5.721554090183468555e-03
5.687730248267262867e-03
5.653924593701357450e-03
5.620136703519167803e-03
5.586344307823527117e-03
5.552570702998452581e-03
5.518828394968902998e-03
5.485116836933189369e-03
5.451458140104802931e-03
5.417906484631376807e-03
5.384447455102509168e-03
5.351008631893259919e-03
5.317580870948190007e-03
5.284185453902944148e-03
5.250850957065369279e-03
5.217559501485575374e-03
5.184311877242928079e-03
5.151136846545494898e-03
5.117969321437328134e-03
5.084762634906296423e-03
5.051629024694140151e-03
5.018478077086763016e-03
4.985346662351675985e-03
4.952275041686972357e-03
4.919306786302639345e-03
4.886347754602129133e-03
4.853406460458285429e-03
4.820587844972587001e-03
4.787881902190599046e-03
4.755154886027059165e-03
4.722465563940242937e-03
4.689892427577824902e-03
4.657384383203562288e-03
4.624963899476725905e-03
4.592525899264590823e-03
4.560196378167445143e-03
4.527901475559110295e-03
4.495648692366933409e-03
4.463397608285335320e-03
4.431231544531108457e-03
4.399141091780158636e-03
4.367119882590480770e-03
4.335131640291310304e-03
4.303244848050181634e-03
4.271393566632303643e-03
4.239620966824552209e-03
4.207879028423033331e-03
4.176171474370314954e-03
4.144538715003845755e-03
4.112979413542944794e-03
4.081492853178608424e-03
4.050081282301624432e-03
4.018723172874136100e-03
3.987395978654620365e-03
3.956152754974612447e-03
3.925019826907606701e-03
