3.946497211592174537e-03
3.924608084597536878e-03
3.903121774650125577e-03
3.881999526763301074e-03
3.861671417850098386e-03
3.841569312129644587e-03
3.821746160156156129e-03
3.802153353393998049e-03
3.782856008065786993e-03
3.764259339431793271e-03
3.746019021547591140e-03
3.728084845952414888e-03
3.710688016872271122e-03
3.693949558988065228e-03
3.678060846192253344e-03
3.663092681170480869e-03
3.649090426541432616e-03
3.636319105326764941e-03
3.625428569981749283e-03
3.616798799787744774e-03
3.610237537733594713e-03
3.605700037967114139e-03
3.603623072719317356e-03
3.604107536984018072e-03
3.607050951243587905e-03
3.612848998303443485e-03
3.621479747071375613e-03
3.632712394071352120e-03
3.647329321320036920e-03
3.665204448221566231e-03
3.686340274813382743e-03
3.710128011449812923e-03
3.735790437889189870e-03
3.763342948915427387e-03
3.792374802048262706e-03
3.823003697356679945e-03
3.855114106151605498e-03
3.888277858922425251e-03
3.922086004038188162e-03
3.956482635483950933e-03
3.991398375168512744e-03
4.026599243759786291e-03
4.062110195730243498e-03
4.097723236433909073e-03
4.133245223846647616e-03
4.168532983859015058e-03
4.204068948695175410e-03
4.239850562985499234e-03
4.275771393164229731e-03
4.311920132290930283e-03
4.348078811938774907e-03
4.384222274535561070e-03
4.420334991558480010e-03
4.456329774088435038e-03
4.492005545869457578e-03
4.527497697772472733e-03
4.562766669302703755e-03
4.597599887738141634e-03
4.632071248683978550e-03
4.666293068679933445e-03
4.700088995677709387e-03
4.733309333343128054e-03
4.765680917644224933e-03
4.797253996286301309e-03
4.828342046827198593e-03
4.858728915258083390e-03
4.888382430889032931e-03
4.917264765928428503e-03
4.945405698357542741e-03
4.972599953633733035e-03
4.998945566827672771e-03
5.024573063339072762e-03
5.049547742943510248e-03
5.073852296303057834e-03
5.097301156453499724e-03
5.120142994897774677e-03
5.142653944402256552e-03
5.164791755377371937e-03
5.186715885202301812e-03
5.208329657691274962e-03
5.229653220252505376e-03
5.250759389492981079e-03
5.271583028709900601e-03
5.292080546683208472e-03
5.312499778248175146e-03
5.333038833081445856e-03
5.353612920627957329e-03
5.374053509304648965e-03
5.394492075247481720e-03
5.415072817783033073e-03
5.435752828496728112e-03
5.456636801552551715e-03
5.477604658640772631e-03
5.498719663158802180e-03
5.519919606617138333e-03
5.541339894917402496e-03
5.562989017699731392e-03
5.584966489096649701e-03
5.607171304012765686e-03
5.629637613648640418e-03
5.652299949047555339e-03
5.675357386600241201e-03
5.698879398274561345e-03
5.722617518467545961e-03
5.746758230851262833e-03
5.771198227490141261e-03
5.795780268533955865e-03
5.820514426170020003e-03
5.845453939157601100e-03
5.870577236619625890e-03
5.895803906848256018e-03
5.921165739371391304e-03
5.946637510179770235e-03
5.972229181537573942e-03
5.997998982725200739e-03
6.023864584666831744e-03
6.049794299466795811e-03
6.075889029366584801e-03
6.102013021852563911e-03
6.128172657490292552e-03
6.154374284313131847e-03
6.180734361787837763e-03
6.207154071408074215e-03
6.233714761918719531e-03
6.260523627754554545e-03
6.287504066878812567e-03
6.314746593632385857e-03
6.342138496477051079e-03
6.369539947891676192e-03
6.396915583979779010e-03
6.424386004499632249e-03
6.451985687264055920e-03
6.479713945418202718e-03
6.507654379429027129e-03
6.535619975871294687e-03
6.563685645766491154e-03
6.591818834517335600e-03
6.620012962356910946e-03
6.648262080121278804e-03
6.676551842759483046e-03
6.704833864547110438e-03
6.732994417321696255e-03
6.761187966472540986e-03
6.789378993815452235e-03
6.817478467214792975e-03
6.845503103716635285e-03
6.873519765520440250e-03
6.901408216706911465e-03
6.929137405199485220e-03
6.956840295818365189e-03
6.984509734610250958e-03
7.012322939515175380e-03
7.040154255820773276e-03
7.067871673259103725e-03
7.095427863113843922e-03
7.122898088522884238e-03
7.150338132400437842e-03
7.177726611732564502e-03
7.205000667948645646e-03
7.232172288544973758e-03
7.259307697046754951e-03
7.286305597971005042e-03
7.313199607150910539e-03
7.339862383910238618e-03
7.366451075828573877e-03
7.393018636260373713e-03
7.419560834482853001e-03
7.446075684357442159e-03
7.472507177413373683e-03
7.498839777921340391e-03
7.525157229517411353e-03
7.551403422647661595e-03
7.577521831346063427e-03
7.603548211048483281e-03
7.629373867544752240e-03
7.655134091665862471e-03
7.680704275000741800e-03
7.706133410651260819e-03
7.731509372167650121e-03
7.756762835390769960e-03
7.781948304403844482e-03
7.807048192604043417e-03
7.832083778627750917e-03
7.857089946047996279e-03
7.882096810618088173e-03
7.906784381381695356e-03
7.931378724317331153e-03
7.955633034707277132e-03
7.979700997277957425e-03
8.003470530133260583e-03
8.027182349611134207e-03
8.050719144779807518e-03
8.074037883039572941e-03
8.097041362143959919e-03
8.119960770039151218e-03
8.142709226381468837e-03
8.165328208759139658e-03
8.187789802626807903e-03
8.210041670518006957e-03
8.232160987365582175e-03
8.254158998931773392e-03
8.275983484701300574e-03
8.297691336318536656e-03
8.319298620240554373e-03
8.340817222880485271e-03
8.362152195910202424e-03
8.383409631952568053e-03
8.404496643326360081e-03
8.425311927246010441e-03
8.446008288394014907e-03
8.466646450350473474e-03
8.487187071835438842e-03
8.507678461594192845e-03
8.528098719666601935e-03
8.548451728063255831e-03
8.568653756435501770e-03
8.588722925408326381e-03
8.608653723121879181e-03
8.628370130208855640e-03
8.648077555225324592e-03
8.667668948086111255e-03
8.687216119343489293e-03
8.706652893845024527e-03
8.726032654479961431e-03
8.745338853918710117e-03
8.764561488717098614e-03
8.783796918414197089e-03
8.802837185906461220e-03
8.821729026424135825e-03
8.840575836673133375e-03
8.859404710124632251e-03
8.878079050981080994e-03
8.896705919869732013e-03
8.915194094428329288e-03
8.933617359432974303e-03
8.951795039141886151e-03
8.969869565601014047e-03
8.987695688405610700e-03
9.005603873494570991e-03
9.023497007460395264e-03
9.041379734747541017e-03
9.059256878137295424e-03
9.077090677771305557e-03
9.094852500705489715e-03
9.112486696735030284e-03
9.129976077220561259e-03
9.147417937859690651e-03
9.164882859734786030e-03
9.182194662422041992e-03
9.199377370769291906e-03
9.216294891594532454e-03
9.233172826036507852e-03
9.249958080564059729e-03
9.266608140402180296e-03
9.283116617161109654e-03
9.299577414185446200e-03
9.316091628800038382e-03
9.332491358858035352e-03
9.348688254164502776e-03
9.364868149271256964e-03
9.380995292256461698e-03
9.397016189758668203e-03
9.412941940829522985e-03
9.428865605117903517e-03
9.444707312432892160e-03
9.460384838405671779e-03
9.476037415231924887e-03
9.491576831410939927e-03
9.507006872427403027e-03
9.522263246976341716e-03
9.537430288940407577e-03
9.552516286150313993e-03
9.567495085905571364e-03
9.582289901792852976e-03
9.596940972815973595e-03
9.611565238078805667e-03
9.626094742025591983e-03
9.640531414076324371e-03
9.654831041522473831e-03
9.669156992209193210e-03
9.683290007705160074e-03
9.697333536108914895e-03
9.711246085776129022e-03
9.725123363515515013e-03
9.738971646146499933e-03
9.752761654253998616e-03
9.766396843043874398e-03
9.779928324246340079e-03
9.793336277765496076e-03
9.806665944931217474e-03
9.819824365146244405e-03
9.832994759295617115e-03
9.846069812534254118e-03
9.858978530552266195e-03
9.871847431029980371e-03
9.884607152471726332e-03
9.897331062472815646e-03
9.909992518894801539e-03
9.922469032339295905e-03
9.934818887762049411e-03
9.947081963539937052e-03
9.959333704277361157e-03
9.971600813168968527e-03
9.983856438332879696e-03
9.996149099465752655e-03
1.000845380382517705e-02
1.002067566589624412e-02
1.003267192133790696e-02
1.004457560525088937e-02
1.005650581391188091e-02
1.006839164437567380e-02
1.008026907445010341e-02
1.009209153011087282e-02
1.010381037328256237e-02
1.011539481615436088e-02
1.012702204723632884e-02
1.013865683720820664e-02
1.015027690802260824e-02
1.016166072591626925e-02
1.017289680492559044e-02
1.018411771113861969e-02
1.019531937838782931e-02
1.020646201812363575e-02
1.021760859236080059e-02
1.022875486680760969e-02
1.023979979739866875e-02
1.025085468783801593e-02
1.026186558903893764e-02
1.027287188642632756e-02
1.028399446019421896e-02
1.029508545461690211e-02
1.030599768712430787e-02
1.031681852310553302e-02
1.032752496633409546e-02
1.033810225570383143e-02
1.034856615623425471e-02
1.035900265856154120e-02
1.036942436464240343e-02
1.037980407130215457e-02
1.039010781031667573e-02
1.040024337967910238e-02
1.041025334566688873e-02
1.042017092164741233e-02
1.043000855177564357e-02
1.043979784131273715e-02
1.044957899895402817e-02
1.045950267868818798e-02
1.046940344356753205e-02
1.047924826624844520e-02
1.048899827029076137e-02
1.049870709543707786e-02
1.050832066653499021e-02
1.051761327482871045e-02
1.052673404559571063e-02
1.053577438985752943e-02
1.054464649660262314e-02
1.055342390715096647e-02
1.056217543612790466e-02
1.057085563048348539e-02
1.057949573781688350e-02
1.058806209814996263e-02
1.059652804760123981e-02
1.060498957541927863e-02
1.061339293951547337e-02
1.062168442152088520e-02
1.062983365794336298e-02
1.063787079242879685e-02
1.064571386976081308e-02
1.065346057009343775e-02
1.066113269839828737e-02
1.066871400658706177e-02
1.067617593902425721e-02
1.068340403794772533e-02
1.069055074521676335e-02
1.069747814507773787e-02
1.070428794750399870e-02
1.071099849011165547e-02
1.071759792250633926e-02
1.072398493772958039e-02
1.073025407966705404e-02
1.073634096806500016e-02
1.074231494673913781e-02
1.074811086180088408e-02
1.075381218389039918e-02
1.075937218842932738e-02
1.076475026897849400e-02
1.076998371956815886e-02
1.077503779548423177e-02
1.077997934536422883e-02
1.078478633099305001e-02
1.078931282255095325e-02
1.079355952745532886e-02
1.079757516916144897e-02
1.080135173953312294e-02
1.080494352483885555e-02
1.080814523363848173e-02
1.081120383097716221e-02
1.081422405388725652e-02
1.081715320323213894e-02
1.081986435623015844e-02
1.082239448021695555e-02
1.082475916868363974e-02
1.082696456557552707e-02
1.082896900755516215e-02
1.083068810094654257e-02
1.083213800950134052e-02
1.083319640294066154e-02
1.083406490417116938e-02
1.083481030329988201e-02
1.083543876409341460e-02
1.083601426401027863e-02
1.083642873735683049e-02
1.083661743122781539e-02
1.083658817322633028e-02
1.083636174321666798e-02
1.083601144136876054e-02
1.083550902243444504e-02
1.083490225822678239e-02
1.083403812158149210e-02
1.083292067707380957e-02
1.083154820436829993e-02
1.082986972669531915e-02
1.082794728133168287e-02
1.082580756274188066e-02
1.082340538982864107e-02
1.082085412046392310e-02
1.081816176635285245e-02
1.081534589438676482e-02
1.081217124572997866e-02
1.080879135219387117e-02
1.080518747995588662e-02
1.080129425478701909e-02
1.079720015591284846e-02
1.079291092871125131e-02
1.078831835622073680e-02
1.078338649473050553e-02
1.077826586782591398e-02
1.077277423245460650e-02
1.076705840468470364e-02
1.076110531217414935e-02
1.075488585120917134e-02
1.074839533682419614e-02
1.074154780358520245e-02
1.073433423570899735e-02
1.072680900094556862e-02
1.071888667293447069e-02
1.071064425266425417e-02
1.070217218759950302e-02
1.069348975771930617e-02
1.068446263091784622e-02
1.067520008078035043e-02
1.066561571947587626e-02
1.065573058707137109e-02
1.064563758574341330e-02
1.063515195216909945e-02
1.062439791118158575e-02
1.061333293076516769e-02
1.060195088800378917e-02
1.059028522714732141e-02
1.057821859207582101e-02
1.056591898442700225e-02
1.055327267090463289e-02
1.054030750947275441e-02
1.052694797313952733e-02
1.051316755469962165e-02
1.049901845201932013e-02
1.048468411854082231e-02
1.046996978626164691e-02
1.045480113232043727e-02
1.043932875445399179e-02
1.042364551931427956e-02
1.040764114533962448e-02
1.039125818207313305e-02
1.037465357975985748e-02
1.035768413024822782e-02
1.034036313335858631e-02
1.032261137983892831e-02
1.030443919656109930e-02
1.028584281036695920e-02
1.026678500656636774e-02
1.024733330857222589e-02
1.022761089917166577e-02
1.020754546923249330e-02
1.018704149206729227e-02
1.016606916294152292e-02
1.014478861652173131e-02
1.012322718734678072e-02
1.010124782677645182e-02
1.007895303482228208e-02
1.005632889738195153e-02
1.003341437926789752e-02
1.001008508947196125e-02
9.986356165842346852e-03
9.962286525131997666e-03
9.938015919159493006e-03
9.913504187176735982e-03
9.888842758187190232e-03
9.863904758399674386e-03
9.838732580119892435e-03
9.813333947987234324e-03
