9.776499672882708880e-03
9.625418977427725731e-03
9.477304986673188228e-03
9.332086451569836932e-03
9.189939072272758358e-03
9.050626935019876612e-03
8.914189733070230701e-03
8.780933194551615584e-03
8.650014595455659747e-03
8.522268498547333135e-03
8.398319336419973052e-03
8.278048045384116260e-03
8.161556798523225340e-03
8.049069908865598075e-03
7.941136929499588090e-03
7.837959382399487321e-03
7.739893315312342502e-03
7.646069795799059592e-03
7.556468374835438942e-03
7.471932149081345932e-03
7.392246624713350381e-03
7.318472609895945724e-03
7.250264878394290652e-03
7.187776247189821451e-03
7.130652199895937821e-03
7.077828978831068700e-03
7.029913439155156298e-03
6.985491594447288191e-03
6.944565894944566137e-03
6.906575264627600082e-03
6.870782193768951163e-03
6.836613976583558877e-03
6.803420057605662555e-03
6.771223494145381556e-03
6.740013397690664682e-03
6.709400530036931792e-03
6.679085094677641998e-03
6.648876036700766302e-03
6.618775332663659125e-03
6.587932644830021313e-03
6.556205918129439508e-03
6.524099965329966354e-03
6.492483557033318191e-03
6.460922251645584598e-03
6.429132010267327516e-03
6.397361610371090322e-03
6.365286202118449095e-03
6.333553636314331534e-03
6.301838838785430580e-03
6.270087512844757689e-03
6.237819713334369354e-03
6.205016267823610342e-03
6.171697895134274289e-03
6.137778251662815571e-03
6.102774431052822822e-03
6.067667681020143602e-03
6.033055449086434548e-03
5.998571551804074940e-03
5.964957804872859232e-03
5.932839181744171443e-03
5.901733393253624262e-03
5.871624443128599553e-03
5.842281482773748445e-03
5.814159982525410157e-03
5.787334786103160746e-03
5.762158769323818056e-03
5.737845482109690809e-03
5.714161243766241287e-03
5.690931115034859877e-03
5.668298430297384095e-03
5.645901462879686014e-03
5.624003727352522644e-03
5.602602664283175271e-03
5.581530196441347909e-03
5.561664309427028288e-03
5.542196973074880323e-03
5.523453620455584696e-03
5.505275470612700298e-03
5.487570458119766723e-03
5.470452395764024631e-03
5.453740495972735428e-03
5.437501390364781265e-03
5.421710736100439007e-03
5.406199657263429867e-03
5.391036730252762865e-03
5.376131542263774821e-03
5.361214974361865060e-03
5.346450566469494563e-03
5.332203212647487929e-03
5.318469465457735003e-03
5.305283106620127705e-03
5.292807376500121945e-03
5.280660292272756733e-03
5.268600059604165373e-03
5.257208423150846154e-03
5.245777317745914728e-03
5.234206938773270854e-03
5.222353891028223317e-03
5.210461537829868747e-03
5.198354828294358097e-03
5.186347179430903301e-03
5.174447573131555657e-03
5.162819131039847291e-03
5.151411554044167153e-03
5.140179638480654560e-03
5.129216907382838815e-03
5.118379742885802511e-03
5.107798199550802297e-03
5.097514926468219888e-03
5.087336877467408223e-03
5.077453925141590073e-03
5.067829079245357929e-03
5.058359974823930898e-03
5.049023931817114494e-03
5.039773023863378283e-03
5.030654503550916097e-03
5.021569041384672631e-03
5.012692462116669599e-03
5.003745265349523151e-03
4.994754471020645785e-03
4.985950025306993758e-03
4.977599343211100251e-03
4.969488867823034124e-03
4.961998206884144814e-03
4.954915768882078506e-03
4.948300417625979032e-03
4.941812627509947070e-03
4.935633364031747489e-03
4.929900761720457623e-03
4.924589535963619022e-03
4.919556291144741404e-03
4.914853789131256277e-03
4.910352021003067981e-03
4.906013043980325325e-03
4.901814336092834117e-03
4.897927281145967454e-03
4.894280425563161951e-03
4.891096943141909348e-03
4.888275997995514439e-03
4.885870817490062246e-03
4.883552728554115679e-03
4.881280511990227985e-03
4.879466299952063893e-03
4.877929187627440093e-03
4.876530081569938752e-03
4.875456025760166803e-03
4.874564669798518365e-03
4.874182041188889446e-03
4.874165881692500875e-03
4.874295622997541419e-03
4.874580362313773486e-03
4.875021849571318892e-03
4.875582901623952414e-03
4.876485831442566553e-03
4.877694374908592145e-03
4.879125828345613237e-03
4.880929259296605018e-03
4.882868877429658722e-03
4.884788884029780086e-03
4.886797078026502809e-03
4.888855288502811161e-03
4.891193542019011548e-03
4.894004850854615472e-03
4.897035275418918678e-03
4.900312163044011869e-03
4.903830754091270845e-03
4.907482011238925058e-03
4.911454098947766640e-03
4.915562871677346679e-03
4.919767004040739335e-03
4.924098153076044045e-03
4.928655395680234773e-03
4.933542520345580822e-03
4.938842554423251811e-03
4.944437501636683024e-03
4.950185138612821917e-03
4.956153719434865448e-03
4.962426116479937491e-03
4.969056465325165893e-03
4.975967265496200956e-03
4.983219378498605391e-03
4.990740694044724056e-03
4.998500308086377929e-03
5.006400478782000417e-03
5.014487584303792614e-03
5.022770737949167237e-03
5.031184901600293732e-03
5.039775281831087791e-03
5.048439773230543014e-03
5.057307101357965892e-03
5.066353759766770333e-03
5.075631059168847492e-03
5.085073598678072244e-03
5.094615506666082608e-03
5.104307416269147392e-03
5.114236272181459965e-03
5.124275390190928363e-03
5.134283807251948349e-03
5.144314908175446829e-03
5.154397245082874800e-03
5.164469269613822244e-03
5.174717836568003791e-03
5.185082240210047745e-03
5.195474221764695422e-03
5.205898924860288650e-03
5.216516848331629805e-03
5.227350285709760937e-03
5.238252782487051382e-03
5.249288376491821617e-03
5.260447707154520397e-03
5.271782196537745310e-03
5.283341567260641664e-03
5.295077931657147727e-03
5.307107317188311350e-03
5.319349562273658315e-03
5.331906392123036270e-03
5.344735758338636442e-03
5.357631341929830655e-03
5.370660053551139408e-03
5.383743533493912103e-03
5.396998865897843951e-03
5.410362380150350592e-03
5.424031425607918865e-03
5.437839551883375672e-03
5.451841705223211230e-03
5.465908374161657611e-03
5.480158165070620965e-03
5.494546624530824951e-03
5.509153241763251919e-03
5.524026935224125162e-03
5.539158920369650907e-03
5.554518993733163074e-03
5.570143615834350151e-03
5.586003593187080160e-03
5.602097717268340535e-03
5.618359123243215833e-03
5.634892174751228965e-03
5.651644727048339006e-03
5.668619910088631801e-03
5.685816850636605212e-03
5.703146868316220225e-03
5.720578560828823086e-03
5.738294189675226600e-03
5.756231414466466897e-03
5.774421630033894047e-03
5.792680798426656091e-03
5.811197134152966230e-03
5.829954786456576984e-03
5.848824937397728747e-03
5.867837456336070373e-03
5.887050417166097248e-03
5.906443841715662384e-03
5.925996285475388335e-03
5.945888723620338864e-03
5.965952085315595795e-03
5.986243781512657139e-03
6.006631572653506335e-03
6.027132318404244092e-03
6.047865071610272758e-03
6.068856260493665777e-03
6.090063929146884159e-03
6.111445734186094804e-03
6.133041231466422084e-03
6.154794992688366294e-03
6.176760992223103049e-03
6.199068539260268670e-03
6.221518586647125509e-03
6.243960115842390156e-03
6.266505154906086561e-03
6.289258525179641790e-03
6.312215379585580342e-03
6.335352049235962353e-03
6.358742577489726738e-03
6.382308961064796053e-03
6.406046950542675263e-03
6.429948100949800169e-03
6.453912819760765363e-03
6.478095554272975294e-03
6.502489913598426263e-03
6.527168438190991163e-03
6.552121822332872964e-03
6.577303780781389685e-03
6.602702977013609129e-03
6.628257756809082663e-03
6.654026955425489109e-03
6.680127665842497571e-03
6.706510276297506304e-03
6.733139797110400220e-03
6.759915859595244832e-03
6.786779903576720986e-03
6.813921392662075291e-03
6.841274950398647421e-03
6.868827168086200433e-03
6.896613547381988049e-03
6.924637936968257301e-03
6.952921842108604131e-03
6.981412985459407861e-03
7.010289176634680250e-03
7.039476322145704450e-03
7.068869894017328244e-03
7.098550575772724115e-03
7.128516425418276667e-03
7.158785841681187395e-03
7.189400116235692383e-03
7.220264848804574045e-03
7.251448103384175101e-03
7.282924182697314390e-03
7.314728057700935551e-03
7.346872285438091517e-03
7.379280446354370346e-03
7.411881050250468221e-03
7.444721263813112479e-03
7.477917574483885534e-03
7.511479196341372573e-03
7.545388735971840857e-03
7.579551060231445175e-03
7.613941662658622357e-03
7.648627225194204286e-03
7.683624778977789400e-03
7.718801408495484795e-03
7.754291050964289174e-03
7.790069736909761670e-03
7.826208493668072863e-03
7.862660569015408191e-03
7.899310141775039290e-03
7.936117031583502651e-03
7.973220578994633101e-03
8.010808630038059389e-03
8.048816608937470196e-03
8.087005599415058796e-03
8.125668362375377055e-03
8.164734301828962745e-03
8.203938967156338552e-03
8.243688413359817613e-03
8.283785077935257313e-03
8.324135086995580746e-03
8.364864593476047452e-03
8.406083639847180405e-03
8.447709442351201969e-03
8.489572283956723503e-03
8.531675502988602874e-03
8.574048143312324594e-03
8.616607042012178544e-03
8.659387455559735061e-03
8.702393593483803008e-03
8.745821321480591257e-03
8.789677606463859247e-03
8.833895808112021339e-03
8.878476597302087728e-03
8.923376304572057036e-03
8.968594060118092667e-03
9.014182786519416360e-03
9.060139991590238778e-03
9.106361579004107129e-03
9.152915129798393570e-03
9.199725483126384995e-03
9.246912798614460513e-03
9.294550995807037905e-03
9.342476931043019323e-03
9.390887209226957480e-03
9.439676824256516482e-03
9.488748321479412509e-03
9.538087377395563365e-03
9.587766845866053586e-03
9.637852065650123062e-03
9.688331842213454906e-03
9.739193980649870491e-03
9.790347428972560190e-03
9.841739771226045222e-03
9.893486356664326492e-03
9.945428473801610006e-03
9.997764302210519760e-03
1.005051852517951233e-02
1.010367878146268585e-02
1.015711541985682247e-02
1.021079398703750481e-02
1.026493427869749724e-02
1.031957505712598547e-02
1.037454867181349799e-02
1.042982867301455070e-02
1.048537736983359142e-02
1.054120825711940199e-02
1.059732151565215795e-02
1.065358706856477274e-02
1.071005059182818589e-02
1.076666427047275401e-02
1.082357779569873175e-02
1.088093814823917066e-02
1.093846014277104553e-02
1.099614015367041293e-02
1.105407856823656387e-02
1.111235566398538141e-02
1.117100355628829894e-02
1.122993761243325749e-02
1.128908436459291620e-02
1.134863052799426307e-02
1.140846041183642828e-02
1.146851464406678338e-02
1.152888161471495206e-02
1.158947122104790443e-02
1.165033690132819683e-02
1.171142816471016854e-02
1.177256654437455405e-02
1.183400925761995959e-02
1.189569592889220921e-02
1.195771697746122325e-02
1.201996758149141177e-02
1.208252359832045347e-02
1.214530519899241316e-02
1.220836914128917670e-02
1.227172864404375147e-02
1.233530839179227886e-02
1.239921682230326651e-02
1.246339830148705807e-02
1.252794566804803916e-02
1.259285907580721606e-02
1.265798516794088176e-02
1.272330617146557284e-02
1.278879939609472993e-02
1.285451409930574163e-02
1.292026497312928450e-02
1.298620706400422341e-02
1.305230541324525068e-02
1.311857176541413733e-02
1.318495345209458672e-02
1.325149912064118966e-02
1.331822538773063183e-02
1.338505282755911990e-02
1.345194722896805514e-02
1.351910257515139685e-02
1.358646500015116450e-02
1.365435069579438478e-02
1.372245969190475680e-02
1.379073851464020749e-02
1.385909910956060684e-02
1.392780198877588936e-02
1.399676820935887370e-02
1.406604706335068920e-02
1.413554147374704653e-02
1.420521567632705359e-02
1.427499190956264818e-02
1.434489703582286085e-02
1.441500315682990412e-02
1.448535275674828551e-02
1.455587426872900596e-02
1.462649055193633064e-02
1.469732815790041058e-02
1.476823725063212966e-02
1.483934095128577012e-02
1.491053683898411857e-02
1.498201427789846475e-02
1.505379632937456358e-02
1.512568530525439103e-02
1.519787392607092544e-02
1.527015547728596823e-02
1.534271772103176952e-02
1.541560548035923392e-02
1.548866241014974950e-02
1.556186597997749610e-02
1.563520844410520860e-02
1.570875397875344526e-02
1.578255363075269091e-02
1.585640820264323098e-02
1.593030023690781422e-02
1.600452668742543064e-02
1.607889196564124198e-02
1.615347989628836481e-02
1.622839614207041356e-02
1.630355952673186518e-02
1.637889949532598047e-02
1.645440072065896403e-02
1.653024795935492328e-02
1.660639313091560876e-02
1.668280917267250113e-02
1.675941161907686799e-02
1.683618695754507052e-02
1.691332226774704475e-02
1.699061707350189854e-02
1.706817573029551643e-02
1.714591880301742297e-02
1.722381807431206877e-02
1.730175836626168459e-02
1.737985132996462331e-02
1.745810776748240450e-02
1.753667946497885349e-02
1.761553615515831089e-02
1.769442643635311257e-02
1.777350538347121853e-02
1.785253272063614186e-02
1.793162495176146148e-02
1.801086283279223349e-02
1.809037307385649718e-02
1.817026731990305580e-02
1.825034976159738836e-02
1.833059813022626730e-02
1.841101346638068445e-02
1.849179516814929147e-02
1.857312115452016549e-02
1.865485805595624991e-02
1.873672522969967169e-02
