6.519482864173752577e-03
6.511191960376735109e-03
6.502805246974120365e-03
6.494203911808399225e-03
6.485543838910295261e-03
6.476903040288291800e-03
6.468215556207621009e-03
6.459157614636393957e-03
6.449949274406127121e-03
6.440406724653217722e-03
6.430665114030494588e-03
6.420392742491985889e-03
6.410092514020208389e-03
6.399945010542124231e-03
6.389865876221821443e-03
6.379966226911828672e-03
6.370270619883424898e-03
6.360418787089540740e-03
6.351033860362476427e-03
6.342906590016062635e-03
6.335163607760652994e-03
6.327722669905398549e-03
6.320608131263566118e-03
6.313281810722820055e-03
6.306034179769613550e-03
6.298799872067745165e-03
6.291865655574029742e-03
6.284804665254800637e-03
6.277366186567133639e-03
6.269880881777820276e-03
6.262218766400476887e-03
6.254701010006320956e-03
6.247273741456769482e-03
6.239691073666259191e-03
6.232034956903166958e-03
6.224035183682482576e-03
6.215336948560576565e-03
6.206162910539209446e-03
6.196484977661021083e-03
6.186503320372536106e-03
6.175935222109860470e-03
6.164536010938709114e-03
6.152606188743304540e-03
6.139990147302583877e-03
6.126889614568736125e-03
6.113831706591384488e-03
6.100437215133576105e-03
6.086698185483508522e-03
6.072736216660371521e-03
6.058615884911561396e-03
6.044280750115873027e-03
6.030205186518661047e-03
6.016328177432405180e-03
6.002869321737896828e-03
5.989704158056751923e-03
5.976712121966732197e-03
5.964032921205644940e-03
5.951628841490008356e-03
5.939505227476891795e-03
5.927761397693670671e-03
5.916684450992140513e-03
5.906279486414083013e-03
5.896482624940879193e-03
5.887013930882056302e-03
5.877794551582446805e-03
5.868911109290791787e-03
5.860257410667575259e-03
5.851906060170348339e-03
5.843789655683143472e-03
5.835830469375899443e-03
5.827955720044598713e-03
5.820345536795839755e-03
5.813004960948422485e-03
5.805718118892512665e-03
5.798611631287850510e-03
5.791855681037906892e-03
5.785381848003853800e-03
5.779176019000616636e-03
5.773022660621734449e-03
5.767067438184689775e-03
5.761363931598214617e-03
5.755744544597166980e-03
5.750387323531442989e-03
5.745527628026144383e-03
5.741009624718453226e-03
5.736919715046122185e-03
5.733182635176317654e-03
5.729870253362022089e-03
5.726800089629003644e-03
5.723840133030655940e-03
5.721075698540290660e-03
5.718454460624399285e-03
5.716184380095599982e-03
5.714244966586450904e-03
5.712557983084198300e-03
5.711212198492768462e-03
5.710082303473998540e-03
5.709182504310203986e-03
5.708383385678071111e-03
5.707750303800249864e-03
5.707498117471464065e-03
5.707622777134093925e-03
5.708096295946572980e-03
5.708829663607633588e-03
5.709548693605251413e-03
5.710341695992694755e-03
5.711299790778738908e-03
5.712562798662633445e-03
5.714005444358210249e-03
5.715520729749188136e-03
5.717339291759634783e-03
5.719491826760627999e-03
5.721911566969826654e-03
5.724554993355901629e-03
5.727272559366546403e-03
5.729994093735799911e-03
5.732861428220528167e-03
5.736022463035262385e-03
5.739371348015042187e-03
5.742885880154003156e-03
5.746611427724089213e-03
5.750598975584687682e-03
5.754908431235245848e-03
5.759440660233685651e-03
5.764205984219856332e-03
5.769071764425540844e-03
5.774115739155319220e-03
5.779335907358529485e-03
5.784766227735788774e-03
5.790325820667469557e-03
5.796155679046717177e-03
5.802162398822387039e-03
5.808469331304564644e-03
5.815062366430564025e-03
5.821823632292597896e-03
5.828618133067736337e-03
5.835643763932546295e-03
5.842783074693052789e-03
5.850253187736621958e-03
5.857988102244577125e-03
5.865740478285291076e-03
5.873653889057098287e-03
5.881592208724142727e-03
5.889515999858685111e-03
5.897591004185474654e-03
5.905672182951149721e-03
5.913843153756793980e-03
5.922075892202757590e-03
5.930360750213625569e-03
5.938732421725567180e-03
5.947084658919007082e-03
5.955668715415380482e-03
5.964429256281093827e-03
5.973348834034130674e-03
5.982428308884246877e-03
5.991670801762822955e-03
6.001078111574793643e-03
6.010506512097822142e-03
6.020065198895465861e-03
6.029712541694361681e-03
6.039316666160174200e-03
6.049021596887034502e-03
6.058880410645859325e-03
6.068887029702762191e-03
6.079064098387459113e-03
6.089390328407278882e-03
6.099793635410142092e-03
6.110032832025146313e-03
6.120414373165156130e-03
6.130828566924574619e-03
6.141175661246557962e-03
6.151389574764363002e-03
6.161702817859722459e-03
6.171993656062581615e-03
6.182243285718970645e-03
6.192426028344334699e-03
6.202725183688628623e-03
6.213100744221197735e-03
6.223321069346986027e-03
6.233548381662115320e-03
6.244028524525000248e-03
6.254477672910110052e-03
6.265086701849095774e-03
6.275830486742907735e-03
6.286636792111032108e-03
6.297500740002999128e-03
6.308390519385503881e-03
6.319291254623522237e-03
6.330268912329737804e-03
6.341359456613647472e-03
6.352738039958537482e-03
6.364226812538313280e-03
6.375896058358607697e-03
6.387859785451036748e-03
6.399984591106158867e-03
6.412181728409950716e-03
6.424297747977875638e-03
6.436555727261563525e-03
6.448969842116676447e-03
6.461699224189567520e-03
6.474810165611337258e-03
6.488254736647918602e-03
6.501798371814526689e-03
6.515465986192832924e-03
6.529216386703745427e-03
6.543050511133264961e-03
6.556830419539604916e-03
6.570747293787409377e-03
6.584896494344090641e-03
6.599308570407717497e-03
6.613814139758892804e-03
6.628446687610018047e-03
6.643199030845919374e-03
6.657991247758620300e-03
6.672912819732218330e-03
6.687885279735597717e-03
6.703169307127739181e-03
6.718640231398946561e-03
6.734085143812099279e-03
6.749749884379308701e-03
6.765585338325524889e-03
6.781597705249108564e-03
6.797759699359717279e-03
6.814002357151716614e-03
6.830639500677745252e-03
6.847443548659812827e-03
6.864253574247470603e-03
6.881277291801153433e-03
6.898324830207279608e-03
6.915461013674291217e-03
6.932725915405924498e-03
6.950090594681384779e-03
6.967689311147774213e-03
6.985457415023097090e-03
7.003333618242168872e-03
7.021341063694889160e-03
7.039497516913740573e-03
7.057694473312948504e-03
7.075909310690179331e-03
7.094066749298248015e-03
7.112435704754486825e-03
7.131014615395125239e-03
7.149651244181518678e-03
7.168383344348918697e-03
7.187314138641824786e-03
7.206573000175130715e-03
7.226090460886180900e-03
7.245747435009435022e-03
7.265540298007065224e-03
7.285591613192166430e-03
7.305677511363808073e-03
7.325661594505030079e-03
7.345764944391004921e-03
7.366073793501183055e-03
7.386468417697755924e-03
7.406922006405796712e-03
7.427545819507010670e-03
7.448395765572951403e-03
7.469345949043146651e-03
7.490434587395511379e-03
7.511852628539561830e-03
7.533501231261588611e-03
7.555391168707902526e-03
7.577360975329391034e-03
7.599563018079000254e-03
7.621923586736977646e-03
7.644339140810561123e-03
7.666929822198305378e-03
7.689605677121952657e-03
7.712255656822766640e-03
7.735056844746988208e-03
7.757829424647878433e-03
7.780579359903338175e-03
7.803419403801287353e-03
7.826225902091654002e-03
7.849114262943445580e-03
7.871911709486752867e-03
7.894657967238332200e-03
7.917462398951873384e-03
7.940250366038974564e-03
7.963082297711428226e-03
7.985923552685552512e-03
8.008887512594202451e-03
8.032071170585609876e-03
8.055469550702633666e-03
8.079063482779487437e-03
8.102723915687655085e-03
8.126437095240456390e-03
8.150217310195800868e-03
8.173911786097247043e-03
8.197660650626957535e-03
8.221525529152021172e-03
8.245466704844658240e-03
8.269298440859378097e-03
8.293091940974994802e-03
8.316780853184695815e-03
8.340436277438809456e-03
8.364104671469346081e-03
8.387670948256350026e-03
8.411232932825109948e-03
8.434781838764995529e-03
8.458422160695507411e-03
8.482023009981879899e-03
8.505558218275217214e-03
8.529215364429605997e-03
8.552693831879683295e-03
8.576012535447818941e-03
8.599319211053450124e-03
8.622640895504095349e-03
8.646084019016248706e-03
8.669561658446458055e-03
8.693013148223488473e-03
8.716587145380889218e-03
8.740096573433048591e-03
8.763539298981739417e-03
8.787011397231935667e-03
8.810381095139865545e-03
8.833641922120502935e-03
8.856887683180655196e-03
8.880184635942586086e-03
8.903310687171544710e-03
8.926442704146253168e-03
8.949513653111373229e-03
8.972641426652406063e-03
8.995754456767212498e-03
9.018846283632472177e-03
9.041980516941921370e-03
9.065282157387307208e-03
9.088713821879753491e-03
9.112090880080213340e-03
9.135446236561020963e-03
9.158805878753633126e-03
9.182028834470291542e-03
9.205354798291020754e-03
9.228739169893720312e-03
9.252092424026013909e-03
9.275341860977164010e-03
9.298725451148293075e-03
9.322215584204381067e-03
9.345847505553353529e-03
9.369470563238023464e-03
9.393300437313033269e-03
9.417395451196269862e-03
9.441634747672088268e-03
9.465839881060041094e-03
9.490301839329067651e-03
9.514920919934406057e-03
9.539753834083447917e-03
9.564743082795512316e-03
9.589826737069690951e-03
9.615041133762203956e-03
9.640477986265593227e-03
9.666100179023678213e-03
9.691872302416444998e-03
9.717725182728972552e-03
9.743702575091437931e-03
9.769948112083941608e-03
9.796092805873299683e-03
9.822339236210869684e-03
9.848673395474565051e-03
9.875104705386238135e-03
9.901529421598427236e-03
9.927983859732201696e-03
9.954369807533058889e-03
9.980808545670523391e-03
1.000740698257063417e-02
1.003408180303394688e-02
1.006107786104077501e-02
1.008821687865051574e-02
1.011557874496945772e-02
1.014303161620659643e-02
1.017046934233412081e-02
1.019804155175300583e-02
1.022568970177562334e-02
1.025355160535666721e-02
1.028132013691109015e-02
1.030901106850018976e-02
1.033685421485470469e-02
1.036493284286994776e-02
1.039291516774894404e-02
1.042093202435911449e-02
1.044888464140008438e-02
1.047704115381086973e-02
1.050548752565285543e-02
1.053386715239752920e-02
1.056232221714410550e-02
1.059092299853538199e-02
1.061972399957019503e-02
1.064850619134069185e-02
1.067750829110210298e-02
1.070662954863570507e-02
1.073574495020941828e-02
1.076484542476276694e-02
1.079391146607375923e-02
1.082293427723086780e-02
1.085191820629240536e-02
1.088101256952872173e-02
1.091009321327936557e-02
1.093917915350477166e-02
1.096832225540552395e-02
1.099747207339270283e-02
1.102671199320708062e-02
1.105609545385253210e-02
1.108551809753695154e-02
1.111494000792921481e-02
1.114448470605524863e-02
1.117402054039344159e-02
1.120369878231672160e-02
1.123366086078134672e-02
1.126369344635537624e-02
1.129357954417558804e-02
1.132340824312368967e-02
1.135330830166197784e-02
1.138331467324595059e-02
1.141336917338529357e-02
1.144358468890778122e-02
1.147393712889913618e-02
1.150448104875287543e-02
1.153516170029820348e-02
1.156569249126974952e-02
1.159620958644784657e-02
1.162696222329964897e-02
1.165766444283945942e-02
1.168826717946114431e-02
1.171886943074914277e-02
1.174953417159385963e-02
1.178011472548610820e-02
1.181075741344190903e-02
1.184177658202691975e-02
1.187265322301461236e-02
1.190365555132927647e-02
1.193467884245722789e-02
1.196581124098172570e-02
1.199696729065934456e-02
1.202814341356629041e-02
1.205935569551424072e-02
1.209060217477063263e-02
1.212196739966983454e-02
1.215329788688298412e-02
1.218471211771851234e-02
1.221610383282944329e-02
1.224750301832075450e-02
1.227883062574141801e-02
1.231024310011292686e-02
1.234164669741604804e-02
1.237317944901043625e-02
1.240505351760957768e-02
1.243693576992954512e-02
1.246899912118443893e-02
1.250121854897537702e-02
1.253348777434684647e-02
1.256580108847507940e-02
1.259808435866103561e-02
1.263039169598668791e-02
1.266287132989997628e-02
1.269574340501205927e-02
1.272852593361602745e-02
1.276142681708525121e-02
1.279401518939488579e-02
1.282674755332612569e-02
1.285969696339654342e-02
1.289267088157575701e-02
1.292570256102476035e-02
1.295857252552487689e-02
1.299137201453496107e-02
1.302377206465043548e-02
1.305631905120321554e-02
1.308905618904881822e-02
1.312169470487152545e-02
1.315443605619236005e-02
1.318759169891983371e-02
1.322072469221813665e-02
1.325364660668785707e-02
1.328640531070915919e-02
1.331908813111297787e-02
1.335156206012146074e-02
1.338407951702204855e-02
1.341689079564483203e-02
1.344978706084634483e-02
1.348288819158401791e-02
1.351606393278415724e-02
1.354942511346905396e-02
1.358301707020419767e-02
1.361672618766026320e-02
1.365051079740032917e-02
1.368431785942034358e-02
1.371851066802123181e-02
1.375336396532793846e-02
1.378861501229157807e-02
1.382402665744041255e-02
1.385960301706488408e-02
1.389541712130400695e-02
1.393140160952936919e-02
1.396752050089609606e-02
1.400392489573944708e-02
1.404058165347080687e-02
1.407748503043499549e-02
1.411475326113501017e-02
1.415209495894181879e-02
1.418974272946760609e-02
