9.775525464406976603e-03
9.866986093900183968e-03
9.958410090565477865e-03
1.005074396774365171e-02
1.014298188165027072e-02
1.023563848827016218e-02
1.032785387578318351e-02
1.042133467806882763e-02
1.051482977018131613e-02
1.060838671583225028e-02
1.070216436271958366e-02
1.079538096811645531e-02
1.088720403475856510e-02
1.097885239894344153e-02
1.107058585365890829e-02
1.116253945942289119e-02
1.125432220516024880e-02
1.134606225437905305e-02
1.143939816436055808e-02
1.153420463024925485e-02
1.162891619867156140e-02
1.172392573738243945e-02
1.181751721449594839e-02
1.190806568818980615e-02
1.199696154236108876e-02
1.208488913537439889e-02
1.217174267581382606e-02
1.225829250335960449e-02
1.234102385663153438e-02
1.242177752137588014e-02
1.249911193996123583e-02
1.257459462555531385e-02
1.264785628783889233e-02
1.271582683206168123e-02
1.277967581384922488e-02
1.283962083234553922e-02
1.289551942600544905e-02
1.294606611927702315e-02
1.299051650165804032e-02
1.303301107833983868e-02
1.307107953339753381e-02
1.310398858776688422e-02
1.313232880389206964e-02
1.315817230030892453e-02
1.318195659789490014e-02
1.320420128890558570e-02
1.322207581500988750e-02
1.323783469610189528e-02
1.324917608842879867e-02
1.325685357454034832e-02
1.326044067550093651e-02
1.326056306055245319e-02
1.325672786962462865e-02
1.325037788794422577e-02
1.324136387203027343e-02
1.322875714551913738e-02
1.321399712241334845e-02
1.319719856405377964e-02
1.317780925221753718e-02
1.315571639401550384e-02
1.313076446144319925e-02
1.310319316526390235e-02
1.307110016560406041e-02
1.303687648162747334e-02
1.300148689457671439e-02
1.296427850895043657e-02
1.292451361553548575e-02
1.288339549635624318e-02
1.284120339377950448e-02
1.279846401655236436e-02
1.275551055654690520e-02
1.271250042464047714e-02
1.266915436656526617e-02
1.262516939167152887e-02
1.258096460369348413e-02
1.253632293452973737e-02
1.249109802605795870e-02
1.244685907678688003e-02
1.240314170119656383e-02
1.235923319520111641e-02
1.231537420646015152e-02
1.227147614793901165e-02
1.222785241365454030e-02
1.218432529555643455e-02
1.214116855699955144e-02
1.209826812048828658e-02
1.205503216249090639e-02
1.201150390857649852e-02
1.196769545649047778e-02
1.192341798584349750e-02
1.187945108572079772e-02
1.183513771878184039e-02
1.179094836919729848e-02
1.174674380834751265e-02
1.170227868033030597e-02
1.165758571005650300e-02
1.161296827660956987e-02
1.156824187222308536e-02
1.152338207651541768e-02
1.147871825408656489e-02
1.143386990929298394e-02
1.138938093516974996e-02
1.134424370505145163e-02
1.129938064256230668e-02
1.125393263622565844e-02
1.120830433366234828e-02
1.116231904155889736e-02
1.111590199748508333e-02
1.106976738151387897e-02
1.102416721216164901e-02
1.097932673637077271e-02
1.093355934835691518e-02
1.088752856515327189e-02
1.084174830600282899e-02
1.079568474053149707e-02
1.075001559520395722e-02
1.070366596642485790e-02
1.065797408101043509e-02
1.061260887031193791e-02
1.056737383683608970e-02
1.052184267942303172e-02
1.047662848354579540e-02
1.043155897440130840e-02
1.038654064685567285e-02
1.034106246729908120e-02
1.029577308912040488e-02
1.025115285668986437e-02
1.020630241948587702e-02
1.016199285726265833e-02
1.011830779041814413e-02
1.007422514036704179e-02
1.003015223370843333e-02
9.985598394794006558e-03
9.941251442000956576e-03
9.897191995078316248e-03
9.853703187459634735e-03
9.810695897374301089e-03
9.767467084946648836e-03
9.723931030779536799e-03
9.680470829804600080e-03
9.637413238919308872e-03
9.594476372073314219e-03
9.551551697388162981e-03
9.508989778135520238e-03
9.466602365572991326e-03
9.424199378558260551e-03
9.382135365996170651e-03
9.340724362897630251e-03
9.299553580974668013e-03
9.258301353945775497e-03
9.217704587221507706e-03
9.177334561895917481e-03
9.138272908590924087e-03
9.099602650168910067e-03
9.061265472820774491e-03
9.023178562219508550e-03
8.985195448538619081e-03
8.947142578624481604e-03
8.909589065115136250e-03
8.872365200052627354e-03
8.835711271173133860e-03
8.799258602376772501e-03
8.763482643352218243e-03
8.728382096257052483e-03
8.693912203091066354e-03
8.659441119850702639e-03
8.625558367059377868e-03
8.591770441252307572e-03
8.558111452189197735e-03
8.524512151674386307e-03
8.490714476146828463e-03
8.457656372832512287e-03
8.424764122726717194e-03
8.391679965983197056e-03
8.358673435916929781e-03
8.325977294139742108e-03
8.294184981908557519e-03
8.262669719878655214e-03
8.231688856575396576e-03
8.200996573295239733e-03
8.170716075817279281e-03
8.140742554179557569e-03
8.111571487745329948e-03
8.082664954729652795e-03
8.053642017524688043e-03
8.025154105050906830e-03
7.997355207301782773e-03
7.969817241876810815e-03
7.942284332037349848e-03
7.915243006743582013e-03
7.888230949471714340e-03
7.861389397841738597e-03
7.834827404727665381e-03
7.808884918914522910e-03
7.783214326373188129e-03
7.757340829033484812e-03
7.731655045878672861e-03
7.706290477741267742e-03
7.681351157050032158e-03
7.656802652827580935e-03
7.632305303080092092e-03
7.607750336632165648e-03
7.583303254507286345e-03
7.559270895855566691e-03
7.535939395720322141e-03
7.512445191479336266e-03
7.489073073868745059e-03
7.465986455798073740e-03
7.443558424293635241e-03
7.421476924333542634e-03
7.399595268729566508e-03
7.378273465590910740e-03
7.357300760690723730e-03
7.336916340193476438e-03
7.317092971151394412e-03
7.297317135853884779e-03
7.277930264625487485e-03
7.258831561160409250e-03
7.240293255013153031e-03
7.222095435777359067e-03
7.204175848224333815e-03
7.186473437707517446e-03
7.169009199572350458e-03
7.151944033513321815e-03
7.135219492229513162e-03
7.118947278959945890e-03
7.103544434485858580e-03
7.088364324672525620e-03
7.073429206414506148e-03
7.058898284005343630e-03
7.044732171560362868e-03
7.030750239308679317e-03
7.016999168088556421e-03
7.003332186670259245e-03
6.989823105539812176e-03
6.976420914722852688e-03
6.963286615834353953e-03
6.950541136136884068e-03
6.938110825842482877e-03
6.925899196196277224e-03
6.914157281979480332e-03
6.902529679754327609e-03
6.891114856274347701e-03
6.879790128238485146e-03
6.868337161253660998e-03
6.857099997108054290e-03
6.846107146516612792e-03
6.835588685242725490e-03
6.825215692448870740e-03
6.815008450695971866e-03
6.804849891218271024e-03
6.795059425431795690e-03
6.785077199834862668e-03
6.775106838839373320e-03
6.765013850959420393e-03
6.755264215898891186e-03
6.745869973727184644e-03
6.736571811056706396e-03
6.727607853289596998e-03
6.719091299754651608e-03
6.710967772002035189e-03
6.703160827842116580e-03
6.695823099056075894e-03
6.688905194516885436e-03
6.682027166782806421e-03
6.675361796038383963e-03
6.668901198689467305e-03
6.662504056142473999e-03
6.656328322843809396e-03
6.650601148903595092e-03
6.645019515988836133e-03
6.639837298419781937e-03
6.634753767251481277e-03
6.630020883636566185e-03
6.625497113006111570e-03
6.621100965724886767e-03
6.616861235654616404e-03
6.612606296954621522e-03
6.608390995673567476e-03
6.604197444134855648e-03
6.600003478517578112e-03
6.595966381169455356e-03
6.591917789743748785e-03
6.587777360774866101e-03
6.583818142956024584e-03
6.580191526409223494e-03
6.576838429222381377e-03
6.573932951295905977e-03
6.571202508241011722e-03
6.568634881301442692e-03
6.565856922525085092e-03
6.563229009467460087e-03
6.560625847610951529e-03
6.558157907800898044e-03
6.555850125896372539e-03
6.553656657925815109e-03
6.551553439515502876e-03
6.549715277633203110e-03
6.547989229856451300e-03
6.546181688031346181e-03
6.544526981011654886e-03
6.542941120051256297e-03
6.541388779242270947e-03
6.539929996730557346e-03
6.538547295747224042e-03
6.537410455004315918e-03
6.536450811810191192e-03
6.535417295097198376e-03
6.534356465279570793e-03
6.533182076171956988e-03
6.531946657716026887e-03
6.530606774612980094e-03
6.529320187646573542e-03
6.528104827128427233e-03
6.526724529581130925e-03
6.525206107683167479e-03
6.524132429844658326e-03
6.523145966690054552e-03
6.522467405211770063e-03
6.521757553416981067e-03
6.521139118470548925e-03
6.520316022241144649e-03
6.519500820051883291e-03
6.518623019268271306e-03
6.517960477123391737e-03
6.517434791898184948e-03
6.516754193506400610e-03
6.516070043086184468e-03
6.515505195648872531e-03
6.515093908333936291e-03
6.514793973339269052e-03
6.514550908808641218e-03
6.514095590883182789e-03
6.513934848286940561e-03
6.514116451741627095e-03
6.514321960220616561e-03
6.514630345329476373e-03
6.515169507009727946e-03
6.515673569965263826e-03
6.516423472162860379e-03
6.517421639512535614e-03
6.518887192025568308e-03
6.520695826530931334e-03
6.522716509495451488e-03
6.524811136832451772e-03
6.526790119812825655e-03
6.528811396966912282e-03
6.530863935642392155e-03
6.532927318877136506e-03
6.535130467595124185e-03
6.537540069982778791e-03
6.540058919864529668e-03
6.542768743283090480e-03
6.545590115934357169e-03
6.548299418165186118e-03
6.550930848292859515e-03
6.553296552240615337e-03
6.555641390872192324e-03
6.557966950849330838e-03
6.560379976308549493e-03
6.563074416604023319e-03
6.565970456631789638e-03
6.568766306579897941e-03
6.571762859432092423e-03
6.574981783849022723e-03
6.578138562128209299e-03
6.581086677618072645e-03
6.584087920207564414e-03
6.587129247415290240e-03
6.590111917223483856e-03
6.593049444804964694e-03
6.595650891948826207e-03
6.598053707302087116e-03
6.600446271269875750e-03
6.602706215294981348e-03
6.604866659231820210e-03
6.607295146550274528e-03
6.609701014765236721e-03
6.612182284693794015e-03
6.614505760161939162e-03
6.616306204108896201e-03
6.617880812033658661e-03
6.619245397088265211e-03
6.620456097379728670e-03
6.621587319350946688e-03
6.622680132889260940e-03
6.623883461517385621e-03
6.624616358757292808e-03
6.625197901126992674e-03
6.625744129493262718e-03
6.626060635324405521e-03
6.626072722714764114e-03
6.626277480808471024e-03
6.626453017127124402e-03
6.626694238221591572e-03
6.626984580317766757e-03
6.627094086722496412e-03
6.627020996568939309e-03
6.626908062137319526e-03
6.626818977686078395e-03
6.626411688425236542e-03
6.626159450625402833e-03
6.626175067323132085e-03
6.626025407901913432e-03
6.625635036582001695e-03
6.625477600423568779e-03
6.625701006163801574e-03
6.625718650569586109e-03
6.625657841776171411e-03
6.625736283736663630e-03
6.625718499215949887e-03
6.625795260432142293e-03
6.625973351427224406e-03
6.625971618140684069e-03
6.626050264280166843e-03
6.625986357879554492e-03
6.625613987506963169e-03
6.625484030097975388e-03
6.625611419136470323e-03
6.625643804866554118e-03
6.625463013227407723e-03
6.625169517119455093e-03
6.624491152340843646e-03
6.623762957173357120e-03
6.622983058605019097e-03
6.621958168479651075e-03
6.620818827335546962e-03
6.619593789122436671e-03
6.618371257935354995e-03
6.617133361667171775e-03
6.616021793139813083e-03
6.614712775612516943e-03
6.613255619895878727e-03
6.611597969138038357e-03
6.610021646658485218e-03
6.608233321158465956e-03
6.606443417845258431e-03
6.604792667946747346e-03
6.603101666227214998e-03
6.601656062849273546e-03
6.600250385325246751e-03
6.598771020723058489e-03
6.597181427302368541e-03
6.595665847741967458e-03
6.593962121330487411e-03
6.592074138501541683e-03
6.590244222274764009e-03
6.588486834360579060e-03
6.586948450055555779e-03
6.585133421235675640e-03
6.583207296660615118e-03
6.581497940624801528e-03
6.579379172466852214e-03
6.577425230653090836e-03
6.575349341179404471e-03
6.573479151488086959e-03
6.571630116395542690e-03
6.569728460907755044e-03
6.567962988226568391e-03
6.566382481061756350e-03
6.565112218759536211e-03
6.563665641677203337e-03
6.562269968084631470e-03
6.560704072511695101e-03
6.559085371997087736e-03
6.557058014934306553e-03
6.555154582044193760e-03
6.553207229416404406e-03
6.551280922920998777e-03
6.549434661766045419e-03
6.547397695317332296e-03
6.545182101809533110e-03
6.543278754735954751e-03
6.541351974230506967e-03
6.539784589787163427e-03
6.537941059939070439e-03
6.536458413662833353e-03
6.535027537593408702e-03
6.533861913777935446e-03
6.532683089773702427e-03
6.532004723874222825e-03
6.531328952713730263e-03
6.530924841679361208e-03
6.531089886504437038e-03
6.531501032579715288e-03
6.532261999444501262e-03
6.533458243304729463e-03
6.534821984315303429e-03
6.536211358552279117e-03
6.537410654617045042e-03
6.538564445416130376e-03
6.539560472070141475e-03
6.540626286312320979e-03
6.541792313583852728e-03
6.542918608818329949e-03
6.544218673617165603e-03
6.545365523991097077e-03
6.546226902738710648e-03
6.547457049004504898e-03
6.548663557269087353e-03
