1.649157686220520391e-02
1.646211025350019508e-02
1.643135164801110687e-02
1.639922351956722008e-02
1.636606595866812661e-02
1.633208948367570815e-02
1.629711102870644995e-02
1.626096084773811720e-02
1.622366369398282188e-02
1.618485945849475888e-02
1.614468148080460200e-02
1.610361836730784396e-02
1.606147098434615103e-02
1.601875215599501967e-02
1.597426203311963500e-02
1.592794530593646951e-02
1.588035379559111712e-02
1.583124404359732840e-02
1.578065298335841818e-02
1.572855839123950619e-02
1.567504267648011165e-02
1.562007558551121826e-02
1.556383853020814646e-02
1.550653132918980090e-02
1.544721422243060076e-02
1.538656242313997738e-02
1.532462727508366804e-02
1.526093361367514799e-02
1.519619310103080372e-02
1.512989911159766040e-02
1.506217992424200430e-02
1.499326269440022855e-02
1.492286701436964548e-02
1.485079142508509940e-02
1.477707142897256853e-02
1.470180461948844899e-02
1.462522779592959760e-02
1.454756893843042048e-02
1.446864442704431757e-02
1.438848141778114459e-02
1.430744710512630441e-02
1.422533681824963633e-02
1.414227569392896740e-02
1.405865112955481493e-02
1.397467304286511072e-02
1.389061196797261935e-02
1.380641863661075802e-02
1.372252756429186669e-02
1.363940993212437933e-02
1.355752526217206960e-02
1.347634602152441262e-02
1.339551639672079651e-02
1.331554005291187351e-02
1.323653193839585684e-02
1.315813761259823460e-02
1.308059051076723364e-02
1.300406681634649550e-02
1.292828020011489547e-02
1.285328062850463540e-02
1.277921492925147839e-02
1.270621888583638344e-02
1.263410563604709137e-02
1.256271440824493872e-02
1.249221056324949231e-02
1.242263022077483986e-02
1.235422925735409072e-02
1.228655700643412584e-02
1.221949441648720845e-02
1.215317830090595699e-02
1.208748010904984668e-02
1.202269365784343000e-02
1.195873102740900064e-02
1.189547435205166349e-02
1.183266254780842436e-02
1.177028794949008458e-02
1.170847268290311355e-02
1.164732442148796489e-02
1.158656178277030560e-02
1.152586559064986728e-02
1.146541906984139755e-02
1.140544243520898865e-02
1.134583686605006303e-02
1.128672506676373262e-02
1.122798705536029625e-02
1.116952271370654816e-02
1.111145429887705656e-02
1.105382031301328435e-02
1.099654481155827070e-02
1.093950859727573117e-02
1.088265794231161980e-02
1.082622377613897541e-02
1.077024935309117866e-02
1.071445569889309217e-02
1.065897144719724077e-02
1.060374200065459030e-02
1.054886123812821125e-02
1.049437949844099667e-02
1.044026490613613085e-02
1.038654053479671352e-02
1.033318061888970595e-02
1.028006803062452186e-02
1.022741263066362372e-02
1.017499957340330975e-02
1.012290981663244334e-02
1.007112857720670121e-02
1.001950117913546177e-02
9.968161698405546625e-03
9.916926426382369902e-03
9.866065047052034395e-03
9.815502291463423096e-03
9.765101429778129741e-03
9.715199132387426426e-03
9.665675957699812124e-03
9.616514991705306034e-03
9.567650113293361264e-03
9.518974704322646571e-03
9.470365953168205508e-03
9.422113858943604800e-03
9.374054464065029180e-03
9.326196623123448812e-03
9.278612785194387258e-03
9.231371236563848739e-03
9.184392209304587107e-03
9.137862058936491172e-03
9.091707573222656061e-03
9.046007957894185852e-03
9.000599465563682844e-03
8.955627406847880764e-03
8.911177421639196808e-03
8.866984414597099337e-03
8.823281487089287833e-03
8.779956325884191379e-03
8.736787892435472075e-03
8.693911479653683438e-03
8.651438650800345048e-03
8.609183342369769107e-03
8.567243868605519536e-03
8.525561272981648647e-03
8.484017824722644291e-03
8.442782698505782099e-03
8.402186287079308966e-03
8.361938474378475053e-03
8.322075661459088849e-03
8.282626651036614773e-03
8.243580404237105946e-03
8.204924860936491093e-03
8.166672212636748307e-03
8.128789179931528858e-03
8.091173778012220735e-03
8.053677747493114686e-03
8.016503277217494963e-03
7.979696667692125212e-03
7.943132282667032459e-03
7.906985919084156059e-03
7.871106503303261157e-03
7.835405566023164250e-03
7.800108555151800439e-03
7.765238994870626681e-03
7.730773541146935234e-03
7.696534614384291373e-03
7.662451878589938460e-03
7.628626952523518724e-03
7.595075068458957863e-03
7.561632982502918855e-03
7.528314005306084057e-03
7.494971702895795833e-03
7.461722480998895721e-03
7.428695832618888682e-03
7.396213811870927697e-03
7.364099244781523862e-03
7.332293571161585186e-03
7.300601817053793859e-03
7.269186620250607349e-03
7.238150914498693404e-03
7.207391195131945816e-03
7.176975755560507757e-03
7.146677070167292700e-03
7.116552886248309062e-03
7.086696054875742806e-03
7.056967872783510322e-03
7.027289928513369421e-03
6.997684196396521117e-03
6.968394147026134473e-03
6.939415693301520353e-03
6.910763752895177948e-03
6.882192343481373202e-03
6.853852085185063552e-03
6.825734668075609558e-03
6.797813962279970756e-03
6.769921335722206904e-03
6.742203513929330080e-03
6.714737595925716028e-03
6.687228925071827222e-03
6.659952162100186805e-03
6.632881080900109722e-03
6.605870275571219287e-03
6.578972184114061442e-03
6.552032971165824143e-03
6.525240644621111558e-03
6.498862759055391673e-03
6.472712963602117626e-03
6.446538029793977102e-03
6.420538229641611222e-03
6.394502373851228445e-03
6.368484805437357212e-03
6.342421099946387968e-03
6.316501856537782948e-03
6.290751534618117813e-03
6.265069373440381763e-03
6.239571226246886856e-03
6.214207299588856565e-03
6.188920651335254493e-03
6.163848299515812743e-03
6.138866772589306534e-03
6.114058497667377266e-03
6.089038378909376707e-03
6.064135271869283174e-03
6.039633969315185390e-03
6.015531652641206012e-03
5.991446651907676377e-03
5.967470575360833522e-03
5.943750050903652202e-03
5.920128730809330782e-03
5.896615426169040178e-03
5.873285276800298618e-03
5.850214684550180712e-03
5.827228055288217849e-03
5.804379315205035819e-03
5.781627935334763754e-03
5.759143998565716648e-03
5.736734881426008847e-03
5.714504130708879942e-03
5.692298875816421272e-03
5.670246583284626642e-03
5.648179756987692715e-03
5.626308321224895645e-03
5.604695324859594770e-03
5.583308725601095202e-03
5.561988951356508677e-03
5.540789423504640168e-03
5.519777571595442869e-03
5.498919221312660588e-03
5.478178503440108392e-03
5.457571820436154381e-03
5.437189725831298968e-03
5.417089147508301512e-03
5.397454810506360258e-03
5.378033523763323456e-03
5.358826894108836142e-03
5.339788884807719106e-03
5.320942944462414038e-03
5.302258113761163481e-03
5.283753595978455363e-03
5.265649056829437707e-03
5.247869629355230749e-03
5.230188560749970961e-03
5.212791746827544724e-03
5.195635475367354518e-03
5.178752896401937061e-03
5.162066469278935900e-03
5.145523265598981981e-03
5.129221901125552430e-03
5.113288123596593585e-03
5.097652416116883398e-03
5.082262059961857245e-03
5.067116729054594454e-03
5.052363898974521379e-03
5.037652120146184770e-03
5.023143402669118414e-03
5.008824866855006441e-03
4.994710643509019804e-03
4.980926807530430649e-03
4.967530544327955488e-03
4.954439288905604886e-03
4.941566605293039316e-03
4.928995308544895614e-03
4.916705405609306939e-03
4.904740743228184173e-03
4.893036810785643398e-03
4.881562363167043193e-03
4.870387909170124929e-03
4.859783403148239950e-03
4.849664089645429159e-03
4.840076123411868846e-03
4.830992998511952040e-03
4.822294699353100143e-03
4.813903465889673647e-03
4.805964132690809104e-03
4.798136513183981142e-03
4.790693701374517006e-03
4.783565379903606009e-03
4.776807249359778587e-03
4.770394023002920598e-03
4.764173906076196729e-03
4.758398680530991423e-03
4.753079863677285404e-03
4.748081924735151650e-03
4.743391363481804998e-03
4.739023172887364341e-03
4.735047200138057209e-03
4.731518974520501283e-03
4.728536958738999846e-03
4.725904594470278948e-03
4.723651592990875739e-03
4.721814303524710967e-03
4.720440986094256823e-03
4.719440505549637836e-03
4.718987598091052386e-03
4.718918850383213397e-03
4.719313780891827050e-03
4.720311478272816788e-03
4.721810389956515759e-03
4.723656709886542467e-03
4.725939506656534617e-03
4.728586179964304644e-03
4.731625582915901899e-03
4.735250631841604087e-03
4.739459455879371265e-03
4.744100652154917101e-03
4.749170536541246802e-03
4.754733673085286862e-03
4.760698443698779814e-03
4.767115315953870426e-03
4.774051622936375736e-03
4.781404560149901672e-03
4.789254772209453233e-03
4.797622068531578500e-03
4.806443220536560021e-03
4.815714668687476503e-03
4.825497208766666921e-03
4.835772637974466125e-03
4.846443732067441147e-03
4.857502674396372601e-03
4.868992005473759405e-03
4.881166952039855088e-03
4.893843063266178905e-03
4.907088429916122221e-03
4.920887787169836783e-03
4.935117000742134802e-03
4.949741839941347935e-03
4.964763253369229752e-03
4.980336331300871423e-03
4.996241770260942926e-03
5.012488879433233541e-03
5.029281056547794254e-03
5.046342587590803806e-03
5.063851132720490270e-03
5.081828360026161701e-03
5.100302125893289851e-03
5.119332462084922285e-03
5.138880622145547937e-03
5.158794863335525865e-03
5.179275478111366147e-03
5.200181232456126297e-03
5.221530517526765634e-03
5.243394184168920745e-03
5.265777289951613198e-03
5.288658587802930362e-03
5.311898584446052979e-03
5.335602757906133739e-03
5.359930923299795723e-03
5.384746270727859552e-03
5.409950171928720568e-03
5.435467863332737147e-03
5.461492004979630506e-03
5.488064725252517727e-03
5.515082431531686397e-03
5.542400831890509881e-03
5.570149387706258524e-03
5.598264497425145710e-03
5.626662638952622739e-03
5.655210233248312950e-03
5.684124532440452439e-03
5.713374968639993098e-03
5.743094705470398048e-03
5.773226161179234248e-03
5.803905970046732005e-03
5.834962576279138086e-03
5.866447857135879095e-03
5.898452928014160518e-03
5.930922388809006622e-03
5.963885876494517957e-03
5.997134202959900073e-03
6.030718668663265399e-03
6.064732146598286223e-03
6.099112147771076041e-03
6.133801912169123578e-03
6.168798627905752209e-03
6.204159328559040107e-03
6.239921654503578774e-03
6.276114141182945715e-03
6.312634335764169199e-03
6.349614287306718299e-03
6.386931465245960018e-03
6.424411913701404998e-03
6.462342027933161252e-03
6.500505537235200075e-03
6.539015518192642026e-03
6.577969843043581476e-03
6.617417582472991285e-03
6.657340675807090283e-03
6.697727574960717599e-03
6.738507933213723662e-03
6.779580740405601741e-03
6.821026936432502720e-03
6.862777574810756745e-03
6.904842467319117008e-03
6.947344880690108776e-03
6.990259492761960111e-03
7.033423280462189515e-03
7.076882519692516936e-03
7.120781996759128867e-03
7.164986183414664457e-03
7.209241671420548413e-03
7.253788665528748160e-03
7.298684059538712229e-03
7.343862773974119650e-03
7.389371202518338518e-03
7.435038887373523336e-03
7.481043385034130168e-03
7.527586194969747117e-03
7.574494008278774559e-03
7.621735291380710500e-03
7.669424284847526849e-03
7.717387984928241428e-03
7.765695654142390839e-03
7.814270611291546792e-03
7.863093132277246267e-03
7.912280427099070354e-03
7.961919610051083895e-03
8.011821852250298678e-03
8.062141612785447484e-03
8.112748323824291521e-03
8.163455784196424828e-03
8.214411828642890004e-03
8.265669517376781836e-03
8.317078293038321357e-03
8.368907464803595000e-03
8.421165195662730363e-03
8.473694739249425928e-03
8.526515405490922225e-03
8.579622061565189001e-03
8.632952457768423155e-03
8.686545605477333579e-03
8.740293310808404728e-03
8.794366013872673485e-03
8.848738706320516054e-03
8.903545692498980590e-03
8.958553988351873609e-03
9.013692900842159780e-03
9.069123868364082144e-03
9.125030693710282914e-03
9.181264409669293025e-03
9.237697862316179842e-03
9.294267373667085275e-03
9.351018765507918343e-03
9.407878072488313689e-03
9.464956941907864268e-03
9.522254292417670768e-03
9.579831616400856162e-03
9.637673977379388607e-03
9.695641530148789086e-03
9.753949792835250182e-03
9.812565948670781343e-03
9.871080688715998253e-03
9.929873471719898037e-03
9.988936744255787550e-03
1.004825012118163233e-02
1.010795119660782594e-02
1.016772520812302995e-02
1.022779850110853810e-02
1.028801945874455344e-02
1.034829639093616874e-02
1.040877621660709143e-02
1.046949147140322119e-02
1.053052474804497783e-02
1.059192673537318920e-02
1.065359866790250264e-02
1.071550892397355251e-02
1.077764988349438381e-02
1.084007782462867962e-02
1.090271738614610221e-02
1.096554221046368814e-02
1.102856115223417761e-02
1.109186594953403583e-02
1.115547480850022193e-02
1.121942052579459614e-02
1.128380461076842339e-02
1.134867621449002148e-02
1.141378351817936426e-02
1.147905881024814841e-02
1.154459755331971489e-02
1.161030695916426443e-02
1.167635881934130961e-02
1.174285291682866314e-02
1.180963144277156172e-02
1.187667852450427323e-02
1.194404769910079739e-02
1.201158920353255326e-02
1.207947864053490923e-02
