1.300551899725729994e-02
1.313540881528992878e-02
1.327562643114459963e-02
1.342820857410165214e-02
1.359237469456585357e-02
1.376887706288679181e-02
1.395698465379983412e-02
1.415633744968646489e-02
1.437206247294887419e-02
1.460224921012896228e-02
1.484680185780986282e-02
1.510249062677735885e-02
1.537348439047574872e-02
1.565568880115063288e-02
1.595005132859322189e-02
1.625561950098480118e-02
1.657473803309204505e-02
1.690420496455734972e-02
1.724340544129529876e-02
1.759285714404644138e-02
1.794435017445740466e-02
1.830198808311217160e-02
1.865925791988721355e-02
1.900940910044485871e-02
1.934513392381594782e-02
1.965935079837210359e-02
1.994958888295877975e-02
2.021183215292120944e-02
2.044333262997933762e-02
2.063127795271798084e-02
2.077756138926477314e-02
2.087771659301330962e-02
2.094473349242885821e-02
2.097898734136055890e-02
2.098251047158184932e-02
2.096133671069055210e-02
2.091067322087596450e-02
2.083824477756018867e-02
2.074654137787014518e-02
2.063792412340990923e-02
2.051564124316361537e-02
2.038566371762031565e-02
2.024670631279543859e-02
2.009831869355289957e-02
1.994434208392133895e-02
1.978656154566401509e-02
1.962764479561217301e-02
1.946576698164110067e-02
1.930344913917267369e-02
1.914116466548487772e-02
1.898007241686663904e-02
1.881837456995688954e-02
1.865676036554504702e-02
1.849335534550900287e-02
1.832972822795583476e-02
1.816665079276864533e-02
1.800390345850049617e-02
1.784362434480186999e-02
1.768388758386953141e-02
1.752496023211057297e-02
1.736727677686979859e-02
1.721085744414055721e-02
1.705520619797056339e-02
1.690030797265898097e-02
1.674773979992226491e-02
1.659801222724063136e-02
1.645071865312586548e-02
1.630662533412573223e-02
1.616503822860474934e-02
1.602609623182372697e-02
1.589046409587282008e-02
1.575787571917173363e-02
1.562786796998357278e-02
1.550114685437930899e-02
1.537824331686673922e-02
1.525788958613977925e-02
1.514074453013413563e-02
1.502680981150579867e-02
1.491628693579820884e-02
1.480917055447137677e-02
1.470556086904789561e-02
1.460395117138136960e-02
1.450401938054878340e-02
1.440541291640573714e-02
1.430926902834533596e-02
1.421486831222081894e-02
1.412200226087397502e-02
1.403093989672717437e-02
1.394136519421081306e-02
1.385349089526897136e-02
1.376658193434425990e-02
1.368122575972815017e-02
1.359816118201023771e-02
1.351613951081313998e-02
1.343463442748759999e-02
1.335360585910876953e-02
1.327373585811374677e-02
1.319481279310052817e-02
1.311651350381845375e-02
1.303929787021245422e-02
1.296264081958890119e-02
1.288639649261464487e-02
1.281060715239997795e-02
1.273494466524908303e-02
1.265937039572088973e-02
1.258409102638415739e-02
1.250889596995563569e-02
1.243399189120059957e-02
1.235891724335894809e-02
1.228461963611719374e-02
1.221099154012378514e-02
1.213774546419571325e-02
1.206444430552320451e-02
1.199136205183387420e-02
1.191818912710015423e-02
1.184525942414984580e-02
1.177332443772450589e-02
1.170143969535311461e-02
1.163018670115972299e-02
1.155962461439246497e-02
1.148934041464527885e-02
1.141940730919966882e-02
1.135016714827214064e-02
1.128129048889014822e-02
1.121245707200224304e-02
1.114353798157794416e-02
1.107475400695577712e-02
1.100586125161812957e-02
1.093714079620342582e-02
1.086857358875994994e-02
1.079971340078534486e-02
1.073071087189628355e-02
1.066136829820401970e-02
1.059223226429574852e-02
1.052376816477648865e-02
1.045564329208848592e-02
1.038762572859005390e-02
1.031960756630705654e-02
1.025175739093286791e-02
1.018430718396561886e-02
1.011693474770954983e-02
1.004999761073050411e-02
9.982762392419179676e-03
9.915457768137878741e-03
9.848166493147805789e-03
9.781155066882910379e-03
9.714419615870587346e-03
9.648059175388547931e-03
9.581593795049072812e-03
9.515388011635298252e-03
9.449601650579278131e-03
9.384070882710307190e-03
9.319020832714327088e-03
9.254319809441052813e-03
9.189256655861141251e-03
9.124633323313775107e-03
9.060558044957782095e-03
8.997135028003594090e-03
8.934462843328399087e-03
8.871993101947472926e-03
8.809775741082628148e-03
8.747740527347993775e-03
8.686341170003655451e-03
8.625797877969847149e-03
8.566127451091863285e-03
8.507194180040316897e-03
8.448676847519027630e-03
8.390535906155955140e-03
8.332807437230489028e-03
8.275650154012860471e-03
8.219072754349245405e-03
8.163206819494252947e-03
8.107915256909944968e-03
8.053129801916155892e-03
7.999113702017605909e-03
7.945568600168229426e-03
7.892682391593986227e-03
7.840466369496451593e-03
7.788630694087739920e-03
7.737209134198399021e-03
7.686383281467973685e-03
7.636561266452760073e-03
7.587073488694817854e-03
7.538349708816871261e-03
7.490560234426298092e-03
7.443580278089008406e-03
7.397270285499567624e-03
7.351821341988262065e-03
7.306925640716156918e-03
7.262615635416965615e-03
7.218534487056394756e-03
7.175115963070593898e-03
7.132033144120593360e-03
7.089604123972570275e-03
7.047830226892774254e-03
7.006458288805922884e-03
6.965464116259590700e-03
6.925253660564787035e-03
6.885407331953355935e-03
6.845856369979179228e-03
6.806757693466791020e-03
6.768161616599671464e-03
6.730103464070906136e-03
6.692160421636440121e-03
6.654580162719405008e-03
6.617553567491357702e-03
6.580894620318535580e-03
6.544621840516885725e-03
6.508715932486393643e-03
6.472996700273601217e-03
6.437762954686928121e-03
6.402539851163766699e-03
6.367724436115940190e-03
6.333520727203796781e-03
6.299814516380807840e-03
6.266535825906503938e-03
6.233768411537503502e-03
6.201413996092333854e-03
6.169310195516093664e-03
6.137690374323283640e-03
6.106547474386456696e-03
6.075872403162919239e-03
6.045639545680577334e-03
6.016026425640710884e-03
5.986867580927991359e-03
5.958211760048796185e-03
5.929927239327508967e-03
5.902163068057477389e-03
5.875056868728843230e-03
5.848554840029364377e-03
5.822573652799711147e-03
5.797069660020985962e-03
5.772025362062527601e-03
5.747167880263189671e-03
5.722722975828083668e-03
5.698775858195070237e-03
5.675125034648275182e-03
5.651982399304335963e-03
5.629251006859467034e-03
5.607104549614574246e-03
5.585290819570295877e-03
5.563870483519445242e-03
5.542794196895819286e-03
5.522089732022770515e-03
5.501918408177819408e-03
5.482116370411582035e-03
5.462814691659681650e-03
5.443817634659483054e-03
5.425143628529019955e-03
5.406858558177190729e-03
5.388739346353041762e-03
5.371018997534384928e-03
5.353609174690261881e-03
5.336611551404515583e-03
5.320086318140966608e-03
5.303844920066238741e-03
5.287997362245670969e-03
5.272582669439429721e-03
5.257544732961865960e-03
5.242703930870892121e-03
5.228054811559853382e-03
5.213609133704959556e-03
5.199452459450720765e-03
5.185368831412735628e-03
5.171655812031334364e-03
5.158216370880251180e-03
5.144980548468619866e-03
5.131943941797155809e-03
5.119116620235761132e-03
5.106548160279795329e-03
5.094050289638685572e-03
5.081916171596944677e-03
5.070109836068028772e-03
5.058414529019960443e-03
5.047140236035937630e-03
5.036268278996228892e-03
5.025676563964368015e-03
5.015412287331574674e-03
5.005546568186465366e-03
4.995909813003351040e-03
4.986451039642087607e-03
4.977221097028970351e-03
4.968149003897957307e-03
4.959448423111635987e-03
4.950783758754325262e-03
4.942321777808396203e-03
4.934023493999820272e-03
4.925973690330459620e-03
4.918072842887660605e-03
4.910325277602347466e-03
4.902853094502196418e-03
4.895623627985857748e-03
4.888533279342513124e-03
4.881830769274608621e-03
4.875401063359516111e-03
4.869055096406466748e-03
4.862856613364785648e-03
4.857041457770891815e-03
4.851506022314211464e-03
4.846331911793298579e-03
4.841265398481700739e-03
4.836508124791435645e-03
4.831871287275205096e-03
4.827318411230252689e-03
4.823044559402918374e-03
4.819073822753771469e-03
4.815315746081644949e-03
4.811796066515653357e-03
4.808450739743354817e-03
4.805363694592301206e-03
4.802391426023923209e-03
4.799502700755992057e-03
4.796656188636723266e-03
4.793989834238719140e-03
4.791306882106831540e-03
4.788811725083758249e-03
4.786521502538694864e-03
4.784573041439795470e-03
4.782884238388001447e-03
4.781259497103819422e-03
4.779852043276668072e-03
4.778697573170152986e-03
4.777670079600475003e-03
4.776995027786392137e-03
4.776323077016321125e-03
4.775791553612171447e-03
4.775536492535849276e-03
4.775410684527671423e-03
4.775471003500527008e-03
4.775847616421591453e-03
4.776287945665023439e-03
4.777032388330878371e-03
4.777936510093965319e-03
4.778924670535669890e-03
4.780054204275213658e-03
4.781198340203875012e-03
4.782464528950780037e-03
4.783797437678527324e-03
4.785109456723540128e-03
4.786621104175156800e-03
4.788269559418775571e-03
4.789968453183720068e-03
4.791783627706118834e-03
4.793777496701052618e-03
4.795780142116166413e-03
4.798103119124716778e-03
4.800455564205878545e-03
4.802924308379030727e-03
4.805546267362362234e-03
4.808124407885902563e-03
4.810977893508587566e-03
4.813972792755478146e-03
4.817173758662547829e-03
4.820458984410540618e-03
4.823858512122043869e-03
4.827377135878457674e-03
4.831127654446534456e-03
4.834975389489516197e-03
4.838926412939191860e-03
4.843005652632267725e-03
4.847068098757425364e-03
4.851182919789321854e-03
4.855329805707688309e-03
4.859531552397452700e-03
4.863891840592259388e-03
4.868244487161410040e-03
4.872613937810530219e-03
4.877118946877227398e-03
4.881607283567014101e-03
4.886051644095647239e-03
4.890304463612479835e-03
4.894668457221760909e-03
4.899191874961482396e-03
4.903728630574421231e-03
4.908385295799675904e-03
4.913022090352303292e-03
4.917641711959453571e-03
4.922262174830128838e-03
4.926830521119600695e-03
4.931452577017757591e-03
4.936131605333064776e-03
4.940714440571818307e-03
4.945234136490269349e-03
4.949680900305663926e-03
4.954077690417200280e-03
4.958630113972089040e-03
4.963226452735733721e-03
4.967849991699634614e-03
4.972504822671007692e-03
4.977129054989331940e-03
4.981679859352858980e-03
4.986256481736735247e-03
4.990800458159545122e-03
4.995428905523082407e-03
4.999786924449703407e-03
5.004080887713646675e-03
5.008260110027621184e-03
5.012373701533849764e-03
5.016219527261257805e-03
5.019895017701469543e-03
5.023422485648321514e-03
5.026703550629337686e-03
5.029990962082299920e-03
5.033215124236065617e-03
5.036250642539891881e-03
5.039179233536819624e-03
5.041953723821357945e-03
5.044611822870237287e-03
5.046982051159509125e-03
5.049160270242324632e-03
5.051192629365711811e-03
5.053291645697044997e-03
5.055227467772105583e-03
5.056884746190211388e-03
5.058258647226927807e-03
5.059299088406590816e-03
5.060137858971946664e-03
5.060654270442995623e-03
5.060742848794724628e-03
5.060390514247812416e-03
5.059668033183369051e-03
5.058787231140043222e-03
5.057677290170794517e-03
5.056255166660086724e-03
5.054469552632790026e-03
5.052283422574984847e-03
5.049713667116693429e-03
5.046845784684105343e-03
5.044007312326826385e-03
5.040783194069218230e-03
5.037547397150275198e-03
5.033957453003278480e-03
5.030201420901128824e-03
5.026150865855298112e-03
5.021709966260661830e-03
5.017009586287001811e-03
5.011952528847040886e-03
5.006692309666473974e-03
5.001121456829120404e-03
4.995204819426187111e-03
4.988817092021298125e-03
4.982233105849041312e-03
4.975172189909841253e-03
4.967699875213013073e-03
4.959830230180743531e-03
4.951447505399323400e-03
4.942693867401375292e-03
4.933736728970667881e-03
4.924559146401313176e-03
4.915000033215733213e-03
4.905040434636701897e-03
4.894617372715445724e-03
4.883925429821236661e-03
4.872878769014176749e-03
4.861419316187447388e-03
4.849685766946233365e-03
4.837678469071455059e-03
4.825307342392013213e-03
4.812645930982567891e-03
4.799741155503395480e-03
4.786475763932562279e-03
4.772775195103174002e-03
4.758755732341289103e-03
4.744291491294023132e-03
4.729495444360144393e-03
4.714345392893755718e-03
4.698892344399731476e-03
4.683211504000982933e-03
4.667239659649479247e-03
4.650947582249550551e-03
4.634528145146666993e-03
4.617880938935188702e-03
4.601081419733095423e-03
4.583908438060076314e-03
4.566366230567330507e-03
4.548524481140462511e-03
4.530343229745073703e-03
4.511802086589025533e-03
4.492919222758439898e-03
4.473685889485930905e-03
4.454120008545785388e-03
4.434295076608913214e-03
4.414208481693276606e-03
4.393854008469123829e-03
4.373179044624263094e-03
4.352263183250193110e-03
4.331231915803619194e-03
4.309940750670685286e-03
4.288438791352482994e-03
4.266829135592546500e-03
4.244958536799178957e-03
4.222798860528246580e-03
4.200448810211263387e-03
4.177904462600809735e-03
4.155116798048986634e-03
4.132120236004727457e-03
4.108733191174282831e-03
4.085039837159947645e-03
4.061135857861161019e-03
4.037063804872731421e-03
