3.618746731156144685e-03
3.623048804947230639e-03
3.627615534159656444e-03
3.632625551815159108e-03
3.638340232085695604e-03
3.644520527411615734e-03
3.651360437760880259e-03
3.658783344569887467e-03
3.666713273604675204e-03
3.675208878217168379e-03
3.684329350970134108e-03
3.694211788437185961e-03
3.705134233518476376e-03
3.717063583840471679e-03
3.729947289942144896e-03
3.744332839323395463e-03
3.760473941323878508e-03
3.778737103848425413e-03
3.798855244903364802e-03
3.820761177104608532e-03
3.844887946003128654e-03
3.871209234590285153e-03
3.899691745134651298e-03
3.930671248189491693e-03
3.964118457888217775e-03
4.000564637417027870e-03
4.039811039166440847e-03
4.081709858830966618e-03
4.125751933429105262e-03
4.171859174628356030e-03
4.219674356082759280e-03
4.268887446245293177e-03
4.319292868161348983e-03
4.370817471226799700e-03
4.423044116212459902e-03
4.475994752549343654e-03
4.529296885173277054e-03
4.582958001540599936e-03
4.636834811030068025e-03
4.690825677545331501e-03
4.744918687631738755e-03
4.799170765410902366e-03
4.853509006178167128e-03
4.907940150686766409e-03
4.962423727869928920e-03
5.016725972792553633e-03
5.070869137146810819e-03
5.124757839857827131e-03
5.178486493666641793e-03
5.231722965641040501e-03
5.284335024321728906e-03
5.336311800523797257e-03
5.387154639302105079e-03
5.436786277022169836e-03
5.485025206957544128e-03
5.531845983989877071e-03
5.577137406349443917e-03
5.620230395356094581e-03
5.661087028188547393e-03
5.700223452367100298e-03
5.737535198611810362e-03
5.773109999033273869e-03
5.807213777314288762e-03
5.840061714544951543e-03
5.871636516280784139e-03
5.902392507999426607e-03
5.932203618027459546e-03
5.961109348246766519e-03
5.989245539872567470e-03
6.016901273031752435e-03
6.044269073119055632e-03
6.071167309236622130e-03
6.097378485621790696e-03
6.123261830105503067e-03
6.148949588971855569e-03
6.174229195456399158e-03
6.199329763268810085e-03
6.224136355421725809e-03
6.248722698325401802e-03
6.273218304845739474e-03
6.297674972277445687e-03
6.322141347178973809e-03
6.346523303229870648e-03
6.370875887897058630e-03
6.395146864605105383e-03
6.419407866722435380e-03
6.443610121926894585e-03
6.467932838634550714e-03
6.492270617666287547e-03
6.516514944905874192e-03
6.540767351632850723e-03
6.564995515395314653e-03
6.589181463322111090e-03
6.613278949703349160e-03
6.637324157478108680e-03
6.661242914476422916e-03
6.685038748286398907e-03
6.708846395126748241e-03
6.732535524296888452e-03
6.756333066005940080e-03
6.780090854992036273e-03
6.803834833059166712e-03
6.827556736288474884e-03
6.851365950988465812e-03
6.875015325898264917e-03
6.898716332696462443e-03
6.922434273147485412e-03
6.946103627217752909e-03
6.969797583644067769e-03
6.993380347415163040e-03
7.017012059539160483e-03
7.040674355770240762e-03
7.064227044913140227e-03
7.087772896008206862e-03
7.111354929191299711e-03
7.134870681142348008e-03
7.158329959178933062e-03
7.181873563273894617e-03
7.205311403499712643e-03
7.228701363087514618e-03
7.252035554201604305e-03
7.275280106681185008e-03
7.298485047904817655e-03
7.321639362471161171e-03
7.344650418481748697e-03
7.367484303936909160e-03
7.390278630269993439e-03
7.413020439976233597e-03
7.435711314120321998e-03
7.458347103076613804e-03
7.480949093305671975e-03
7.503475891995188551e-03
7.525948161811175756e-03
7.548369506167837764e-03
7.570663913631949654e-03
7.592944103593286635e-03
7.615038430314242761e-03
7.636972977203076822e-03
7.658887736363508870e-03
7.680675001768057578e-03
7.702261122475669540e-03
7.723621082792969487e-03
7.744903787876504520e-03
7.766051657195557033e-03
7.787062817636913881e-03
7.807857108965307776e-03
7.828363961381748157e-03
7.848705666318558580e-03
7.868810800507641465e-03
7.888772357929429643e-03
7.908587469985531304e-03
7.928295585408183868e-03
7.947852029421914599e-03
7.967326110811932816e-03
7.986645320695685835e-03
8.005923276433899935e-03
8.025079971694670106e-03
8.044198064691709255e-03
8.063304281158823958e-03
8.082165796904150837e-03
8.100866539226460328e-03
8.119485978156865472e-03
8.137960114521327823e-03
8.156373357067652971e-03
8.174524633383519964e-03
8.192484587501720761e-03
8.210273058433479113e-03
8.227942392347916550e-03
8.245450933155299214e-03
8.262794366427643825e-03
8.279897338074247021e-03
8.296933621081399243e-03
8.313849766095384938e-03
8.330584342695296005e-03
8.347165120088534743e-03
8.363421396382958797e-03
8.379496017126439322e-03
8.395283976683336549e-03
8.410898789409480478e-03
8.426353865762124459e-03
8.441711831672317132e-03
8.457097518472057179e-03
8.472471664331369945e-03
8.487774484793708663e-03
8.502848989093043930e-03
8.517668911036849200e-03
8.532471655103011574e-03
8.547273609391793300e-03
8.561982279463548756e-03
8.576550955729480424e-03
8.591031928381370752e-03
8.605393553943064405e-03
8.619618242407535783e-03
8.633680041483625042e-03
8.647606014883079534e-03
8.661335522264354200e-03
8.674908581577015984e-03
8.688385838872903291e-03
8.701804948095396078e-03
8.715107614295780625e-03
8.728295969115272904e-03
8.741394150070145100e-03
8.754388819564284593e-03
8.767206724647551644e-03
8.779801401218818857e-03
8.792216965845017079e-03
8.804480431559047124e-03
8.816639169300411610e-03
8.828677188218520683e-03
8.840502252868439811e-03
8.852163470612755061e-03
8.863684748524490800e-03
8.875058552037394868e-03
8.886345761874366034e-03
8.897618504795066358e-03
8.908921864602122737e-03
8.920117952775729817e-03
8.931116135827629754e-03
8.942022774160359941e-03
8.952891128825244890e-03
8.963717025543549433e-03
8.974463185054938619e-03
8.985185599028692668e-03
8.995716718532643930e-03
9.006050209534632520e-03
9.016252485152498677e-03
9.026492555659133832e-03
9.036693751592462034e-03
9.046797700640291096e-03
9.056740849607919364e-03
9.066554817867479577e-03
9.076192688228099797e-03
9.085837608658614215e-03
9.095499339751039747e-03
9.105079400812345417e-03
9.114555522635139906e-03
9.123970830007372204e-03
9.133312898924822801e-03
9.142625040089391586e-03
9.151901934034161260e-03
9.161097978418013266e-03
9.170474362185291814e-03
9.179867280324173137e-03
9.189272867131345959e-03
9.198625420365480476e-03
9.207927726155166678e-03
9.217095414763776945e-03
9.226278788941952649e-03
9.235591750686536830e-03
9.244969328069670839e-03
9.254334028358837325e-03
9.263748633419997477e-03
9.273091028208469214e-03
9.282367689623536797e-03
9.291480443570957273e-03
9.300308702619107179e-03
9.308908228323461986e-03
9.317422849335616278e-03
9.325883286260603852e-03
9.334299505535504846e-03
9.342763727396109080e-03
9.351076798143290875e-03
9.359402252318668736e-03
9.367628284261634436e-03
9.375794320467227203e-03
9.383848950513059076e-03
9.391844759604387957e-03
9.399746442430171114e-03
9.407458099349596745e-03
9.414996360271854145e-03
9.422479295158256440e-03
9.429996498608171629e-03
9.437540543617492506e-03
9.445056360674273718e-03
9.452471748290891540e-03
9.459633669859260352e-03
9.466665441562126249e-03
9.473606856561199441e-03
9.480410376232041927e-03
9.487129089383787225e-03
9.493752379813960932e-03
9.500212811932919402e-03
9.506567678423226073e-03
9.513035011540504210e-03
9.519474145256704226e-03
9.525763902991757348e-03
9.531930614355385231e-03
9.537926833954653988e-03
9.543940059683538382e-03
9.550019146059459535e-03
9.556027993092118880e-03
9.562048403906371966e-03
9.568062228666903563e-03
9.574066495495898652e-03
9.579998585545267814e-03
9.585785350407150657e-03
9.591548132589538395e-03
9.597400060674079331e-03
9.603279994449005069e-03
9.609228483030902643e-03
9.615260164205568019e-03
9.621396201305379425e-03
9.627527833243955044e-03
9.633555779887316428e-03
9.639551810717491079e-03
9.645600479243695777e-03
9.651551087002996354e-03
9.657644031050904854e-03
9.663862065096081796e-03
9.670088226424893019e-03
9.676333446294224302e-03
9.682507588944679403e-03
9.688651531395411562e-03
9.694799339494549265e-03
9.700940212882680144e-03
9.707092655982326249e-03
9.713232889598069283e-03
9.719235009906145029e-03
9.725246269976645097e-03
9.731233247028224856e-03
9.737192706839056452e-03
9.743007229981920370e-03
9.748702435903807556e-03
9.754492838331836266e-03
9.760282262762457958e-03
9.766096940742098956e-03
9.772057668018242077e-03
9.778008110398686212e-03
9.783950738683077838e-03
9.789823874464578454e-03
9.795689893684220162e-03
9.801547705236876573e-03
9.807258229238061814e-03
9.812914138683877588e-03
9.818497299881562973e-03
9.824118829193533020e-03
9.829785297189834112e-03
9.835414241097009333e-03
9.840833934519567852e-03
9.846197834650604816e-03
9.851511365279690471e-03
9.856738100011617348e-03
9.861819075683640745e-03
9.866828722993730219e-03
9.871666376622716815e-03
9.876318161108855673e-03
9.880956614587679127e-03
9.885468261247826877e-03
9.889961184078447862e-03
9.894422843386988659e-03
9.898949144085303353e-03
9.903414971358314237e-03
9.907725559717153740e-03
9.911906449653038603e-03
9.916062605896150753e-03
9.920052325121841291e-03
9.924018910964236065e-03
9.928031294121291914e-03
9.932070316122369041e-03
9.935988776937210512e-03
9.939840159604760098e-03
9.943542107760666368e-03
9.947129306380543198e-03
9.950574328490188400e-03
9.953807925372277349e-03
9.956852116793252563e-03
9.959762736895189442e-03
9.962569955130081908e-03
9.965169144114265076e-03
9.967637321308217557e-03
9.969991687979818176e-03
9.972178916915219044e-03
9.974209844931854890e-03
9.976143780555354543e-03
9.977966700734875946e-03
9.979558689437423302e-03
9.980820573157748316e-03
9.981785864614298523e-03
9.982593209379891572e-03
9.983240791361881403e-03
9.983617385812106407e-03
9.983760968152429263e-03
9.983768138522815250e-03
9.983637038332862992e-03
9.983450500975977332e-03
9.983093171405497609e-03
9.982528964086754067e-03
9.981847550049188778e-03
9.980977351215378213e-03
9.979907933123890323e-03
9.978636346628263348e-03
9.977258155779811927e-03
9.975692374245134428e-03
9.973987245650165270e-03
9.972022615776825888e-03
9.969857182588699740e-03
9.967486845546696256e-03
9.964857897373072260e-03
9.962014858583046611e-03
9.959055180479610067e-03
9.955863226784190945e-03
9.952396710584454631e-03
9.948786920070749884e-03
9.944899309770100296e-03
9.940930046129954623e-03
9.936792921413289265e-03
9.932484274883345357e-03
9.927979541850045705e-03
9.923266063912644305e-03
9.918276142368794013e-03
9.913153185724334418e-03
9.907816566515785517e-03
9.902303734488660317e-03
9.896591361560645728e-03
9.890704349878147450e-03
9.884622749106692502e-03
9.878355195953895593e-03
9.871930804785395558e-03
9.865349315343630368e-03
9.858622885719869888e-03
9.851705851034314732e-03
9.844671579211646678e-03
9.837441770062025151e-03
9.830065986288955698e-03
9.822455742297763956e-03
9.814706880406712242e-03
9.806859808841899076e-03
9.798837993541071809e-03
9.790588269594462448e-03
9.782257227129165233e-03
9.773732298599768428e-03
9.764943863351242814e-03
9.756048396905525610e-03
9.747005698364064052e-03
9.737797043018820570e-03
9.728460329532147635e-03
9.718936214457780595e-03
9.709129548399492854e-03
9.699089851233598514e-03
9.688974286901727573e-03
9.678760139091564449e-03
9.668417031902073328e-03
9.657918973728928796e-03
9.647286174670009068e-03
9.636578265333402629e-03
9.625722894885375622e-03
9.614906557141833857e-03
9.603925270900391664e-03
9.592828158458249418e-03
9.581566614409489993e-03
9.570227290740923251e-03
9.558781472093595688e-03
9.547182161607074488e-03
9.535455164367762429e-03
9.523485114841828691e-03
9.511407237313272700e-03
9.499239230284678079e-03
9.486883621753244150e-03
9.474447261394746550e-03
9.461795361817468622e-03
9.448855734766292008e-03
9.435681946024497904e-03
9.422390189392870416e-03
9.408901701873337992e-03
9.395231692500574661e-03
9.381391232104194580e-03
9.367342186856622913e-03
9.353095125246452604e-03
9.338755783607136443e-03
9.324244622395734539e-03
9.309462388382525044e-03
9.294514843871814688e-03
9.279395265213794680e-03
9.264070833819993203e-03
9.248513244264578922e-03
9.232767430564814068e-03
9.216776456217636027e-03
9.200535332349117981e-03
9.184077337885157913e-03
9.167559369152328969e-03
9.150944149031654470e-03
9.134227659618564601e-03
9.117245205974110547e-03
9.100066794252974559e-03
9.082818024590192177e-03
9.065421552226690313e-03
9.047888167309243307e-03
9.030170540188155182e-03
9.012276815552472398e-03
8.994227844315687281e-03
8.976052802393800698e-03
8.957762255584979585e-03
8.939304641979360644e-03
8.920608649357571196e-03
8.901689131233665384e-03
8.882587401409267752e-03
8.863341264107277989e-03
8.843903614740397656e-03
8.824301481331044139e-03
8.804588742053934269e-03
