1.592811459937806817e-02
1.604472196153527985e-02
1.615742729841633182e-02
1.626560334764828863e-02
1.636833536813886436e-02
1.646492055012551553e-02
1.655624343559891978e-02
1.664220025473504144e-02
1.672144934748532458e-02
1.679338051896464221e-02
1.685860286905462024e-02
1.691695196477593921e-02
1.696824291954036890e-02
1.701305588190921148e-02
1.705154561912102656e-02
1.708518456878281924e-02
1.711413196797443789e-02
1.713656000287758566e-02
1.715169846193511510e-02
1.715832824181233798e-02
1.715591275735775870e-02
1.714377741789395102e-02
1.712314978526364995e-02
1.709035217027986969e-02
1.704774716498915973e-02
1.699719250635053913e-02
1.693823763636155555e-02
1.687263710334416938e-02
1.679960080640804237e-02
1.671944108175237031e-02
1.663111318732619220e-02
1.653661024796694926e-02
1.643878111850809176e-02
1.633604409069495250e-02
1.623090021274641026e-02
1.612346798783734561e-02
1.601506008675549278e-02
1.590605336772275488e-02
1.579714397392734115e-02
1.568823536936023860e-02
1.558074097984585814e-02
1.547433098794806679e-02
1.536940011829592001e-02
1.526587557717855488e-02
1.516344117834186184e-02
1.506305682135382525e-02
1.496526373619474354e-02
1.487096703590955887e-02
1.477967786658378017e-02
1.469153388755685408e-02
1.460683316423828058e-02
1.452556163459348820e-02
1.444706650934771304e-02
1.437212691206771718e-02
1.430100779620824790e-02
1.423305258437433836e-02
1.416815608397315254e-02
1.410612596592866752e-02
1.404641056448138227e-02
1.398912915929614864e-02
1.393376593690465529e-02
1.388054043817793515e-02
1.382901332913272913e-02
1.377899091192492063e-02
1.373034388971882888e-02
1.368354886768677510e-02
1.363825171907341420e-02
1.359430339382349320e-02
1.355190981244263314e-02
1.351078242089202332e-02
1.347100461634666291e-02
1.343249767473728672e-02
1.339484373860060258e-02
1.335805668812033165e-02
1.332255774686738788e-02
1.328808707402055929e-02
1.325440207208502218e-02
1.322181715448868082e-02
1.319010722907767302e-02
1.315886233034240481e-02
1.312855146777783255e-02
1.309910656788873702e-02
1.307038333696409170e-02
1.304258952379144278e-02
1.301549305626283071e-02
1.298879186012378249e-02
1.296305950296074150e-02
1.293774100946044198e-02
1.291281179242107120e-02
1.288861583217686298e-02
1.286438242570116068e-02
1.284057297473208993e-02
1.281725730703261665e-02
1.279418280025014856e-02
1.277141348049045701e-02
1.274897403214013923e-02
1.272670170648163880e-02
1.270476105668494685e-02
1.268298159504876142e-02
1.266166468335874935e-02
1.264039031345779579e-02
1.261935875211286397e-02
1.259856267170089868e-02
1.257780816748948864e-02
1.255722365846665550e-02
1.253674870810435674e-02
1.251639982804284186e-02
1.249583270719016072e-02
1.247534502869565749e-02
1.245507203029549460e-02
1.243476598588347595e-02
1.241421999454067789e-02
1.239366714777208681e-02
1.237331801546938045e-02
1.235300411259672611e-02
1.233293834257880028e-02
1.231294843467545599e-02
1.229261869013360126e-02
1.227218558863832701e-02
1.225161758280011830e-02
1.223093717710141068e-02
1.221016419394416533e-02
1.218920953848940184e-02
1.216786569343604463e-02
1.214675041931263973e-02
1.212566452244796637e-02
1.210477302809946816e-02
1.208358821183753810e-02
1.206261195566394467e-02
1.204173364638086788e-02
1.202068658279970177e-02
1.199974135921078738e-02
1.197853392865310708e-02
1.195681995210242862e-02
1.193495084535272505e-02
1.191303734020020266e-02
1.189087214665735491e-02
1.186856396936654574e-02
1.184615490306681340e-02
1.182329937513081942e-02
1.180009065066809325e-02
1.177653477028961157e-02
1.175258101495762000e-02
1.172843112579268626e-02
1.170388921713996257e-02
1.167900073106804132e-02
1.165375592054685057e-02
1.162803133432323104e-02
1.160189289025697484e-02
1.157570149223232508e-02
1.154941799268005553e-02
1.152261047583595654e-02
1.149547797811858139e-02
1.146784700524780022e-02
1.143968493498134960e-02
1.141128118536922052e-02
1.138235803040497408e-02
1.135305656504751251e-02
1.132352398614253942e-02
1.129371858988642389e-02
1.126344528128021133e-02
1.123294442674154826e-02
1.120208828680722794e-02
1.117089023586082842e-02
1.113955688678093872e-02
1.110763642277504994e-02
1.107561808940684712e-02
1.104340360990660984e-02
1.101085089879931360e-02
1.097789615564555635e-02
1.094474581981888343e-02
1.091124280743153985e-02
1.087748912440369801e-02
1.084341577129424583e-02
1.080906253390741083e-02
1.077445854231214376e-02
1.073958878261203204e-02
1.070452871555398547e-02
1.066923479675335219e-02
1.063374332390413894e-02
1.059768929972087874e-02
1.056145737972009023e-02
1.052528436566932575e-02
1.048898327810323869e-02
1.045262314578309336e-02
1.041605807875147817e-02
1.037958941430569375e-02
1.034289274941013921e-02
1.030601216444826732e-02
1.026916704589358673e-02
1.023224433456643677e-02
1.019522296937063442e-02
1.015824647191976987e-02
1.012124807494803845e-02
1.008439393808446133e-02
1.004743868215306375e-02
1.001029857230289512e-02
9.973015228330397997e-03
9.935700807518457051e-03
9.898314878799788219e-03
9.860846614032211729e-03
9.823333516659957937e-03
9.785864551173599837e-03
9.748362634773719698e-03
9.710888897459458297e-03
9.673224195554554553e-03
9.635509740859278874e-03
9.597888847000798224e-03
9.560280387414086048e-03
9.522584986427549622e-03
9.484972744430924391e-03
9.447396750712312025e-03
9.409731621523790071e-03
9.372039282242361838e-03
9.334442267179984820e-03
9.296770889613689345e-03
9.259201411338837881e-03
9.221541188389720256e-03
9.183822878807741327e-03
9.146123378490057798e-03
9.108471335095716728e-03
9.070850386989457934e-03
9.033209482399174803e-03
8.995412053310173489e-03
8.957659030530551805e-03
8.919921269495997493e-03
8.882104759135114186e-03
8.844275850521230234e-03
8.806606810111774347e-03
8.769039416972197395e-03
8.731493278749313455e-03
8.694032291639734039e-03
8.656614188058258177e-03
8.619209516402539725e-03
8.581754411553132317e-03
8.544514320301111604e-03
8.507318037974023056e-03
8.470013544395806407e-03
8.432482145975290708e-03
8.395092754623093012e-03
8.357832980541836029e-03
8.320669779257052270e-03
8.283493162189068879e-03
8.246241187269255299e-03
8.208987198922265000e-03
8.171927222705106797e-03
8.134909134997581753e-03
8.097954078706795511e-03
8.060949986981131785e-03
8.024076530825307099e-03
7.987139222947260350e-03
7.950253484446393598e-03
7.913363655344536965e-03
7.876496044661422322e-03
7.839649289723589487e-03
7.802862395672388769e-03
7.766144007341623835e-03
7.729374267887647622e-03
7.692716772908328102e-03
7.656032854099456206e-03
7.619285411910182992e-03
7.582483314644411325e-03
7.545766450357775136e-03
7.509030346942611664e-03
7.472347933893951598e-03
7.435551365289469125e-03
7.398799345532050195e-03
7.362093370773242079e-03
7.325376680650527023e-03
7.288627276811054760e-03
7.251962464091874991e-03
7.215313088654353064e-03
7.178745027288099996e-03
7.142207442631512415e-03
7.105801343060586146e-03
7.069473819256041208e-03
7.033130443020591850e-03
6.996830168512307296e-03
6.960519769490671783e-03
6.924205564064913818e-03
6.887856773813279439e-03
6.851656199145498942e-03
6.815429773214805136e-03
6.779262650428903754e-03
6.743204511321005540e-03
6.707241581512520499e-03
6.671289582823657777e-03
6.635433933818058946e-03
6.599653635416609550e-03
6.563985421574171884e-03
6.528472993269185225e-03
6.493105363432141904e-03
6.457901653471691955e-03
6.422830577820726194e-03
6.387889879019421381e-03
6.353101143071620410e-03
6.318416678163297530e-03
6.283803398200732936e-03
6.249293913538899424e-03
6.214934593510042411e-03
6.180727036529357239e-03
6.146622649599827945e-03
6.112693782319804196e-03
6.078904437938679670e-03
6.045130237582747000e-03
6.011562795251157269e-03
5.978036548754245109e-03
5.944742780345127313e-03
5.911664442384750862e-03
5.878643136602306092e-03
5.845775768418802650e-03
5.813065669735017517e-03
5.780563901876816998e-03
5.748253862827589801e-03
5.715995672959875082e-03
5.684012144428531206e-03
5.652226664627309563e-03
5.620661843349614856e-03
5.589306476562276235e-03
5.558105048197479678e-03
5.527110258791936674e-03
5.496252236492631983e-03
5.465559185971690347e-03
5.435104048227086017e-03
5.404785031282440672e-03
5.374696345492870411e-03
5.344776416705540600e-03
5.314972722528395893e-03
5.285301082846419023e-03
5.255819630235615547e-03
5.226527900103293024e-03
5.197341516933879670e-03
5.168415401649670976e-03
5.139691961173762161e-03
5.111103088902221175e-03
5.082719767779208565e-03
5.054599246726691059e-03
5.026582892912611830e-03
4.998739231837530383e-03
4.971002493628826589e-03
4.943523929467345986e-03
4.916261164768534649e-03
4.889197387497811256e-03
4.862304066549238794e-03
4.835541272702398481e-03
4.808928225031160880e-03
4.782420688411382487e-03
4.756023066727719552e-03
4.729802103416487144e-03
4.703663426010658462e-03
4.677659814208618740e-03
4.651708896587844824e-03
4.625903360694723007e-03
4.600165251757185221e-03
4.574530356274516228e-03
4.549048941759560941e-03
4.523697459871942744e-03
4.498442706784341188e-03
4.473314472090765721e-03
4.448241392604717313e-03
4.423332736695222492e-03
4.398469061981550438e-03
4.373732847983710127e-03
4.349056353309409088e-03
4.324423377831326104e-03
4.299861424555666105e-03
4.275329639977041435e-03
4.250900415079698208e-03
4.226461854499244733e-03
4.202063460459515808e-03
4.177731504575078400e-03
4.153482072561503688e-03
4.129349686911884185e-03
4.105309570145378520e-03
4.081317625996786630e-03
4.057447397227333975e-03
4.033701074708794486e-03
4.010056791397592114e-03
3.986458879408999630e-03
3.962916164356994515e-03
3.939396474961426482e-03
3.915962048551482541e-03
3.892551138992947097e-03
3.869224284157827577e-03
3.845957251266793504e-03
3.822778864984232444e-03
3.799628497322581760e-03
3.776514955556993687e-03
3.753450779599646746e-03
3.730523465695879341e-03
3.707677293868272533e-03
3.684904493300944495e-03
3.662178258576792231e-03
3.639508463903436131e-03
3.616892739962461120e-03
3.594376920375567681e-03
3.571958224106761004e-03
3.549634976283320975e-03
3.527405701824131313e-03
3.505249040268175725e-03
3.483126247623900135e-03
3.461051700431219246e-03
3.439048468615065694e-03
3.417099159008781233e-03
3.395239955011297456e-03
3.373442242291909993e-03
3.351746674200643730e-03
3.330167802457109638e-03
3.308696752800030939e-03
3.287289819824118844e-03
3.265874035105524164e-03
3.244488916819690278e-03
3.223185849026959787e-03
3.201957327744087579e-03
3.180768923016290186e-03
3.159625381050652076e-03
3.138521148937731525e-03
3.117458804346123161e-03
3.096469626240409487e-03
3.075497280416106954e-03
3.054617407295299840e-03
3.033798590859520909e-03
3.013043180399980949e-03
2.992347984748532953e-03
2.971689242554417971e-03
2.951093676970838013e-03
2.930584238789001560e-03
2.910164860828749235e-03
2.889802009644360306e-03
2.869525720235155744e-03
2.849288762291302297e-03
2.829123480700940652e-03
2.808958771375230472e-03
2.788862017920948171e-03
2.768799219876922398e-03
2.748850476175157195e-03
2.728903727774509465e-03
2.709018601844555632e-03
2.689166435249434797e-03
2.669343255567879162e-03
2.649619408277739934e-03
2.629950902891494031e-03
2.610368053279382271e-03
2.590832987388182011e-03
2.571386579608399628e-03
2.552054001664413180e-03
2.532766130616307797e-03
2.513542179937474762e-03
2.494370664719730308e-03
2.475310914240004979e-03
2.456288319840967127e-03
2.437353873837675572e-03
2.418526419612049803e-03
2.399768000890914986e-03
2.381133894788307805e-03
2.362608219052143160e-03
2.344174874933383206e-03
2.325833288266232306e-03
2.307560045664018740e-03
2.289377636039704837e-03
2.271290924648306734e-03
2.253279516229531303e-03
2.235346223678962973e-03
2.217515426946368648e-03
2.199782853126927128e-03
2.182166977383061344e-03
2.164615740712609246e-03
2.147137836548630632e-03
2.129757462461561585e-03
2.112478964356343577e-03
2.095272746682529628e-03
2.078131015369553275e-03
2.061084907788020022e-03
2.044133048273898828e-03
2.027269577904063959e-03
2.010491229033972878e-03
1.993813370226167093e-03
1.977244334541571925e-03
1.960752595167804431e-03
1.944362701430521565e-03
1.928071473746023482e-03
1.911876670504494878e-03
1.895782240986621002e-03
1.879803614563210420e-03
1.863957394485416192e-03
1.848239455485558343e-03
1.832615737686598117e-03
1.817102602937415183e-03
1.801703631415544184e-03
1.786440456905633370e-03
1.771287772490241991e-03
1.756237893964883142e-03
1.741288045682134848e-03
1.726464173340074319e-03
1.711755352238011028e-03
1.697177781420146706e-03
1.682721067331789319e-03
1.668358996546132284e-03
1.654110456775359592e-03
1.639977219296273343e-03
