7.266492847918109253e-03
7.310879556408653689e-03
7.355165677267950369e-03
7.399139392895861568e-03
7.442461772025002129e-03
7.485404380987082350e-03
7.527781283124928766e-03
7.569242253920574134e-03
7.610044579444286660e-03
7.650353812146140631e-03
7.690097196998911880e-03
7.729185556720517304e-03
7.767638956878414498e-03
7.804897595801256298e-03
7.840965673733940253e-03
7.876111558433094781e-03
7.910431402710681528e-03
7.944135763780817844e-03
7.977514727604231859e-03
8.010481608032492262e-03
8.042917191538229843e-03
8.075220071468530020e-03
8.106943724349256059e-03
8.138097714327299087e-03
8.169025559507327519e-03
8.199561135741660275e-03
8.229407168951598586e-03
8.258980534413356417e-03
8.288172209894790685e-03
8.317231181315797028e-03
8.346281504038958673e-03
8.375119942987540797e-03
8.403532956469296142e-03
8.431495811463065801e-03
8.459397927856913274e-03
8.487132829733642567e-03
8.514917159607783906e-03
8.542616464161109993e-03
8.570224332717571794e-03
8.597830676783014062e-03
8.625144270881429653e-03
8.652183319289363100e-03
8.679210681333886582e-03
8.705934048282770385e-03
8.732237510211409912e-03
8.758187976755918078e-03
8.784025169737579020e-03
8.809609539005018933e-03
8.835039157021797734e-03
8.860150717442829768e-03
8.884936528028070449e-03
8.909372488562935372e-03
8.933438821295680912e-03
8.957249838426122393e-03
8.981013720708355338e-03
9.004497020606658936e-03
9.027778454182979612e-03
9.050850049033651312e-03
9.073632630509998256e-03
9.096323272729611373e-03
9.118814620754532238e-03
9.141191025281920554e-03
9.163064769768946780e-03
9.184502637646068529e-03
9.205596550494759070e-03
9.226284212567955820e-03
9.246819332689991747e-03
9.267066552440089353e-03
9.287152958972607827e-03
9.306959013330657823e-03
9.326330098875753802e-03
9.345307529745687167e-03
9.363756862268183059e-03
9.381869594447969293e-03
9.399535426530511092e-03
9.416703281222807420e-03
9.433423542602853082e-03
9.449560489583747752e-03
9.465200605641224674e-03
9.480163768900847290e-03
9.494934989202667708e-03
9.509221843194722371e-03
9.522946462634688386e-03
9.536252949484036803e-03
9.549148367325612993e-03
9.561532224394887411e-03
9.573515138331606042e-03
9.585228260252322621e-03
9.596448365171572278e-03
9.607389193412703421e-03
9.617896002131580413e-03
9.627889485731724525e-03
9.637423695637772209e-03
9.646503598381732034e-03
9.654939611299430749e-03
9.663015303354558980e-03
9.670923869484412960e-03
9.678373800977753405e-03
9.685523359617857764e-03
9.692353585456999626e-03
9.698955417267632328e-03
9.705266685077243785e-03
9.711407576654035312e-03
9.717323022683273595e-03
9.722938819197661509e-03
9.728238970789050005e-03
9.733140300117206628e-03
9.737811783890158376e-03
9.742342513438657231e-03
9.746667540810811589e-03
9.750677173300206779e-03
9.754360985414441132e-03
9.758004753261190212e-03
9.761437095920089124e-03
9.764782717295590608e-03
9.767921153497474002e-03
9.770950675081520667e-03
9.773902064048801963e-03
9.776714608366172260e-03
9.779338499048186722e-03
9.781728641014545214e-03
9.784164363376372103e-03
9.786557033982415388e-03
9.788939447549891218e-03
9.791257759099024349e-03
9.793525030106763410e-03
9.795803679993084906e-03
9.797917416594690773e-03
9.800048503833312316e-03
9.802184314784693347e-03
9.804285561229742624e-03
9.806427963759129299e-03
9.808866122288864217e-03
9.811380499118674964e-03
9.813972311470312015e-03
9.816630895019834088e-03
9.819199576170582408e-03
9.821937404908153216e-03
9.824526467248271416e-03
9.827112333599931360e-03
9.829836942322110749e-03
9.832675596983586619e-03
9.835472368827393591e-03
9.838283628563039909e-03
9.841119967550136099e-03
9.844106089908688170e-03
9.847203136583493333e-03
9.850313546184617797e-03
9.853614625909400820e-03
9.856905383067828333e-03
9.860247437490001626e-03
9.863876914243821861e-03
9.867593658920731370e-03
9.871387773807230662e-03
9.875332137441799815e-03
9.879464021124129483e-03
9.883874707216444219e-03
9.888467858879321573e-03
9.893225021418762880e-03
9.898215444125411933e-03
9.903386490295835315e-03
9.908716883230172731e-03
9.914339622564433477e-03
9.920284527968106433e-03
9.926510354010575563e-03
9.933076731408732943e-03
9.939868550043405929e-03
9.946661005634030439e-03
9.953418714253613186e-03
9.960259983087546218e-03
9.967311272141851988e-03
9.974454157833096204e-03
9.981945322416701724e-03
9.989624125817182093e-03
9.997477319781839303e-03
1.000556478269673706e-02
1.001370439301218704e-02
1.002210002168311791e-02
1.003059585139291256e-02
1.003913841836538007e-02
1.004772161601435836e-02
1.005650212127756106e-02
1.006530086568283543e-02
1.007408297335908240e-02
1.008317406825976620e-02
1.009242338172556576e-02
1.010166776293211326e-02
1.011097790730794595e-02
1.012033344260910434e-02
1.012977840566368394e-02
1.013922853937795042e-02
1.014853146750628772e-02
1.015785234507490115e-02
1.016723034562925891e-02
1.017669201783831349e-02
1.018613324882678729e-02
1.019565562951238111e-02
1.020520790983722552e-02
1.021475647878894791e-02
1.022435152202998999e-02
1.023390546598462736e-02
1.024349796873062768e-02
1.025315811555205410e-02
1.026292461569551333e-02
1.027261951035018939e-02
1.028244930214451333e-02
1.029223177641036720e-02
1.030223151365698003e-02
1.031226154198514565e-02
1.032248468759802695e-02
1.033268507825591334e-02
1.034297081109595076e-02
1.035360688134927785e-02
1.036415687740610200e-02
1.037475418711145819e-02
1.038535607470869593e-02
1.039598681953605129e-02
1.040675571892381648e-02
1.041770848884961999e-02
1.042877484602021572e-02
1.043995912690932025e-02
1.045116192715800189e-02
1.046240677469047718e-02
1.047382014072146574e-02
1.048537903491326799e-02
1.049706639503734940e-02
1.050889484683243009e-02
1.052087276104214306e-02
1.053286495556718903e-02
1.054501909037696382e-02
1.055733586429082223e-02
1.056971125151646464e-02
1.058201370717785222e-02
1.059455588245111941e-02
1.060711293641187526e-02
1.061974045990274861e-02
1.063251707247231045e-02
1.064555350444007856e-02
1.065873024648755080e-02
1.067212306511796001e-02
1.068571998771493219e-02
1.069925874448592398e-02
1.071295573922170438e-02
1.072668611217377291e-02
1.074068040259733292e-02
1.075466265401452300e-02
1.076868201442080127e-02
1.078290241924955220e-02
1.079732112323140286e-02
1.081186449210280905e-02
1.082652689133632891e-02
1.084145811227884074e-02
1.085679933239101086e-02
1.087224274869070390e-02
1.088776785787838250e-02
1.090360642785524227e-02
1.091954471129250211e-02
1.093559514338097310e-02
1.095181614774674503e-02
1.096816158420598451e-02
1.098476546354881095e-02
1.100176790832474438e-02
1.101892618378151611e-02
1.103611584144370897e-02
1.105359477712411151e-02
1.107109308230090280e-02
1.108870719576956522e-02
1.110641105385298810e-02
1.112441999896423769e-02
1.114265377680890429e-02
1.116116890251629343e-02
1.117986450597435039e-02
1.119871493521015088e-02
1.121787155380634358e-02
1.123733899440499881e-02
1.125725998773398871e-02
1.127743145585393542e-02
1.129773226418478820e-02
1.131831016150333657e-02
1.133904971112923744e-02
1.136015201439067278e-02
1.138146740754750891e-02
1.140306191674238766e-02
1.142486573418961468e-02
1.144700245391675961e-02
1.146935786745837023e-02
1.149184332477238418e-02
1.151472698539226375e-02
1.153780087791872987e-02
1.156106378793220896e-02
1.158450002713216735e-02
1.160823080597293312e-02
1.163229392881411951e-02
1.165652043225802806e-02
1.168089301869341609e-02
1.170551981026145445e-02
1.173044303962059165e-02
1.175556943745091794e-02
1.178097205300804307e-02
1.180657692525169389e-02
1.183245905720016825e-02
1.185862887510030252e-02
1.188498418664450489e-02
1.191146133848577579e-02
1.193819109089113394e-02
1.196511510429974431e-02
1.199242902830038697e-02
1.201983674454992421e-02
1.204735935687556610e-02
1.207521871606534285e-02
1.210343722658680649e-02
1.213170079910134806e-02
1.216018510541381700e-02
1.218898097264076164e-02
1.221791299281289878e-02
1.224692179991110179e-02
1.227629769668745451e-02
1.230597150476789997e-02
1.233593290956150161e-02
1.236612982078896979e-02
1.239650054274592586e-02
1.242716255597611438e-02
1.245808834872455702e-02
1.248939196520613623e-02
1.252099133617920121e-02
1.255275012935935276e-02
1.258482534802992693e-02
1.261720041624754193e-02
1.264959870889225367e-02
1.268228647872515769e-02
1.271527028283594984e-02
1.274868081467054812e-02
1.278231275842944478e-02
1.281619782740582233e-02
1.285047752109493360e-02
1.288503469564515093e-02
1.291975366864692686e-02
1.295475655414828065e-02
1.298988438648111289e-02
1.302534756847046823e-02
1.306103806893809532e-02
1.309700403183855846e-02
1.313328239328829736e-02
1.316973928950361181e-02
1.320649235924336098e-02
1.324347800865287653e-02
1.328071205665716514e-02
1.331815495206377549e-02
1.335580754500952094e-02
1.339381248258812371e-02
1.343204368071612698e-02
1.347051491143741106e-02
1.350928834423949752e-02
1.354833967521122152e-02
1.358796599181720521e-02
1.362805415516066612e-02
1.366839125339209919e-02
1.370894225587412397e-02
1.374986981981718773e-02
1.379108721574691734e-02
1.383249391972766161e-02
1.387427580994813302e-02
1.391613013941225482e-02
1.395834902754376772e-02
1.400062009648638493e-02
1.404318297187134509e-02
1.408597870541916305e-02
1.412905983575714688e-02
1.417242152676220605e-02
1.421612550647150496e-02
1.426017036862425522e-02
1.430470980864388328e-02
1.434951829109767756e-02
1.439476949652176291e-02
1.444023266967790417e-02
1.448595328684998927e-02
1.453198013175070920e-02
1.457823697314687174e-02
1.462479248415881478e-02
1.467145655746896447e-02
1.471833113275805051e-02
1.476544034235789497e-02
1.481280424035781584e-02
1.486058470798131206e-02
1.490864948773766401e-02
1.495696218583908790e-02
1.500559727892607047e-02
1.505454700712915116e-02
1.510367851975869674e-02
1.515304925536847813e-02
1.520265369065585022e-02
1.525229575958570588e-02
1.530218275499985181e-02
1.535251332524551274e-02
1.540283308685522039e-02
1.545349290060234540e-02
1.550449986676745093e-02
1.555575400633016012e-02
1.560765193139199668e-02
1.565976282952008872e-02
1.571213476017264618e-02
1.576500740588661700e-02
1.581813854664773991e-02
1.587164030049885433e-02
1.592523103849751917e-02
1.597922382826620288e-02
1.603347854035771375e-02
1.608779479166290438e-02
1.614231050437719972e-02
1.619701435857546362e-02
1.625195760302226150e-02
1.630733675986058631e-02
1.636308238084535974e-02
1.641874100679578327e-02
1.647501162347352055e-02
1.653160790893952459e-02
1.658849464718175487e-02
1.664597698903140174e-02
1.670386309154676605e-02
1.676205905513409103e-02
1.682058120655872957e-02
1.687917634731553665e-02
1.693808073266579034e-02
1.699693317172543822e-02
1.705603247120128507e-02
1.711537744469551758e-02
1.717491031394452125e-02
1.723471911552957106e-02
1.729509999624665589e-02
1.735603914870138473e-02
1.741734470063698026e-02
1.747892134706111392e-02
1.754109968600357783e-02
1.760361113889795034e-02
1.766654315343763049e-02
1.773015244938408452e-02
1.779435906559352631e-02
1.785890107241435917e-02
1.792396731963419657e-02
1.798946363649495464e-02
1.805538064605659992e-02
1.812175208133389240e-02
1.818837362798158760e-02
1.825540920332671332e-02
1.832320279203609320e-02
1.839176795146388668e-02
1.846145862305164156e-02
1.853204319581996593e-02
1.860326983010308910e-02
1.867552872964366173e-02
1.874855528806623067e-02
1.882218936925571587e-02
1.889674208362306096e-02
1.897194408178815364e-02
1.904808570012917618e-02
1.912571828858020476e-02
1.920501651662961939e-02
1.928561114597763040e-02
1.936791835351220348e-02
1.945158963401144581e-02
1.953653712850888374e-02
1.962291938795069843e-02
1.971060006539496548e-02
1.979948538152590670e-02
1.989002774492422063e-02
1.998249989430855508e-02
2.007773110407996484e-02
2.017535240925852000e-02
2.027492794530521766e-02
2.037736227287464952e-02
2.048269579114055453e-02
2.059243462222027157e-02
2.070627983180025472e-02
2.082430777139167646e-02
2.094607991180258422e-02
2.107406820256094854e-02
2.120733928139445501e-02
2.134602331019797017e-02
2.149018212737124553e-02
2.163897520670250360e-02
2.179434145547321997e-02
2.195560112765585978e-02
2.212196847007725717e-02
2.229502955090989849e-02
2.247416268907392878e-02
2.265937472877421408e-02
2.285094610608881180e-02
2.304931999535375989e-02
2.325512758348900061e-02
2.346752075211269717e-02
2.368579758740578176e-02
2.391046191096407245e-02
2.414212696630269744e-02
2.438036189615398752e-02
2.462474930705488979e-02
2.487312302627143340e-02
2.512749708567468127e-02
2.538686941581478132e-02
2.565236998387897607e-02
2.592333254687481311e-02
