2.221017483428366565e-02
2.189085742937141310e-02
2.158523799490458597e-02
2.129264060882836429e-02
2.102133346305311637e-02
2.076523034770635587e-02
2.051883511759228923e-02
2.027896546765281527e-02
2.004691048707108597e-02
1.982309843565972091e-02
1.960730426497192883e-02
1.940256257660894976e-02
1.920653930524944542e-02
1.901627966353724650e-02
1.883240955192673483e-02
1.865781494888305372e-02
1.848900537410807024e-02
1.832447900704019250e-02
1.816672728584771759e-02
1.801213881212061427e-02
1.786345371426347958e-02
1.771812722774622484e-02
1.757730884541876260e-02
1.744125056262900084e-02
1.731055696317355605e-02
1.718454463831327328e-02
1.706278479339730023e-02
1.694481730815178278e-02
1.683109201372172403e-02
1.672205190666627844e-02
1.661742865371738931e-02
1.651592167456466045e-02
1.641791139125771404e-02
1.632385333041629777e-02
1.623493031096995276e-02
1.614981922745862067e-02
1.606740307539639839e-02
1.598775900405207187e-02
1.591070379067521801e-02
1.583559267897531597e-02
1.576344800912024904e-02
1.569489539940693498e-02
1.562929160971018167e-02
1.556417802045125323e-02
1.550148372291739775e-02
1.544089469941438073e-02
1.538194423738979862e-02
1.532531116588568311e-02
1.527099131313693590e-02
1.521876258955115122e-02
1.516891877934017571e-02
1.512174962651826986e-02
1.507621992866448914e-02
1.503266143404729215e-02
1.499082009254305327e-02
1.495066946657291895e-02
1.491211873120288842e-02
1.487581368982086177e-02
1.484122417580525238e-02
1.480858900638650638e-02
1.477730814017464908e-02
1.474783956046171393e-02
1.471986516565272109e-02
1.469286663901257090e-02
1.466737999104509096e-02
1.464374861084679312e-02
1.462161903073266184e-02
1.460121519121257774e-02
1.458221116723428662e-02
1.456412325760090762e-02
1.454712425283448060e-02
1.453129859540332365e-02
1.451611272110245321e-02
1.450215600570460388e-02
1.448914649516140976e-02
1.447717185918467354e-02
1.446597821386825210e-02
1.445573266713867308e-02
1.444618730248329111e-02
1.443734690871154719e-02
1.442911028618647229e-02
1.442162701048731871e-02
1.441467984978079056e-02
1.440839374885050095e-02
1.440268392977544706e-02
1.439769749516148049e-02
1.439331276416618878e-02
1.438945197195836377e-02
1.438630808757669285e-02
1.438371976646824792e-02
1.438177949598434119e-02
1.438045249884197137e-02
1.437948279726355451e-02
1.437872800928437916e-02
1.437834354639051619e-02
1.437814118799061666e-02
1.437840055695240211e-02
1.437916945641584850e-02
1.438034014828606759e-02
1.438188368678154291e-02
1.438370228232377195e-02
1.438570104540359135e-02
1.438764847197579293e-02
1.438972812788211729e-02
1.439229834266891363e-02
1.439490164409083089e-02
1.439760300713125753e-02
1.440036273532925223e-02
1.440322692204668194e-02
1.440610288389785991e-02
1.440916074918020297e-02
1.441223221749349422e-02
1.441511158632815398e-02
1.441787698328255568e-02
1.442065461571889751e-02
1.442338668487598390e-02
1.442617282581889170e-02
1.442880691712128752e-02
1.443130207840018567e-02
1.443348909382990118e-02
1.443527763423913500e-02
1.443670870723058955e-02
1.443814787142007339e-02
1.443903488737607009e-02
1.443954614563001081e-02
1.443970451285254974e-02
1.443981215905327034e-02
1.443956053589702006e-02
1.443913740530505981e-02
1.443830889985683701e-02
1.443748684718548433e-02
1.443664815353765465e-02
1.443581320107394268e-02
1.443475530050311942e-02
1.443335409198645211e-02
1.443172619141763584e-02
1.442992304109229178e-02
1.442780495018796717e-02
1.442574339906243022e-02
1.442342603818582911e-02
1.442102759184328911e-02
1.441835223224160675e-02
1.441562446604433001e-02
1.441260795424533295e-02
1.440940835183702855e-02
1.440604103447765127e-02
1.440222088271454585e-02
1.439850749429240351e-02
1.439435316348804984e-02
1.439021298643908785e-02
1.438564403631046977e-02
1.438082416971944028e-02
1.437560575225543813e-02
1.437020299173406152e-02
1.436436724792306691e-02
1.435829843867625528e-02
1.435190492697436745e-02
1.434527853779358174e-02
1.433807376839499673e-02
1.433081234863011616e-02
1.432321588720911025e-02
1.431561247909987969e-02
1.430784570700063124e-02
1.429995182539960281e-02
1.429157930738435452e-02
1.428299166580352872e-02
1.427390272183338450e-02
1.426445485474063177e-02
1.425469636454091728e-02
1.424490975305968063e-02
1.423477683606840481e-02
1.422425605631783864e-02
1.421350892926712128e-02
1.420266827123373328e-02
1.419149468634906333e-02
1.417998121148947473e-02
1.416831394359017136e-02
1.415634442256688899e-02
1.414403705717500424e-02
1.413153758111790684e-02
1.411882880275103225e-02
1.410580727641079501e-02
1.409259498602515731e-02
1.407920396176990004e-02
1.406557077336156349e-02
1.405171032514517665e-02
1.403784759854917116e-02
1.402382546112256739e-02
1.400963793758224982e-02
1.399533158594943281e-02
1.398073984457001880e-02
1.396616368766846403e-02
1.395143050799927190e-02
1.393658669750823254e-02
1.392159250163126603e-02
1.390673725799273716e-02
1.389157756847446586e-02
1.387647802533012106e-02
1.386121541551930611e-02
1.384598640109920703e-02
1.383031629830585273e-02
1.381466392658620319e-02
1.379904443593989345e-02
1.378327501668075855e-02
1.376741656546855500e-02
1.375152656103192234e-02
1.373543897719868914e-02
1.371916490862528336e-02
1.370259111323104267e-02
1.368606397321544405e-02
1.366960773658522886e-02
1.365302022519193463e-02
1.363630061249004703e-02
1.361944282455565709e-02
1.360276575224931769e-02
1.358605112993887740e-02
1.356915095605093491e-02
1.355209218543558351e-02
1.353504705063671154e-02
1.351793017304953569e-02
1.350069631766253990e-02
1.348328512573972529e-02
1.346581191113069460e-02
1.344829261540066330e-02
1.343047294049968393e-02
1.341276391924823078e-02
1.339511223997391642e-02
1.337753354830257917e-02
1.336003449800605286e-02
1.334267242336526459e-02
1.332518341355696384e-02
1.330782229928075683e-02
1.329042779846763625e-02
1.327301920444465266e-02
1.325557867193697704e-02
1.323806769148086829e-02
1.322030453853738699e-02
1.320270638159926763e-02
1.318503436345850807e-02
1.316735135050250277e-02
1.314957382383705187e-02
1.313194529718797986e-02
1.311421486739582434e-02
1.309629282604855144e-02
1.307824563105030972e-02
1.305999790014760256e-02
1.304162171614352099e-02
1.302318031081448925e-02
1.300489526905963811e-02
1.298662031940166391e-02
1.296842011491641106e-02
1.295019691524464459e-02
1.293200342731169392e-02
1.291370469998917234e-02
1.289532656694315944e-02
1.287692928567873291e-02
1.285860054139002090e-02
1.284025408502641706e-02
1.282179922724020933e-02
1.280344717847937790e-02
1.278514822008799436e-02
1.276694498543852127e-02
1.274878716280654009e-02
1.273061236963266007e-02
1.271241279656984587e-02
1.269431713848165853e-02
1.267609794079295644e-02
1.265793504889863898e-02
1.263975878141713506e-02
1.262141117365669050e-02
1.260311026283233819e-02
1.258458910231616441e-02
1.256618657790352714e-02
1.254784366852767195e-02
1.252918849239682657e-02
1.251051852992700504e-02
1.249184390500998262e-02
1.247294575960133066e-02
1.245410601534188005e-02
1.243503510301067518e-02
1.241614895825268738e-02
1.239724534917970369e-02
1.237817969457626933e-02
1.235898289373840719e-02
1.233973682051539393e-02
1.232038993612796438e-02
1.230105483608480085e-02
1.228159590556134051e-02
1.226206192195791050e-02
1.224227801182914237e-02
1.222254722557056250e-02
1.220268976584945597e-02
1.218254721759055165e-02
1.216239521109042064e-02
1.214200726600733402e-02
1.212143153896121789e-02
1.210087429219007873e-02
1.208017721815767866e-02
1.205944860588660517e-02
1.203874192941813484e-02
1.201779496177547528e-02
1.199682096236968747e-02
1.197588711550178625e-02
1.195483536955190516e-02
1.193373263403128305e-02
1.191281198289643323e-02
1.189170355238779349e-02
1.187064194697565536e-02
1.184968910281295092e-02
1.182853324721970002e-02
1.180741439386943058e-02
1.178612341767380431e-02
1.176484487108798646e-02
1.174322136397494033e-02
1.172152931006630906e-02
1.169957623498823519e-02
1.167757300381789751e-02
1.165544299772056612e-02
1.163320147068837643e-02
1.161085163230970475e-02
1.158833117422193755e-02
1.156568570574202648e-02
1.154310743076536992e-02
1.152034410223289236e-02
1.149746715180475533e-02
1.147459637253941782e-02
1.145162974213980410e-02
1.142859152993189360e-02
1.140525004919029813e-02
1.138181156639983017e-02
1.135838352133298687e-02
1.133510859339639798e-02
1.131167785524441263e-02
1.128802982103832044e-02
1.126423382205922127e-02
1.124021990760059285e-02
1.121612347646031536e-02
1.119184002343172682e-02
1.116739771627322381e-02
1.114281648170030795e-02
1.111808877535868517e-02
1.109311832667318233e-02
1.106807355431490072e-02
1.104286439015964710e-02
1.101748591421483799e-02
1.099182749960680994e-02
1.096609037249421728e-02
1.094023107676975887e-02
1.091412137546770786e-02
1.088797406420658961e-02
1.086163466967107055e-02
1.083501716394121191e-02
1.080825892335551298e-02
1.078133703740277380e-02
1.075424860315601569e-02
1.072692193613856461e-02
1.069958578613808275e-02
1.067201035481659885e-02
1.064426853594251272e-02
1.061650521996342078e-02
1.058858465593617328e-02
1.056051849417084972e-02
1.053231158003929864e-02
1.050406202334751120e-02
1.047557668604860888e-02
1.044702389590741742e-02
1.041832637924890344e-02
1.038955944833306472e-02
1.036066430529780646e-02
1.033158115918294574e-02
1.030245256103896195e-02
1.027330423190480485e-02
1.024424540264034372e-02
1.021528983547802770e-02
1.018627644388132164e-02
1.015728083942135478e-02
1.012828923247325631e-02
1.009935286822762068e-02
1.007038904924044062e-02
1.004131599695454354e-02
1.001224604732727126e-02
9.983022327180002958e-03
9.953840798149543243e-03
9.924611693229591636e-03
9.895375825471293407e-03
9.866038352802876041e-03
9.836670350488605635e-03
9.807322860971126252e-03
9.778055749565986443e-03
9.749010681111490786e-03
9.720063704718756581e-03
9.691226253544567987e-03
9.662559226032749193e-03
9.633921925640396081e-03
9.605486451045988638e-03
9.577213980449575045e-03
9.549126342775115378e-03
9.521201609438577698e-03
9.493445540734057886e-03
9.465804332644475738e-03
9.438196404685491106e-03
9.410530339682990353e-03
9.383008777783627408e-03
9.355455935285786687e-03
9.327881479586257532e-03
9.300375384351227542e-03
9.272958168363598652e-03
9.245618955261783456e-03
9.218459149842124847e-03
9.191336974372913554e-03
9.164426700463390238e-03
9.137639036826496197e-03
9.110953862263215450e-03
9.084437820123645105e-03
9.057894989815261366e-03
9.031443325255728710e-03
9.005135605271379073e-03
8.978805699383496722e-03
8.952516127450474426e-03
8.926419321694986295e-03
8.900301209974294248e-03
8.874306461390184947e-03
8.848461645506329118e-03
8.822640400020891061e-03
8.796689329144478930e-03
8.770909767662645601e-03
8.745239382662079244e-03
8.719613027217094220e-03
8.694000370653990478e-03
8.668630544528984488e-03
8.643110017220465360e-03
8.617656337306777575e-03
8.592029560816279860e-03
8.566469322644230944e-03
8.541019833594358859e-03
8.515582665010167432e-03
8.490173799211556474e-03
8.464999669129015178e-03
8.440053630363616652e-03
8.414956286270652494e-03
8.389852340895622221e-03
8.364641993035991027e-03
8.339322968941008732e-03
8.314140586485340573e-03
8.289536243249465836e-03
8.264806717287942125e-03
8.240145794232940635e-03
8.215534365188533958e-03
8.190988097838703894e-03
8.166459516478756508e-03
8.141919619957190685e-03
8.117370612618982073e-03
8.092707789054687240e-03
8.068051084294093969e-03
8.043537778706307678e-03
8.019130433416470430e-03
7.994633901904815709e-03
7.970183906855037720e-03
7.945507650129071328e-03
7.920739181695857570e-03
7.896036161045835028e-03
7.871080642517975373e-03
7.846031479525587479e-03
7.820661620421723997e-03
7.794967015381183174e-03
7.769154824611082012e-03
7.743464240669593879e-03
7.717753097127177768e-03
7.692081327844181408e-03
7.666347387971207683e-03
7.640667072119048872e-03
7.614744250217572036e-03
7.588821087494615654e-03
7.562411283498158762e-03
7.535850654294637754e-03
7.508909629682986552e-03
7.481415835305277144e-03
7.453501515839345594e-03
7.425369338382239136e-03
7.396745951473442278e-03
7.367534279832501157e-03
7.338170002126726509e-03
7.308335648017729759e-03
7.278385437406906765e-03
7.247898531959925776e-03
7.217038364337127580e-03
7.185263527857273409e-03
7.152861592498006328e-03
7.119352528957510404e-03
7.085162180798383960e-03
7.050686899379729131e-03
7.015286491959043733e-03
6.979444372076801240e-03
6.943629818153619279e-03
6.907201328085723485e-03
6.869962148298288870e-03
6.832377980349359572e-03
6.794325290177092788e-03
6.755763812376461806e-03
6.717206203881877398e-03
