6.303830686396207084e-03
6.326798982180529413e-03
6.349767277964853476e-03
6.372735573749177540e-03
6.395703869533499869e-03
6.418672165317823933e-03
6.445073622431534213e-03
6.471619633706481890e-03
6.498165644981429567e-03
6.524711656256378112e-03
6.551257667531325789e-03
6.579759988978978701e-03
6.608434293738519455e-03
6.637108598498058475e-03
6.665782903257598362e-03
6.694457208017138249e-03
6.724079708662331067e-03
6.753832994946923872e-03
6.783586281231515809e-03
6.813339567516108614e-03
6.843092853800701418e-03
6.873245636663717455e-03
6.903475430915345136e-03
6.933705225166972817e-03
6.963935019418599631e-03
6.994164813670228180e-03
7.024605749472108245e-03
7.055100138831014306e-03
7.085594528189921235e-03
7.116088917548827296e-03
7.146583306907733357e-03
7.177120071688432475e-03
7.207670396604103948e-03
7.238220721519776288e-03
7.268771046435448628e-03
7.299321371351121836e-03
7.329662007382035764e-03
7.359919949204877382e-03
7.390177891027717265e-03
7.420435832850558015e-03
7.450693774673398766e-03
7.480501475640886563e-03
7.510094136199847552e-03
7.539686796758808540e-03
7.569279457317769529e-03
7.598872117876730517e-03
7.627901661737051739e-03
7.656609424626721790e-03
7.685317187516391840e-03
7.714024950406061891e-03
7.742732713295731942e-03
7.770833649562196993e-03
7.798523177948525620e-03
7.826212706334852512e-03
7.853902234721179404e-03
7.881591763107508031e-03
7.908699963854137066e-03
7.935343102489006081e-03
7.961986241123876831e-03
7.988629379758749316e-03
8.015272518393620066e-03
8.041344147926109479e-03
8.066877886538710574e-03
8.092411625151311669e-03
8.117945363763914499e-03
8.143479102376513859e-03
8.168539024058993347e-03
8.193074722754951217e-03
8.217610421450912556e-03
8.242146120146872160e-03
8.266681818842831764e-03
8.290811476609278446e-03
8.314412336886130295e-03
8.338013197162978674e-03
8.361614057439828787e-03
8.385214917716678901e-03
8.408459229524848852e-03
8.431155005227361152e-03
8.453850780929869982e-03
8.476546556632382282e-03
8.499242332334892847e-03
8.521602302277388533e-03
8.543348227401569017e-03
8.565094152525751237e-03
8.586840077649931721e-03
8.608586002774113941e-03
8.630038018426789206e-03
8.650845329432292966e-03
8.671652640437796725e-03
8.692459951443298749e-03
8.713267262448802508e-03
8.733819782627466610e-03
8.753692860601231321e-03
8.773565938574994297e-03
8.793439016548757273e-03
8.813312094522520249e-03
8.832949178043983732e-03
8.851806453810022804e-03
8.870663729576061876e-03
8.889521005342099214e-03
8.908378281108138286e-03
8.927040117268579197e-03
8.944879049826505099e-03
8.962717982384429266e-03
8.980556914942355168e-03
8.998395847500279335e-03
9.016079666341981352e-03
9.032894848372835170e-03
9.049710030403685518e-03
9.066525212434537601e-03
9.083340394465389683e-03
9.100036458445141807e-03
9.115779578016094259e-03
9.131522697587046711e-03
9.147265817157999163e-03
9.163008936728949880e-03
9.178678144122796173e-03
9.193375934331801322e-03
9.208073724540809940e-03
9.222771514749816824e-03
9.237469304958823707e-03
9.252135375530622097e-03
9.265786417711772971e-03
9.279437459892925580e-03
9.293088502074076454e-03
9.306739544255227328e-03
9.320390586436378202e-03
9.332990589692165967e-03
9.345579868060959611e-03
9.358169146429751520e-03
9.370758424798545164e-03
9.383347703167337073e-03
9.394947542221062167e-03
9.406494751523985023e-03
9.418041960826906145e-03
9.429589170129829001e-03
9.441136379432751857e-03
9.451733908438064713e-03
9.462236469413617956e-03
9.472739030389172935e-03
9.483241591364726178e-03
9.493744152340277687e-03
9.503339020271639806e-03
9.512796678789341154e-03
9.522254337307044236e-03
9.531711995824745584e-03
9.541169654342448667e-03
9.549764868315359367e-03
9.558181282809470949e-03
9.566597697303580797e-03
9.575014111797692379e-03
9.583430526291805696e-03
9.591040388584911106e-03
9.598433102208514187e-03
9.605825815832117268e-03
9.613218529455722083e-03
9.620611243079325164e-03
9.627242426959959840e-03
9.633616337278780653e-03
9.639990247597603201e-03
9.646364157916422280e-03
9.652738068235243094e-03
9.658414639345757474e-03
9.663802312784257678e-03
9.669189986222759617e-03
9.674577659661259821e-03
9.679965333099760025e-03
9.684691242935148173e-03
9.689086270968979425e-03
9.693481299002812412e-03
9.697876327036643665e-03
9.702271355070476652e-03
9.706062052804661361e-03
9.709492101811639103e-03
9.712922150818615111e-03
9.716352199825591118e-03
9.719782248832567126e-03
9.722664748328460615e-03
9.725160186963071815e-03
9.727655625597683015e-03
9.730151064232294214e-03
9.732646502866903679e-03
9.734639145476817884e-03
9.736212791399486907e-03
9.737786437322154195e-03
9.739360083244823219e-03
9.740933729167490507e-03
9.742056420538793698e-03
9.742737176449760630e-03
9.743417932360725828e-03
9.744098688271692760e-03
9.744779444182657957e-03
9.745056916894413029e-03
9.744869737224468725e-03
9.744682557554520952e-03
9.744495377884576648e-03
9.744308198214630609e-03
9.743759902174357196e-03
9.742721519631491675e-03
9.741683137088624420e-03
9.740644754545758899e-03
9.739606372002893378e-03
9.738249673711625587e-03
9.736381994876867202e-03
9.734514316042110552e-03
9.732646637207353901e-03
9.730778958372597251e-03
9.728633466109160369e-03
9.725956859937955057e-03
9.723280253766751480e-03
9.720603647595546168e-03
9.717927041424340856e-03
9.715015475836608419e-03
9.711563503590857696e-03
9.708111531345108708e-03
9.704659559099359720e-03
9.701207586853610731e-03
9.697559826772585850e-03
9.693362354692518917e-03
9.689164882612453719e-03
9.684967410532386786e-03
9.680769938452321588e-03
9.676410318845527977e-03
9.671483182895179720e-03
9.666556046944833197e-03
9.661628910994484939e-03
9.656701775044138417e-03
9.651648624473227120e-03
9.646028408109781280e-03
9.640408191746331970e-03
9.634787975382886130e-03
9.629167759019438555e-03
9.623450491164736026e-03
9.617143982113119868e-03
9.610837473061507180e-03
9.604530964009892757e-03
9.598224454958278334e-03
9.591853113059146257e-03
9.584904758817087284e-03
9.577956404575028310e-03
9.571008050332969336e-03
9.564059696090910362e-03
9.557072958689937989e-03
9.549491282325827876e-03
9.541909605961719498e-03
9.534327929597611120e-03
9.526746253233501008e-03
9.519152743581581200e-03
9.510985319470853863e-03
9.502817895360126527e-03
9.494650471249397455e-03
9.486483047138670119e-03
9.478315623027941048e-03
9.469600634907437281e-03
9.460874356807348617e-03
9.452148078707259954e-03
9.443421800607174760e-03
9.434695522507086096e-03
9.425453272718865155e-03
9.416177734434635904e-03
9.406902196150406653e-03
9.397626657866177402e-03
9.388351119581946416e-03
9.378608012172556449e-03
9.368812368906407825e-03
9.359016725640255732e-03
9.349221082374105374e-03
9.339425439107956750e-03
9.329206482488047389e-03
9.318917803668695307e-03
9.308629124849341491e-03
9.298340446029989409e-03
9.288051767210637327e-03
9.277381853331764100e-03
9.266627220550776797e-03
9.255872587769787760e-03
9.245117954988800457e-03
9.234363322207811420e-03
9.223265992167955021e-03
9.212070748625561870e-03
9.200875505083170453e-03
9.189680261540779035e-03
9.178485017998385884e-03
9.166978664937491458e-03
9.155361505746721293e-03
9.143744346555947658e-03
9.132127187365175758e-03
9.120510028174403858e-03
9.108619682989970226e-03
9.096610561286555194e-03
9.084601439583140162e-03
9.072592317879726864e-03
9.060583196176311832e-03
9.048332966495944985e-03
9.035956618796863946e-03
9.023580271097782907e-03
9.011203923398703602e-03
8.998827575699624298e-03
8.986237967512814007e-03
8.973515508530368473e-03
8.960793049547924674e-03
8.948070590565479140e-03
8.935348131583033607e-03
8.922435634478101396e-03
8.909383109282915936e-03
8.896330584087732210e-03
8.883278058892546750e-03
8.870225533697363024e-03
8.857015988917365731e-03
8.843670162988285718e-03
8.830324337059207440e-03
8.816978511130129162e-03
8.803632685201050884e-03
8.790144179098128424e-03
8.776510080981085940e-03
8.762875982864041721e-03
8.749241884746997502e-03
8.735607786629953284e-03
8.721856162491638254e-03
8.707963507127798944e-03
8.694070851763961369e-03
8.680178196400122059e-03
8.666285541036281015e-03
8.652293714838863586e-03
8.638161598193938931e-03
8.624029481549017745e-03
8.609897364904094824e-03
8.595765248259173638e-03
8.581551116019917394e-03
8.567199552244209731e-03
8.552847988468503804e-03
8.538496424692797876e-03
8.524144860917091948e-03
8.509725982678840311e-03
8.495172475515498992e-03
8.480618968352159406e-03
8.466065461188818086e-03
8.451511954025475032e-03
8.436905114819532106e-03
8.422169543096958214e-03
8.407433971374384321e-03
8.392698399651810429e-03
8.377962827929234801e-03
8.363185380028340804e-03
8.348283978639608333e-03
8.333382577250875861e-03
8.318481175862145124e-03
8.303579774473412653e-03
8.288646351792531078e-03
8.273593992883663401e-03
8.258541633974793988e-03
8.243489275065926311e-03
8.228436916157055164e-03
8.213362229791127192e-03
8.198179846279379790e-03
8.182997462767630653e-03
8.167815079255883251e-03
8.152632695744134114e-03
8.137435369967662563e-03
8.122139195363010933e-03
8.106843020758362772e-03
8.091546846153711142e-03
8.076250671549059512e-03
8.060945541570710068e-03
8.045550857855365140e-03
8.030156174140020212e-03
8.014761490424671814e-03
7.999366806709326885e-03
7.983967772136439656e-03
7.968486941441782490e-03
7.953006110747127058e-03
7.937525280052469892e-03
7.922044449357812726e-03
7.906562879010569853e-03
7.891008822710095932e-03
7.875454766409620277e-03
7.859900710109144623e-03
7.844346653808667233e-03
7.828792597508193313e-03
7.813187990042652978e-03
7.797581802853204534e-03
7.781975615663756091e-03
7.766369428474307647e-03
7.750763241284859204e-03
7.735117021490337842e-03
7.719467755736734299e-03
7.703818489983131623e-03
7.688169224229528080e-03
7.672519958475926272e-03
7.656841281788866714e-03
7.641158928735126456e-03
7.625476575681386197e-03
7.609794222627645939e-03
7.594111869573906548e-03
7.578415141855495037e-03
7.562715847232679214e-03
7.547016552609862525e-03
7.531317257987047570e-03
7.515617963364231748e-03
7.499914118080998858e-03
7.484209192015917403e-03
7.468504265950835948e-03
7.452799339885755360e-03
7.437094413820674772e-03
7.421392086637073129e-03
7.405690545957077653e-03
7.389989005277082176e-03
7.374287464597086700e-03
7.358585923917092091e-03
7.342895433468933815e-03
7.327209086857714056e-03
7.311522740246494297e-03
7.295836393635275405e-03
7.280150047024056513e-03
7.264480660256482543e-03
7.248819005182332957e-03
7.233157350108184239e-03
7.217495695034037255e-03
7.201834039959887669e-03
7.186195082272727082e-03
7.170568537219076076e-03
7.154941992165425070e-03
7.139315447111774932e-03
7.123688902058123926e-03
7.108089470235153494e-03
7.092507662012123570e-03
7.076925853789094514e-03
7.061344045566066326e-03
7.045762237343037269e-03
7.030208579174705187e-03
7.014676536226942261e-03
6.999144493279180201e-03
6.983612450331419010e-03
6.968080407383656083e-03
6.952581975223445614e-03
6.937113922044291572e-03
6.921645868865137531e-03
6.906177815685984357e-03
6.890709762506830316e-03
6.875275011508850433e-03
6.859875644078367550e-03
6.844476276647883800e-03
6.829076909217402652e-03
6.813677541786918902e-03
6.798312616771062106e-03
6.782990744773487700e-03
6.767668872775914161e-03
6.752347000778341490e-03
6.737025128780767085e-03
6.721737668686871697e-03
6.706500966150902993e-03
6.691264263614935155e-03
6.676027561078966450e-03
6.660790858543000348e-03
6.645586768106552522e-03
6.630439748844272306e-03
6.615292729581990355e-03
6.600145710319709272e-03
6.584998691057428188e-03
6.569884829672631606e-03
6.554840392593820446e-03
6.539795955515008419e-03
6.524751518436198994e-03
6.509707081357385232e-03
6.494688837476050511e-03
6.479737012059737060e-03
6.464785186643427078e-03
6.449833361227114495e-03
6.434881535810802779e-03
6.419957273331357121e-03
6.405119145029614103e-03
6.390281016727874554e-03
6.375442888426131535e-03
6.360604760124391986e-03
6.345789479411580863e-03
6.331064446675055413e-03
6.316339413938528227e-03
6.301614381202001042e-03
6.286889348465473856e-03
6.272183590010288641e-03
6.257577816889569287e-03
6.242972043768849066e-03
6.228366270648131447e-03
6.213760497527409492e-03
6.199169202889731958e-03
6.184682877254088322e-03
6.170196551618448155e-03
6.155710225982806254e-03
6.141223900347164352e-03
6.126748064324930368e-03
6.112391547655199840e-03
6.098035030985471047e-03
6.083678514315738785e-03
6.069321997646009992e-03
6.054970684674824445e-03
6.040742959544135107e-03
6.026515234413444035e-03
6.012287509282752095e-03
5.998059784152061022e-03
5.983832059021369082e-03
