7.233958343157528836e-03
7.248244255680711019e-03
7.262530168203893202e-03
7.276816080727075385e-03
7.291101993250257568e-03
7.305387905773440618e-03
7.319621362782202829e-03
7.333852611137726442e-03
7.348083859493250922e-03
7.362315107848774534e-03
7.376546356204298147e-03
7.391350500518668702e-03
7.406205009312935746e-03
7.421059518107204524e-03
7.435914026901472434e-03
7.450768535695740345e-03
7.468772734909059213e-03
7.487211374180177854e-03
7.505650013451295628e-03
7.524088652722414269e-03
7.542527291993532911e-03
7.563529818926043556e-03
7.585026589263161624e-03
7.606523359600279692e-03
7.628020129937396893e-03
7.649516900274515828e-03
7.675748237647044871e-03
7.703178199585501533e-03
7.730608161523958195e-03
7.758038123462414858e-03
7.785468085400872387e-03
7.810036726384879564e-03
7.833689744663464155e-03
7.857342762942046144e-03
7.880995781220631602e-03
7.904648799499213591e-03
7.927915510587435835e-03
7.951029875178049905e-03
7.974144239768663975e-03
7.997258604359278045e-03
8.020372968949892115e-03
8.042633195203274105e-03
8.064485474788130395e-03
8.086337754372983216e-03
8.108190033957839507e-03
8.130042313542694063e-03
8.151541589357293865e-03
8.172839148731745121e-03
8.194136708106198111e-03
8.215434267480649366e-03
8.236731826855102356e-03
8.258242988360760262e-03
8.279898964870628653e-03
8.301554941380497044e-03
8.323210917890363700e-03
8.344866894400233825e-03
8.366999553062783035e-03
8.389513557447483491e-03
8.412027561832183947e-03
8.434541566216884403e-03
8.457055570601584860e-03
8.480028430214057653e-03
8.503433153570319133e-03
8.526837876926580614e-03
8.550242600282843830e-03
8.573647323639105311e-03
8.597283057546777074e-03
8.621174377596432098e-03
8.645065697646090591e-03
8.668957017695747350e-03
8.692848337745404108e-03
8.716612469771303773e-03
8.740210961580219956e-03
8.763809453389136139e-03
8.787407945198052323e-03
8.811006437006968506e-03
8.834104736965404242e-03
8.856433511000023906e-03
8.878762285034647039e-03
8.901091059069268438e-03
8.923419833103888102e-03
8.944948023667060807e-03
8.965012290168156497e-03
8.985076556669248718e-03
9.005140823170342673e-03
9.025205089671438363e-03
9.044476548405969152e-03
9.062008944942882491e-03
9.079541341479795830e-03
9.097073738016709168e-03
9.114606134553620773e-03
9.131544407101573058e-03
9.146898349012297022e-03
9.162252290923022721e-03
9.177606232833746686e-03
9.192960174744470650e-03
9.207869933314717648e-03
9.221311955629469051e-03
9.234753977944223924e-03
9.248196000258975327e-03
9.261638022573728465e-03
9.274719019754393279e-03
9.286279911107329921e-03
9.297840802460263093e-03
9.309401693813199735e-03
9.320962585166132908e-03
9.332253114121799240e-03
9.342029613652751835e-03
9.351806113183706165e-03
9.361582612714660495e-03
9.371359112245613091e-03
9.380968246271379971e-03
9.389238456255661128e-03
9.397508666239938815e-03
9.405778876224219973e-03
9.414049086208497660e-03
9.422231830503382741e-03
9.429265025737636891e-03
9.436298220971891040e-03
9.443331416206145190e-03
9.450364611440401075e-03
9.457364172867075910e-03
9.463287452451216164e-03
9.469210732035356418e-03
9.475134011619494936e-03
9.481057291203635190e-03
9.486980570787775444e-03
9.491839354484285854e-03
9.496687275977862275e-03
9.501535197471438696e-03
9.506383118965013382e-03
9.511231040458589803e-03
9.515091019829630820e-03
9.518898449087771774e-03
9.522705878345914463e-03
9.526513307604055417e-03
9.530320736862198105e-03
9.533244046377625444e-03
9.536078943918781595e-03
9.538913841459936011e-03
9.541748739001093896e-03
9.544583636542248312e-03
9.546653614605651525e-03
9.548607965306137729e-03
9.550562316006623934e-03
9.552516666707110138e-03
9.554471017407596342e-03
9.555802513121788508e-03
9.557004880363213772e-03
9.558207247604637302e-03
9.559409614846060832e-03
9.560611982087486097e-03
9.561340549003599296e-03
9.561941554293665671e-03
9.562542559583732046e-03
9.563143564873798422e-03
9.563744570163864797e-03
9.563963933954377356e-03
9.564054364805851111e-03
9.564144795657324866e-03
9.564235226508796886e-03
9.564325657360270641e-03
9.564064815555996593e-03
9.563658446508626135e-03
9.563252077461257411e-03
9.562845708413886953e-03
9.562439339366518229e-03
9.561685616165110577e-03
9.560758215886684327e-03
9.559830815608261548e-03
9.558903415329835299e-03
9.557976015051409049e-03
9.556702080049866294e-03
9.555221342068393603e-03
9.553740604086922647e-03
9.552259866105451691e-03
9.550779128123982470e-03
9.548948482954166053e-03
9.546870489599484921e-03
9.544792496244803789e-03
9.542714502890120923e-03
9.540636509535439791e-03
9.538199787212292557e-03
9.535464124082088794e-03
9.532728460951885030e-03
9.529992797821683001e-03
9.527257134691479237e-03
9.524172083453817661e-03
9.520744631870844965e-03
9.517317180287875739e-03
9.513889728704901308e-03
9.510462277121930347e-03
9.506718573239583345e-03
9.502610491707953744e-03
9.498502410176324143e-03
9.494394328644694542e-03
9.490286247113064941e-03
9.485905988262858038e-03
9.481156345908871991e-03
9.476406703554882474e-03
9.471657061200894692e-03
9.466907418846905176e-03
9.461932448604770673e-03
9.456595767805350480e-03
9.451259087005926818e-03
9.445922406206504890e-03
9.440585725407081227e-03
9.435067217541063395e-03
9.429201099106552728e-03
9.423334980672043795e-03
9.417468862237531393e-03
9.411602743803022461e-03
9.405590015384280786e-03
9.399240084001810394e-03
9.392890152619341737e-03
9.386540221236871345e-03
9.380190289854399219e-03
9.373721946582317527e-03
9.366921139158632809e-03
9.360120331734951560e-03
9.353319524311266842e-03
9.346518716887583858e-03
9.339623804803394089e-03
9.332399526407424498e-03
9.325175248011456641e-03
9.317950969615490520e-03
9.310726691219520929e-03
9.303430393531904666e-03
9.295810009031856697e-03
9.288189624531810462e-03
9.280569240031764228e-03
9.272948855531717993e-03
9.265275998046478695e-03
9.257284554579718258e-03
9.249293111112957821e-03
9.241301667646197385e-03
9.233310224179436948e-03
9.225283475930377494e-03
9.216942515118854359e-03
9.208601554307332959e-03
9.200260593495809824e-03
9.191919632684290159e-03
9.183558751151435842e-03
9.174889098437945603e-03
9.166219445724457099e-03
9.157549793010966860e-03
9.148880140297476621e-03
9.140204218823128751e-03
9.131224262447138959e-03
9.122244306071150902e-03
9.113264349695162844e-03
9.104284393319174787e-03
9.095304436943186729e-03
9.086038480453298080e-03
9.076766627053844613e-03
9.067494773654392881e-03
9.058222920254939414e-03
9.048951066855485947e-03
9.039420726362207628e-03
9.029873709282227462e-03
9.020326692202247296e-03
9.010779675122268864e-03
9.001232658042288698e-03
8.991448517453044798e-03
8.981637733772869503e-03
8.971826950092695943e-03
8.962016166412520649e-03
8.952205382732347089e-03
8.942180649097101683e-03
8.932120676645727286e-03
8.922060704194354624e-03
8.912000731742978493e-03
8.901940759291605831e-03
8.891686932459666112e-03
8.881390026876486571e-03
8.871093121293308764e-03
8.860796215710132692e-03
8.850499310126954886e-03
8.840029384266119908e-03
8.829510024040237298e-03
8.818990663814356423e-03
8.808471303588475548e-03
8.797951943362594673e-03
8.787279437249268313e-03
8.776552386025341865e-03
8.765825334801417151e-03
8.755098283577492438e-03
8.744371232353567724e-03
8.733509765996747345e-03
8.722589858277797134e-03
8.711669950558848657e-03
8.700750042839900181e-03
8.689830135120951704e-03
8.678793089341546932e-03
8.667694771345902174e-03
8.656596453350257417e-03
8.645498135354614394e-03
8.634399817358971371e-03
8.623199178603517187e-03
8.611934799046868511e-03
8.600670419490223303e-03
8.589406039933576362e-03
8.578141660376927685e-03
8.566787843195979371e-03
8.555368124607649546e-03
8.543948406019321457e-03
8.532528687430993367e-03
8.521108968842661807e-03
8.509610763247950002e-03
8.498044436855240955e-03
8.486478110462533642e-03
8.474911784069826329e-03
8.463345457677117281e-03
8.451710226855814814e-03
8.440004685393085251e-03
8.428299143930357423e-03
8.416593602467629595e-03
8.404888061004900032e-03
8.393122968006197157e-03
8.381286413164327348e-03
8.369449858322457539e-03
8.357613303480587730e-03
8.345776748638714451e-03
8.333889652033842424e-03
8.321931057325211711e-03
8.309972462616579264e-03
8.298013867907948551e-03
8.286055273199316104e-03
8.274054525716285913e-03
8.261983143854536443e-03
8.249911761992786974e-03
8.237840380131037504e-03
8.225768998269288035e-03
8.213663672532553472e-03
8.201490459045846990e-03
8.189317245559140507e-03
8.177144032072434024e-03
8.164970818585729276e-03
8.152770751406463248e-03
8.140505864969296845e-03
8.128240978532132177e-03
8.115976092094965774e-03
8.103711205657799371e-03
8.091425887275021864e-03
8.079080090333236319e-03
8.066734293391452509e-03
8.054388496449666965e-03
8.042042699507879686e-03
8.029681826406100120e-03
8.017264956138627982e-03
8.004848085871155844e-03
7.992431215603683706e-03
7.980014345336211568e-03
7.967586955589814335e-03
7.955108824827432715e-03
7.942630694065049360e-03
7.930152563302667740e-03
7.917674432540286120e-03
7.905189491479397076e-03
7.892659497674543723e-03
7.880129503869692104e-03
7.867599510064838750e-03
7.855069516259987131e-03
7.842535534466623173e-03
7.829961672788151444e-03
7.817387811109677981e-03
7.804813949431204517e-03
7.792240087752731054e-03
7.779664433612025996e-03
7.767055081181350844e-03
7.754445728750675691e-03
7.741836376320000539e-03
7.729227023889325386e-03
7.716617390886677461e-03
7.703980261830743748e-03
7.691343132774808300e-03
7.678706003718873720e-03
7.666068874662938272e-03
7.653431745607004559e-03
7.640774816643986292e-03
7.628117268933872798e-03
7.615459721223759304e-03
7.602802173513645810e-03
7.590144625803532316e-03
7.577474810602791329e-03
7.564804062006023205e-03
7.552133313409255082e-03
7.539462564812487826e-03
7.526791816215720569e-03
7.514115311311505251e-03
7.501438086868859358e-03
7.488760862426213465e-03
7.476083637983566704e-03
7.463406413540921679e-03
7.450728959774875239e-03
7.438051465058223045e-03
7.425373970341569117e-03
7.412696475624916924e-03
7.400018980908264730e-03
7.387346268071155915e-03
7.374674690930439931e-03
7.362003113789723947e-03
7.349331536649007096e-03
7.336659959508291980e-03
7.323997815915736509e-03
7.311338527212757517e-03
7.298679238509777657e-03
7.286019949806798665e-03
7.273360661103819673e-03
7.260714253698593960e-03
7.248072676780025619e-03
7.235431099861458146e-03
7.222789522942889805e-03
7.210147946024323198e-03
7.197522312884046397e-03
7.184903948230931571e-03
7.172285583577816745e-03
7.159667218924702786e-03
7.147048854271587093e-03
7.134449053879042893e-03
7.121859405816497943e-03
7.109269757753952125e-03
7.096680109691407175e-03
7.084090461628862224e-03
7.071521349560571344e-03
7.058965585888543788e-03
7.046409822216517099e-03
7.033854058544490410e-03
7.021298294872463722e-03
7.008764471378625162e-03
6.996247494807324163e-03
6.983730518236023165e-03
6.971213541664723901e-03
6.958696565093422902e-03
6.946202491188407067e-03
6.933729117770226318e-03
6.921255744352045568e-03
6.908782370933865685e-03
6.896308997515684935e-03
6.883859007508175490e-03
6.871433862374502245e-03
6.859008717240829868e-03
6.846583572107158358e-03
6.834158426973485981e-03
6.821756628450172111e-03
6.809384013189810278e-03
6.797011397929446710e-03
6.784638782669084878e-03
6.772266167408722178e-03
6.759916435913902559e-03
6.747600457973259441e-03
6.735284480032616324e-03
6.722968502091972338e-03
6.710652524151330955e-03
6.698358609902164106e-03
6.686103307113088097e-03
6.673848004324009486e-03
6.661592701534930876e-03
6.649337398745853132e-03
6.637102867327844720e-03
6.624911825968012556e-03
6.612720784608182127e-03
6.600529743248352565e-03
6.588338701888519534e-03
6.576166669078641926e-03
6.564042836520424945e-03
6.551919003962209699e-03
6.539795171403993586e-03
6.527671338845778340e-03
6.515564899969751231e-03
6.503512816350564760e-03
6.491460732731380023e-03
6.479408649112191818e-03
6.467356565493007081e-03
6.455319256200066531e-03
6.443340305495805394e-03
6.431361354791542521e-03
6.419382404087278782e-03
6.407403453383015909e-03
6.395436958444395033e-03
6.383535077790046183e-03
6.371633197135696466e-03
6.359731316481348484e-03
6.347829435826998767e-03
6.335937200254086570e-03
6.324114891521587060e-03
6.312292582789089286e-03
6.300470274056589777e-03
6.288647965324092003e-03
6.276832287288335033e-03
6.265092033428017182e-03
6.253351779567701066e-03
6.241611525707381480e-03
6.229871271847065364e-03
6.218134447056768502e-03
6.206479062679483988e-03
6.194823678302199474e-03
6.183168293924914960e-03
6.171512909547628711e-03
6.159857525170344197e-03
