1.073501475354581014e-02
1.070151601869398679e-02
1.066801728384216344e-02
1.063451854899033662e-02
1.060101981413851327e-02
1.056752107928668992e-02
1.054673654838241340e-02
1.052648735238119471e-02
1.050623815637997428e-02
1.048598896037875559e-02
1.046573976437753517e-02
1.045823507025256394e-02
1.045185077189693217e-02
1.044546647354130386e-02
1.043908217518567209e-02
1.043269787683004206e-02
1.043896820266723528e-02
1.044698399391033421e-02
1.045499978515343313e-02
1.046301557639653379e-02
1.047103136763963271e-02
1.048942731725532526e-02
1.050982426125609409e-02
1.053022120525686466e-02
1.055061814925763522e-02
1.057101509325840578e-02
1.059955594549054705e-02
1.063015854664202398e-02
1.066076114779349916e-02
1.069136374894497435e-02
1.072196635009644954e-02
1.075639589923745552e-02
1.079205007173511359e-02
1.082770424423276819e-02
1.086335841673042278e-02
1.089901258922807911e-02
1.093354064912839020e-02
1.096762460828608517e-02
1.100170856744378013e-02
1.103579252660147510e-02
1.106987648575917006e-02
1.109922586220872878e-02
1.112631394542454993e-02
1.115340202864036935e-02
1.118049011185619224e-02
1.120757819507201339e-02
1.122797935690871864e-02
1.124455942081450076e-02
1.126113948472028461e-02
1.127771954862606847e-02
1.129429961253185233e-02
1.130402181963936423e-02
1.130909463230737183e-02
1.131416744497537943e-02
1.131924025764338530e-02
1.132431307031139291e-02
1.132431482600069345e-02
1.132025973610702868e-02
1.131620464621336392e-02
1.131214955631969915e-02
1.130809446642603439e-02
1.130106995481186191e-02
1.129125069334309568e-02
1.128143143187432772e-02
1.127161217040556149e-02
1.126179290893679352e-02
1.125041830544843899e-02
1.123732289802351590e-02
1.122422749059859455e-02
1.121113208317367320e-02
1.119803667574875011e-02
1.118430041341383907e-02
1.116972954933568608e-02
1.115515868525753310e-02
1.114058782117938011e-02
1.112601695710122712e-02
1.111140428956664851e-02
1.109672730902218178e-02
1.108205032847771505e-02
1.106737334793325006e-02
1.105269636738878333e-02
1.103820063683943684e-02
1.102403633485260145e-02
1.100987203286576260e-02
1.099570773087892549e-02
1.098154342889209011e-02
1.096756651216904827e-02
1.095400063408916852e-02
1.094043475600928877e-02
1.092686887792941076e-02
1.091330299984953275e-02
1.089987898912839377e-02
1.088683329136389162e-02
1.087378759359939294e-02
1.086074189583489079e-02
1.084769619807039037e-02
1.083470392805697610e-02
1.082188820191671251e-02
1.080907247577644892e-02
1.079625674963618533e-02
1.078344102349592173e-02
1.077058862372399194e-02
1.075758180866084011e-02
1.074457499359768829e-02
1.073156817853453820e-02
1.071856136347138812e-02
1.070547342002377278e-02
1.069193115762316626e-02
1.067838889522255801e-02
1.066484663282194802e-02
1.065130437042134150e-02
1.063769051598717659e-02
1.062350392528454979e-02
1.060931733458192472e-02
1.059513074387929965e-02
1.058094415317667458e-02
1.056671653123395990e-02
1.055194964156435863e-02
1.053718275189475910e-02
1.052241586222516130e-02
1.050764897255556003e-02
1.049286914348367648e-02
1.047767525353869578e-02
1.046248136359371160e-02
1.044728747364872916e-02
1.043209358370374845e-02
1.041689969375876428e-02
1.040144312793346917e-02
1.038598388174204711e-02
1.037052463555062504e-02
1.035506538935920297e-02
1.033960614316777916e-02
1.032398716584797399e-02
1.030835969219155192e-02
1.029273221853513158e-02
1.027710474487870777e-02
1.026147727122228744e-02
1.024574033803287397e-02
1.022999245889016397e-02
1.021424457974745396e-02
1.019849670060474396e-02
1.018274882146203396e-02
1.016691656211215176e-02
1.015107154761467866e-02
1.013522653311720208e-02
1.011938151861972550e-02
1.010353650412225066e-02
1.008762163016832525e-02
1.007169227315635532e-02
1.005576291614438712e-02
1.003983355913241719e-02
1.002390420212045073e-02
1.000791666487548144e-02
9.991913463721632110e-03
9.975910262567779310e-03
9.959907061413928245e-03
9.943903860260075445e-03
9.927853976058968397e-03
9.911788320558109072e-03
9.895722665057253217e-03
9.879657009556395628e-03
9.863591354055536303e-03
9.847483104563578907e-03
9.831357208989591895e-03
9.815231313415608352e-03
9.799105417841621340e-03
9.782979522267636063e-03
9.766807234391567533e-03
9.750611750364460845e-03
9.734416266337352422e-03
9.718220782310245734e-03
9.702025298283137311e-03
9.685779332851952861e-03
9.669503241421559259e-03
9.653227149991167391e-03
9.636951058560775524e-03
9.620674967130381922e-03
9.604348572295884692e-03
9.587986618158485935e-03
9.571624664021087178e-03
9.555262709883688421e-03
9.538900755746289664e-03
9.522491599695138281e-03
9.506043108715857975e-03
9.489594617736577670e-03
9.473146126757297364e-03
9.456697635778017058e-03
9.440204486696798097e-03
9.423667572675684806e-03
9.407130658654573249e-03
9.390593744633458223e-03
9.374056830612343197e-03
9.357478437048340897e-03
9.340852251837091294e-03
9.324226066625843426e-03
9.307599881414593823e-03
9.290973696203345955e-03
9.274312362663284653e-03
9.257603327819835179e-03
9.240894292976383970e-03
9.224185258132932760e-03
9.207476223289483286e-03
9.190740415608753336e-03
9.173961630478703541e-03
9.157182845348655481e-03
9.140404060218605686e-03
9.123625275088557626e-03
9.106827964556318128e-03
9.089995237814011558e-03
9.073162511071704989e-03
9.056329784329398419e-03
9.039497057587093584e-03
9.022653255193552324e-03
9.005783978802176307e-03
8.988914702410800289e-03
8.972045426019426007e-03
8.955176149628048254e-03
8.938301968034356726e-03
8.921414014141853394e-03
8.904526060249350061e-03
8.887638106356848464e-03
8.870750152464345131e-03
8.853861545655511422e-03
8.836970653639532672e-03
8.820079761623550452e-03
8.803188869607568232e-03
8.786297977591587746e-03
8.769408837854885536e-03
8.752527583374941633e-03
8.735646328894995996e-03
8.718765074415052094e-03
8.701883819935109926e-03
8.685005432986106153e-03
8.668144456046390778e-03
8.651283479106677138e-03
8.634422502166961763e-03
8.617561525227246388e-03
8.600703523674826934e-03
8.583872003069320175e-03
8.567040482463811682e-03
8.550208961858303189e-03
8.533377441252796430e-03
8.516548129732048542e-03
8.499753059025050989e-03
8.482957988318055170e-03
8.466162917611057617e-03
8.449367846904060064e-03
8.432573610251308319e-03
8.415819825229457415e-03
8.399066040207604777e-03
8.382312255185753874e-03
8.365558470163901236e-03
8.348804685142048598e-03
8.332094968426505613e-03
8.315386160335835886e-03
8.298677352245166158e-03
8.281968544154494696e-03
8.265259736063823234e-03
8.248596650526084789e-03
8.231936514830468649e-03
8.215276379134852508e-03
8.198616243439236367e-03
8.181956107743620227e-03
8.165343692855413921e-03
8.148736639855680766e-03
8.132129586855945877e-03
8.115522533856210988e-03
8.098915480856479568e-03
8.082358422031666115e-03
8.065809597541544196e-03
8.049260773051424012e-03
8.032711948561303827e-03
8.016163124071183643e-03
7.999666330914661019e-03
7.983181100276719872e-03
7.966695869638776989e-03
7.950210639000835841e-03
7.933725408362892959e-03
7.917293621657989569e-03
7.900877104648242055e-03
7.884460587638494541e-03
7.868044070628747028e-03
7.851627553618999514e-03
7.835265213697420114e-03
7.818922169725048971e-03
7.802579125752678695e-03
7.786236081780309286e-03
7.769893037807938142e-03
7.753604274742775283e-03
7.737339112072048886e-03
7.721073949401322488e-03
7.704808786730597825e-03
7.688543624059871427e-03
7.672332260318385361e-03
7.656149037555268905e-03
7.639965814792153316e-03
7.623782592029038595e-03
7.607599369265922139e-03
7.591468967486450850e-03
7.575371470582037761e-03
7.559273973677625540e-03
7.543176476773211583e-03
7.527078979868798495e-03
7.511032971948817388e-03
7.495024903280523600e-03
7.479016834612229811e-03
7.463008765943935155e-03
7.447000697275641366e-03
7.431042548586555205e-03
7.415127726671875107e-03
7.399212904757196743e-03
7.383298082842516645e-03
7.367383260927836547e-03
7.351516549127216568e-03
7.335698929279719886e-03
7.319881309432223204e-03
7.304063689584727390e-03
7.288246069737229840e-03
7.272474515630589567e-03
7.256758240412977158e-03
7.241041965195366484e-03
7.225325689977754075e-03
7.209609414760142533e-03
7.193936806015186619e-03
7.178325969353500403e-03
7.162715132691815055e-03
7.147104296030128839e-03
7.131493459368443491e-03
7.115923518982134738e-03
7.100422107489700631e-03
7.084920695997266524e-03
7.069419284504832417e-03
7.053917873012397442e-03
7.038454210365537034e-03
7.023066045409824890e-03
7.007677880454113613e-03
6.992289715498401469e-03
6.976901550542688457e-03
6.961547610144947808e-03
6.946276280749205494e-03
6.931004951353462312e-03
6.915733621957719131e-03
6.900462292561976817e-03
6.885221308618954573e-03
6.870070147215986620e-03
6.854918985813017798e-03
6.839767824410049844e-03
6.824616663007081023e-03
6.809491635953681191e-03
6.794463679341539337e-03
6.779435722729395750e-03
6.764407766117253029e-03
6.749379809505109441e-03
6.734373484317104745e-03
6.719471498939648575e-03
6.704569513562192405e-03
6.689667528184736235e-03
6.674765542807279198e-03
6.659880432461720914e-03
6.645106956942568172e-03
6.630333481423413694e-03
6.615560005904260951e-03
6.600786530385106474e-03
6.586024949784242792e-03
6.571382318366278397e-03
6.556739686948313134e-03
6.542097055530347871e-03
6.527454424112383476e-03
6.512818509282263142e-03
6.498308866303629042e-03
6.483799223324993206e-03
6.469289580346358239e-03
6.454779937367722403e-03
6.440271657555242911e-03
6.425896968025958389e-03
6.411522278496673867e-03
6.397147588967388478e-03
6.382772899438102221e-03
6.368398209908818566e-03
6.354156109963014082e-03
6.339918153441694189e-03
6.325680196920374296e-03
6.311442240399054403e-03
6.297204283877734510e-03
6.283094977733284445e-03
6.268995460204465110e-03
6.254895942675645776e-03
6.240796425146827309e-03
6.226696907618008842e-03
6.212721862632519278e-03
6.198762376714945718e-03
6.184802890797373026e-03
6.170843404879800334e-03
6.156883918962227642e-03
6.143044516045910279e-03
6.129226556522674937e-03
6.115408596999439596e-03
6.101590637476203387e-03
6.087772677952968045e-03
6.074070194821723848e-03
6.060395137333579076e-03
6.046720079845432569e-03
6.033045022357287797e-03
6.019369964869143892e-03
6.005805583423903284e-03
5.992274696044280063e-03
5.978743808664655976e-03
5.965212921285032756e-03
5.951682033905410403e-03
5.938256843139046691e-03
5.924871288602655620e-03
5.911485734066263681e-03
5.898100179529871742e-03
5.884714624993481538e-03
5.871429632109452512e-03
5.858190483508118190e-03
5.844951334906783001e-03
5.831712186305449547e-03
5.818473037704115225e-03
5.805329163979588286e-03
5.792237393703317770e-03
5.779145623427047254e-03
5.766053853150777606e-03
5.752962082874507090e-03
5.739960153095195056e-03
5.727016619638906729e-03
5.714073086182617535e-03
5.701129552726330076e-03
5.688186019270040882e-03
5.675326714020716319e-03
5.662532084001737492e-03
5.649737453982759533e-03
5.636942823963781574e-03
5.624148193944804482e-03
5.611432063206705026e-03
5.598786883741708846e-03
5.586141704276712666e-03
5.573496524811716486e-03
5.560851345346719439e-03
5.548278831572456098e-03
5.535783525094594391e-03
5.523288218616733553e-03
5.510792912138872714e-03
5.498297605661012742e-03
5.485869066358988605e-03
5.473523986026763814e-03
5.461178905694537289e-03
5.448833825362313366e-03
5.436488745030086840e-03
5.424204452985127017e-03
5.412009823663882502e-03
5.399815194342638854e-03
5.387620565021395205e-03
5.375425935700152424e-03
5.363286056336047901e-03
5.351241989396944218e-03
5.339197922457838801e-03
5.327153855518733383e-03
5.315109788579627098e-03
5.303114380672182410e-03
5.291220852612275177e-03
5.279327324552369680e-03
5.267433796492464182e-03
5.255540268432556082e-03
5.243689303302351279e-03
5.231946265601025887e-03
5.220203227899703098e-03
5.208460190198379441e-03
5.196717152497055785e-03
5.185010566346077987e-03
5.173417891289933818e-03
5.161825216233791383e-03
5.150232541177646346e-03
5.138639866121503912e-03
5.127077530237857811e-03
5.115635034085582768e-03
5.104192537933305990e-03
5.092750041781030079e-03
5.081307545628754169e-03
5.069889270172529480e-03
5.058596639577072999e-03
5.047304008981615651e-03
5.036011378386159171e-03
5.024718747790700955e-03
5.013444224572960635e-03
5.002300979843662260e-03
4.991157735114366487e-03
4.980014490385068979e-03
4.968871245655771471e-03
4.957740028190759166e-03
4.946745620856986270e-03
4.935751213523215976e-03
4.924756806189443080e-03
4.913762398855672786e-03
4.902773982064415059e-03
4.891927840657900838e-03
4.881081699251385748e-03
4.870235557844870659e-03
4.859389416438354703e-03
4.848543275031839614e-03
