1.042529914061500820e-02
1.044788029127832057e-02
1.047046144194163295e-02
1.049304259260494532e-02
1.051562374326825769e-02
1.053820489393157180e-02
1.055817050403870527e-02
1.057802598612242288e-02
1.059788146820614049e-02
1.061773695028985810e-02
1.063759243237357571e-02
1.065513416807954694e-02
1.067247249751055241e-02
1.068981082694155614e-02
1.070714915637256161e-02
1.072448748580356707e-02
1.073970324125028859e-02
1.075462622787159463e-02
1.076954921449289893e-02
1.078447220111420322e-02
1.079939518773550926e-02
1.081239631503251239e-02
1.082502696342362708e-02
1.083765761181474351e-02
1.085028826020585820e-02
1.086291890859697289e-02
1.087381711786680055e-02
1.088427673495402301e-02
1.089473635204124373e-02
1.090519596912846619e-02
1.091565558621568864e-02
1.092452365666581222e-02
1.093288243219206479e-02
1.094124120771831563e-02
1.094959998324456993e-02
1.095795875877082076e-02
1.096490257758607131e-02
1.097128838530402745e-02
1.097767419302198358e-02
1.098406000073993798e-02
1.099044580845789237e-02
1.099558328421922256e-02
1.100012454173261191e-02
1.100466579924599952e-02
1.100920705675938888e-02
1.101374831427277823e-02
1.101717436797832080e-02
1.101996316236509774e-02
1.102275195675187294e-02
1.102554075113864988e-02
1.102832954552542682e-02
1.103012450743959608e-02
1.103124568462657447e-02
1.103236686181355286e-02
1.103348803900052952e-02
1.103460921618750618e-02
1.103485930039344726e-02
1.103441251021456022e-02
1.103396572003567146e-02
1.103351892985678269e-02
1.103307213967789566e-02
1.103185089316384426e-02
1.102990074656964338e-02
1.102795059997544423e-02
1.102600045338124161e-02
1.102405030678704073e-02
1.102142916790376480e-02
1.101806565457300047e-02
1.101470214124223787e-02
1.101133862791147354e-02
1.100797511458071094e-02
1.100403333529937841e-02
1.099933846547777004e-02
1.099464359565616167e-02
1.098994872583455504e-02
1.098525385601294667e-02
1.098006386031756890e-02
1.097411213250869787e-02
1.096816040469982857e-02
1.096220867689095754e-02
1.095625694908208651e-02
1.094988962063996214e-02
1.094276233675417487e-02
1.093563505286838759e-02
1.092850776898260032e-02
1.092138048509681304e-02
1.091391516493283448e-02
1.090570834583604563e-02
1.089750152673925679e-02
1.088929470764246794e-02
1.088108788854568083e-02
1.087260063817839170e-02
1.086336557108976905e-02
1.085413050400114467e-02
1.084489543691252202e-02
1.083566036982389937e-02
1.082620812293787899e-02
1.081603823846045628e-02
1.080586835398303532e-02
1.079569846950561435e-02
1.078552858502819164e-02
1.077519243326530846e-02
1.076415620872153180e-02
1.075311998417775687e-02
1.074208375963398195e-02
1.073104753509020529e-02
1.071988821620840047e-02
1.070803956903363871e-02
1.069619092185887521e-02
1.068434227468411171e-02
1.067249362750934995e-02
1.066056395771388179e-02
1.064798610695277120e-02
1.063540825619166234e-02
1.062283040543055175e-02
1.061025255466944289e-02
1.059762683566819325e-02
1.058437199122510414e-02
1.057111714678201329e-02
1.055786230233892418e-02
1.054460745789583508e-02
1.053133426116844261e-02
1.051747379134338606e-02
1.050361332151832777e-02
1.048975285169326949e-02
1.047589238186821294e-02
1.046203191204315638e-02
1.044761302691345206e-02
1.043318844366839492e-02
1.041876386042333777e-02
1.040433927717828236e-02
1.038991469393322521e-02
1.037502244223037148e-02
1.036010531454572073e-02
1.034518818686106997e-02
1.033027105917641922e-02
1.031535393149176673e-02
1.030002172863517598e-02
1.028464801826139280e-02
1.026927430788760962e-02
1.025390059751382470e-02
1.023852688714003978e-02
1.022280561601061726e-02
1.020703180662743161e-02
1.019125799724424943e-02
1.017548418786106551e-02
1.015971037847788333e-02
1.014363940122073315e-02
1.012750681598971296e-02
1.011137423075869103e-02
1.009524164552767084e-02
1.007910906029664891e-02
1.006272650616854038e-02
1.004627665272198912e-02
1.002982679927543440e-02
1.001337694582888141e-02
9.996927092382328420e-03
9.980269464963113096e-03
9.963541643634216474e-03
9.946813822305318117e-03
9.930086000976419761e-03
9.913358179647521404e-03
9.896469570906354929e-03
9.879514350237246154e-03
9.862559129568137378e-03
9.845603908899028603e-03
9.828648688229921562e-03
9.811552797844194651e-03
9.794386572600162141e-03
9.777220347356129632e-03
9.760054122112095387e-03
9.742887896868062877e-03
9.725614374626176048e-03
9.708276820304928209e-03
9.690939265983678635e-03
9.673601711662430797e-03
9.656264157341181223e-03
9.638841266830190310e-03
9.621358052460934895e-03
9.603874838091679481e-03
9.586391623722424066e-03
9.568908409353165181e-03
9.551363878017259806e-03
9.533768249209142662e-03
9.516172620401027252e-03
9.498576991592910107e-03
9.480981362784792962e-03
9.463338979903175921e-03
9.445650778029527836e-03
9.427962576155881486e-03
9.410274374282235135e-03
9.392586172408585315e-03
9.374864805149396921e-03
9.357105225598169596e-03
9.339345646046940536e-03
9.321586066495711476e-03
9.303826486944484150e-03
9.286047322516085417e-03
9.268241578611524992e-03
9.250435834706968036e-03
9.232630090802409345e-03
9.214824346897848920e-03
9.197009119868142235e-03
9.179178669927012812e-03
9.161348219985885125e-03
9.143517770044755702e-03
9.125687320103628014e-03
9.107854545505838714e-03
9.090017326711493512e-03
9.072180107917148309e-03
9.054342889122801372e-03
9.036505670328457904e-03
9.018671147530746973e-03
9.000842825525301114e-03
8.983014503519853519e-03
8.965186181514405925e-03
8.947357859508958330e-03
8.929535731283248096e-03
8.911730993285259250e-03
8.893926255287270405e-03
8.876121517289281559e-03
8.858316779291290979e-03
8.840520703112765208e-03
8.822754943302351521e-03
8.804989183491941304e-03
8.787223423681529352e-03
8.769457663871117400e-03
8.751701097963473022e-03
8.733985904618291399e-03
8.716270711273108041e-03
8.698555517927922948e-03
8.680840324582741324e-03
8.663134239216390906e-03
8.645483452292952037e-03
8.627832665369514903e-03
8.610181878446077769e-03
8.592531091522640635e-03
8.574887369916541630e-03
8.557306529634749886e-03
8.539725689352959878e-03
8.522144849071168135e-03
8.504564008789378127e-03
8.486988329845903192e-03
8.469492651646360476e-03
8.451996973446816025e-03
8.434501295247271574e-03
8.417005617047727123e-03
8.399511864964319049e-03
8.382111529513500137e-03
8.364711194062679489e-03
8.347310858611858841e-03
8.329910523161039929e-03
8.312510187710219281e-03
8.295207160891491724e-03
8.277906140436311691e-03
8.260605119981131658e-03
8.243304099525953360e-03
8.226003079070775062e-03
8.208805985100353295e-03
8.191615596064433236e-03
8.174425207028513177e-03
8.157234817992593118e-03
8.140044428956671324e-03
8.122959568272435094e-03
8.105886564706362915e-03
8.088813561140290737e-03
8.071740557574222028e-03
8.054667554008151584e-03
8.037698843978802882e-03
8.020747311708441990e-03
8.003795779438084568e-03
7.986844247167727145e-03
7.969892714897366254e-03
7.953046438224278120e-03
7.936223551683918229e-03
7.919400665143554868e-03
7.902577778603194977e-03
7.885754892062831617e-03
7.869036278769949225e-03
7.852347457833490710e-03
7.835658636897030460e-03
7.818969815960571945e-03
7.802280995024111696e-03
7.785695555887830153e-03
7.769146937666678021e-03
7.752598319445526756e-03
7.736049701224376358e-03
7.719501083003225961e-03
7.703051434077298233e-03
7.686644815279728565e-03
7.670238196482159765e-03
7.653831577684591832e-03
7.637424958887021297e-03
7.621115317021370447e-03
7.604856401550875999e-03
7.588597486080382419e-03
7.572338570609889706e-03
7.556079655139396126e-03
7.539914421784048651e-03
7.523807547779120218e-03
7.507700673774193520e-03
7.491593799769265087e-03
7.475486925764336654e-03
7.459468436513728290e-03
7.443515072871565059e-03
7.427561709229402696e-03
7.411608345587239466e-03
7.395654981945076235e-03
7.379787205849363228e-03
7.363993713284533102e-03
7.348200220719702976e-03
7.332406728154871982e-03
7.316613235590041855e-03
7.300897020676088214e-03
7.285259660507928392e-03
7.269622300339768570e-03
7.253984940171607880e-03
7.238347580003448058e-03
7.222785369491135400e-03
7.207313338565839340e-03
7.191841307640543281e-03
7.176369276715247221e-03
7.160897245789950294e-03
7.145495142482917797e-03
7.130191961172454261e-03
7.114888779861990725e-03
7.099585598551527189e-03
7.084282417241062786e-03
7.069041208993528079e-03
7.053903847500087726e-03
7.038766486006649108e-03
7.023629124513208755e-03
7.008491763019770136e-03
6.993411158900167922e-03
6.978444069528243719e-03
6.963476980156319517e-03
6.948509890784394447e-03
6.933542801412469377e-03
6.918625940409221277e-03
6.903830320295880653e-03
6.889034700182539162e-03
6.874239080069198538e-03
6.859443459955856179e-03
6.844691312785432941e-03
6.830067845526044575e-03
6.815444378266655341e-03
6.800820911007266108e-03
6.786197443747876874e-03
6.771610832505511532e-03
6.757161115040663003e-03
6.742711397575812740e-03
6.728261680110963344e-03
6.713811962646113081e-03
6.699392628792993562e-03
6.685119851184690223e-03
6.670847073576386885e-03
6.656574295968082679e-03
6.642301518359779340e-03
6.628051929672191915e-03
6.613955744613966327e-03
6.599859559555739871e-03
6.585763374497513416e-03
6.571667189439286960e-03
6.557587084624116880e-03
6.543667782239518359e-03
6.529748479854919838e-03
6.515829177470320449e-03
6.501909875085721061e-03
6.487999571078082763e-03
6.474258436557307761e-03
6.460517302036532759e-03
6.446776167515756023e-03
6.433035032994981021e-03
6.419295706246355877e-03
6.405733541168568551e-03
6.392171376090779490e-03
6.378609211012991297e-03
6.365047045935203103e-03
6.351484880857414909e-03
6.338096737829132521e-03
6.324714032989895048e-03
6.311331328150659309e-03
6.297948623311422703e-03
6.284565918472187832e-03
6.271350181243097975e-03
6.258147148071302110e-03
6.244944114899505377e-03
6.231741081727710380e-03
6.218538048555914514e-03
6.205493581664701941e-03
6.192468935558562496e-03
6.179444289452423050e-03
6.166419643346284472e-03
6.153394997240145894e-03
6.140526114519644085e-03
6.127685046689436074e-03
6.114843978859226328e-03
6.102002911029017450e-03
6.089161843198808571e-03
6.076465209432253302e-03
6.063802878755814724e-03
6.051140548079376145e-03
6.038478217402938435e-03
6.025815886726500724e-03
6.013292555976692579e-03
6.000811290994154112e-03
5.988330026011615646e-03
5.975848761029077180e-03
5.963367496046539581e-03
5.951017552841756167e-03
5.938716855303632740e-03
5.926416157765508445e-03
5.914115460227384151e-03
5.901814762689260724e-03
5.889637969713357006e-03
5.877517662640818590e-03
5.865397355568280173e-03
5.853277048495742624e-03
5.841156741423203340e-03
5.829152936529978339e-03
5.817212843766065254e-03
5.805272751002152169e-03
5.793332658238239952e-03
5.781392565474326867e-03
5.769561226796235745e-03
5.757800578273929160e-03
5.746039929751623442e-03
5.734279281229317723e-03
5.722518632707012005e-03
5.710860294850391393e-03
5.699280516969207171e-03
5.687700739088022948e-03
5.676120961206840461e-03
5.664541183325655371e-03
5.653055183784620047e-03
5.641653945435642047e-03
5.630252707086664046e-03
5.618851468737686913e-03
5.607450230388708046e-03
5.596135428745035480e-03
5.584912466100749179e-03
5.573689503456462878e-03
5.562466540812177444e-03
5.551243578167891143e-03
5.540100150731963428e-03
5.529056142306482645e-03
5.518012133881002729e-03
5.506968125455523680e-03
5.495924117030042896e-03
5.484951606367856163e-03
5.474084554906526699e-03
5.463217503445198103e-03
5.452350451983868640e-03
5.441483400522540911e-03
5.430680905342075843e-03
5.419991383653128235e-03
5.409301861964180627e-03
5.398612340275232152e-03
5.387922818586282810e-03
5.377290808518914861e-03
5.366779213409228998e-03
5.356267618299544869e-03
5.345756023189860741e-03
5.335244428080174010e-03
5.324781591074380198e-03
5.314442390689160661e-03
5.304103190303942859e-03
5.293763989918725058e-03
5.283424789533507256e-03
5.273128381816014759e-03
5.262965701185164276e-03
5.252803020554315527e-03
5.242640339923464177e-03
5.232477659292615428e-03
5.222350211440314645e-03
5.212361933063289383e-03
5.202373654686262387e-03
5.192385376309235391e-03
5.182397097932209262e-03
5.172436731284641223e-03
5.162621156733646945e-03
5.152805582182652666e-03
5.142990007631659255e-03
5.133174433080663242e-03
5.123379676719473814e-03
5.113735852234365872e-03
5.104092027749260532e-03
5.094448203264153457e-03
5.084804378779047250e-03
5.075174407089499268e-03
5.065702010949437589e-03
5.056229614809376778e-03
5.046757218669313365e-03
5.037284822529252554e-03
5.027819289271476776e-03
5.018516749468051631e-03
5.009214209664624752e-03
4.999911669861197873e-03
4.990609130057770994e-03
4.981306590254344115e-03
