8.338451753454385884e-03
8.269379969866753194e-03
8.200308186279120504e-03
8.131236402691487813e-03
8.062164619103855123e-03
7.993092835516222433e-03
7.996787239334911257e-03
8.003545482623339660e-03
8.010303725911768064e-03
8.017061969200198202e-03
8.023820212488626605e-03
8.079164402343895837e-03
8.138779884205043016e-03
8.198395366066191930e-03
8.258010847927339110e-03
8.317626329788488024e-03
8.375140982928172551e-03
8.432365866589035600e-03
8.489590750249900383e-03
8.546815633910763432e-03
8.604040517571628216e-03
8.639083744357871006e-03
8.669850989095995858e-03
8.700618233834120710e-03
8.731385478572247297e-03
8.762152723310372149e-03
8.782173186676379972e-03
8.799472945897548679e-03
8.816772705118719120e-03
8.834072464339887826e-03
8.851372223561058267e-03
8.868535897749945870e-03
8.885656024728504424e-03
8.902776151707061242e-03
8.919896278685619795e-03
8.937016405664174878e-03
8.953306267907445645e-03
8.969268701804405247e-03
8.985231135701363114e-03
9.001193569598324451e-03
9.017156003495282318e-03
9.029436585270533486e-03
9.039958670510040567e-03
9.050480755749549383e-03
9.061002840989058199e-03
9.071524926228567015e-03
9.079088990357404507e-03
9.084962756708718501e-03
9.090836523060030760e-03
9.096710289411343020e-03
9.102584055762655280e-03
9.109230692845813118e-03
9.116401310086156076e-03
9.123571927326495565e-03
9.130742544566838523e-03
9.137913161807178011e-03
9.147509938789153902e-03
9.159047643564436139e-03
9.170585348339721846e-03
9.182123053115005817e-03
9.193660757890288054e-03
9.206738241308097537e-03
9.221264928154164486e-03
9.235791615000233171e-03
9.250318301846301855e-03
9.264844988692368805e-03
9.281010171737316336e-03
9.298988159087404060e-03
9.316966146437495253e-03
9.334944133787582976e-03
9.352922121137672434e-03
9.371149517795820602e-03
9.389701726576098195e-03
9.408253935356374054e-03
9.426806144136648177e-03
9.445358352916924036e-03
9.462210707943593049e-03
9.476447903349328322e-03
9.490685098755065330e-03
9.504922294160800603e-03
9.519159489566535876e-03
9.531450567654840139e-03
9.540183031219838170e-03
9.548915494784836200e-03
9.557647958349832495e-03
9.566380421914830526e-03
9.573859832653941124e-03
9.578590611387879233e-03
9.583321390121817343e-03
9.588052168855757187e-03
9.592782947589695297e-03
9.596701430988792414e-03
9.598453793494984843e-03
9.600206156001173802e-03
9.601958518507364496e-03
9.603710881013553455e-03
9.604802413633657665e-03
9.603710334456255771e-03
9.602618255278857345e-03
9.601526176101455451e-03
9.600434096924055291e-03
9.598746219725031587e-03
9.594549719277071023e-03
9.590353218829108725e-03
9.586156718381148162e-03
9.581960217933185864e-03
9.577323712928957622e-03
9.570223182409631768e-03
9.563122651890309384e-03
9.556022121370983530e-03
9.548921590851659411e-03
9.541618666302653651e-03
9.532696589516194766e-03
9.523774512729737615e-03
9.514852435943280465e-03
9.505930359156821580e-03
9.496963191824839626e-03
9.487403405894524744e-03
9.477843619964211597e-03
9.468283834033898450e-03
9.458724048103585302e-03
9.449162765038212133e-03
9.439553573650966839e-03
9.429944382263721545e-03
9.420335190876479720e-03
9.410725999489234425e-03
9.401116808101989131e-03
9.391785116962364857e-03
9.382456257457920390e-03
9.373127397953475923e-03
9.363798538449033190e-03
9.354469678944588723e-03
9.345834511273409806e-03
9.337236242103997066e-03
9.328637972934586062e-03
9.320039703765176792e-03
9.311441434595765787e-03
9.303891253147587859e-03
9.296445880471531156e-03
9.289000507795474454e-03
9.281555135119417752e-03
9.274109762443362784e-03
9.267756172826244893e-03
9.261567620183154895e-03
9.255379067540064897e-03
9.249190514896974899e-03
9.243001962253883166e-03
9.237545025308277827e-03
9.232239764787762357e-03
9.226934504267243417e-03
9.221629243746727947e-03
9.216323983226210742e-03
9.211293474709466786e-03
9.206336937886045596e-03
9.201380401062626141e-03
9.196423864239206686e-03
9.191467327415787231e-03
9.186399737680164823e-03
9.181294630068798784e-03
9.176189522457434480e-03
9.171084414846068442e-03
9.165979307234704138e-03
9.160567413187208075e-03
9.155028421901889243e-03
9.149489430616568678e-03
9.143950439331251581e-03
9.138411448045931015e-03
9.132413787586793341e-03
9.126186792540744511e-03
9.119959797494695680e-03
9.113732802448646850e-03
9.107505807402599754e-03
9.100772774448748215e-03
9.093737751130565039e-03
9.086702727812381863e-03
9.079667704494198688e-03
9.072632681176017247e-03
9.065165210746814126e-03
9.057392044946025247e-03
9.049618879145239839e-03
9.041845713344450960e-03
9.034072547543665552e-03
9.026015601798510410e-03
9.017722172766379912e-03
9.009428743734252884e-03
9.001135314702124121e-03
8.992841885669997093e-03
8.984413633124393311e-03
8.975853253535582069e-03
8.967292873946772561e-03
8.958732494357961318e-03
8.950172114769151810e-03
8.941596239277547001e-03
8.933002509810982275e-03
8.924408780344417549e-03
8.915815050877854558e-03
8.907221321411291567e-03
8.898673851420766528e-03
8.890189162147723798e-03
8.881704472874681067e-03
8.873219783601638336e-03
8.864735094328595605e-03
8.856337464303396662e-03
8.848079587281313871e-03
8.839821710259232815e-03
8.831563833237150024e-03
8.823305956215067233e-03
8.815167909461575982e-03
8.807258949986277244e-03
8.799349990510978506e-03
8.791441031035678033e-03
8.783532071560379295e-03
8.775758384369648779e-03
8.768295823433427949e-03
8.760833262497205384e-03
8.753370701560982819e-03
8.745908140624760255e-03
8.738571187977143065e-03
8.731586904755223380e-03
8.724602621533303695e-03
8.717618338311384010e-03
8.710634055089464325e-03
8.703752095694799670e-03
8.697228269695532824e-03
8.690704443696265977e-03
8.684180617696999130e-03
8.677656791697732283e-03
8.671204853297297468e-03
8.665076409091599860e-03
8.658947964885900517e-03
8.652819520680204643e-03
8.646691076474505300e-03
8.640603922645697862e-03
8.634767460390864111e-03
8.628930998136028624e-03
8.623094535881193137e-03
8.617258073626357651e-03
8.611440124980510036e-03
8.605786947454651878e-03
8.600133769928793720e-03
8.594480592402933827e-03
8.588827414877073935e-03
8.583178235724761226e-03
8.577591031362413396e-03
8.572003827000065565e-03
8.566416622637719469e-03
8.560829418275371638e-03
8.555242004614939735e-03
8.549644439997483233e-03
8.544046875380026732e-03
8.538449310762570230e-03
8.532851746145111993e-03
8.527254181527655491e-03
8.521571599741104355e-03
8.515887265023230554e-03
8.510202930305358487e-03
8.504518595587486421e-03
8.498834260869614354e-03
8.493000478087178035e-03
8.487157053494126177e-03
8.481313628901072585e-03
8.475470204308018993e-03
8.469626779714967135e-03
8.463569060016997228e-03
8.457487262217353377e-03
8.451405464417709526e-03
8.445323666618063940e-03
8.439241868818420089e-03
8.432909038417259542e-03
8.426534861469965956e-03
8.420160684522674105e-03
8.413786507575380519e-03
8.407412330628088667e-03
8.400765562397433453e-03
8.394058218326033716e-03
8.387350874254632244e-03
8.380643530183230772e-03
8.373936186111831034e-03
8.366977723689907748e-03
8.359947513167835867e-03
8.352917302645765721e-03
8.345887092123692105e-03
8.338856881601620225e-03
8.331597399533118009e-03
8.324256259105608860e-03
8.316915118678103180e-03
8.309573978250597501e-03
8.302232837823090086e-03
8.294705978394781298e-03
8.287098371574819211e-03
8.279490764754857124e-03
8.271883157934893302e-03
8.264275551114929480e-03
8.256514099239810334e-03
8.248672174566606258e-03
8.240830249893402182e-03
8.232988325220199841e-03
8.225146400546995765e-03
8.217190508759620454e-03
8.209163621065055511e-03
8.201136733370490567e-03
8.193109845675927358e-03
8.185082957981362414e-03
8.176967520136921644e-03
8.168786834813625275e-03
8.160606149490330641e-03
8.152425464167034272e-03
8.144244778843737903e-03
8.136009318368185583e-03
8.127726317194447839e-03
8.119443316020710094e-03
8.111160314846970615e-03
8.102877313673232870e-03
8.094549496080316944e-03
8.086175947447421866e-03
8.077802398814528523e-03
8.069428850181635179e-03
8.061055301548741836e-03
8.052659036984138180e-03
8.044235513301486659e-03
8.035811989618836873e-03
8.027388465936185352e-03
8.018964942253535566e-03
8.010526095995779486e-03
8.002065573900067272e-03
7.993605051804356793e-03
7.985144529708646313e-03
7.976684007612935834e-03
7.968214726750407623e-03
7.959730769035373507e-03
7.951246811320341126e-03
7.942762853605307011e-03
7.934278895890272895e-03
7.925795232025493672e-03
7.917312155861220765e-03
7.908829079696947859e-03
7.900346003532674952e-03
7.891862927368402045e-03
7.883382593679525221e-03
7.874908879758845542e-03
7.866435165838164129e-03
7.857961451917484449e-03
7.849487737996803036e-03
7.841023177918312811e-03
7.832585713212707190e-03
7.824148248507099834e-03
7.815710783801492478e-03
7.807273319095885990e-03
7.798846838180026157e-03
7.790461154197512658e-03
7.782075470214999159e-03
7.773689786232485660e-03
7.765304102249972161e-03
7.756931501011853428e-03
7.748622004776111079e-03
7.740312508540366995e-03
7.732003012304622912e-03
7.723693516068878828e-03
7.715394058872306754e-03
7.707161013781022897e-03
7.698927968689738173e-03
7.690694923598454316e-03
7.682461878507169592e-03
7.674236815593278756e-03
7.666091574453329401e-03
7.657946333313378311e-03
7.649801092173428088e-03
7.641655851033477866e-03
7.633514760347339008e-03
7.625451698192852595e-03
7.617388636038366183e-03
7.609325573883878903e-03
7.601262511729392490e-03
7.593200177231331643e-03
7.585209153062916383e-03
7.577218128894502858e-03
7.569227104726087597e-03
7.561236080557673205e-03
7.553245056389259679e-03
7.545318299757569104e-03
7.537393551486402422e-03
7.529468803215235741e-03
7.521544054944068192e-03
7.513619306672902377e-03
7.505748487519838322e-03
7.497881771669238568e-03
7.490015055818639682e-03
7.482148339968039928e-03
7.474281624117441042e-03
7.466455439518129671e-03
7.458634321325229022e-03
7.450813203132328373e-03
7.442992084939428592e-03
7.435170966746527076e-03
7.427386114202515731e-03
7.419607737667233659e-03
7.411829361131952454e-03
7.404050984596670382e-03
7.396272608061390044e-03
7.388519832103349408e-03
7.380773136282403092e-03
7.373026440461457644e-03
7.365279744640511328e-03
7.357533048819565880e-03
7.349809198350374870e-03
7.342092261606055978e-03
7.334375324861737953e-03
7.326658388117419062e-03
7.318941451373101037e-03
7.311237687865721792e-03
7.303538864322194589e-03
7.295840040778667386e-03
7.288141217235140183e-03
7.280442393691613848e-03
7.272752969645149279e-03
7.265067830663522394e-03
7.257382691681895509e-03
7.249697552700269491e-03
7.242012413718642606e-03
7.234330010174987342e-03
7.226649102573973540e-03
7.218968194972959738e-03
7.211287287371945937e-03
7.203606379770932135e-03
7.195923526198232459e-03
7.188239407743937485e-03
7.180555289289643379e-03
7.172871170835347539e-03
7.165187052381052565e-03
7.157500536347077662e-03
7.149812179314419397e-03
7.142123822281761132e-03
7.134435465249103735e-03
7.126747108216444603e-03
7.119052590498605587e-03
7.111352504469160493e-03
7.103652418439716267e-03
7.095952332410271172e-03
7.088252246380826078e-03
7.080548558048478831e-03
7.072841042269299890e-03
7.065133526490120081e-03
7.057426010710940271e-03
7.049718494931760462e-03
7.042005789641769993e-03
7.034286597463267066e-03
7.026567405284763271e-03
7.018848213106260343e-03
7.011129020927756549e-03
7.003405804657979010e-03
6.995676652853572569e-03
6.987947501049164394e-03
6.980218349244757953e-03
6.972489197440352379e-03
6.964759419358684117e-03
6.957028545291809619e-03
6.949297671224935989e-03
6.941566797158062359e-03
6.933835923091186994e-03
6.926106183649851852e-03
6.918378819830739955e-03
6.910651456011626323e-03
6.902924092192515293e-03
6.895196728373401661e-03
6.887469503199219502e-03
6.879742629588963751e-03
6.872015755978708867e-03
6.864288882368453984e-03
6.856562008758198233e-03
6.848838595164800577e-03
6.841125994124080782e-03
6.833413393083361854e-03
6.825700792042641192e-03
6.817988191001923132e-03
6.810279396301860931e-03
6.802585636647397876e-03
6.794891876992934822e-03
6.787198117338470900e-03
6.779504357684006978e-03
6.771813535709281413e-03
6.764137952948196843e-03
6.756462370187112272e-03
6.748786787426028569e-03
6.741111204664943131e-03
6.733438546209722861e-03
6.725787088972014216e-03
6.718135631734308173e-03
6.710484174496600396e-03
6.702832717258892618e-03
6.695184070710328943e-03
6.687567395750776932e-03
6.679950720791224053e-03
6.672334045831670307e-03
6.664717370872117429e-03
6.657102250400830958e-03
6.649524049025888790e-03
6.641945847650945756e-03
6.634367646276002721e-03
6.626789444901059686e-03
6.619211243526116652e-03
