6.833261809734022217e-03
6.839430691909624722e-03
6.846368490210145291e-03
6.854309800235674002e-03
6.862888165602482396e-03
6.871680115933294017e-03
6.880626989113517583e-03
6.889772859959344790e-03
6.899364079222843407e-03
6.908649096308476165e-03
6.918903508273520180e-03
6.929414695171221862e-03
6.940313667295559125e-03
6.951694751825618704e-03
6.963800884340263370e-03
6.976484129854155017e-03
6.989795799481455033e-03
7.003729986309831755e-03
7.018105806676249413e-03
7.032325706229006559e-03
7.046894890625983281e-03
7.061701320937002757e-03
7.076585919652169342e-03
7.092138976810326637e-03
7.108555487648427623e-03
7.125282711061077350e-03
7.140917517242990724e-03
7.155992285234519940e-03
7.171526316056268079e-03
7.187112735243840478e-03
7.202660859139108432e-03
7.218045384556141461e-03
7.233871822074328974e-03
7.250443661713400732e-03
7.267940774371827589e-03
7.285829680499951271e-03
7.303571701936678075e-03
7.319650090012681798e-03
7.335830429016905116e-03
7.352213635441111859e-03
7.368770967597780726e-03
7.386002418790206525e-03
7.403748229636733166e-03
7.421062942128188802e-03
7.437229312804423918e-03
7.453535539078525590e-03
7.470340864822476445e-03
7.487973410426826404e-03
7.504968088786778159e-03
7.521178968774233468e-03
7.537551068617507483e-03
7.554211422611067581e-03
7.570503955948798547e-03
7.587332463218227248e-03
7.604352046812034270e-03
7.621792396553722648e-03
7.639649196036483146e-03
7.657841039286770318e-03
7.675950151406536574e-03
7.692946865867275434e-03
7.709637560511200909e-03
7.726072351326855256e-03
7.742888704892906919e-03
7.760010656466731147e-03
7.776861002661430468e-03
7.794030539898131812e-03
7.811162611188876385e-03
7.828403188891219777e-03
7.845261747147660655e-03
7.862406453680676963e-03
7.878434173399152807e-03
7.893649760594919490e-03
7.908358740331328240e-03
7.922611612876591033e-03
7.935638167606610949e-03
7.948395132443565256e-03
7.960759583352523816e-03
7.973242257609937031e-03
7.986041567211714376e-03
7.998610923755773011e-03
8.011004274927078020e-03
8.023173187744588736e-03
8.035466528943564085e-03
8.048025513108143097e-03
8.060833347164075152e-03
8.073868225486800776e-03
8.087156823533836469e-03
8.100605263950021867e-03
8.113375060133451097e-03
8.126094149372811368e-03
8.139168149162694793e-03
8.151561564821096020e-03
8.163278355432880551e-03
8.173629827349877808e-03
8.183812456190504153e-03
8.194044531833902592e-03
8.204447481368630848e-03
8.214677494482104658e-03
8.224362560971545943e-03
8.234334005142477861e-03
8.243716622920223974e-03
8.252925956469260929e-03
8.261794650145100338e-03
8.270551817087457708e-03
8.278829570039076408e-03
8.286153583146854684e-03
8.293645387451312884e-03
8.301380056504541194e-03
8.309327053023391266e-03
8.317296585139587889e-03
8.324494251110486562e-03
8.330394363753466230e-03
8.336439186498371609e-03
8.342558360751319360e-03
8.348874795746925870e-03
8.355357443591091698e-03
8.362049168116910888e-03
8.367914456670563078e-03
8.373157176222027417e-03
8.377399635361035268e-03
8.381715320126808394e-03
8.386057255369559413e-03
8.390386630428790446e-03
8.393947151207286836e-03
8.397531203433047930e-03
8.400369780593502575e-03
8.402870317450770316e-03
8.405301437648631316e-03
8.407929142003219697e-03
8.410763913367811859e-03
8.413890266839738064e-03
8.417011850380845886e-03
8.420166129937095567e-03
8.423291407214523671e-03
8.426328753692830659e-03
8.428612525103634442e-03
8.431076513634614897e-03
8.433746666356246868e-03
8.436459784398858686e-03
8.439326860627345897e-03
8.441744671111337667e-03
8.443633434740686894e-03
8.444090623940740670e-03
8.443694098069602638e-03
8.442707365147114618e-03
8.441795054562757292e-03
8.440978392085803084e-03
8.440007266097856661e-03
8.438603475035538065e-03
8.437473508871352196e-03
8.435504114170782122e-03
8.433740836088414114e-03
8.432260398411713792e-03
8.431015112404167608e-03
8.429907162769057286e-03
8.428602831952999863e-03
8.427137912408937809e-03
8.425899938815277837e-03
8.424923170734961719e-03
8.424192759221122220e-03
8.423506897719373540e-03
8.421636729631485144e-03
8.419938495771940937e-03
8.418549121275792357e-03
8.417431814668682732e-03
8.416472401017508626e-03
8.415628233208108724e-03
8.414324771382108298e-03
8.412234718152311261e-03
8.409905940033912328e-03
8.407140726988907020e-03
8.404502140172477251e-03
8.401976164741351005e-03
8.399618449888393221e-03
8.397549805317500865e-03
8.395553430695748207e-03
8.393083244003335733e-03
8.390380224005750814e-03
8.387428217213881154e-03
8.384631844215234206e-03
8.381991803796217180e-03
8.379153023659982255e-03
8.375653225411672231e-03
8.372251004597833224e-03
8.368963264237935448e-03
8.365792860793207913e-03
8.362771280881435912e-03
8.359902967769290705e-03
8.357246915521338027e-03
8.354714092829153282e-03
8.352427088606196107e-03
8.349703381993756057e-03
8.346901987458897956e-03
8.344333971726619961e-03
8.341940161014216662e-03
8.339624418803820091e-03
8.336899963718193834e-03
8.334309544534257777e-03
8.331922037699840064e-03
8.329626964132483616e-03
8.327448599523980255e-03
8.325349172407535414e-03
8.323415866166252244e-03
8.321664729629857718e-03
8.320254059591516635e-03
8.318958020124616812e-03
8.317912943294356043e-03
8.317174683383710826e-03
8.316415133216700437e-03
8.315858463684239199e-03
8.315528455724656778e-03
8.314331336292439534e-03
8.313222861246066103e-03
8.311823769284477567e-03
8.310193878004171544e-03
8.308888854744700750e-03
8.307823340790648076e-03
8.306909188623959675e-03
8.306236726695151798e-03
8.305660942552960460e-03
8.305444628516173503e-03
8.305454776247979398e-03
8.305584063362164010e-03
8.305140248363077418e-03
8.304732399192077397e-03
8.304139568255909654e-03
8.303397855642682263e-03
8.302571585645500754e-03
8.302202092553823826e-03
8.302027839961497943e-03
8.302011451781639642e-03
8.302144936900094849e-03
8.302615929510316975e-03
8.303200443725355234e-03
8.303981621384532580e-03
8.305034718929578397e-03
8.306302597621410475e-03
8.307750545430247005e-03
8.309277591420301950e-03
8.310827702647629114e-03
8.312425369408616566e-03
8.314193318048241493e-03
8.316130804321983719e-03
8.318302145122786692e-03
8.320672057551489059e-03
8.323247726104952837e-03
8.325894177175670319e-03
8.328677560781599584e-03
8.331155107460347722e-03
8.333412193899146850e-03
8.335689445770200559e-03
8.338171455801766246e-03
8.340612811476171701e-03
8.343212042134699399e-03
8.346074981674516183e-03
8.349014496998626370e-03
8.352006382188165157e-03
8.355090112860738896e-03
8.358135519168955266e-03
8.361399037752504509e-03
8.364992309518747352e-03
8.368838782998197501e-03
8.372805219391961720e-03
8.376823577412975327e-03
8.380866622363163446e-03
8.385103048258559996e-03
8.389522055096231348e-03
8.394178672570050403e-03
8.399013024939410224e-03
8.403795665000294776e-03
8.408601909452861900e-03
8.413164646400024538e-03
8.417695839642462541e-03
8.422326080836607318e-03
8.427044436776675446e-03
8.431834035100997660e-03
8.436316858792326442e-03
8.440630007418022107e-03
8.444943610624892558e-03
8.449276877110395087e-03
8.453636219640563165e-03
8.458020405560404825e-03
8.462471044904704143e-03
8.467064035814660106e-03
8.471859036254778680e-03
8.476968473663568093e-03
8.482287267902869840e-03
8.487645991283784483e-03
8.493148711179902138e-03
8.498443970800443129e-03
8.503278189966947953e-03
8.508146908672966149e-03
8.513074226063644181e-03
8.518155963621529270e-03
8.523258635171003170e-03
8.528456438931105235e-03
8.533671277856364271e-03
8.538885482482314049e-03
8.544284705874221134e-03
8.549890805986339395e-03
8.555414550790277003e-03
8.560366610082737610e-03
8.565275361532589254e-03
8.570159688230313821e-03
8.574429315465967316e-03
8.578388368615755266e-03
8.581812407211552099e-03
8.585158807571709877e-03
8.588643216661575805e-03
8.591978711302249855e-03
8.595272170927599487e-03
8.598513918244473850e-03
8.601869031762831783e-03
8.605362602249075343e-03
8.609019995332643435e-03
8.612825922285816463e-03
8.616894605614147315e-03
8.620924562855224529e-03
8.624904074272115445e-03
8.628924967376041741e-03
8.633031180080259076e-03
8.636988351475425110e-03
8.640507896518444947e-03
8.644149114969589681e-03
8.647824154259983395e-03
8.651572546037008746e-03
8.655379936107257186e-03
8.659233883746918214e-03
8.663026306467765114e-03
8.666819181655453785e-03
8.670756835660826944e-03
8.674826914447640938e-03
8.678980811659712732e-03
8.683237237012376639e-03
8.687488896662886456e-03
8.691576634342513749e-03
8.695645235211933374e-03
8.699701849938710346e-03
8.703630854215816531e-03
8.707503809691489322e-03
8.711351657486111552e-03
8.715293808673597528e-03
8.719431573539864616e-03
8.723782002050387008e-03
8.728323561857893181e-03
8.732801882024115309e-03
8.737258900305151094e-03
8.741575749010159144e-03
8.745768890320589073e-03
8.749849528076595120e-03
8.752986988129454055e-03
8.756123820225994100e-03
8.759123586584469101e-03
8.762003239911124799e-03
8.764807037383205365e-03
8.767535560441743273e-03
8.770276509423781397e-03
8.773085210029533607e-03
8.775968377374371646e-03
8.778740275934112519e-03
8.781334168963940076e-03
8.783736987783719724e-03
8.786025049172195220e-03
8.788116570804896735e-03
8.790067929204564354e-03
8.791894098063595189e-03
8.793668135976604253e-03
8.795346813331231250e-03
8.796881764805031256e-03
8.798271256646552838e-03
8.799455241854376233e-03
8.800618570047977207e-03
8.801749265656371238e-03
8.802851479111381203e-03
8.803882268349666126e-03
8.804797627799376344e-03
8.805712029457127971e-03
8.806591821630151834e-03
8.807443154907432237e-03
8.808255779012107503e-03
8.809032275542371532e-03
8.809801621405072281e-03
8.810507076412529490e-03
8.811273326894594402e-03
8.812119532919111820e-03
8.812844930296900511e-03
8.813591291266910724e-03
8.814348001887340606e-03
8.815236139324963624e-03
8.815074782037626497e-03
8.814062636970416628e-03
8.812831368977636776e-03
8.811389667959844754e-03
8.809947918312440243e-03
8.808443840300427333e-03
8.806957224548441279e-03
8.805452457264509314e-03
8.803914340637149921e-03
8.802172415183913759e-03
8.800250350840749594e-03
8.798246567603045312e-03
8.796122741106447013e-03
8.793865278316723502e-03
8.791489472190258669e-03
8.789005828837967785e-03
8.786408079268330507e-03
8.783797440736698312e-03
8.781070592228339480e-03
8.778234688639479852e-03
8.775470120465440199e-03
8.772628341150631379e-03
8.769630190141066567e-03
8.766606073032052332e-03
8.763516902185722671e-03
8.760286726602608751e-03
8.756956796881220501e-03
8.753522237374189441e-03
8.750026928907833623e-03
8.746457217132323422e-03
8.742855887650502478e-03
8.739198746172327156e-03
8.735449457918945115e-03
8.731756284011253991e-03
8.728050789896617950e-03
8.724347107763680276e-03
8.720655828296598744e-03
8.717095643696735896e-03
8.713422771595653871e-03
8.709875611274973950e-03
8.706335872256228126e-03
8.702893481267039849e-03
8.699505109321487364e-03
8.696013403675217218e-03
8.692480071079511025e-03
8.688853636030970801e-03
8.685114655141388043e-03
8.681351128982809154e-03
8.677630685490583112e-03
8.673759009185186969e-03
8.669953163633758661e-03
8.666090293517125093e-03
8.662248175559611116e-03
8.658304496767950040e-03
8.654294904763411636e-03
8.650166846790931577e-03
8.645999406231409321e-03
8.641750779588770401e-03
8.637433911854782570e-03
8.633205441129908342e-03
8.628953831166177521e-03
8.624687264424699823e-03
8.620312159556657583e-03
8.615902830012137081e-03
8.611435160788508125e-03
8.606264258719341712e-03
8.599593759962791475e-03
8.592862331471615503e-03
8.586000664417286696e-03
8.578993195209053818e-03
8.571823814758752769e-03
8.564450164558409795e-03
8.556830765661761068e-03
8.549030794437322348e-03
8.541251987666552414e-03
8.533270327747534759e-03
8.525136536424655562e-03
8.516911027535769077e-03
8.508551953183847438e-03
8.500075542973922066e-03
8.491514663124779400e-03
8.482890714895168979e-03
8.474169607868628842e-03
8.465340346466608892e-03
8.456371469443293987e-03
8.447320781552041316e-03
8.438105874626395178e-03
8.428690986871212321e-03
8.419072100000360090e-03
8.409281288415653560e-03
8.399308000548059289e-03
8.389216564919341895e-03
8.379021875934486788e-03
8.368630134468578799e-03
8.358175063502318661e-03
8.347624392001104857e-03
8.336935616625287468e-03
8.326084212192013181e-03
8.315073837551142238e-03
8.303956525332303190e-03
8.292719832697347318e-03
8.281336886498810376e-03
8.269849927899291381e-03
8.258205381864672928e-03
8.246475913723998880e-03
8.234652591485803336e-03
8.222718037463307150e-03
8.210691016344449228e-03
8.198533064219028568e-03
8.186249065720317686e-03
8.173830432435651508e-03
