7.422658313090113244e-03
7.392542995325397832e-03
7.362996265579366782e-03
7.333912338584059817e-03
7.305668188992967514e-03
7.278214150112699912e-03
7.251276181382314626e-03
7.224818569636147318e-03
7.198935519951027602e-03
7.173543457049448742e-03
7.149104323149401211e-03
7.125403026296612229e-03
7.102232021641472458e-03
7.079733936670382262e-03
7.057640756665873628e-03
7.035797796111601873e-03
7.014414146490334685e-03
6.994136333234535208e-03
6.974455803698348388e-03
6.955983462121972417e-03
6.938232415066767321e-03
6.920831346886282404e-03
6.903720936851581030e-03
6.887411055893925306e-03
6.871425711008371552e-03
6.855607972316171694e-03
6.840189208949140967e-03
6.824929657881219532e-03
6.810364505986423074e-03
6.797001835471950734e-03
6.784186889814585071e-03
6.771871474952508366e-03
6.760787523663541222e-03
6.749977185840646578e-03
6.739350841333863543e-03
6.729442317502345138e-03
6.719817394179586865e-03
6.710383729014406454e-03
6.701126233083308688e-03
6.692316638097737212e-03
6.683345981830558086e-03
6.674594385588437755e-03
6.666225072027892780e-03
6.658085050268910780e-03
6.650229802472418066e-03
6.643078365265110870e-03
6.636407545104738674e-03
6.630104629117678471e-03
6.624138203630442270e-03
6.618592420604331276e-03
6.613276201071322316e-03
6.607772980586292325e-03
6.602568690567256655e-03
6.597662224690495174e-03
6.593027879033507878e-03
6.588608532828808123e-03
6.584381611892423276e-03
6.579533278490551189e-03
6.575044027744292481e-03
6.571053022280048776e-03
6.567675411209389705e-03
6.565042927399429920e-03
6.562899298070153271e-03
6.561296234473068881e-03
6.560412067217168304e-03
6.559942799899277054e-03
6.560184965333983910e-03
6.560968122010005753e-03
6.562470829941252810e-03
6.564207790423274430e-03
6.566278146024472941e-03
6.568902672020965512e-03
6.571975840564598693e-03
6.575363754770435255e-03
6.579453233617305052e-03
6.583820898699713382e-03
6.588609576251178331e-03
6.593915358388988297e-03
6.599748514419024638e-03
6.606117251117232803e-03
6.613064749466526261e-03
6.619685080458732711e-03
6.625934938893992057e-03
6.632475007765437254e-03
6.639029694593138499e-03
6.645910725774566846e-03
6.653029252362009302e-03
6.660281746135895790e-03
6.667686185781676426e-03
6.674991181566882099e-03
6.682610587892820649e-03
6.690654243728643910e-03
6.698969604846773292e-03
6.707491138613665138e-03
6.716352351820179846e-03
6.725407885264205778e-03
6.734691424467938344e-03
6.744266024597518963e-03
6.754221162028398000e-03
6.764430129129772075e-03
6.774925302652916835e-03
6.785805788694023073e-03
6.796795117325778873e-03
6.807616019403734536e-03
6.818714535262098558e-03
6.830038977964168929e-03
6.841599523785261115e-03
6.853565699788482200e-03
6.865641257536768405e-03
6.877559798718733616e-03
6.889868736327656347e-03
6.901816347447146428e-03
6.913151835414590995e-03
6.924650627968880097e-03
6.936395836291859261e-03
6.947757738597035680e-03
6.958871118202639670e-03
6.969247467378277168e-03
6.979009477582935432e-03
6.988709199595037613e-03
6.998097784050863295e-03
7.007179899393358065e-03
7.016529240807841197e-03
7.025751479211615053e-03
7.034898660977657522e-03
7.043937099526611026e-03
7.053136191291280339e-03
7.062494086232002331e-03
7.072174875466770774e-03
7.082140233573916942e-03
7.092459910220251344e-03
7.102575792840247308e-03
7.112667638687769807e-03
7.122509545233918736e-03
7.132391824931353340e-03
7.142449864739813109e-03
7.152340097493469113e-03
7.162040754039892751e-03
7.171819600662654448e-03
7.181408169120277046e-03
7.191408693838512514e-03
7.201533577165763512e-03
7.211000469043300255e-03
7.220492142995004088e-03
7.230157590643717172e-03
7.240075205041558715e-03
7.249930042836373253e-03
7.259844384249758420e-03
7.269804459700790825e-03
7.279933992442007631e-03
7.290269759147586202e-03
7.300843369066635329e-03
7.311608586007886136e-03
7.322455578930924316e-03
7.333529925871124650e-03
7.344694724950552416e-03
7.356152056530234837e-03
7.367617124447207663e-03
7.379385802901939836e-03
7.391531330207465333e-03
7.403977809279461975e-03
7.416615933431618124e-03
7.429283124349801357e-03
7.441811581322202614e-03
7.454489242407716203e-03
7.467485703385208853e-03
7.480628334410766890e-03
7.493918544686031108e-03
7.507202026102747713e-03
7.519388857922382555e-03
7.531625232747040516e-03
7.544001864892999065e-03
7.556647077339980444e-03
7.569652661655928462e-03
7.582812760227406607e-03
7.595737565468653647e-03
7.608366700542375932e-03
7.621128136709680485e-03
7.634131911158255346e-03
7.647269907570164796e-03
7.660535896068988541e-03
7.673907994385586670e-03
7.687513054982439593e-03
7.701326023036677258e-03
7.715255372328901073e-03
7.729402698580105889e-03
7.743349141181654106e-03
7.757166069377937657e-03
7.771200336005226056e-03
7.785355136416671241e-03
7.799420893890529789e-03
7.813605945093386740e-03
7.827862177365170829e-03
7.841597735531226701e-03
7.855472864918156689e-03
7.869499030486051469e-03
7.883586627942428676e-03
7.897865923337240440e-03
7.912178407386451576e-03
7.926656859022456272e-03
7.940791698034514734e-03
7.955065352394102493e-03
7.969484414585413512e-03
7.984205810258533306e-03
7.999064220926296528e-03
8.013553532823710149e-03
8.028024345381653756e-03
8.042546133403901884e-03
8.057265091253328765e-03
8.072198590273789096e-03
8.087241917163165081e-03
8.102311705962721503e-03
8.117560778405988331e-03
8.132557965306156517e-03
8.147596625866919059e-03
8.162782274721858480e-03
8.178263046132583716e-03
8.193712954653058558e-03
8.209031378211734814e-03
8.224199261400076677e-03
8.239248913310771860e-03
8.253963950133275454e-03
8.268015055292999432e-03
8.282272983258280596e-03
8.296610117235968598e-03
8.310437415168856271e-03
8.323990168272846907e-03
8.337043926564466356e-03
8.349815098169063171e-03
8.362524718425471543e-03
8.375072899992182240e-03
8.387741604771393328e-03
8.400529840084680969e-03
8.413382905016439026e-03
8.426130818979551268e-03
8.438481643600786661e-03
8.450818005140515315e-03
8.463232227978104497e-03
8.475642775051174527e-03
8.487761492639061406e-03
8.499542005004648293e-03
8.510931455986163116e-03
8.522300943453960803e-03
8.533536559937375532e-03
8.544745973516162940e-03
8.555363683094962396e-03
8.565891656235592733e-03
8.576595782752823721e-03
8.587443379317374545e-03
8.598369294932458468e-03
8.609391245577892315e-03
8.620520756472195220e-03
8.631827264361185623e-03
8.643431700523254019e-03
8.655231718649885470e-03
8.666878845270065135e-03
8.678566905339255358e-03
8.690318761119034813e-03
8.701648439961936002e-03
8.712830109288765071e-03
8.723710069918606466e-03
8.734005891624936624e-03
8.743663335473482803e-03
8.753222923852650370e-03
8.762798333771021700e-03
8.772589449856831381e-03
8.782286617757033287e-03
8.791601172082849289e-03
8.800930118660081972e-03
8.810288687015242759e-03
8.819659765867189638e-03
8.828986949092331241e-03
8.838417685909016538e-03
8.847838161877143864e-03
8.857216404082667721e-03
8.866551494905915154e-03
8.875760971207506678e-03
8.884882045213818996e-03
8.894084218615984708e-03
8.903351137063380064e-03
8.912761178807805315e-03
8.922248996219685549e-03
8.931423397883588022e-03
8.940579927107176333e-03
8.949814663321752073e-03
8.959019961705200208e-03
8.967738517824678374e-03
8.976101766955206160e-03
8.984339604539860052e-03
8.992228412584431577e-03
9.000041935643519550e-03
9.007851792452576528e-03
9.015713479972846042e-03
9.023628389434155614e-03
9.031459901221765979e-03
9.038848264022871642e-03
9.046213075290477842e-03
9.053249657806813552e-03
9.059504694767381988e-03
9.065315679922089989e-03
9.070786352923611295e-03
9.076216405397116715e-03
9.081699895473426681e-03
9.087212874124806286e-03
9.092678622849327541e-03
9.098211598843721284e-03
9.103745295825003275e-03
9.109331777080797304e-03
9.114998192736041560e-03
9.120688726565504001e-03
9.126133947249917208e-03
9.131644020810443171e-03
9.137201795793654241e-03
9.142781456217500408e-03
9.148342028460682007e-03
9.153970073236138497e-03
9.159636550206982919e-03
9.165098831428590900e-03
9.170467084120009424e-03
9.175853067591563730e-03
9.181218148786416886e-03
9.186604180887583682e-03
9.191741546514668390e-03
9.196903427810206727e-03
9.202255288093040206e-03
9.207214637617875189e-03
9.212107721893457099e-03
9.216910735666567628e-03
9.221719688595579612e-03
9.226331571070972570e-03
9.230537051633406348e-03
9.234837089308788743e-03
9.239227635153172274e-03
9.243609829389931587e-03
9.248044638754721394e-03
9.252520624716592881e-03
9.256978378801872590e-03
9.261496378635920498e-03
9.266174822366909231e-03
9.270958312407158453e-03
9.275425314576424274e-03
9.279807897850095647e-03
9.284282183889809234e-03
9.288741111428817226e-03
9.293210629652024629e-03
9.297788725117335507e-03
9.302577429097938846e-03
9.307434800207858155e-03
9.312165586318173552e-03
9.315984905458729939e-03
9.319782036809312956e-03
9.323708398187633903e-03
9.327592335513558777e-03
9.331585628155407777e-03
9.335618317127602345e-03
9.339603313134436924e-03
9.343758102610089447e-03
9.348110495350784449e-03
9.352529717867118231e-03
9.356807072999059893e-03
9.360630398796946847e-03
9.364419294828110404e-03
9.368282152273525731e-03
9.372257428700550910e-03
9.376218202930945017e-03
9.380127985839550875e-03
9.384131304639211843e-03
9.388314675641919183e-03
9.392594561628121383e-03
9.396934796965312336e-03
9.401312950715447550e-03
9.405778779430983352e-03
9.410203611267577151e-03
9.414608092667871297e-03
9.419059992170490322e-03
9.423514710076389203e-03
9.427972973715450025e-03
9.432454389279443588e-03
9.437074449987314928e-03
9.441663846552055331e-03
9.446335647054906332e-03
9.450949493743839372e-03
9.455594135664428801e-03
9.460345921310672063e-03
9.465191075815820171e-03
9.470118833006193129e-03
9.475096871103125956e-03
9.480124228085988827e-03
9.484544473938547396e-03
9.488801874014097040e-03
9.493040727177728955e-03
9.497276573762616220e-03
9.501567610730746183e-03
9.506005665593687468e-03
9.510424744335509856e-03
9.515062155243928302e-03
9.519758462957909548e-03
9.524389291953788694e-03
9.529006140992805560e-03
9.533615678675071495e-03
9.538293803142073451e-03
9.543014550408590937e-03
9.547928631048606396e-03
9.552908166091916842e-03
9.557800295747034477e-03
9.562013200782929628e-03
9.566335043554368908e-03
9.570694586962654946e-03
9.575100644596741886e-03
9.579545259171748373e-03
9.583964318884590980e-03
9.588423502257656036e-03
9.593015421219333594e-03
9.597553124504379016e-03
9.602113950113722735e-03
9.606663715657373301e-03
9.611204538637875550e-03
9.615014614980273155e-03
9.618781843346900853e-03
9.622537018969409828e-03
9.626287281943738186e-03
9.629981083821868848e-03
9.633594101339470334e-03
9.637173288503201110e-03
9.640825217112170692e-03
9.643651276386533064e-03
9.646264834819317721e-03
9.648863789567582033e-03
9.651503921970092797e-03
9.653262518930271277e-03
9.654733967534199005e-03
9.655401772651452455e-03
9.655985522538051632e-03
9.656504958702955346e-03
9.656994416825152860e-03
9.657409666156366659e-03
9.657718672466951079e-03
9.658030773101016972e-03
9.658387363488911762e-03
9.658712670234680109e-03
9.659057826320288642e-03
9.659294582767602097e-03
9.659447667735346008e-03
9.659541944699433919e-03
9.659592009944224095e-03
9.659607208812934567e-03
9.659560411266771701e-03
9.659474185675301014e-03
9.659347613361683044e-03
9.659143663932012042e-03
9.658943436782146605e-03
9.658481310617354765e-03
9.657214683604654556e-03
9.655837819599980346e-03
9.654370612344127453e-03
9.652721842195699856e-03
9.650989484083778713e-03
9.649300323869415205e-03
9.647569707966274083e-03
9.645859760706252881e-03
9.644095750001437789e-03
9.642372636802004973e-03
9.640562611910678467e-03
9.638703020756686501e-03
9.636736388422096483e-03
9.634712909125892760e-03
9.632659678020401989e-03
9.630586305797385685e-03
9.628514075313135412e-03
9.626320113276189486e-03
9.624139685072257908e-03
9.621871955082354072e-03
9.619501597577904614e-03
9.617134718148023093e-03
9.614801286378092324e-03
9.612234702038112422e-03
9.608978502198993119e-03
9.605718069469124099e-03
9.602409049411864475e-03
9.599032879257812789e-03
9.595565034881188560e-03
9.592014149095646688e-03
9.588275724260832134e-03
9.584455942081777577e-03
9.580708090502003740e-03
9.577031133499301629e-03
9.573439574856047740e-03
9.569918471537592133e-03
9.566428919852721854e-03
9.563005729619166589e-03
9.559651965031187512e-03
9.556272200514359660e-03
9.552835520848741713e-03
9.549389550812517266e-03
9.545905056607505504e-03
9.542458781579027383e-03
9.539079066220397876e-03
9.535576279880357206e-03
9.530940551979449893e-03
9.526282548015244794e-03
