1.544796712136746464e-02
1.535281417324434530e-02
1.525852487014934568e-02
1.516491772636341558e-02
1.507229806820321524e-02
1.498052243407909691e-02
1.488973107179753126e-02
1.479999541191833780e-02
1.471099016461117903e-02
1.462276507585674214e-02
1.453531297384414063e-02
1.444868672953533197e-02
1.436273994664918549e-02
1.427772201898906343e-02
1.419363460419049809e-02
1.411040759949356606e-02
1.402799862524692180e-02
1.394662216764847723e-02
1.386613571655754586e-02
1.378638190654356797e-02
1.370744181797321944e-02
1.362914304406492860e-02
1.355215112548579723e-02
1.347594984831267453e-02
1.340036418822216323e-02
1.332561518160973145e-02
1.325145119348111571e-02
1.317797447288535616e-02
1.310537881940547836e-02
1.303391234133157404e-02
1.296320643041898139e-02
1.289310773000879040e-02
1.282361899718867382e-02
1.275471710963439059e-02
1.268690148925197617e-02
1.261977004525043945e-02
1.255338200849950500e-02
1.248769169676274514e-02
1.242292618496507704e-02
1.235884299316563316e-02
1.229563220395347642e-02
1.223322932177459132e-02
1.217185420745639339e-02
1.211173011744194096e-02
1.205245789986038318e-02
1.199437037578921991e-02
1.193705344926581854e-02
1.188067139958323866e-02
1.182511309327341498e-02
1.177019986513489803e-02
1.171602354056470660e-02
1.166249110591177814e-02
1.161013808317030646e-02
1.155857899173394140e-02
1.150818767915965865e-02
1.145872188116835860e-02
1.141042993862654426e-02
1.136333423807125813e-02
1.131789619842244257e-02
1.127330326534719922e-02
1.123025286362469566e-02
1.118790845817939188e-02
1.114661605505714095e-02
1.110651781341967514e-02
1.106702005871190546e-02
1.102832035402610648e-02
1.099006014687604026e-02
1.095245117482926585e-02
1.091572536308610050e-02
1.087950318499640405e-02
1.084397051140180077e-02
1.080980080325346857e-02
1.077689815872413977e-02
1.074423590094794947e-02
1.071213609751472777e-02
1.068057201059415505e-02
1.064948405833755773e-02
1.061871908283313834e-02
1.058854450889935850e-02
1.055945426963888004e-02
1.053077441357572717e-02
1.050245275479119896e-02
1.047421420190248510e-02
1.044644267936829275e-02
1.041889253575119766e-02
1.039162671891488872e-02
1.036486812163748931e-02
1.033852197960183350e-02
1.031228840455068914e-02
1.028643412780193625e-02
1.026117922161609228e-02
1.023616635981891912e-02
1.021119856287350941e-02
1.018655580203870793e-02
1.016198602791137245e-02
1.013741343326642931e-02
1.011314741239346428e-02
1.008956422318683585e-02
1.006647539840639996e-02
1.004357562865013966e-02
1.002084481085853407e-02
9.998310232587973023e-03
9.975793621902581676e-03
9.953378871229320163e-03
9.931200261732468434e-03
9.908916849074680608e-03
9.886872478455490179e-03
9.865033109145167345e-03
9.843303224124702600e-03
9.821770990998415773e-03
9.800467879469490495e-03
9.779266116284582658e-03
9.758013215889168798e-03
9.736929390089611724e-03
9.715878133445378720e-03
9.694890856458382791e-03
9.674042710911070347e-03
9.653332106826499615e-03
9.632834627310651182e-03
9.612600407381117346e-03
9.592113905472021348e-03
9.571541083883932169e-03
9.550971674826139526e-03
9.530046529571052291e-03
9.509006220932939013e-03
9.488196653469761765e-03
9.467451031834524591e-03
9.446592378061949985e-03
9.425526392987697982e-03
9.404655125116144487e-03
9.383917855088512450e-03
9.362979799728100155e-03
9.342199786384185883e-03
9.321458905079137852e-03
9.300639277628877655e-03
9.279935219513204062e-03
9.259051307942037234e-03
9.238225003434356181e-03
9.217416983661500321e-03
9.196614736012380040e-03
9.175969803049877430e-03
9.155416741999678268e-03
9.134941061236840840e-03
9.114508491683886646e-03
9.094100613288802482e-03
9.073639293062381317e-03
9.053239833933496294e-03
9.032907458299812772e-03
9.012722428281898582e-03
8.992546377827908416e-03
8.972410133884386324e-03
8.952360666315363480e-03
8.932465601999117766e-03
8.912652867619195313e-03
8.892889016572893407e-03
8.873129499905221818e-03
8.853502871057674847e-03
8.833954516859518491e-03
8.814592701631601343e-03
8.795309142024095028e-03
8.776096423078048880e-03
8.756922411190330366e-03
8.737885323380691072e-03
8.718894000266388944e-03
8.700007924322541303e-03
8.681168528579370769e-03
8.662328857973165125e-03
8.643527490588059567e-03
8.624812282192790766e-03
8.606065775355151160e-03
8.587336075334940644e-03
8.568784535191061036e-03
8.550322615196927212e-03
8.531904563343189682e-03
8.513551668829076602e-03
8.495299200810648918e-03
8.477091776500675357e-03
8.458931810465199555e-03
8.440704325382327247e-03
8.422493406083145923e-03
8.404393159327864724e-03
8.386434887787513545e-03
8.368565764901088333e-03
8.350709535205337944e-03
8.333085004476483912e-03
8.315503024659788231e-03
8.297894831366873017e-03
8.280497580653047723e-03
8.263174600045624166e-03
8.246007274374954690e-03
8.229000724550813647e-03
8.211942071266879403e-03
8.195128261745914314e-03
8.178464846706076652e-03
8.161943038987568011e-03
8.145492145932105646e-03
8.129177836547424665e-03
8.112971816855562429e-03
8.096791465142513800e-03
8.080724587461991446e-03
8.064779818741958997e-03
8.048813604362197588e-03
8.033081304768263653e-03
8.017558721441416306e-03
8.002405913469963494e-03
7.987395059570129643e-03
7.972380101753748921e-03
7.957436069172069137e-03
7.942487873472573595e-03
7.927578374259752758e-03
7.912688060486778099e-03
7.897811485636894654e-03
7.883053516300968233e-03
7.868302600373388786e-03
7.853628555179389958e-03
7.839022280638182141e-03
7.824421708447784618e-03
7.809925823130117566e-03
7.795480254662513764e-03
7.781169709489384884e-03
7.767129921320435962e-03
7.753357232362968927e-03
7.739667501298144910e-03
7.726005577915143890e-03
7.712556739985739103e-03
7.699241174684710171e-03
7.686096231669858544e-03
7.672969284783644553e-03
7.659975718356688661e-03
7.647212585469503193e-03
7.634491872405951493e-03
7.621867174286372712e-03
7.609315504103712074e-03
7.596914431377960013e-03
7.584563091946903979e-03
7.572283206333308044e-03
7.560024897467963918e-03
7.547952128551442194e-03
7.535923869474785500e-03
7.524068070037978964e-03
7.512514267903617343e-03
7.501007410261312409e-03
7.489578035451424122e-03
7.478379287642597517e-03
7.467283884106290688e-03
7.456380050590928447e-03
7.445521587448163982e-03
7.434884465164538075e-03
7.424323158563305748e-03
7.413747693344270931e-03
7.403220053236170967e-03
7.392780751993206258e-03
7.382449990991290026e-03
7.372216083265603626e-03
7.362095864177044084e-03
7.352133392155800300e-03
7.342299261085783249e-03
7.332630470703008392e-03
7.323046597140584098e-03
7.313466215395869781e-03
7.303935056334906473e-03
7.294593004099228159e-03
7.285344138889758223e-03
7.276127409397748630e-03
7.267004397629038721e-03
7.257950506513486527e-03
7.249042900676688425e-03
7.240214757743325576e-03
7.231708181303337681e-03
7.223334861634241912e-03
7.214957205472185414e-03
7.206611617368996123e-03
7.198360335830300202e-03
7.190168862373702216e-03
7.182065792269336571e-03
7.174108012650971637e-03
7.166264361450589392e-03
7.158489390065344259e-03
7.150781220969272545e-03
7.143154039209315131e-03
7.135629191071641252e-03
7.128299635234705382e-03
7.121005162492698680e-03
7.113790490947092919e-03
7.106596660362537836e-03
7.099474490799883956e-03
7.092398421054036881e-03
7.085392189776735378e-03
7.078475299557482857e-03
7.071762322823781262e-03
7.065240362156291476e-03
7.058840824427451040e-03
7.052527929870253988e-03
7.046305815173377687e-03
7.040133756206681109e-03
7.034081886387891225e-03
7.028137174037649149e-03
7.022329918576908879e-03
7.016555494448540112e-03
7.010890149715633644e-03
7.005411329152648296e-03
7.000020908770398370e-03
6.994667717529082576e-03
6.989352584246466202e-03
6.984088622003653719e-03
6.978833287288645389e-03
6.973547460748560044e-03
6.968240518384388911e-03
6.963008339822918634e-03
6.957758297278500079e-03
6.952539483403527044e-03
6.947405407687930537e-03
6.942396864034776002e-03
6.937388667131911407e-03
6.932496077621592111e-03
6.927590310543072991e-03
6.922783400069442913e-03
6.918065229126681322e-03
6.913344902623424874e-03
6.908680170340505966e-03
6.904145941969466391e-03
6.899658229938447976e-03
6.895278893230656451e-03
6.890897671596743490e-03
6.886448652880902861e-03
6.881978732945577028e-03
6.877442339499553574e-03
6.872900372676911396e-03
6.868347878600027274e-03
6.863787524497505857e-03
6.859180920460673271e-03
6.854524582071979018e-03
6.849828776522946285e-03
6.845102798412823313e-03
6.840448642013760572e-03
6.835832802578951234e-03
6.831301803848573335e-03
6.826802580342213392e-03
6.822344082023160117e-03
6.817940345935179572e-03
6.813562339141611066e-03
6.809213274368468641e-03
6.804704920123518137e-03
6.800124108811029036e-03
6.795495293726633648e-03
6.790858060433206493e-03
6.786237460582061724e-03
6.781568760756948727e-03
6.776802889448783895e-03
6.771996187236760563e-03
6.767199929820070549e-03
6.762225812762056622e-03
6.757203130577245018e-03
6.752153654532342709e-03
6.747063284153651322e-03
6.742032825459278421e-03
6.737021386229766207e-03
6.731959155482871403e-03
6.726850904206584103e-03
6.721787084539914033e-03
6.716734177992901046e-03
6.711680788849828591e-03
6.706497595109867267e-03
6.701314736491376448e-03
6.696101378119065882e-03
6.690822130848590558e-03
6.685530949765148764e-03
6.680118091573331897e-03
6.674629673533177647e-03
6.669030599335189387e-03
6.663397618138912175e-03
6.657735190654256834e-03
6.652082808356367220e-03
6.646430290741291332e-03
6.640839658009975444e-03
6.635244329349422078e-03
6.629711629817154964e-03
6.624242343301407071e-03
6.618800251840063764e-03
6.613355598338083521e-03
6.607890850762492517e-03
6.602419671920464576e-03
6.597001361397481292e-03
6.591651401911158455e-03
6.586315805075582293e-03
6.580932783266220387e-03
6.575584245667520818e-03
6.570280786135153893e-03
6.564985143813219758e-03
6.559772251122321027e-03
6.554622295723456539e-03
6.549506598830415888e-03
6.544429996446867771e-03
6.539326074263382589e-03
6.534266932025553469e-03
6.529179765915551006e-03
6.524118126124182036e-03
6.519078553605866209e-03
6.514067742861255270e-03
6.509056558408632745e-03
6.504031754492623288e-03
6.498987282012124063e-03
6.494024059044788307e-03
6.489064805733977918e-03
6.484149853472843429e-03
6.479246387843660103e-03
6.474408127655133065e-03
6.469533893709728152e-03
6.464600393479554528e-03
6.459686165376800002e-03
6.454784815135820690e-03
6.449905245147456723e-03
6.445049201849144607e-03
6.440251470743720182e-03
6.435522035173765754e-03
6.430785967475925388e-03
6.425994656536699982e-03
6.421234179415598320e-03
6.416464556755588008e-03
6.411716690561967448e-03
6.406925033401034489e-03
6.402141847307409213e-03
6.397408419351871198e-03
6.392659270287892950e-03
6.387917760830540831e-03
6.383193385383345575e-03
6.378443266370002578e-03
6.373648518585674390e-03
6.368893489567076585e-03
6.364164909772610824e-03
6.359471514560962636e-03
6.354731081826691871e-03
6.349997983178212908e-03
6.345305312124945550e-03
6.340548062530175152e-03
6.335779493335603856e-03
6.331062869554580398e-03
6.326266089369540074e-03
6.321376537624340958e-03
6.316522703273382000e-03
6.311649897558593326e-03
6.306818097708556149e-03
6.301925905692472296e-03
6.297033514400688335e-03
6.292168541225232926e-03
6.287293872784799516e-03
6.282419340718718020e-03
6.277543389936509309e-03
6.272664987587461306e-03
6.267789817521988646e-03
6.262925773066442374e-03
6.258023923843338346e-03
6.253129070941641950e-03
6.248220088494195121e-03
6.243272536948519733e-03
6.238334091826628659e-03
6.233387509701734767e-03
6.228430630256098256e-03
6.223451597907001323e-03
6.218401803655277879e-03
6.213345191214536718e-03
6.208257165100384764e-03
6.203120137250075355e-03
6.197952104849411767e-03
6.192754965510500510e-03
6.187558469985391003e-03
6.182325323060304870e-03
6.177053506606265676e-03
6.171794027273838114e-03
6.166527789482244976e-03
6.161260091745069875e-03
6.155962660170493858e-03
6.150632584381843758e-03
6.145299896865776858e-03
6.139896867670377109e-03
6.134497123616829486e-03
6.129025890330776737e-03
6.123561947258146509e-03
6.118044918090374124e-03
6.112497223722378886e-03
6.106917618284597032e-03
6.101264540636086586e-03
6.095616705471387786e-03
6.089934831162710678e-03
6.084200747413398211e-03
6.078421439444620968e-03
6.072641779175434393e-03
6.066815681853640098e-03
6.060946870816198880e-03
6.055082193824520495e-03
6.049174462181314965e-03
6.043235409102390085e-03
6.037261390802491426e-03
6.031258185219767753e-03
6.025175034401839685e-03
6.019028329435796403e-03
6.012858875060649207e-03
6.006639096435279282e-03
6.000342007295471174e-03
5.994016374686638934e-03
