1.505439946477018717e-02
1.504504060251266213e-02
1.503534098303488907e-02
1.502453415974681905e-02
1.500726356850170737e-02
1.498874969140007868e-02
1.496973219015770157e-02
1.494947327107028906e-02
1.493140165387945098e-02
1.491274751787061842e-02
1.489364425883242006e-02
1.487404474251142160e-02
1.485272870917336667e-02
1.483040749906965744e-02
1.480668417191831863e-02
1.478295936473524724e-02
1.475863456484525008e-02
1.473325729377558853e-02
1.470724263594011538e-02
1.468058790402407103e-02
1.465674328298643102e-02
1.463157091015272228e-02
1.460466487413433594e-02
1.457723672415020370e-02
1.454888054352588590e-02
1.451982741120152152e-02
1.449053953157265588e-02
1.446070627927936725e-02
1.442964904550059907e-02
1.439770139661671056e-02
1.436442581198995108e-02
1.432888763466663891e-02
1.429201207688367281e-02
1.425379304513897834e-02
1.421428054917620899e-02
1.417486170433564230e-02
1.413435106122936519e-02
1.409184160461063318e-02
1.404712493226836605e-02
1.399784742162572641e-02
1.394698223442841778e-02
1.389490730735097428e-02
1.384201506446425776e-02
1.378840402513770505e-02
1.373376467879243272e-02
1.367913064364675163e-02
1.362434127811358413e-02
1.356917602574983159e-02
1.351252636604554497e-02
1.345503783915562822e-02
1.339632050957686310e-02
1.333688781723188152e-02
1.327697990149792964e-02
1.321599876401084381e-02
1.315448251576506813e-02
1.309254467730881083e-02
1.303017640545247116e-02
1.296676442790440156e-02
1.290335018590778315e-02
1.284096987505046680e-02
1.277914513533337341e-02
1.271731660250638440e-02
1.265575643326178300e-02
1.259432080128730647e-02
1.253303995314574044e-02
1.247226205784481533e-02
1.241154091013200664e-02
1.235035561178192062e-02
1.228883401850726018e-02
1.222779907340937507e-02
1.216941374983465836e-02
1.211237204981059287e-02
1.205458873442887338e-02
1.199633326566686316e-02
1.193687945115472736e-02
1.187741903992972636e-02
1.181812491026986572e-02
1.175906920103611357e-02
1.170011988705494527e-02
1.164226792251564675e-02
1.158481818514310591e-02
1.152724737906052170e-02
1.147020799000028971e-02
1.141310391932468839e-02
1.135640332855698993e-02
1.130072797268500025e-02
1.124557542427934154e-02
1.119203287553553750e-02
1.113933329577959132e-02
1.108811833162579030e-02
1.103851859376019096e-02
1.099037330210703677e-02
1.094344458596629120e-02
1.089920569958222063e-02
1.085626335376789486e-02
1.081453285265026286e-02
1.077280360427377431e-02
1.073124545813721083e-02
1.069016997043473888e-02
1.065036651926235325e-02
1.061114715521301391e-02
1.057257083006495763e-02
1.053436087725777466e-02
1.049679725642247742e-02
1.046032865397907366e-02
1.042395459913423444e-02
1.038772094644252637e-02
1.035180758530370414e-02
1.031580904833868072e-02
1.027979840577124965e-02
1.024428532238596222e-02
1.020898990515323179e-02
1.017409179821041412e-02
1.014002129858323532e-02
1.010615068992750873e-02
1.007270698691051410e-02
1.003967875628711780e-02
1.000657642258920808e-02
9.973764775580875111e-03
9.941754941049416039e-03
9.910377194241584350e-03
9.879432617835375366e-03
9.849233546098781419e-03
9.819408039657280887e-03
9.789605194615936049e-03
9.760379656037971793e-03
9.730680296929689402e-03
9.700921465917736186e-03
9.671303926135119133e-03
9.642116305970140772e-03
9.613567443186074590e-03
9.585871319713631586e-03
9.558670301742152112e-03
9.532128618878492679e-03
9.505774019425971069e-03
9.479659080454718931e-03
9.453022932451404445e-03
9.426169599305846136e-03
9.399265581416444901e-03
9.372364510904522897e-03
9.345359644710038091e-03
9.318653178284785898e-03
9.292524885198645210e-03
9.266290355434749285e-03
9.240338955741268095e-03
9.215183976980494823e-03
9.190321769639707428e-03
9.165598411475898988e-03
9.141040664634288160e-03
9.116942433816301733e-03
9.092814075895237422e-03
9.068383857045017593e-03
9.044232616776202299e-03
9.020168903469714256e-03
8.996349878523721491e-03
8.972915858460949606e-03
8.950372597610676065e-03
8.928257886820103670e-03
8.905836427824165291e-03
8.883810890531222346e-03
8.861875224465151288e-03
8.839880342858048856e-03
8.818182610921947509e-03
8.796707176580561768e-03
8.775189311843737544e-03
8.753659523865559011e-03
8.732226167883491014e-03
8.710841432000999626e-03
8.689077992470388770e-03
8.667578985980748871e-03
8.645791769740356417e-03
8.623447410354605561e-03
8.600988754461150188e-03
8.578957106751482556e-03
8.557386979979856104e-03
8.535998093665519287e-03
8.514885622306195972e-03
8.493997067590587299e-03
8.473037443336934108e-03
8.451802943361270623e-03
8.431209659733528497e-03
8.411567422825155099e-03
8.392035305563504133e-03
8.372831660201555601e-03
8.353536823212995982e-03
8.334177911422078339e-03
8.314806762411645208e-03
8.295394776154220093e-03
8.275907931477513926e-03
8.256372248396552996e-03
8.236841034482840149e-03
8.217456316224336366e-03
8.198051154498944490e-03
8.179018208596856507e-03
8.159732856497372427e-03
8.140546374217691797e-03
8.121307146249983830e-03
8.102177869839676319e-03
8.083136069119166434e-03
8.064024518203186456e-03
8.044893171334202911e-03
8.025710593695382922e-03
8.006784274036546356e-03
7.987903167761385703e-03
7.969394087548318725e-03
7.951600906084389450e-03
7.934146163476717833e-03
7.916809814950315910e-03
7.899469686000002572e-03
7.882174521470887776e-03
7.864877063949752764e-03
7.847468420101883640e-03
7.829812636326668671e-03
7.812088831350198770e-03
7.794313814104288952e-03
7.776495302954425023e-03
7.758832234251591443e-03
7.741254379432918609e-03
7.723585929757571973e-03
7.706090454562291095e-03
7.688583241658207036e-03
7.671050192685902394e-03
7.653663966032952203e-03
7.636613598752381438e-03
7.619700153436040867e-03
7.602868780107925779e-03
7.586123585856093844e-03
7.569566786957815548e-03
7.552732973691672798e-03
7.535984906063949475e-03
7.519566101095740383e-03
7.503244975050376436e-03
7.486964675680350678e-03
7.471114603563131819e-03
7.455442730437993569e-03
7.439845399111060659e-03
7.424350027170174664e-03
7.409017391061263613e-03
7.393850241529017694e-03
7.378696778061635646e-03
7.363645179892568983e-03
7.348613851815243708e-03
7.334133685440746321e-03
7.319862641207050026e-03
7.305646767270510857e-03
7.291499469547129374e-03
7.277514125353234421e-03
7.263739769197288289e-03
7.250035882637950735e-03
7.236560830127758588e-03
7.222995366707694875e-03
7.209456894837767624e-03
7.195960388210448540e-03
7.182374488723655345e-03
7.168816834585311180e-03
7.155314426860041530e-03
7.141822333898780947e-03
7.128424605646450918e-03
7.115040585659458856e-03
7.101500668644261660e-03
7.088000750543799536e-03
7.074541522744323685e-03
7.061094955559153036e-03
7.047644883870273456e-03
7.034041074942353096e-03
7.020279167967607634e-03
7.006585811834047106e-03
6.992882803779259041e-03
6.979177011679067039e-03
6.965425163634274448e-03
6.951725245674311368e-03
6.938086134818074666e-03
6.924354600737393610e-03
6.910659990276938995e-03
6.897293495451407852e-03
6.884126017321440250e-03
6.871166702483143436e-03
6.858354115876469544e-03
6.845643890378742304e-03
6.833096899166533206e-03
6.820683159439857278e-03
6.808492316720749643e-03
6.796579181341504822e-03
6.784928513203942850e-03
6.773317070664535040e-03
6.761869601897929280e-03
6.750600219535276940e-03
6.739419346241721891e-03
6.728266039067765623e-03
6.717273827004891819e-03
6.706429747089456134e-03
6.695491551956153989e-03
6.684688382760716613e-03
6.674061590532581398e-03
6.663563161456600645e-03
6.653171804219137724e-03
6.642869004680384583e-03
6.632593293950997219e-03
6.622383005381428725e-03
6.612123041132509857e-03
6.601893600952323665e-03
6.591715279482427380e-03
6.581639730887448893e-03
6.571574220607695471e-03
6.561607090151528286e-03
6.551699382969418568e-03
6.541838966501239624e-03
6.532061981007565576e-03
6.522282984256484381e-03
6.512407839358236999e-03
6.502714273210248412e-03
6.493136632133451533e-03
6.483530103480151033e-03
6.473899563426322931e-03
6.464452368117760972e-03
6.455135740151468626e-03
6.445914580046329181e-03
6.436695102420120218e-03
6.427479664751957304e-03
6.418330457975238330e-03
6.409145336642783734e-03
6.399999712071440840e-03
6.390822158986965949e-03
6.381625522479050620e-03
6.372441902850221190e-03
6.363318777932707587e-03
6.354332600351396063e-03
6.345497863845609050e-03
6.336774717503786299e-03
6.328111807924891030e-03
6.319549139838068035e-03
6.311000012455848622e-03
6.302481149608226384e-03
6.293971413799148359e-03
6.285497200865979364e-03
6.277052538352097255e-03
6.268690837959812155e-03
6.260496914493297871e-03
6.252301498309065057e-03
6.244177018988602418e-03
6.236113416544791441e-03
6.228114101657901587e-03
6.220250218924727389e-03
6.212465841910472242e-03
6.204667256327293240e-03
6.196566922931671766e-03
6.188392645829239938e-03
6.180220577145586688e-03
6.172170712567748990e-03
6.164148906220062035e-03
6.156182460723618605e-03
6.148263755500744596e-03
6.140466619555789290e-03
6.132696653029071771e-03
6.125005593072711807e-03
6.117431448487347517e-03
6.109914285387972946e-03
6.102403000128907469e-03
6.094866901609264677e-03
6.087344646936439056e-03
6.079875930297203197e-03
6.072424186186150576e-03
6.065002176441186207e-03
6.057565871175433873e-03
6.050201324455354787e-03
6.042891633789981322e-03
6.035606891173789061e-03
6.028283891587354025e-03
6.020983735762125422e-03
6.013731447070329132e-03
6.006477800713710263e-03
5.999311996883324380e-03
5.992156556182271464e-03
5.985138240685520215e-03
5.978193201295550242e-03
5.971287432433269350e-03
5.964445354886554682e-03
5.957708535610901912e-03
5.951012701585417682e-03
5.944405722322155042e-03
5.937849834811462398e-03
5.931330540556770635e-03
5.924888914667318131e-03
5.918534804639953226e-03
5.912284998791766596e-03
5.906098683926277841e-03
5.899998669182525413e-03
5.893993860915750296e-03
5.888011292240085716e-03
5.882057374600138666e-03
5.876206315201225501e-03
5.870445876559541275e-03
5.864745761896939837e-03
5.859156537554725472e-03
5.853662164746163687e-03
5.848243953841971050e-03
5.842912678415993107e-03
5.837629005567774969e-03
5.832417288955182161e-03
5.827227828055475678e-03
5.822144477237950998e-03
5.817117583552317700e-03
5.812091623079549893e-03
5.807156075895276992e-03
5.802293095856157247e-03
5.797545703388134498e-03
5.792951904384642872e-03
5.788423673561957083e-03
5.783910745342364830e-03
5.779464649409253585e-03
5.775138963043483474e-03
5.770891210655789035e-03
5.766746882753412580e-03
5.762714517665846331e-03
5.758774888195137588e-03
5.754998902793733752e-03
5.751359527492730210e-03
5.747810178689785957e-03
5.744363832430969367e-03
5.741013923454089778e-03
5.737801318210339861e-03
5.734710653441754333e-03
5.731723128780959187e-03
5.728881029395280385e-03
5.726187551096093009e-03
5.723620783599346444e-03
5.721218961939101427e-03
5.718923791365495592e-03
5.716759006565981342e-03
5.714750049021747810e-03
5.712894191642182637e-03
5.711183746587454070e-03
5.709615566543656089e-03
5.708178235841031116e-03
5.706902171906740387e-03
5.705760155371476794e-03
5.704792311613400210e-03
5.703952874747700470e-03
5.703276122045011429e-03
5.702741308085541340e-03
5.702400454002502089e-03
5.702255490973012070e-03
5.702330276051431959e-03
5.702535554999118607e-03
5.702871122858104748e-03
5.703420925442508060e-03
5.704163992817009102e-03
5.705108756140947132e-03
5.706274275580121985e-03
5.707688738338877708e-03
5.709366322856920459e-03
5.711232757441836796e-03
5.713341588452395571e-03
5.715705588826737980e-03
5.718366164963347570e-03
5.721312518973570814e-03
5.723525414186733662e-03
5.725460930045635916e-03
5.727579973671584335e-03
5.729920473652783987e-03
5.732442319675682546e-03
5.735190347980157095e-03
5.738170837468686315e-03
5.741384551282632809e-03
5.744760363788107942e-03
5.748389250157082131e-03
5.752317476313655899e-03
5.756569516630784603e-03
5.761135379704963345e-03
5.766052419819223465e-03
5.771350859882270166e-03
5.776923524453365065e-03
5.782821224607630727e-03
5.789056317420722408e-03
5.795636222014207209e-03
5.802565565667655058e-03
5.809823967154797639e-03
5.817419292976439005e-03
5.821752063474452607e-03
5.825342799580827610e-03
5.829090020763730458e-03
5.832984955192231126e-03
5.837050270609480014e-03
5.841277008396613020e-03
5.845685304781787252e-03
5.850190895810138646e-03
5.854942105306427773e-03
5.859917703735129275e-03
5.865069413386149628e-03
5.870394642552135764e-03
5.875886568551094528e-03
5.881562276433262466e-03
5.887413274648720628e-03
5.893465006528699097e-03
5.899734120514074642e-03
5.906173188987980452e-03
5.912777554343414191e-03
5.919540236909299515e-03
5.926472682484609962e-03
5.933599778265437677e-03
