1.183327439593668401e-02
1.189906023944382885e-02
1.196271956279521681e-02
1.202364866950708308e-02
1.208162687627740810e-02
1.213662354116363043e-02
1.218935060382697264e-02
1.223998913557746912e-02
1.228868698629873371e-02
1.233462645537672896e-02
1.237864009025803694e-02
1.241946083578191785e-02
1.245924236434331131e-02
1.249592132354052955e-02
1.253045154624861553e-02
1.256269620670598559e-02
1.259210730307989447e-02
1.261879099276023118e-02
1.264353855779472117e-02
1.266512862525901763e-02
1.268550472418625980e-02
1.270270028884949200e-02
1.271786400570065929e-02
1.273025284172630764e-02
1.273994690152928030e-02
1.274665273393341298e-02
1.275025612700473113e-02
1.275134845702004249e-02
1.274930739283898495e-02
1.274478294959536032e-02
1.273764100998563999e-02
1.272779818267938401e-02
1.271512457797797403e-02
1.269993937000897695e-02
1.268294302924490198e-02
1.266325500763879237e-02
1.264214724339891675e-02
1.261903990978175891e-02
1.259450430643376147e-02
1.256855341006166658e-02
1.254119454470818684e-02
1.251196217167969797e-02
1.248222272286718913e-02
1.245097325477144759e-02
1.241830419521661004e-02
1.238368590322066164e-02
1.234700771892576800e-02
1.231012810337011286e-02
1.227212299980265549e-02
1.223335524011538548e-02
1.219333430373630359e-02
1.215262238177374984e-02
1.211054861707572088e-02
1.206700581517295735e-02
1.202197307907464964e-02
1.197670917364954297e-02
1.193074841642949822e-02
1.188477266014507407e-02
1.183844173641867073e-02
1.179270562475701056e-02
1.174668657754459819e-02
1.170167994392011176e-02
1.165698755697471174e-02
1.161264238758659244e-02
1.156848330258740051e-02
1.152326081267865225e-02
1.147836114094701390e-02
1.143418400378942365e-02
1.139092876147939151e-02
1.134806237424775856e-02
1.130570117258819854e-02
1.126309676365807623e-02
1.122081992169257462e-02
1.117859253181570540e-02
1.113607618054462609e-02
1.109373604819385156e-02
1.105105751927488479e-02
1.100875887644205825e-02
1.096699173203106135e-02
1.092507697348436488e-02
1.088334528006187213e-02
1.084268846602347292e-02
1.080193212830881690e-02
1.076140060952769130e-02
1.072130311639324547e-02
1.068123734033869093e-02
1.064179792428228931e-02
1.060180370776169292e-02
1.056220284350161201e-02
1.052343281407997280e-02
1.048503558984982889e-02
1.044685512260896953e-02
1.040868467095423452e-02
1.037153303508180600e-02
1.033478659806669718e-02
1.029868308049042627e-02
1.026257907661801486e-02
1.022663629471586184e-02
1.019071121610748594e-02
1.015498325869605006e-02
1.011993975041368746e-02
1.008569758205179502e-02
1.005187534943455079e-02
1.001862390796713805e-02
9.986079966065765715e-03
9.953905839691801205e-03
9.921942129428340876e-03
9.890688320610978648e-03
9.860181268144030398e-03
9.830041049997725877e-03
9.800160719079537702e-03
9.770977982086481717e-03
9.741993440370532581e-03
9.713322527949005622e-03
9.685261039734022193e-03
9.657425260585935506e-03
9.629834460517820369e-03
9.602769940702537282e-03
9.576277943674204110e-03
9.550479785519080944e-03
9.525111828185791815e-03
9.500012999821580081e-03
9.475378558897747105e-03
9.451592357985453760e-03
9.428411906572361709e-03
9.405843556108907724e-03
9.383227246274534680e-03
9.361399603060394439e-03
9.340106906742006929e-03
9.319111028671965558e-03
9.297963317318636012e-03
9.277184541931004363e-03
9.256559376921895746e-03
9.235965795789821686e-03
9.215889098823450837e-03
9.196019401208628541e-03
9.176782184580310753e-03
9.157733530336895425e-03
9.138884729006122726e-03
9.120130168695509548e-03
9.101724239372476974e-03
9.083994949896829346e-03
9.066275530118465126e-03
9.048819873137006753e-03
9.031473586271447987e-03
9.014305959321376044e-03
8.998059458659531454e-03
8.981768077092756875e-03
8.965605094621216867e-03
8.949860798324682856e-03
8.934248524029615376e-03
8.918857836913087964e-03
8.903752361424674064e-03
8.888917488594072838e-03
8.874539382097625106e-03
8.860519685898385692e-03
8.846786790775619178e-03
8.833107810037139560e-03
8.819327439196677360e-03
8.805223161298621204e-03
8.791116010553268190e-03
8.777411308449136612e-03
8.764084490159650825e-03
8.751050953371267149e-03
8.738128165242617720e-03
8.725066159515399225e-03
8.712389133826369328e-03
8.699721779616089237e-03
8.687209189680494825e-03
8.674751046412026642e-03
8.662604613153981545e-03
8.650712422388762493e-03
8.639042386235676677e-03
8.627570112450419840e-03
8.616318021663601015e-03
8.605210506190201156e-03
8.594111378796610162e-03
8.582899525315179981e-03
8.571741498473298138e-03
8.560678456367520547e-03
8.549727232244399081e-03
8.538584979897805363e-03
8.527788672809790207e-03
8.517120409080812179e-03
8.506422269854277407e-03
8.496073200339010825e-03
8.485535719084929401e-03
8.474793754533235801e-03
8.463908169288585776e-03
8.453226715305432390e-03
8.442638632823800879e-03
8.432142347195650811e-03
8.421540189083720832e-03
8.410840329320302955e-03
8.400160350083047886e-03
8.389500557421370602e-03
8.378974766832178456e-03
8.368540330672698258e-03
8.358224484169604618e-03
8.347835708046041567e-03
8.337304628986340685e-03
8.326830165368828349e-03
8.316355791610382381e-03
8.306049058931225595e-03
8.295988937595600785e-03
8.285963082165932400e-03
8.275925812520158742e-03
8.266079367593498137e-03
8.256175836785993941e-03
8.246239620534983467e-03
8.236466647554703882e-03
8.226488204941380389e-03
8.216647872545747994e-03
8.206701246385875517e-03
8.196801136565991242e-03
8.186900546792960295e-03
8.176924720664295945e-03
8.166900282893588270e-03
8.157026003855986224e-03
8.147218089440981872e-03
8.137505991222763330e-03
8.127561205588058890e-03
8.117625009423194704e-03
8.107708571681873644e-03
8.097730591049881813e-03
8.087797558981413976e-03
8.077608097673242768e-03
8.067513150133936647e-03
8.057615352335040226e-03
8.047697400732696515e-03
8.037822936691127462e-03
8.028193181095157407e-03
8.018654128186357422e-03
8.009113215723411353e-03
7.999552904273196305e-03
7.989585318749750989e-03
7.979601343989270457e-03
7.969621761751519151e-03
7.959876983375621662e-03
7.950269824692612203e-03
7.940744400761680366e-03
7.931253896064993994e-03
7.921886871472383351e-03
7.912542903659735422e-03
7.903207159537658025e-03
7.893877413772731888e-03
7.884471930555719821e-03
7.875048199604689492e-03
7.865744414124822143e-03
7.856486674546287949e-03
7.847087142113979424e-03
7.837703442849643792e-03
7.828433508338268274e-03
7.819110727708362962e-03
7.809903547070757603e-03
7.800726809100010095e-03
7.791583454830594557e-03
7.782431341944857223e-03
7.773367379748727032e-03
7.764207170032282057e-03
7.755182798684825962e-03
7.746099875167953945e-03
7.736923007694430747e-03
7.727837221901917401e-03
7.718620180024353752e-03
7.709469869077242507e-03
7.700326505293337079e-03
7.691283589676935900e-03
7.682191180213864337e-03
7.673068941768518975e-03
7.663885170475575985e-03
7.654724425304795625e-03
7.645595938482651656e-03
7.636476356165671289e-03
7.627201891171465735e-03
7.617886368511428766e-03
7.608651419307144691e-03
7.599463427809451804e-03
7.590401022289548771e-03
7.581371200725261876e-03
7.572244706660119853e-03
7.563064670861537747e-03
7.553811205403195006e-03
7.544641299893194847e-03
7.535418758112021401e-03
7.526222509094461846e-03
7.517080318235699714e-03
7.508027473720747108e-03
7.498955345449568113e-03
7.489964461934247794e-03
7.480856502094979446e-03
7.472008700118199127e-03
7.463081646671147068e-03
7.454255861223458776e-03
7.445512008217797587e-03
7.436760094325057038e-03
7.427988314706471772e-03
7.419157848658449947e-03
7.410251057902893929e-03
7.401382135873381743e-03
7.392601644153757624e-03
7.383947131148913857e-03
7.375283535242224513e-03
7.366507746059118567e-03
7.357754644176626307e-03
7.349034049605250411e-03
7.340237176048748820e-03
7.331433888140463130e-03
7.322541265781479410e-03
7.313697682159410636e-03
7.304781239482668713e-03
7.295970206779793521e-03
7.287034443874615408e-03
7.278088181465797515e-03
7.269033195133504238e-03
7.259901133506159281e-03
7.250651458514782884e-03
7.241529952420850541e-03
7.232286281336746531e-03
7.223104596095663438e-03
7.213989261469736999e-03
7.204851617744162211e-03
7.195545064340676256e-03
7.186221822522313729e-03
7.176815812572580854e-03
7.167344472700999843e-03
7.157865258267761578e-03
7.148346243931368027e-03
7.138867839022625811e-03
7.129403792800249363e-03
7.119920730548814219e-03
7.110601299019272264e-03
7.101087761593139099e-03
7.091500947267663328e-03
7.081828008574586435e-03
7.072227259221825803e-03
7.062548759045247752e-03
7.052726118843151946e-03
7.042950621351613469e-03
7.033221025722603825e-03
7.023595487424178808e-03
7.013898472050706864e-03
7.004149763397702136e-03
6.994315696822098367e-03
6.984428470942680676e-03
6.974515774245838157e-03
6.964576275760183885e-03
6.954735924071280516e-03
6.944903892275008754e-03
6.935042605008756404e-03
6.925175176403714980e-03
6.915227264994863211e-03
6.905310855797010955e-03
6.895463858765656789e-03
6.885565811739990071e-03
6.875630216838013453e-03
6.865587586834477098e-03
6.855505441041019263e-03
6.845461484559048869e-03
6.835465828648168950e-03
6.825433220309458718e-03
6.815449378223249928e-03
6.805484154143282005e-03
6.795387915012003621e-03
6.785261680130588897e-03
6.775060853235926640e-03
6.764860749706769899e-03
6.754622661427654023e-03
6.744395389801833424e-03
6.734222411289846576e-03
6.724069106099578828e-03
6.713945765473063217e-03
6.703815500676692067e-03
6.693642102205702750e-03
6.683478547135002744e-03
6.673265970506329220e-03
6.663042721395307302e-03
6.652794248579301309e-03
6.642556185804302481e-03
6.632238799011048666e-03
6.621927312126408595e-03
6.611561058253491614e-03
6.601174455530088928e-03
6.590748472069658977e-03
6.580418681553373839e-03
6.570125285677963500e-03
6.559881664855251628e-03
6.549745930020195450e-03
6.539626879371355020e-03
6.529428152403849404e-03
6.519265230839586811e-03
6.509132354844384717e-03
6.499119941406431358e-03
6.488971261579599623e-03
6.478909785354216265e-03
6.468803497071808593e-03
6.458756475866999844e-03
6.448740436747754830e-03
6.438714752314608943e-03
6.428663317840196262e-03
6.418662396187867561e-03
6.408541986949190146e-03
6.398549766826246502e-03
6.388500357616675937e-03
6.378525839862488056e-03
6.368576569203070886e-03
6.358597321426060801e-03
6.348615237670400882e-03
6.338587252448649352e-03
6.328648768049018568e-03
6.318714002493391359e-03
6.308783703329935190e-03
6.298832639189215314e-03
6.288907451685333064e-03
6.279002250159872525e-03
6.269076248242104119e-03
6.259242452168727738e-03
6.249436633187928011e-03
6.239729927174583052e-03
6.230162389469465385e-03
6.220636508975174381e-03
6.211170665174978699e-03
6.201694200759618782e-03
6.192164362964426745e-03
6.182655069000685816e-03
6.173098812242745412e-03
6.163499609258847600e-03
6.153867337212505680e-03
6.144315746783163973e-03
6.134705721529779346e-03
6.125101316036145153e-03
6.115443275183848719e-03
6.105786811490361218e-03
6.096227735734491629e-03
6.086754100426205322e-03
6.077225267863276166e-03
6.067654548420311350e-03
6.058141901193618388e-03
6.048679051682609095e-03
6.039258058525980542e-03
6.029791920569479644e-03
6.020351031293497482e-03
6.010958118567375809e-03
6.001667728101432037e-03
5.992338879209304150e-03
5.983046447290671192e-03
5.973748879331585056e-03
5.964486689350507846e-03
5.955181451589510074e-03
5.945904421581392311e-03
5.936569494185749661e-03
5.927299275627214217e-03
5.918150059308924585e-03
5.908994574395546630e-03
5.899901164688712250e-03
5.890831073806742854e-03
5.881786385984495193e-03
5.872716848198311114e-03
5.863720553482173505e-03
5.854687272707127625e-03
5.845684606784773765e-03
5.836727433403673948e-03
5.827829393864281116e-03
5.818927839249539435e-03
5.810094131106125978e-03
5.801299102105236805e-03
5.792473387454601629e-03
5.783764949493815435e-03
5.775121033681312327e-03
5.766529509240983856e-03
5.757997522380481695e-03
5.749432789818038729e-03
5.740936755306786168e-03
5.732410655074255540e-03
5.723903228316118419e-03
5.715448868855360631e-03
5.707003680305476438e-03
5.698572144817010653e-03
5.690233169851968698e-03
5.681878920232711662e-03
5.673511804776947345e-03
5.665160724440806636e-03
5.656786709526429383e-03
5.648457406965155109e-03
5.640112801800852352e-03
5.631788635907723599e-03
5.623502214028144007e-03
5.615330792430688750e-03
5.607183351460230669e-03
5.599076607496979510e-03
5.590983977882713930e-03
5.582884280704001473e-03
5.574861713181773586e-03
5.566872179967672328e-03
5.558976638629553081e-03
5.551096553315607897e-03
5.543245881336188521e-03
5.535419300573191093e-03
5.527603403607516189e-03
5.519784408453106209e-03
