1.982612298839955822e-02
1.958938170274391807e-02
1.935363983804520849e-02
1.912020338394427796e-02
1.888900387827004493e-02
1.866092096737272457e-02
1.843516780493952359e-02
1.821093896219859801e-02
1.798830665643902371e-02
1.776836934844247887e-02
1.755014578550040741e-02
1.733417986328214880e-02
1.711976639589496765e-02
1.690711801176628462e-02
1.669656741423130447e-02
1.648867996430877433e-02
1.628288736648669105e-02
1.607923984352730568e-02
1.587800333975446926e-02
1.567923724910559244e-02
1.548280322191509899e-02
1.529012284094448219e-02
1.510046438789120100e-02
1.491306164425247952e-02
1.472755567835054048e-02
1.454457562788549242e-02
1.436408358785732677e-02
1.418577770361530849e-02
1.400932193177585258e-02
1.383563110327195103e-02
1.366403916583542634e-02
1.349480841352973179e-02
1.332910357753921797e-02
1.316625679790874373e-02
1.300763123063668897e-02
1.285471487622967361e-02
1.270556008244611186e-02
1.256003211750511550e-02
1.241578943537182886e-02
1.227454869154346456e-02
1.213641823914261668e-02
1.200044068938655069e-02
1.186682499896862461e-02
1.173569740071969160e-02
1.160698363642656376e-02
1.148169318247421571e-02
1.135880258463519733e-02
1.123906651068969434e-02
1.112266773887349118e-02
1.100889362598221621e-02
1.089898932759557522e-02
1.079290051756335092e-02
1.069070721023282836e-02
1.059131904033158017e-02
1.049421547845541362e-02
1.039973771830009913e-02
1.030743058073368620e-02
1.021841026973960981e-02
1.013396180832714863e-02
1.005255202753576813e-02
9.975248453501903492e-03
9.901315161461417963e-03
9.829141694932800113e-03
9.760265538094085522e-03
9.694029258077928660e-03
9.631037262311480107e-03
9.570890161326518417e-03
9.512327826511672579e-03
9.455569377356714059e-03
9.401530172518443931e-03
9.350745818563528308e-03
9.301443835312407302e-03
9.253372795768498998e-03
9.207003569382225458e-03
9.162289354643235462e-03
9.120088960046157309e-03
9.080145854863573562e-03
9.040583297552478789e-03
9.001238985455271152e-03
8.962868530533093722e-03
8.925478800661731937e-03
8.888187776220447811e-03
8.851874472101284308e-03
8.816296257717643609e-03
8.780964893068185853e-03
8.746456863460110379e-03
8.712698797377810972e-03
8.679099183227708195e-03
8.645688869628196174e-03
8.612886059893637078e-03
8.580662299356950004e-03
8.548897787114439345e-03
8.517958562498021205e-03
8.487294427149683074e-03
8.456843885486956675e-03
8.426738428021251712e-03
8.397116107618932471e-03
8.368515151031392235e-03
8.340493565812916524e-03
8.313125429665675636e-03
8.287063201889689756e-03
8.261496223386715493e-03
8.236434646910100951e-03
8.211588125386134335e-03
8.186897815660631322e-03
8.162362970581862540e-03
8.138098657330625554e-03
8.114472648725997578e-03
8.091478019012377648e-03
8.069369272859465772e-03
8.047735442986578280e-03
8.026175143204123882e-03
8.004813741185124940e-03
7.983810288538917624e-03
7.963200496845280335e-03
7.942819678745501044e-03
7.922881721552912579e-03
7.903094850227483301e-03
7.883328576715005823e-03
7.863763664690222310e-03
7.844495531798448967e-03
7.825507048258219245e-03
7.806880155497406167e-03
7.788558545709031895e-03
7.770728941809862053e-03
7.753354676542491795e-03
7.736260235587556419e-03
7.719277856291850877e-03
7.702553568099864030e-03
7.686332124915136975e-03
7.670644919796308463e-03
7.655425466546790340e-03
7.640401461001059165e-03
7.625862204960419041e-03
7.611707559478350475e-03
7.597957159290016742e-03
7.584545663637668952e-03
7.571531119894149564e-03
7.558934711013522156e-03
7.546345491386999109e-03
7.533744331075951581e-03
7.521585817596077549e-03
7.510146926727323882e-03
7.498885972144137164e-03
7.487690752641436992e-03
7.476820218798506563e-03
7.466410219555896614e-03
7.456303995239112539e-03
7.446745408032583689e-03
7.437826118943957794e-03
7.429404298647351336e-03
7.421472517912087487e-03
7.413802115536718799e-03
7.406155776891451548e-03
7.398597780811272222e-03
7.391364085054032487e-03
7.384679885961193194e-03
7.377929773655477440e-03
7.371250884176451870e-03
7.364627059277759243e-03
7.358076807813284867e-03
7.351988402362955727e-03
7.346422111404365789e-03
7.341062143739827961e-03
7.335951333073216854e-03
7.331080723626845312e-03
7.326294776223810611e-03
7.321592438984423495e-03
7.316767281312329396e-03
7.312075508327962534e-03
7.307892798598432903e-03
7.303883296981689838e-03
7.299959894624805622e-03
7.295999964556363661e-03
7.291949383601925225e-03
7.287909069838997833e-03
7.283946916022888095e-03
7.280214764951268257e-03
7.276562162941957977e-03
7.273048304392385269e-03
7.269507918388471747e-03
7.265847471682435055e-03
7.262269632418552438e-03
7.258708383253141896e-03
7.255171394979202486e-03
7.251654779870542016e-03
7.248058374137250626e-03
7.245033012215946686e-03
7.242142169320969596e-03
7.239205448614012550e-03
7.236204340184020263e-03
7.233359723965646082e-03
7.230513321137546287e-03
7.227591605309367090e-03
7.224605036605325804e-03
7.221625196231223724e-03
7.218634374021720528e-03
7.215664950428048868e-03
7.212802651530639264e-03
7.209833201507830081e-03
7.206771330903947309e-03
7.203585510286002018e-03
7.200335541393012434e-03
7.197012094739282419e-03
7.193690989178591448e-03
7.190370036378318508e-03
7.187079161522778523e-03
7.183764406355354348e-03
7.180470167599135520e-03
7.177046922406182979e-03
7.173668839324156415e-03
7.170242830171956634e-03
7.166743571078186201e-03
7.163226004520559242e-03
7.159764022668699268e-03
7.156344347523700168e-03
7.152931183989709278e-03
7.149514329890895026e-03
7.146066102819589178e-03
7.142803507141652977e-03
7.139606300851079890e-03
7.136649336481619595e-03
7.133641876072613353e-03
7.130600891887868206e-03
7.127503114657169486e-03
7.124476006827012292e-03
7.121475661670524301e-03
7.118503276427654188e-03
7.115628374531522693e-03
7.112806112078024108e-03
7.110007372085882724e-03
7.107198905113811492e-03
7.104335620938138397e-03
7.101428867173535144e-03
7.098523377250307194e-03
7.095574534026356447e-03
7.092667586800462803e-03
7.089705595080381638e-03
7.086803677848022530e-03
7.083881784944619057e-03
7.080986683258353592e-03
7.078100754597286930e-03
7.075278058705927221e-03
7.072503214354569634e-03
7.069815246808310027e-03
7.067113470566054739e-03
7.064457350131021947e-03
7.061845217296024678e-03
7.059230633422773973e-03
7.056607437879214122e-03
7.053922214206056335e-03
7.051252308861252587e-03
7.048490646835320686e-03
7.045756231136283097e-03
7.043149754665389492e-03
7.040537341152946528e-03
7.037935158888386326e-03
7.035462688718544140e-03
7.033050490726375226e-03
7.030690901519040005e-03
7.028402226974646110e-03
7.026120006425739563e-03
7.023822070054244401e-03
7.021579793447267105e-03
7.019469639272388033e-03
7.017419414753554852e-03
7.015406918357725008e-03
7.013504044740275986e-03
7.011580655768786391e-03
7.009705106708478614e-03
7.007899962757333651e-03
7.006155993803214223e-03
7.004433106843853223e-03
7.002754434775113404e-03
7.001174631997106323e-03
6.999675759468157975e-03
6.998284466216643865e-03
6.997021581574764011e-03
6.995775904416019590e-03
6.994577565014837087e-03
6.993402745432096383e-03
6.992239918334991304e-03
6.991008189418090532e-03
6.989848636362594458e-03
6.988734407164348163e-03
6.987707073800177894e-03
6.986714531753202874e-03
6.985786820381614109e-03
6.984873289828282851e-03
6.983985855405761695e-03
6.983215915416067683e-03
6.982497118979798939e-03
6.981842270485709608e-03
6.981235082184665021e-03
6.980667013236445222e-03
6.980184143371645673e-03
6.979743493526134948e-03
6.979346320669714727e-03
6.978999710982850338e-03
6.978694007258537217e-03
6.978506442838016896e-03
6.978382241747143992e-03
6.978300925632670987e-03
6.978390408350769979e-03
6.978582429781114010e-03
6.978616567770018486e-03
6.978435971127426585e-03
6.978351395771661796e-03
6.978401684078184251e-03
6.978516281877492414e-03
6.978689994258231027e-03
6.978965154356401093e-03
6.979246856194795331e-03
6.979656558576934587e-03
6.980115288067132058e-03
6.980667497418251849e-03
6.981259837829598310e-03
6.981973499612945458e-03
6.982751180168562076e-03
6.983538460844246516e-03
6.984307995939548208e-03
6.985240673874740062e-03
6.986134660609140921e-03
6.987185095154208221e-03
6.988288216714357882e-03
6.989581236916491552e-03
6.990971806009625700e-03
6.992378847855859787e-03
6.993812716334276910e-03
6.995272873347628019e-03
6.996865828321843957e-03
6.998488515019085296e-03
7.000274114094135088e-03
7.002232814508253973e-03
7.004331931875125601e-03
7.006622252426230636e-03
7.008965779060686435e-03
7.011411161478463792e-03
7.013968907904808391e-03
7.016545361932159490e-03
7.019273066744489628e-03
7.022071297182851633e-03
7.025043568780428051e-03
7.028037142263191678e-03
7.031129715068045252e-03
7.034333624316584793e-03
7.037527350946855796e-03
7.040895748806990512e-03
7.044424017579738531e-03
7.048060547501679499e-03
7.051894176419947619e-03
7.055810956692026847e-03
7.059572602153014152e-03
7.062887264289873304e-03
7.066307638749862001e-03
7.069859264537562381e-03
7.073556872197301303e-03
7.076807370730215686e-03
7.079857930720222410e-03
7.082895297284565531e-03
7.086024894140187901e-03
7.089299683165206992e-03
7.092640489005323963e-03
7.096082000432678283e-03
7.099565130352141797e-03
7.103255065104552117e-03
7.106974878525995284e-03
7.110755482136215354e-03
7.114634356681484584e-03
7.118342013756637048e-03
7.121557595169659798e-03
7.123970994101856691e-03
7.126547523187959539e-03
7.129088549484473118e-03
7.131747213988324369e-03
7.134513043360727648e-03
7.137263527975638497e-03
7.140006961296544059e-03
7.142857677888539425e-03
7.145829809940267875e-03
7.148865924820637513e-03
7.152079255528272575e-03
7.155380160770247189e-03
7.158771259145548307e-03
7.162398806332083943e-03
7.165984353389757804e-03
7.169749931506471351e-03
7.173673412093604235e-03
7.177629940731991912e-03
7.181825917360188868e-03
7.186165098686608799e-03
7.190498619948845760e-03
7.194805184547541609e-03
7.199328415219134747e-03
7.204004839745929874e-03
7.208794839792976618e-03
7.213804100197103095e-03
7.219050797862222764e-03
7.224449067690639527e-03
7.230122084265508918e-03
7.235948524100497235e-03
7.241912437739436367e-03
7.248093761695797305e-03
7.254561743482500907e-03
7.260570533797675377e-03
7.266597902211078923e-03
7.272817146165985562e-03
7.279207634548728878e-03
7.285769735252909871e-03
7.292633779872240325e-03
7.299453346366735658e-03
7.306559777367431507e-03
7.313898457589343254e-03
7.321567232458396461e-03
7.329492423352405167e-03
7.337604468780288200e-03
7.346021326213370006e-03
7.354355080922254928e-03
7.361997588928267597e-03
7.369744006790202202e-03
7.377736570842667596e-03
7.386017294957676269e-03
7.394468850148805047e-03
7.403238362141182846e-03
7.412215464440486713e-03
7.421214454823256076e-03
7.429972519298823526e-03
7.438965419351044848e-03
7.448204571310347924e-03
7.457282895622244744e-03
7.466113544553688516e-03
7.475264976089811969e-03
7.484588228208979843e-03
7.494318851660319337e-03
7.504153368052932267e-03
7.514320785867138405e-03
7.524671411522765654e-03
7.535380675823101851e-03
7.546403519730860918e-03
7.557735691854911356e-03
7.569296539980725595e-03
7.581374175541233558e-03
7.593686901983868337e-03
7.606276346258063377e-03
7.619200609123518569e-03
7.632433541062565510e-03
7.645987991393490661e-03
7.659850957509007144e-03
7.674095380658354365e-03
7.688756126688896068e-03
7.703812662274779274e-03
7.719340692095905641e-03
7.735293898559439385e-03
7.751622512955710573e-03
7.768105853568602059e-03
7.783738042208130335e-03
7.799632679059058035e-03
7.815895398742849290e-03
7.832664967448299889e-03
7.849881491991575477e-03
7.867518150497739698e-03
7.885556732762160140e-03
7.903897927070337170e-03
7.922752840918874384e-03
7.941625856083994392e-03
7.960066264318861953e-03
7.978032166982508902e-03
7.996447530437674964e-03
8.015345567653436518e-03
8.034569293250463928e-03
8.053577226521892521e-03
8.072523833621628175e-03
8.091751551075649848e-03
8.111688928412951263e-03
8.131877330759649733e-03
8.152528192276492502e-03
8.173377280785269067e-03
8.193665187250592785e-03
8.214503271194910014e-03
8.235935078323071770e-03
8.257888861982871920e-03
8.280104281422369719e-03
8.301746050079715153e-03
8.323813327858021333e-03
8.346249194322892875e-03
8.369301915281721072e-03
8.392899833941373094e-03
8.416934712410294867e-03
8.441499893117892020e-03
8.466614718493062700e-03
8.492299282609387309e-03
8.518555382648248728e-03
8.545440279715633969e-03
8.571503424582706948e-03
8.598211546396556174e-03
8.625299215739018130e-03
8.652987035831673571e-03
8.681289368003788920e-03
8.710327294707963242e-03
8.739534121046855022e-03
