1.641635236929776809e-02
1.633339516602155816e-02
1.625099437221524598e-02
1.616820757344892417e-02
1.608505329760546651e-02
1.600208810850093158e-02
1.592019036267781559e-02
1.583897014154936334e-02
1.575737380418715597e-02
1.567664966854979275e-02
1.559740327481747187e-02
1.551725559885122618e-02
1.543687860888375528e-02
1.535662681691427923e-02
1.527650300540244269e-02
1.519637753414074255e-02
1.511669859056497325e-02
1.503679288921420075e-02
1.495743756937553855e-02
1.487865926104839365e-02
1.480007945880494093e-02
1.472163633960567319e-02
1.464368431607625427e-02
1.456594037443579258e-02
1.448755970200368837e-02
1.440925684963971498e-02
1.433083821227951887e-02
1.425219560594695803e-02
1.417386326923667991e-02
1.409627968057635718e-02
1.401884407817394207e-02
1.394228887264346850e-02
1.386608570957356679e-02
1.379048498284589537e-02
1.371471380297872335e-02
1.363982766305445009e-02
1.356557900662366811e-02
1.349196462836052719e-02
1.341916103473428205e-02
1.334644503572855051e-02
1.327445652517419972e-02
1.320360068712807776e-02
1.313283638270118514e-02
1.306185933217107048e-02
1.299132717917765578e-02
1.292085895509746153e-02
1.285143651086288578e-02
1.278310489652532272e-02
1.271600964994733934e-02
1.264854754579121214e-02
1.258162778234626564e-02
1.251528626518215968e-02
1.244989309948951219e-02
1.238538882393657933e-02
1.232136149706453132e-02
1.225837529428115864e-02
1.219579259254712292e-02
1.213360260243114518e-02
1.207257427864489620e-02
1.201280468589759932e-02
1.195414846604482724e-02
1.189686799488222368e-02
1.184017049341599612e-02
1.178424863006184709e-02
1.172858307860192954e-02
1.167438022981038756e-02
1.162082842160294151e-02
1.156847420643819686e-02
1.151650997540447190e-02
1.146545264015357349e-02
1.141479227266910604e-02
1.136479242854343714e-02
1.131573281051504939e-02
1.126725529319298411e-02
1.121943430737271617e-02
1.117261663083053864e-02
1.112678286140769170e-02
1.108208700591971005e-02
1.103810164600457257e-02
1.099486678374832389e-02
1.095240776786575963e-02
1.091043650595283944e-02
1.086878890372065636e-02
1.082737395190407591e-02
1.078640152428760567e-02
1.074557937697821763e-02
1.070552634295532900e-02
1.066551262914672456e-02
1.062602640181660452e-02
1.058695953619009054e-02
1.054827365293021027e-02
1.050944558936544801e-02
1.047077126938200653e-02
1.043200855767525276e-02
1.039383389428802547e-02
1.035600884188067616e-02
1.031818093935508995e-02
1.028091845546394607e-02
1.024371030988044037e-02
1.020693216742864923e-02
1.017047189667638109e-02
1.013438869677832886e-02
1.009883333116621401e-02
1.006376862567175470e-02
1.002859998389220297e-02
9.993887710952388884e-03
9.959527308155167319e-03
9.925790957563525307e-03
9.892439498736603498e-03
9.859655991512707163e-03
9.827221380624797872e-03
9.795121866891368101e-03
9.763620490008005290e-03
9.732703350362475678e-03
9.702092261191643668e-03
9.671917729578739797e-03
9.642371607807684666e-03
9.612943291276154767e-03
9.583477953865340848e-03
9.554329716423223123e-03
9.525346706551449799e-03
9.496880933938458766e-03
9.468174867603170938e-03
9.439822268787570816e-03
9.411877496942607640e-03
9.384261580746903336e-03
9.356924841878425450e-03
9.329714116082556130e-03
9.302932753833263041e-03
9.276609799695993350e-03
9.250566106402024341e-03
9.224580749615683348e-03
9.199044751604528586e-03
9.173699353136157905e-03
9.148526841402309512e-03
9.123539792443990590e-03
9.098801761994991522e-03
9.074338007853875038e-03
9.050142793840539046e-03
9.026407929952283762e-03
9.003144259535827976e-03
8.980308124826768060e-03
8.957774947326101189e-03
8.935416127077194098e-03
8.913018158931978671e-03
8.890781569217456534e-03
8.869090723229916540e-03
8.847609855686274644e-03
8.826304711252241225e-03
8.805281788782124558e-03
8.784303939621044416e-03
8.763610648759677726e-03
8.743211039536446030e-03
8.722849331811374785e-03
8.702672444105198635e-03
8.682627546685469516e-03
8.662754311802595836e-03
8.643054215259638948e-03
8.623552156476050473e-03
8.604194984341067762e-03
8.584724136255075105e-03
8.565433344600149532e-03
8.546320221239387532e-03
8.527363371257029936e-03
8.508586614706532478e-03
8.489802046760020621e-03
8.471207565631015679e-03
8.452628863754535135e-03
8.434169503179080041e-03
8.415622331264182091e-03
8.397354716198929259e-03
8.379273422327606496e-03
8.361463963768984292e-03
8.343741979314004895e-03
8.326170666317347577e-03
8.308922628193177867e-03
8.292043907671313788e-03
8.275386456121081036e-03
8.258635762572137662e-03
8.241963890227070599e-03
8.225612048313514849e-03
8.209336876272005715e-03
8.193229418254139446e-03
8.177332944044575849e-03
8.161676103886029640e-03
8.146384388611340593e-03
8.131078106652976298e-03
8.116111527919253957e-03
8.101526408333812462e-03
8.087055837918100468e-03
8.072840235739245363e-03
8.058985083658327941e-03
8.045304869213039736e-03
8.031850037170414416e-03
8.018552627645111203e-03
8.005597464884686015e-03
7.992888843694773843e-03
7.980185589734196255e-03
7.967628699282455762e-03
7.955084806680761539e-03
7.942530671202360781e-03
7.930121885411065691e-03
7.917836080741673041e-03
7.905738783484501930e-03
7.894069123422614229e-03
7.882448614157166328e-03
7.871023593825023437e-03
7.859935771235242521e-03
7.849042764164331290e-03
7.838307029493238667e-03
7.827698848184915653e-03
7.817085923374912648e-03
7.806627683023540515e-03
7.796063754663811254e-03
7.785641851205632284e-03
7.775480369901218575e-03
7.765461922034258384e-03
7.755599241163419269e-03
7.745892103169611624e-03
7.736302217517764673e-03
7.726839345017107001e-03
7.717285621826141737e-03
7.708153870480448713e-03
7.699319905746598858e-03
7.690628117088966695e-03
7.682166885659209854e-03
7.673874039553199924e-03
7.665666083838305889e-03
7.657509851003557397e-03
7.649194721962753254e-03
7.640891870842278846e-03
7.632806708073825927e-03
7.625237585852789879e-03
7.617867759418087831e-03
7.610477425029497749e-03
7.603173261259465847e-03
7.595649657414148617e-03
7.588248933202845423e-03
7.580953160155531716e-03
7.573661532254215289e-03
7.566190033982961825e-03
7.559057091911762158e-03
7.551987320766105106e-03
7.545107268544353971e-03
7.538193208365046027e-03
7.531269836671853485e-03
7.524645667135131805e-03
7.518031893764117943e-03
7.511470018762725007e-03
7.505094366638868919e-03
7.498719958798827703e-03
7.492484030127186979e-03
7.486340709154945885e-03
7.480388664311417649e-03
7.474426090099328332e-03
7.468497040720153100e-03
7.462561443257758123e-03
7.456754854875052158e-03
7.451030411424610506e-03
7.445470987811488028e-03
7.439908719894539231e-03
7.434362261887914915e-03
7.428789818224270335e-03
7.423105076096283943e-03
7.417501702412488372e-03
7.411465886187545982e-03
7.404870599469949403e-03
7.398040761024566106e-03
7.391110460668566876e-03
7.384026032451582351e-03
7.376904867732838808e-03
7.369869368307535758e-03
7.362946635142315899e-03
7.355885682342830183e-03
7.348803612662117325e-03
7.341697149415652920e-03
7.334389147077624571e-03
7.326821919825779635e-03
7.319457867100555987e-03
7.312046970314053061e-03
7.304601181251037592e-03
7.297182614728699515e-03
7.290079898076832175e-03
7.283293854827374396e-03
7.276484891172314493e-03
7.269547431162842743e-03
7.262467494313563053e-03
7.255332930021876105e-03
7.248117496796704570e-03
7.240852997348334007e-03
7.233477174142230459e-03
7.225985896304130615e-03
7.218304767925017885e-03
7.210596564479817595e-03
7.202732045369592516e-03
7.194938444093828232e-03
7.187123240169280419e-03
7.179400397095983544e-03
7.171904915439199918e-03
7.164479672916615298e-03
7.157074710528748933e-03
7.149734099391727091e-03
7.142338240784720967e-03
7.134831104935264803e-03
7.127482127390331011e-03
7.120105758158237416e-03
7.112840102170790539e-03
7.105220127645412234e-03
7.097572377153207879e-03
7.089988684548415541e-03
7.082171810830932730e-03
7.074025166487434360e-03
7.065759753298040714e-03
7.057623356059910570e-03
7.049490994551147437e-03
7.041353764795171832e-03
7.033083856537994914e-03
7.024817098634061029e-03
7.016459153332602755e-03
7.008102438571807771e-03
6.999791285530518499e-03
6.991462539669257570e-03
6.983162371634868068e-03
6.974653623786562263e-03
6.966160503487530201e-03
6.957467622777917943e-03
6.948598235070465104e-03
6.939853028896361166e-03
6.931031503300581591e-03
6.922175372448727271e-03
6.913207378156142023e-03
6.904043251645035004e-03
6.895060286302963706e-03
6.885996901851335929e-03
6.876870187899336920e-03
6.867640383923243400e-03
6.858257309447400411e-03
6.848885300323036274e-03
6.839383691692042279e-03
6.829935500841810385e-03
6.820548099916084149e-03
6.811134379269031917e-03
6.801673276727743418e-03
6.792264293767961460e-03
6.782805350751535713e-03
6.773252044348076865e-03
6.763568139680863414e-03
6.753918780275581374e-03
6.744149064690377685e-03
6.734369002097664522e-03
6.724473931789677443e-03
6.714488394542465766e-03
6.704583333227456983e-03
6.694568852374104158e-03
6.684379759227811538e-03
6.674240340967763259e-03
6.663991177562392058e-03
6.653627387285625076e-03
6.643321260894924363e-03
6.632893521354502053e-03
6.622502952282283140e-03
6.611745374985835387e-03
6.601105691730817064e-03
6.590396561158573703e-03
6.579605398770776471e-03
6.568774395778967205e-03
6.557999664650528311e-03
6.547152277971808425e-03
6.536362693139255615e-03
6.525429441627103935e-03
6.514338610872841620e-03
6.503319240543242036e-03
6.492367716453690402e-03
6.481301737017847869e-03
6.470245189877051051e-03
6.459101354429451144e-03
6.447960401079345927e-03
6.436585332082231381e-03
6.425106808867500630e-03
6.413752565502512000e-03
6.402369504334079475e-03
6.390941124329919433e-03
6.379366945079017678e-03
6.367802906424058738e-03
6.356098207139651915e-03
6.344311868908826015e-03
6.332563029131807464e-03
6.320861438839043764e-03
6.309042685402660791e-03
6.297086388125068893e-03
6.285132888900312430e-03
6.273271024518386856e-03
6.261414174404659853e-03
6.249553844894920225e-03
6.237627857874193486e-03
6.225692462212500597e-03
6.213618114961565186e-03
6.201504368737511923e-03
6.189349989960329229e-03
6.177232886178590093e-03
6.165057717448615970e-03
6.152867934198226821e-03
6.140707617322327394e-03
6.128454500078613261e-03
6.116289923882840471e-03
6.104126838819032112e-03
6.091876748900925190e-03
6.079625529797899088e-03
6.067334653509078198e-03
6.055039273695150652e-03
6.042715231613254336e-03
6.030380009741711025e-03
6.017970191099703860e-03
6.005603261002042878e-03
5.993265962460985266e-03
5.980828135011446132e-03
5.968386671044669488e-03
5.955981513445431953e-03
5.943624840099775118e-03
5.931274134189177399e-03
5.918991150499897450e-03
5.906725467126105848e-03
5.894492507385910504e-03
5.882320718083734745e-03
5.870251973810045563e-03
5.858239915015737119e-03
5.846284504700014623e-03
5.834298394892298463e-03
5.822329048954641775e-03
5.810446387946568460e-03
5.798492541509011819e-03
5.786616732188880341e-03
5.774789467843274328e-03
5.762991911896988770e-03
5.751279011254636746e-03
5.739570695406991802e-03
5.727918409530033395e-03
5.716329310964682851e-03
5.704792148232256527e-03
5.693341488530872206e-03
5.682001570485457377e-03
5.670704341246180120e-03
5.659503875093589362e-03
5.648391203894375344e-03
5.637283980533367919e-03
5.626248905613557595e-03
5.615251539193127570e-03
5.604349761084202394e-03
5.593443280504833796e-03
5.582644241969633887e-03
5.571882697263141546e-03
5.561186039526120305e-03
5.550590793496860444e-03
5.540056431678054213e-03
5.529631615002071100e-03
5.519271897984045702e-03
5.508993570487449171e-03
5.498772913880642030e-03
5.488618767322738998e-03
5.478480123898943170e-03
5.468441843375606431e-03
5.458503548113382772e-03
5.448649292818687553e-03
5.438839141742612439e-03
5.429051280406834747e-03
5.419345086593980142e-03
5.409656388870453733e-03
5.400032060567802432e-03
5.390459452502383876e-03
5.380990463704548275e-03
5.371584136608839252e-03
5.362288226388032229e-03
5.353040663385725574e-03
5.343912464644755972e-03
5.334821002009109032e-03
5.325787775747693742e-03
5.316843386837893232e-03
5.307911700234303927e-03
5.299022571744763967e-03
5.290175614446694305e-03
5.281419981283902096e-03
5.272736971890353008e-03
5.264170567589175620e-03
5.255628067716478294e-03
5.247161471997626933e-03
5.238793643767802356e-03
5.230514157855321172e-03
5.222289536917124227e-03
5.214112757641054842e-03
5.206003865553678923e-03
5.197964868228833676e-03
5.190000982860942108e-03
5.182076703075953229e-03
5.174175800210369797e-03
5.166307578559617072e-03
5.158523945198415124e-03
5.150798994368329699e-03
5.143103614605157130e-03
5.135443811220215087e-03
5.127830149244882833e-03
