9.813499502328600424e-03
9.794815559588360143e-03
9.775118626046241932e-03
9.755838395437262112e-03
9.736611004075320860e-03
9.718045455416031084e-03
9.700026286898430841e-03
9.682425195629148010e-03
9.665154012946623394e-03
9.648611862178559095e-03
9.632666373515829175e-03
9.617223244622521289e-03
9.602111593149605800e-03
9.586636184764301891e-03
9.570399461801042118e-03
9.554180684222490089e-03
9.538298993384578331e-03
9.522907882320699735e-03
9.507994543470571144e-03
9.492749450222688970e-03
9.477529884350624143e-03
9.462266732601322047e-03
9.447365627270595811e-03
9.432039388111703934e-03
9.416370871529466946e-03
9.400191513538836904e-03
9.384303837029749421e-03
9.368751369735339382e-03
9.353403809662232810e-03
9.338507380174602968e-03
9.323860474521898992e-03
9.309877125237153370e-03
9.294897729399490341e-03
9.279665278794063665e-03
9.263500218967095357e-03
9.247222938905815329e-03
9.231195344425784099e-03
9.215596449593218067e-03
9.200490581872862797e-03
9.185875727364402679e-03
9.170054442964321872e-03
9.154030600364721978e-03
9.138327708988426903e-03
9.122872640467733288e-03
9.106424092192004147e-03
9.089087756398462128e-03
9.071955323518982039e-03
9.054479456677075322e-03
9.034919708333030014e-03
9.015872380802666605e-03
8.996622666333596932e-03
8.977092561967906989e-03
8.957825894792553409e-03
8.936881314589507908e-03
8.915026257982254856e-03
8.892578722473631209e-03
8.870307413814330910e-03
8.847405621153206154e-03
8.825142653001277412e-03
8.803339413890583567e-03
8.780676991518144778e-03
8.754640158649054996e-03
8.728645015630842260e-03
8.700987170082443226e-03
8.672803678579704342e-03
8.645036583432106486e-03
8.618502628520163106e-03
8.593115288017537032e-03
8.568267180160515917e-03
8.543219911833958499e-03
8.518861181753772591e-03
8.496601793692879975e-03
8.475772877969411923e-03
8.456533784313741142e-03
8.438060665750223011e-03
8.420635148001971021e-03
8.404455180026835365e-03
8.389586217813754104e-03
8.375623799349146345e-03
8.361763991484270908e-03
8.348188857150705758e-03
8.335391525477131580e-03
8.323451814046083086e-03
8.312190867366170757e-03
8.300987244429432546e-03
8.290299572710628159e-03
8.279847466013219234e-03
8.269863007055375942e-03
8.259721128222815428e-03
8.250689819212573065e-03
8.242226086512703317e-03
8.234227381367654683e-03
8.226513462870626778e-03
8.219542739663120504e-03
8.211904571304284167e-03
8.204320003351660284e-03
8.197106698715199424e-03
8.189559871571648955e-03
8.181370587498175417e-03
8.172596412857438194e-03
8.163776874187060606e-03
8.154591381814341525e-03
8.145420155890321923e-03
8.136480803894280758e-03
8.127417810576229029e-03
8.118276871387199167e-03
8.108580517519942479e-03
8.098887051828889197e-03
8.089372002376948520e-03
8.079965058142532172e-03
8.070668272141081831e-03
8.061808370362555029e-03
8.053364495459817626e-03
8.044815849639607233e-03
8.036162636934870637e-03
8.027715908213810952e-03
8.019459941310813633e-03
8.011421664346008234e-03
8.003402322801422483e-03
7.995628317659132789e-03
7.987961465228236163e-03
7.980370110272970094e-03
7.972777287971962584e-03
7.965505938605444564e-03
7.957838967772008429e-03
7.950042755282217891e-03
7.942453460742552110e-03
7.934213419509533738e-03
7.924808059437651181e-03
7.915160418700405154e-03
7.905729292333294952e-03
7.896518670078993968e-03
7.886754011161721881e-03
7.877162077232987419e-03
7.867767244943937865e-03
7.857900167831057339e-03
7.848201205407880771e-03
7.838583852462792725e-03
7.828596202450825367e-03
7.818596620740213277e-03
7.808789078432192172e-03
7.799188196125910084e-03
7.790027555600243479e-03
7.780954846931060521e-03
7.771902624015329664e-03
7.763127173375810111e-03
7.754671486762714644e-03
7.746557178982272848e-03
7.738594889489320422e-03
7.730742878217618935e-03
7.723177823954751123e-03
7.715735364948611737e-03
7.707878547802454912e-03
7.700337023929738206e-03
7.693000335391071004e-03
7.685735477020847264e-03
7.678817321368837032e-03
7.671736854865831082e-03
7.664976805717541725e-03
7.658427165279924932e-03
7.652156650368967250e-03
7.646465903001162419e-03
7.641006223472628089e-03
7.635790230111014383e-03
7.631133808202453760e-03
7.626364528588771771e-03
7.622006215728118275e-03
7.618027929557208422e-03
7.614441641418396266e-03
7.611110558322014413e-03
7.607785720959526175e-03
7.604643838776314370e-03
7.601222600604360877e-03
7.597948779935552108e-03
7.594503788311521807e-03
7.591363505619742533e-03
7.588581944560976802e-03
7.586498235376816675e-03
7.584774632712502039e-03
7.582759743946548142e-03
7.580703736727682600e-03
7.579028791163605790e-03
7.578233171564516257e-03
7.578012712381241960e-03
7.578271005404157296e-03
7.579231368392103790e-03
7.580517031782306112e-03
7.582066124962686185e-03
7.584062125352288367e-03
7.586245989340677232e-03
7.588602529687988631e-03
7.591035222953555241e-03
7.593879467584681471e-03
7.596997427169334925e-03
7.599578209238152041e-03
7.601890226002409531e-03
7.604313262060948160e-03
7.606847835424872424e-03
7.609604217972441159e-03
7.612631852277872320e-03
7.615867536757701776e-03
7.619330427251156009e-03
7.622866819291741064e-03
7.626103061954964124e-03
7.629111248643485194e-03
7.632450263652765243e-03
7.635985969592927296e-03
7.639603045563188657e-03
7.643334987853057927e-03
7.646776540517650697e-03
7.650051825360704855e-03
7.653453723746630501e-03
7.656802494279332620e-03
7.660250633085115973e-03
7.663331817052814084e-03
7.666340561924728757e-03
7.669513375713899427e-03
7.672924349865816243e-03
7.676349180286208551e-03
7.679708483358989486e-03
7.683253671016703271e-03
7.686918035057853371e-03
7.690568080849195451e-03
7.694412284602832920e-03
7.698317173885998142e-03
7.702227750719662508e-03
7.706207457721030857e-03
7.710348935361813726e-03
7.714634265743607403e-03
7.719023681471034321e-03
7.723462661346715621e-03
7.728031993959713804e-03
7.732740720189557396e-03
7.737598578645020833e-03
7.742631988949620798e-03
7.747566943314983419e-03
7.752544211787462669e-03
7.757503169095963588e-03
7.762598280866156615e-03
7.767776620106267224e-03
7.773029822522699132e-03
7.778391113770589255e-03
7.783709558099941028e-03
7.789088851819477369e-03
7.794581037073430342e-03
7.799852451280279986e-03
7.804987135927394550e-03
7.810300733152836239e-03
7.815696367479819592e-03
7.821113020371677632e-03
7.826645203483091617e-03
7.832258004979919183e-03
7.838018454441974051e-03
7.843866819903030571e-03
7.849754918930166789e-03
7.855771125275055194e-03
7.861961391808532443e-03
7.868311461596390680e-03
7.874834667610170966e-03
7.881362174173288035e-03
7.887897924513134068e-03
7.894431867099939090e-03
7.900923742956360296e-03
7.907507765588192919e-03
7.914248521465737374e-03
7.920954980779470675e-03
7.927808665192223950e-03
7.934797320041288987e-03
7.941777701512988882e-03
7.948849618718433277e-03
7.956027857174583981e-03
7.963382270150365372e-03
7.970706232530497606e-03
7.978058725693694050e-03
7.985079846095886891e-03
7.991959433178218858e-03
7.998927593816505810e-03
8.005876315295205187e-03
8.012836509134131299e-03
8.019953651880531997e-03
8.027175532243694539e-03
8.034423947461415486e-03
8.041541667420191303e-03
8.048777377622688342e-03
8.056045060739182306e-03
8.063486235289215112e-03
8.071120520150512276e-03
8.078832622965758173e-03
8.086528024680114668e-03
8.094174559975460953e-03
8.101839170686873925e-03
8.109438702288855605e-03
8.117089472589275947e-03
8.124746133415974847e-03
8.132405382183868423e-03
8.140122650309847274e-03
8.147800589764138748e-03
8.155338270840190376e-03
8.162548503353649065e-03
8.169632281956228786e-03
8.176730448581541813e-03
8.183736802495745685e-03
8.190523291353698013e-03
8.197291888742385887e-03
8.203924896195768229e-03
8.210444757337842514e-03
8.217064205586261175e-03
8.223637961026561069e-03
8.230239025166582664e-03
8.236745815514163321e-03
8.243089182872623613e-03
8.249484645233591887e-03
8.256091468811366588e-03
8.262584501206867577e-03
8.269097205338369130e-03
8.275467995570424604e-03
8.281547219551979241e-03
8.287608943215509297e-03
8.293525511710109557e-03
8.299269922914055686e-03
8.304955422512218938e-03
8.310707286733083968e-03
8.316420748359259693e-03
8.322123494555720008e-03
8.327821278417229384e-03
8.333493210353103836e-03
8.339030808266312267e-03
8.344326979175316350e-03
8.349555595093241869e-03
8.354696521245590091e-03
8.359796482234024481e-03
8.364826727385057253e-03
8.369579434872043144e-03
8.374290238432132924e-03
8.378783014289646613e-03
8.383224073609906249e-03
8.387608365256057560e-03
8.391998416339961978e-03
8.396148987718550158e-03
8.400428292256878135e-03
8.404634832092442928e-03
8.408700483479115972e-03
8.412679982218878444e-03
8.416533424541997391e-03
8.420386621602715671e-03
8.424284786256005381e-03
8.428152680031787344e-03
8.431982386874644492e-03
8.435713927441617493e-03
8.439368309725924638e-03
8.442979113533153127e-03
8.446510374092301363e-03
8.450028957122530590e-03
8.453461768085436187e-03
8.456859569954970970e-03
8.460245091789820454e-03
8.463697475115168622e-03
8.467278756518077307e-03
8.470704856594258106e-03
8.474087069501029870e-03
8.477477703788337260e-03
8.480676356817155176e-03
8.483797473098051573e-03
8.486936937543718487e-03
8.489954614407114672e-03
8.492968079523077404e-03
8.496008102751242616e-03
8.499059566624667106e-03
8.502144455957512739e-03
8.505171448563475164e-03
8.508186376796516778e-03
8.511112435467260706e-03
8.514014422479107558e-03
8.516813148734427366e-03
8.519600362457229598e-03
8.522441722083651944e-03
8.525247042937486586e-03
8.528102116115038669e-03
8.530902776983258912e-03
8.533783818374650679e-03
8.536590428970420100e-03
8.539430484054590445e-03
8.542341851296099756e-03
8.545190266445203825e-03
8.548149995837769563e-03
8.550548408397008748e-03
8.552548169124367383e-03
8.554641516486575711e-03
8.556633202583688660e-03
8.558664048206005709e-03
8.560697968065656208e-03
8.562717280012146354e-03
8.564590523398696309e-03
8.566430609845866392e-03
8.568332540475974424e-03
8.570290620338363516e-03
8.572247234969340712e-03
8.574266921152425697e-03
8.576320899670657541e-03
8.578360839030780768e-03
8.580488980881760194e-03
8.582591500212023369e-03
8.584596416735623334e-03
8.586654406139839629e-03
8.588533624625908913e-03
8.590555688374249682e-03
8.592662658371353138e-03
8.594779242231698549e-03
8.596775649630026064e-03
8.598645302882467617e-03
8.600560379365821892e-03
8.602324641673212563e-03
8.604136696319446623e-03
8.606025439866854532e-03
8.607902075697558206e-03
8.609752615397392797e-03
8.611607088810129679e-03
8.613377892857760135e-03
8.615099150728951216e-03
8.616709432649647185e-03
8.618255880801894975e-03
8.619761536108211733e-03
8.621133564635594798e-03
8.622474487124710124e-03
8.623614514335667738e-03
8.624742909554405229e-03
8.625748696830429219e-03
8.626700004138529096e-03
8.627695749399276470e-03
8.628622732385918259e-03
8.629457277876631527e-03
8.630196142487597810e-03
8.630925861559647638e-03
8.631540696340273683e-03
8.632027235627686215e-03
8.632428188908905162e-03
8.632718680022072669e-03
8.632906049924561967e-03
8.632946084782816901e-03
8.632874958686609715e-03
8.632689851118334479e-03
8.632461684141251590e-03
8.632068366766585538e-03
8.631532696768780613e-03
8.630892846280447880e-03
8.630225296998316614e-03
8.629351958818835475e-03
8.628349898051270936e-03
8.627158221433070887e-03
8.625860371038750890e-03
8.624364849721111864e-03
8.622785743611608919e-03
8.621209354417494822e-03
8.619523737296073615e-03
8.617655875410605223e-03
8.615700571136289745e-03
8.613619776557468813e-03
8.611383751493725119e-03
8.608970793394092255e-03
8.606393814478233498e-03
8.603770230948996206e-03
8.601012879509227493e-03
8.598185222862280222e-03
8.595192295300880733e-03
8.592024025209116234e-03
8.588668774251774496e-03
8.585166984295834053e-03
8.581450316990568358e-03
8.577663057457681969e-03
8.573720149859492823e-03
8.569570629303430859e-03
8.565327528984095426e-03
8.560986854930147105e-03
8.556539646078055797e-03
8.551882652771531507e-03
8.547059124709174491e-03
8.542173546845185581e-03
8.537125207777690461e-03
8.531771721054254992e-03
8.526266322288462637e-03
8.520539302514489738e-03
8.514620958510400045e-03
8.508531288676339510e-03
8.502302296584106009e-03
8.495879860644886539e-03
8.489353263772699693e-03
8.482849289185481756e-03
8.476188088713419375e-03
8.469385613398470319e-03
8.462389534075957787e-03
8.455231670899461538e-03
8.447958181829929789e-03
8.440455747973783091e-03
8.432843266887051284e-03
8.425092709411712011e-03
8.417209293452481214e-03
8.409172064931582161e-03
8.400886951446607034e-03
8.392444986841964688e-03
8.383820943712554444e-03
