6.591627420078279530e-03
6.628076097322241518e-03
6.664980658644919891e-03
6.702349064453094578e-03
6.740194404586699779e-03
6.778202902426251446e-03
6.816603784458950127e-03
6.855952275880226876e-03
6.896058162269844312e-03
6.936683760146839482e-03
6.977968996566569042e-03
7.019551250922480452e-03
7.061404171530572156e-03
7.103437671783645845e-03
7.146675252835288199e-03
7.190330950876261396e-03
7.234719497311691526e-03
7.279404136234002981e-03
7.324285521108509465e-03
7.369614769033119329e-03
7.415831391978942692e-03
7.461528670472040992e-03
7.507317931416989006e-03
7.553507410927913328e-03
7.599466776411630334e-03
7.645285400161815070e-03
7.690817605844080598e-03
7.736790749035600372e-03
7.782594154524785646e-03
7.828601032495604434e-03
7.873849819866655941e-03
7.917674368400323681e-03
7.960473234385435568e-03
8.002571840143760107e-03
8.043899007926952685e-03
8.084943287815209850e-03
8.125575519983952930e-03
8.167241597439599959e-03
8.210519543102375029e-03
8.251528131447517095e-03
8.292595548972317085e-03
8.332603226766816321e-03
8.371510501884470157e-03
8.406909296343327218e-03
8.439128228937237824e-03
8.470275416051114767e-03
8.500131005166972065e-03
8.526354540258478457e-03
8.548845486371720037e-03
8.569625904240004907e-03
8.588876159647035671e-03
8.607240173330803212e-03
8.623461154434859666e-03
8.638525327036142287e-03
8.653196070948228347e-03
8.666359480533878529e-03
8.679796114266266627e-03
8.693797389235187120e-03
8.707143298096697154e-03
8.718783171303290044e-03
8.729090471833641715e-03
8.737728639466544114e-03
8.744700822127060222e-03
8.749329986010329074e-03
8.752995041504514628e-03
8.757083174786768967e-03
8.760712016811922007e-03
8.762007556814964404e-03
8.762903844666497175e-03
8.762947533964065769e-03
8.761535866030492961e-03
8.759795683681645059e-03
8.757445610554538337e-03
8.755342579994706068e-03
8.752771331951184758e-03
8.748046428730633234e-03
8.743082604220445489e-03
8.737863289432457395e-03
8.732607936631872625e-03
8.727647400302875752e-03
8.720273791776849553e-03
8.710046725401453249e-03
8.698941038458552280e-03
8.686916697576702387e-03
8.673707172828988218e-03
8.659279123428481606e-03
8.644984382401294312e-03
8.631343750115282043e-03
8.617934587654732873e-03
8.604450987989814559e-03
8.591858899208862713e-03
8.578710391841277982e-03
8.564397930671787534e-03
8.549488605943433503e-03
8.533888275217000122e-03
8.517472615431396707e-03
8.500522053681045659e-03
8.483074726319947065e-03
8.465274438086567085e-03
8.447199470105163852e-03
8.429290093457759633e-03
8.411172793694935909e-03
8.393224824262324538e-03
8.375357220320964538e-03
8.356274629960684652e-03
8.337314081397420237e-03
8.318692962483380249e-03
8.299783148845930186e-03
8.280835266380928011e-03
8.261619484794483631e-03
8.242076429574717034e-03
8.223359979372764708e-03
8.204678821716536799e-03
8.186233224059150798e-03
8.168092708677309605e-03
8.150532548421929660e-03
8.133237193195782047e-03
8.114748541878111579e-03
8.096367448297907624e-03
8.078574850183817269e-03
8.061117326692573623e-03
8.043524363119822218e-03
8.026269348305628201e-03
8.009187867409062189e-03
7.992394121032291715e-03
7.976188674479942758e-03
7.960085772189746597e-03
7.943290861477308312e-03
7.926376131691385829e-03
7.909673497554064667e-03
7.893296542084631690e-03
7.877074879373106853e-03
7.861564641216945565e-03
7.846569871812583349e-03
7.831773848996598925e-03
7.817524502623620850e-03
7.803818313918228777e-03
7.790533788959436504e-03
7.777825762884630831e-03
7.765302790494897807e-03
7.753141601486183629e-03
7.741741763094877986e-03
7.730449553238092839e-03
7.719291091667625400e-03
7.708226540158180651e-03
7.697206028677482971e-03
7.686155502649008424e-03
7.674892065203555228e-03
7.664034717375360628e-03
7.653341456765890873e-03
7.643132605980023503e-03
7.633044522743324609e-03
7.623213900737385064e-03
7.613609809776945500e-03
7.604070213214016855e-03
7.594500725659530417e-03
7.585328088393021757e-03
7.576122207995250601e-03
7.567331162418249046e-03
7.558661647829099765e-03
7.550503499793111487e-03
7.542602105347714740e-03
7.534826006819973949e-03
7.527671086195448016e-03
7.520652949838383360e-03
7.513977153408099401e-03
7.507382132318923124e-03
7.501084302194191422e-03
7.495168233698321948e-03
7.489537573132204126e-03
7.484030231716372675e-03
7.478699660994687914e-03
7.473232519817268882e-03
7.467788671960531866e-03
7.462811895487917943e-03
7.458252060998200698e-03
7.453717778991873939e-03
7.449461758740702315e-03
7.445327116221420356e-03
7.441485504125622610e-03
7.437186818259983352e-03
7.433051817427664167e-03
7.429193032735228325e-03
7.425542511565508090e-03
7.422372446089996537e-03
7.418610589600057106e-03
7.414973662323486037e-03
7.411258625249544409e-03
7.407160892078496449e-03
7.403076919172020369e-03
7.399169980986779367e-03
7.395594745000315905e-03
7.392005296216367510e-03
7.388201239595152368e-03
7.384479839838409103e-03
7.380744457614116585e-03
7.376893601663049062e-03
7.373089007076731767e-03
7.369611964719888046e-03
7.366125900842897950e-03
7.362838309153760773e-03
7.359910151427431248e-03
7.357138799626264554e-03
7.354438154424505769e-03
7.351793149165298732e-03
7.349147517799814629e-03
7.346671505205545731e-03
7.344494114383173095e-03
7.342446772891051375e-03
7.340484824339901446e-03
7.338253755013446171e-03
7.335762267366065931e-03
7.333154812097395121e-03
7.330293012848707219e-03
7.327617007796499368e-03
7.325182560307395493e-03
7.322857878710229036e-03
7.320699147652083225e-03
7.318682912990970985e-03
7.316611446453197103e-03
7.314654726246251799e-03
7.312577340110172457e-03
7.310929759150547845e-03
7.309300099525037862e-03
7.307861559963729596e-03
7.306522431490278593e-03
7.305370061216111439e-03
7.304477395147564167e-03
7.302889280805365847e-03
7.301563316685499502e-03
7.300315954539623488e-03
7.298638176043478927e-03
7.297113654567860888e-03
7.295461961366525930e-03
7.293891640044978218e-03
7.292540980935100642e-03
7.291405055795551274e-03
7.290241108633966662e-03
7.289337050549821173e-03
7.288329642114816688e-03
7.287398336118085240e-03
7.286604002564277260e-03
7.285854599602053366e-03
7.285346428331664244e-03
7.284813289983289343e-03
7.284456353904378810e-03
7.284466316896490677e-03
7.284606307018377629e-03
7.284335684803748719e-03
7.284037308294251389e-03
7.283431972412726663e-03
7.282986247909352742e-03
7.282648978809114562e-03
7.282634388339249282e-03
7.282748811441720586e-03
7.283111437714019643e-03
7.283663215211894429e-03
7.284435857579358783e-03
7.285409279464489379e-03
7.286488319320510824e-03
7.288025165760293571e-03
7.289569952305974612e-03
7.291114956099168168e-03
7.292759802303748831e-03
7.294578633373124260e-03
7.296430167329147516e-03
7.298283867681602810e-03
7.300193419938295035e-03
7.302255793399031053e-03
7.304695340786728636e-03
7.307467017071635554e-03
7.310310007627904803e-03
7.313686967200351725e-03
7.317395737198897389e-03
7.321287269707515109e-03
7.325210862346146282e-03
7.329173863736581848e-03
7.333009822904075319e-03
7.337070041499631212e-03
7.341419785486403421e-03
7.345902688984373534e-03
7.350592767058505665e-03
7.355317890169485104e-03
7.360332834149442040e-03
7.365647522875364873e-03
7.371399639998276430e-03
7.377569692971814967e-03
7.383951310665610133e-03
7.390436116171066917e-03
7.396952492867486448e-03
7.403609455662852300e-03
7.410520536469107286e-03
7.417822724643821641e-03
7.425358282370429081e-03
7.432536761300781100e-03
7.439850571424592128e-03
7.447340992940922402e-03
7.455012486031081277e-03
7.462908383909561127e-03
7.471220984983675123e-03
7.479633424769097788e-03
7.488303947464675266e-03
7.496849323435080675e-03
7.505371995718870468e-03
7.514219943295831136e-03
7.523144741784250182e-03
7.531507164690499738e-03
7.540037964727065896e-03
7.547053339932985154e-03
7.554056194070536516e-03
7.561267615335525577e-03
7.568620240876996162e-03
7.576125847783085447e-03
7.583754056552659099e-03
7.591753635939095350e-03
7.600002639521531017e-03
7.608478475276456328e-03
7.617156755056151210e-03
7.625985930148610967e-03
7.635107537441019124e-03
7.644274797897641568e-03
7.653735144939666224e-03
7.663253261187735581e-03
7.672450643461398677e-03
7.681606611672418990e-03
7.691226659819517392e-03
7.701350088030742454e-03
7.711888293546323610e-03
7.722568532816879994e-03
7.733272135048897648e-03
7.744293335966693885e-03
7.755446593111327454e-03
7.766773976252351781e-03
7.778321496933091397e-03
7.790137909777093868e-03
7.802019785745619058e-03
7.814228336033729808e-03
7.826368520088666791e-03
7.838634658278937142e-03
7.851154170235572979e-03
7.863722830081328399e-03
7.876400798727079683e-03
7.889241541658060380e-03
7.902075240298773659e-03
7.915050951947586594e-03
7.928558075989926637e-03
7.942268242941299614e-03
7.956346031139888836e-03
7.970716442092509388e-03
7.985426280745205191e-03
8.000368783688250468e-03
8.015631094925148095e-03
8.031274607757477729e-03
8.047200977380949624e-03
8.063008703300773503e-03
8.078749373344079263e-03
8.094898072407817266e-03
8.111152173384244407e-03
8.127464039602346618e-03
8.143774628500213136e-03
8.160155973089612894e-03
8.176682873513049440e-03
8.193588181179165333e-03
8.210682685925412352e-03
8.228010148986168032e-03
8.245764161814316331e-03
8.263874010872803572e-03
8.282065856728042588e-03
8.300231154910703985e-03
8.318849250298332096e-03
8.337898510377268063e-03
8.357410005902747921e-03
8.376549925589109324e-03
8.395803426874192538e-03
8.415422182941483670e-03
8.435342412484649055e-03
8.455521012619137203e-03
8.475598771981554189e-03
8.496254297538155531e-03
8.517240603180915512e-03
8.538465413689206446e-03
8.560107092112734933e-03
8.581270062336653418e-03
8.601601823553897339e-03
8.621365830132609112e-03
8.640541955161043855e-03
8.659400260159670973e-03
8.678234306975863080e-03
8.696741932135028039e-03
8.715326700445844357e-03
8.733643025822669659e-03
8.752337381166232916e-03
8.771155972751168775e-03
8.790315402096758601e-03
8.809646366920716870e-03
8.829463800067752569e-03
8.849490942147058073e-03
8.869824318382846240e-03
8.890155153523097292e-03
8.911074166748553932e-03
8.932059290083831093e-03
8.953589455054750471e-03
8.975227830694989042e-03
8.996563047473229296e-03
9.016594356436487268e-03
9.036222486390407121e-03
9.056367482470717087e-03
9.076646061126653064e-03
9.097242612440667800e-03
9.118477309560861152e-03
9.140721204170478356e-03
9.163271800137663334e-03
9.185764841899840549e-03
9.208085430497909424e-03
9.230630467426304345e-03
9.252971787106208795e-03
9.275499442779921652e-03
9.298052863361220416e-03
9.320596526767317702e-03
9.342856496041111042e-03
9.365138935500087400e-03
9.387072643277429365e-03
9.409281490801939263e-03
9.432407751714702929e-03
9.455808228213754760e-03
9.479318802885080067e-03
9.502840594545038447e-03
9.526966333565690254e-03
9.551141994981346417e-03
9.575706729977226037e-03
9.600686035469461338e-03
9.626189509789251017e-03
9.652154553937747697e-03
9.678558950260181606e-03
9.705716869847436784e-03
9.733383777233295051e-03
9.761705162575387909e-03
9.790210389859615656e-03
9.819440835330563860e-03
9.849089690658726498e-03
9.879284943239089595e-03
9.909680469417345844e-03
9.940466171997680220e-03
9.971133341480307652e-03
1.000166091001010449e-02
1.003202384740951685e-02
1.006268059317408543e-02
1.009357694781535045e-02
1.012523879878163106e-02
1.015664855696882252e-02
1.018883217736034005e-02
1.022141964710323973e-02
1.025459512373660433e-02
1.028807981877255875e-02
1.032206005601446659e-02
1.035624960859270714e-02
1.038985731606880195e-02
1.042330518338952135e-02
1.045762720842048459e-02
1.049232200910735387e-02
1.052728138287473483e-02
1.056212454574061155e-02
1.059693472880854880e-02
1.063211889772261616e-02
1.066796230590121713e-02
1.070348767247472632e-02
1.073943148607142337e-02
1.077603170635676663e-02
1.081301928331946348e-02
1.085058748604299413e-02
1.088855542059036924e-02
1.092628323257771941e-02
1.096445747343800271e-02
1.100381789877131512e-02
1.104381234346343311e-02
1.108473997835159562e-02
1.112649698558653040e-02
1.116863458126089899e-02
1.121133338124411655e-02
1.125462882687795589e-02
1.129779221720997665e-02
1.134091523868568756e-02
1.138443605056684710e-02
1.142882892336955815e-02
1.147328548203637930e-02
1.151823171326192205e-02
1.156311727914345264e-02
1.160875236417630366e-02
1.165502363889573019e-02
1.170178728574513237e-02
1.174946313161298779e-02
1.179737769308571507e-02
1.184614474813917157e-02
1.189543581314802916e-02
1.194547600050773969e-02
1.199590856066303120e-02
1.204762557351720872e-02
1.209993101028061097e-02
1.215307421037777405e-02
1.220690382087541263e-02
