5.696208320819562236e-03
5.725917067460121329e-03
5.756757490892682773e-03
5.788585958663184164e-03
5.821445030537554868e-03
5.855721937259752811e-03
5.891287141035007717e-03
5.928054254393564683e-03
5.966025018090599999e-03
6.005375523129562534e-03
6.046320616466146353e-03
6.088623940469245488e-03
6.132194363242401101e-03
6.177019502470171113e-03
6.223269594309066392e-03
6.270876259971816524e-03
6.320008274612184777e-03
6.370557981250889353e-03
6.422274093493937804e-03
6.475543540264532168e-03
6.530140904273239871e-03
6.586234229379573334e-03
6.643776110167300304e-03
6.702739125877169891e-03
6.763099353910636755e-03
6.824570011162762843e-03
6.887213504228505839e-03
6.950837953337380033e-03
7.015662992026260383e-03
7.081535523698914876e-03
7.148399410751918315e-03
7.216290474710320736e-03
7.285209831412329563e-03
7.355544868062399190e-03
7.426575772286989063e-03
7.498441898059156341e-03
7.570897367179417990e-03
7.643729715807450788e-03
7.717162758041179807e-03
7.790165266445514894e-03
7.863830920508621189e-03
7.937743875187421375e-03
8.011731891261031357e-03
8.085542479545392361e-03
8.159232857009925469e-03
8.233772995219429749e-03
8.308796957915009704e-03
8.383747428049407105e-03
8.458638408837098818e-03
8.533213703085960541e-03
8.607544792628353536e-03
8.681823873855841825e-03
8.756041150544133581e-03
8.829945931747715943e-03
8.903767857603692853e-03
8.977314615432295530e-03
9.051384456117131036e-03
9.125023178360041481e-03
9.197708487950271086e-03
9.270086662413560066e-03
9.342508272107972675e-03
9.413222540459096482e-03
9.482898672269876941e-03
9.550776311283344991e-03
9.617611208743466825e-03
9.683983076163284187e-03
9.748948864283709173e-03
9.811362322361029051e-03
9.872290530541767348e-03
9.930458599538860912e-03
9.987779612548968594e-03
1.004521203706170047e-02
1.010123204879640781e-02
1.015503615491425947e-02
1.020716669824150470e-02
1.025536637825961474e-02
1.030115450938113089e-02
1.034463713957941081e-02
1.038604345652471665e-02
1.042559062632959950e-02
1.046316341900957979e-02
1.049924774325255300e-02
1.053463112394076306e-02
1.056911224240138052e-02
1.060315051475438017e-02
1.063557669267733465e-02
1.066709505138214303e-02
1.069570974746943993e-02
1.072284841267207023e-02
1.074768128570236479e-02
1.077090854525583272e-02
1.079363543145417902e-02
1.081634712565542576e-02
1.083771592258314480e-02
1.085746303288947709e-02
1.087668584037056706e-02
1.089641848865258861e-02
1.091591897757207552e-02
1.093463440956222478e-02
1.095246242034292848e-02
1.096911159589569230e-02
1.098348569046304901e-02
1.099659190052207705e-02
1.100897685517663108e-02
1.101980876443840740e-02
1.102968982520247110e-02
1.103707846972209507e-02
1.104290426998173758e-02
1.104825778577411995e-02
1.105283688817961484e-02
1.105649021699636053e-02
1.105959272663371677e-02
1.106200948524199354e-02
1.106292576442721026e-02
1.106275944586182503e-02
1.106191735643844744e-02
1.106074296024852320e-02
1.105907868095692970e-02
1.105698619518583406e-02
1.105366046293466270e-02
1.104972819412397035e-02
1.104548310157867433e-02
1.104000579011818819e-02
1.103426654845696651e-02
1.102771810949176347e-02
1.102025316087926025e-02
1.101223807178763024e-02
1.100387249321109658e-02
1.099521811340064756e-02
1.098538822103348536e-02
1.097496620180141678e-02
1.096364239712340448e-02
1.095109402053698854e-02
1.093800376997722777e-02
1.092485538694270425e-02
1.091087919467664293e-02
1.089664210770347440e-02
1.088190677280645967e-02
1.086688506815622693e-02
1.085198967734236561e-02
1.083671079339324113e-02
1.082087310232206050e-02
1.080466669676099882e-02
1.078784751154943794e-02
1.077045288418778356e-02
1.075267666341730641e-02
1.073453574062867809e-02
1.071653668416696660e-02
1.069826494930267886e-02
1.067973282452781836e-02
1.066092514163150679e-02
1.064204614446356660e-02
1.062316417877484827e-02
1.060432177433420775e-02
1.058526598843357626e-02
1.056605171967838798e-02
1.054656294203852943e-02
1.052718856345105300e-02
1.050781097953772114e-02
1.048804931153360029e-02
1.046794928713324496e-02
1.044786719331726975e-02
1.042776855803240720e-02
1.040676662872640559e-02
1.038512407085861837e-02
1.036358798964481104e-02
1.034204125748839145e-02
1.032041284238092646e-02
1.029886030955730163e-02
1.027700875640926402e-02
1.025531330220753358e-02
1.023338045303103135e-02
1.021122543523473626e-02
1.018903767067930351e-02
1.016673441607667157e-02
1.014456368880075482e-02
1.012239936900505288e-02
1.010060859758857114e-02
1.007884877574984246e-02
1.005729226692669669e-02
1.003588194083728478e-02
1.001448451216721200e-02
9.993033040138606105e-03
9.971656847809493365e-03
9.950498604952584883e-03
9.929633408377734616e-03
9.909016169975529836e-03
9.888455683389918427e-03
9.868207712903743350e-03
9.847846670107913980e-03
9.827407739585253960e-03
9.807038024860666170e-03
9.786802489812498548e-03
9.766932697033355384e-03
9.747143657956763504e-03
9.727589698662456041e-03
9.708154097505403146e-03
9.688791624716010242e-03
9.669546638959483631e-03
9.650596949133241620e-03
9.631845317152784927e-03
9.612951576754506788e-03
9.594211381190641610e-03
9.575656479256075895e-03
9.557247229358151880e-03
9.538870688161407707e-03
9.520518115021326180e-03
9.502267465323330220e-03
9.483989320864496392e-03
9.465851145120472016e-03
9.447861296041852597e-03
9.429912619331563828e-03
9.412268717097611870e-03
9.394662836878739723e-03
9.377220388106221119e-03
9.359866876554542164e-03
9.342460933821749441e-03
9.324656553861906602e-03
9.306831011562689826e-03
9.289112974539503326e-03
9.271475047405067227e-03
9.254009848430564192e-03
9.236649201011628771e-03
9.219355019703246237e-03
9.201980001176234686e-03
9.184686813603442496e-03
9.166994146438395621e-03
9.149289628447875022e-03
9.131608858623588287e-03
9.114031671991252442e-03
9.096425489423042021e-03
9.078739025705266641e-03
9.061033869186772491e-03
9.043299890107547867e-03
9.025645149812687104e-03
9.008103579086709084e-03
8.990666519744009572e-03
8.973380525125411455e-03
8.956000273629078148e-03
8.938409375559952519e-03
8.920956047497069497e-03
8.903527657968797124e-03
8.886242616913498510e-03
8.868985278880643641e-03
8.851763336863719550e-03
8.834517452162104698e-03
8.817375824066877796e-03
8.800333259781004461e-03
8.783251106760750146e-03
8.766226780694422530e-03
8.749182218365717315e-03
8.732110949921653015e-03
8.715069754665127899e-03
8.698139424356652813e-03
8.681296160086050123e-03
8.664588685554955663e-03
8.647982174559653429e-03
8.631536582128264412e-03
8.615199983461954703e-03
8.598998063454193347e-03
8.582766025857941142e-03
8.566605750771496761e-03
8.550420999131775127e-03
8.534353762011222949e-03
8.518316200583972778e-03
8.502326881848050466e-03
8.486353547454784929e-03
8.470531499790382585e-03
8.454779946037162611e-03
8.439123665097744004e-03
8.423534626228372860e-03
8.408045804535935544e-03
8.392540272228129344e-03
8.377147499308986237e-03
8.361874636446078174e-03
8.346634589058068293e-03
8.331419324801336498e-03
8.316217481260877384e-03
8.301092966206688809e-03
8.286043705480018035e-03
8.271053919828319848e-03
8.256151667481653050e-03
8.241394080836199690e-03
8.226780426219085576e-03
8.212219384615556186e-03
8.197731067542457506e-03
8.182793548154054103e-03
8.167889703716114252e-03
8.153037920451359361e-03
8.138178017098245814e-03
8.123404632171263989e-03
8.108720044919276448e-03
8.094135466582616859e-03
8.079610957447951741e-03
8.065144730905552881e-03
8.050643791276148459e-03
8.036106024228701836e-03
8.021617215573637050e-03
8.007151306180893685e-03
7.992815446118888695e-03
7.978560720339021931e-03
7.964506230165910305e-03
7.950608942619910580e-03
7.936651519799069535e-03
7.922860714192873563e-03
7.909088707632532314e-03
7.895385397273409905e-03
7.881726796558446296e-03
7.868165532772961046e-03
7.854669295238590407e-03
7.841307735305603349e-03
7.828072704870753934e-03
7.814943008822539464e-03
7.801939198987245874e-03
7.788984811639997063e-03
7.776076205902744329e-03
7.763283953388338057e-03
7.750500251757237030e-03
7.737669188582272164e-03
7.725012132737517009e-03
7.712406178688236726e-03
7.699884984470246364e-03
7.687421606105944785e-03
7.674881276134882906e-03
7.662520898464331501e-03
7.650149643089164571e-03
7.637814011549098198e-03
7.625374979706715795e-03
7.612973400595782550e-03
7.600628380897318792e-03
7.588324482294656927e-03
7.575995849190330332e-03
7.563690260708585446e-03
7.551500945633690329e-03
7.539333036046237668e-03
7.527083415492854049e-03
7.514931770396921472e-03
7.502795121722469381e-03
7.490737129862761953e-03
7.478778883684168537e-03
7.466750254596770178e-03
7.454759206157849510e-03
7.442764226120360434e-03
7.430845691835932451e-03
7.419021940369086021e-03
7.407285331584610895e-03
7.395651613548671552e-03
7.384137995330180074e-03
7.372733883602046803e-03
7.361302860668443755e-03
7.349913753819114354e-03
7.338571419143872718e-03
7.327225253829370427e-03
7.316009017328735722e-03
7.304837216137807093e-03
7.293779002624725324e-03
7.282682699966552126e-03
7.271615393772835022e-03
7.260461893702801171e-03
7.249418996932351436e-03
7.238357627780193232e-03
7.227241958906865070e-03
7.216204054600582236e-03
7.205244508988367484e-03
7.194323275583169863e-03
7.183472172952800293e-03
7.172689600020079083e-03
7.161919429224653313e-03
7.151200639844980736e-03
7.140550790871761158e-03
7.129966006207617488e-03
7.119454810306716577e-03
7.109055074009471703e-03
7.098729425986177559e-03
7.088436822842698534e-03
7.078231246093384318e-03
7.068031133304057689e-03
7.057854963728004208e-03
7.047734562540320692e-03
7.037684970827728752e-03
7.027634369522065341e-03
7.017652758045342734e-03
7.007713610000341521e-03
6.997804278780240909e-03
6.987988146743773915e-03
6.978244086438030111e-03
6.968539944966600785e-03
6.958931670964577099e-03
6.949357381398223524e-03
6.939783208384368504e-03
6.930296671749183041e-03
6.920831124078224809e-03
6.911383141212376971e-03
6.901980928856287292e-03
6.892607364364323683e-03
6.883230592167883036e-03
6.873887869422791973e-03
6.864626388262140728e-03
6.855467794149945962e-03
6.846341808572497731e-03
6.837295351178473632e-03
6.828331875463336358e-03
6.819326493706996846e-03
6.809728184018579156e-03
6.800142747963277591e-03
6.790547616114412169e-03
6.780965412342686814e-03
6.771352833826958448e-03
6.761736823751952896e-03
6.752191715918313616e-03
6.742658880454901159e-03
6.733127709498599837e-03
6.723678973666610305e-03
6.714233681815592707e-03
6.704776777529924091e-03
6.695381366976787749e-03
6.685996232601085568e-03
6.676622676037864690e-03
6.667314601628390042e-03
6.658046055166279460e-03
6.648808715437435832e-03
6.639575310742948724e-03
6.630418900734717617e-03
6.621326966987241443e-03
6.612261946823857518e-03
6.603190586310268666e-03
6.594167478002495829e-03
6.585210019409204474e-03
6.576292601752846412e-03
6.567365448659216905e-03
6.558454375317433402e-03
6.549509148657787702e-03
6.540613875976153402e-03
6.531766194771883999e-03
6.522895113208836311e-03
6.514023148251851629e-03
6.505154493147963408e-03
6.496281601849692063e-03
6.487450481407580107e-03
6.478680220927272686e-03
6.469866926145862590e-03
6.461080784000097603e-03
6.452330242828228923e-03
6.443594139233716107e-03
6.434825334338182927e-03
6.426067173645830938e-03
6.417352836164348998e-03
6.408611843575745537e-03
6.399875024544467335e-03
6.391139738799630522e-03
6.382430148916352040e-03
6.373756766687831664e-03
6.365122612039523196e-03
6.356484805280780345e-03
6.347878207237490564e-03
6.339202746489412330e-03
6.330495918715346206e-03
6.321762565204787354e-03
6.313030586141550084e-03
6.304367949339808978e-03
6.295715347946055987e-03
6.287083102142237978e-03
6.278454719749811987e-03
6.269793025675423660e-03
6.261121784735663304e-03
6.252441274568626590e-03
6.243761109830423851e-03
6.235077952520926177e-03
6.226405992576467159e-03
6.217772306648919681e-03
6.209126312539664863e-03
6.200491050114036000e-03
6.191848993417758441e-03
6.183226720384871547e-03
6.174635050972322216e-03
6.166114910964583598e-03
6.157602403691897486e-03
6.149074048186614454e-03
6.140593408375645545e-03
6.132174494345041249e-03
6.123708381574060819e-03
6.115248189524647056e-03
6.106819410553994756e-03
6.098369642619115225e-03
6.089947497428172506e-03
6.081557212232714497e-03
6.073219951552520299e-03
6.064933501616917924e-03
6.056742482541360544e-03
6.048599012986913617e-03
6.040459274235657379e-03
6.032344537052505146e-03
6.024258768847506711e-03
6.016234312806862522e-03
6.008210628166683540e-03
6.000215552077288982e-03
5.992294021076986950e-03
5.984417258327457204e-03
5.976586970688505147e-03
5.968735406536303072e-03
