1.422963089644984497e-02
1.417781055826725263e-02
1.412542019220787773e-02
1.407293467279442309e-02
1.402074424633542246e-02
1.396796060624546504e-02
1.391507453104532700e-02
1.386131927549835892e-02
1.380790363648886319e-02
1.375438285602545961e-02
1.370104269440539438e-02
1.364669886829843019e-02
1.359250928264076237e-02
1.353838300005440198e-02
1.348361897179674133e-02
1.342908683913877736e-02
1.337447607028081215e-02
1.331964159674159202e-02
1.326473177267280430e-02
1.320989511714395180e-02
1.315475907656863709e-02
1.310011443189876279e-02
1.304529009446254474e-02
1.299013730415673855e-02
1.293524553224636130e-02
1.287985200420845022e-02
1.282511299271564369e-02
1.277072829658969406e-02
1.271729758239989114e-02
1.266407530742123810e-02
1.261102000116473901e-02
1.255800943838168530e-02
1.250617330191756971e-02
1.245420774725055670e-02
1.240287587873924874e-02
1.235125544209907285e-02
1.229995925926704106e-02
1.224903038648043375e-02
1.219867643413263467e-02
1.214896628712889420e-02
1.209947411496928998e-02
1.205091718754416549e-02
1.200273811221902465e-02
1.195608665375556476e-02
1.191007228129212399e-02
1.186473852467613034e-02
1.181980453731567259e-02
1.177516198088830908e-02
1.173147917429216529e-02
1.168799366861126079e-02
1.164500720425683429e-02
1.160272460916262488e-02
1.156092303706577999e-02
1.151938606504114386e-02
1.147768793870471322e-02
1.143664409210830984e-02
1.139576375095981489e-02
1.135534854995392043e-02
1.131541212652582666e-02
1.127620418317124354e-02
1.123709688620277980e-02
1.119852958515302199e-02
1.116003488600248068e-02
1.112159068553447532e-02
1.108337979092497219e-02
1.104527090855944062e-02
1.100786685536041427e-02
1.097055120868512500e-02
1.093365654434868411e-02
1.089686499170835349e-02
1.086020274521137807e-02
1.082379759714008523e-02
1.078748630845227652e-02
1.075177879870762784e-02
1.071648287732902133e-02
1.068129946584799560e-02
1.064655449473720684e-02
1.061202157411498571e-02
1.057726361043996241e-02
1.054284627818131287e-02
1.050888348480943230e-02
1.047539685993085189e-02
1.044212394951936525e-02
1.040910152813473259e-02
1.037627308393694603e-02
1.034367473815747326e-02
1.031097135452631319e-02
1.027860135861338731e-02
1.024627672990156488e-02
1.021411519222876867e-02
1.018228937438134252e-02
1.015059978076842881e-02
1.011899937809606666e-02
1.008738817753508654e-02
1.005580544009855581e-02
1.002420264188912460e-02
9.992844328006400545e-03
9.961472004566209251e-03
9.930676927328969950e-03
9.900024630866796627e-03
9.869657043879345032e-03
9.839185080825820287e-03
9.809174414061065314e-03
9.779545741370802153e-03
9.749977098767396988e-03
9.720855518776208223e-03
9.691984417240220515e-03
9.663446016264877481e-03
9.635301713909222299e-03
9.607432932145594170e-03
9.579868489306054072e-03
9.552447190906518393e-03
9.525224569851727108e-03
9.498383522119548117e-03
9.471510687534530001e-03
9.444843253866958346e-03
9.418250324996539635e-03
9.392104061244101881e-03
9.366268589354085142e-03
9.340580528624107398e-03
9.315120464667392755e-03
9.289964898209593022e-03
9.265233212838498017e-03
9.240914879185532782e-03
9.216643234190571507e-03
9.192901074774719253e-03
9.169243640832264522e-03
9.145738571927472874e-03
9.122643879877040743e-03
9.099699764140213934e-03
9.077031615119262112e-03
9.054718935889917442e-03
9.032550874789309001e-03
9.010769964616595004e-03
8.989139903506191895e-03
8.967813709824055263e-03
8.946666179229047222e-03
8.925975058703777137e-03
8.905685318554295779e-03
8.885688400567732723e-03
8.865982712652814915e-03
8.846420090947652859e-03
8.827194798073782420e-03
8.808242467451380536e-03
8.789632808574802947e-03
8.771279876001647838e-03
8.753257694575919748e-03
8.735369267846052402e-03
8.717789702594364726e-03
8.700395462686911011e-03
8.683486962849368621e-03
8.666746863136091591e-03
8.650034346985550557e-03
8.633576195430659947e-03
8.617254010161893435e-03
8.601098848587888923e-03
8.585075851732799912e-03
8.569356561616820953e-03
8.553991550924070625e-03
8.538970372744886933e-03
8.524163797051833788e-03
8.509510810594117514e-03
8.494905908252890075e-03
8.480608907483552436e-03
8.466476854135892779e-03
8.452608880735007837e-03
8.438956211778156705e-03
8.425380130234532902e-03
8.411896728277674581e-03
8.398528851254458139e-03
8.385325162608075339e-03
8.372304190221424233e-03
8.359364613236781871e-03
8.346477541434830713e-03
8.333878149742712446e-03
8.321364965670048630e-03
8.309089345718598252e-03
8.296970404040133681e-03
8.284972767876369951e-03
8.273217537651899808e-03
8.261634811468241898e-03
8.250397406287201391e-03
8.239086022777437554e-03
8.227792035983462135e-03
8.216816351155755566e-03
8.205895222411850598e-03
8.195015454211730666e-03
8.184187243973996273e-03
8.173691006967031408e-03
8.163445779112358039e-03
8.153436620546853503e-03
8.143508373201550216e-03
8.133681059791387363e-03
8.123872517412190214e-03
8.114300843539293609e-03
8.104751154480541522e-03
8.095300769207698990e-03
8.086015769023060726e-03
8.076971836406167046e-03
8.067889052956432605e-03
8.058776501839998510e-03
8.049823491800776540e-03
8.040947709817086730e-03
8.032181985106971039e-03
8.023589470624233402e-03
8.015147915149021043e-03
8.007069123907497449e-03
7.999184438827012383e-03
7.991393257922398130e-03
7.983630686031070733e-03
7.975892338030459577e-03
7.968325288901966647e-03
7.960769289267484450e-03
7.953384596962445596e-03
7.946151083555360803e-03
7.939077711695500389e-03
7.932059301871000404e-03
7.925153617605847425e-03
7.918447925799342035e-03
7.911860422983588853e-03
7.905584989086203787e-03
7.899408256390381272e-03
7.893192455085618758e-03
7.887028283630500083e-03
7.880803483732835499e-03
7.874559103015418837e-03
7.868378720984224237e-03
7.862426337840620547e-03
7.856423923281641644e-03
7.850446967382703964e-03
7.844581815194777777e-03
7.838775001628882008e-03
7.832896858991052549e-03
7.826959995037276185e-03
7.821099346374463593e-03
7.815215607102373938e-03
7.809484118694073884e-03
7.803857957800814336e-03
7.798295233181717218e-03
7.792731916549930360e-03
7.787187497808969495e-03
7.781648276093702972e-03
7.776059090621653506e-03
7.770584933215450747e-03
7.765248207326784849e-03
7.760008586319747624e-03
7.754712133151547490e-03
7.749405868430161125e-03
7.744150802234884418e-03
7.738913943601349876e-03
7.733672903878186303e-03
7.728387939984851865e-03
7.723358908463632926e-03
7.718361611994144569e-03
7.713419911859327634e-03
7.708523306176910325e-03
7.703845814963060541e-03
7.699222931634121768e-03
7.694719555581336183e-03
7.690252905458697455e-03
7.685886624744813454e-03
7.681415528184000474e-03
7.676988984806841151e-03
7.672512101321974504e-03
7.668091722276959739e-03
7.663462393409848326e-03
7.658888655591580136e-03
7.654357644174949148e-03
7.649753072009973093e-03
7.645110505316226462e-03
7.640586521935967962e-03
7.636001035837281826e-03
7.631273957217574351e-03
7.626515293663639790e-03
7.621681473041426284e-03
7.616969179938674547e-03
7.612247577436357347e-03
7.607547535824811698e-03
7.602722116496981458e-03
7.597791995496100056e-03
7.592850929660594113e-03
7.587739060763597741e-03
7.582494040812252402e-03
7.577278383633211795e-03
7.572107774391289604e-03
7.566926579751019621e-03
7.561746726653793826e-03
7.556684077269055014e-03
7.551560632409619160e-03
7.546460721111813985e-03
7.541430080584674359e-03
7.536300200758721396e-03
7.531350632140942913e-03
7.526351296399167064e-03
7.521307222469771417e-03
7.516144279792196133e-03
7.510929053936687104e-03
7.505695895382471887e-03
7.500594433222849272e-03
7.495306924732109653e-03
7.489914210300364222e-03
7.484404687536037708e-03
7.478920939524241404e-03
7.473426900006113933e-03
7.467865549702192365e-03
7.462247615671005474e-03
7.456592050775985581e-03
7.450857899367740837e-03
7.445091370151131135e-03
7.439185055109371995e-03
7.433367308337672855e-03
7.427480214679389910e-03
7.421506253730368770e-03
7.415509023511097399e-03
7.409599270567068970e-03
7.403623520893988334e-03
7.397560622724141423e-03
7.391459485820288909e-03
7.385350192884452061e-03
7.379335074367425300e-03
7.373276881641305756e-03
7.367154701857787057e-03
7.361083630741308177e-03
7.355037663077256330e-03
7.349077249704368160e-03
7.342946426535560712e-03
7.336768708561474707e-03
7.330459211733884005e-03
7.323876656452761938e-03
7.317138775013354648e-03
7.310101476812517693e-03
7.302954623491728255e-03
7.295770445885106648e-03
7.288613757753488638e-03
7.281387560988963024e-03
7.274145276279561818e-03
7.266835399578339301e-03
7.259288197675310174e-03
7.251655785059912124e-03
7.243873951612820293e-03
7.236066093922134158e-03
7.228117443984725769e-03
7.220229525034916468e-03
7.212364231541555648e-03
7.204336680055598192e-03
7.196199873684695249e-03
7.188010604417721487e-03
7.179893021544625151e-03
7.171781531116418543e-03
7.163595756838651678e-03
7.155421230802013269e-03
7.147283733044859991e-03
7.139170792185560444e-03
7.131040526497727308e-03
7.122909834772189058e-03
7.114719373022508966e-03
7.106440462462474024e-03
7.098168867487833489e-03
7.089869457431208742e-03
7.081520477940539578e-03
7.073040164663050612e-03
7.064466402710881283e-03
7.055808537955807723e-03
7.047102315278374988e-03
7.038364197917218283e-03
7.029396167141712184e-03
7.020323185730674084e-03
7.011233945113945834e-03
7.001976439690138498e-03
6.992657615494703160e-03
6.983313250708898627e-03
6.974026008276193456e-03
6.964726108929305756e-03
6.955427802730855882e-03
6.946037442259045749e-03
6.936591228561344094e-03
6.927111463601549196e-03
6.917516793207107058e-03
6.907618679836354664e-03
6.897744669310864468e-03
6.887806455009043254e-03
6.877716037944463408e-03
6.867567955143708686e-03
6.857340403625103789e-03
6.846973173055067793e-03
6.836501887268693449e-03
6.825997097792676181e-03
6.815405029259949572e-03
6.804780246211639474e-03
6.794053564036069137e-03
6.783162913902673723e-03
6.772273260147780582e-03
6.761255029693742126e-03
6.750178900398531683e-03
6.739046003429253681e-03
6.727862817624795377e-03
6.716686703200497321e-03
6.705374453872171674e-03
6.694037008060854839e-03
6.682581553505507858e-03
6.670987563751822752e-03
6.659367098873448729e-03
6.647671195192185294e-03
6.636047637576084762e-03
6.624404004386768262e-03
6.612679706296815951e-03
6.600893878530715228e-03
6.589042065135799348e-03
6.577149773401724624e-03
6.565223793502622356e-03
6.553346752966914338e-03
6.541447008744510037e-03
6.529549350309675308e-03
6.517651189721218943e-03
6.505714365946799888e-03
6.493746503528436721e-03
6.481753241651302087e-03
6.469718838063644693e-03
6.457665688816994348e-03
6.445617724967218042e-03
6.433577068245511892e-03
6.421500313021394520e-03
6.409361333827672674e-03
6.397210908174287905e-03
6.385033935244668196e-03
6.372869545756228160e-03
6.360632053800696281e-03
6.348433378320126642e-03
6.336186903100592301e-03
6.323955180097300816e-03
6.311694163830336955e-03
6.299476822771063987e-03
6.287237393295425948e-03
6.274991878246474405e-03
6.262755356240306409e-03
6.250508417717983572e-03
6.238308460424221887e-03
6.226114192795286287e-03
6.213934788384971840e-03
6.201784132269504493e-03
6.189670668822761478e-03
6.177613293160509958e-03
6.165532742976469020e-03
6.153426143837589443e-03
6.141286781553512153e-03
6.129179472263695388e-03
6.117157006849812187e-03
6.105217292784862783e-03
6.093350939003246668e-03
6.081532621765670804e-03
6.069741711147751823e-03
6.057933301268988643e-03
6.046136720411659712e-03
6.034331847544432623e-03
6.022563896315120957e-03
6.010778375259166230e-03
5.999017550382621140e-03
5.987283288375501791e-03
5.975522549261510011e-03
5.963750877866734468e-03
5.952021952827595518e-03
5.940348611437141178e-03
5.928726680930919771e-03
5.917065855587342292e-03
5.905452190661881519e-03
5.893870170400499105e-03
5.882314409998475740e-03
5.870775155584219071e-03
5.859244695465626492e-03
5.847735660656327994e-03
5.836268275988092981e-03
5.824848035484055456e-03
5.813465850626171362e-03
5.802085138333783025e-03
5.790738058507013605e-03
5.779430315677079426e-03
5.768148323549161273e-03
5.756922832953890144e-03
5.745778187836339361e-03
5.734694032276213202e-03
5.723646745099287593e-03
5.712623593605829428e-03
5.701665681778765246e-03
5.690753863954099885e-03
5.679827797520417033e-03
5.668906798147141726e-03
5.658000366514725522e-03
5.647071651815343055e-03
5.636125810770253527e-03
5.625194866707009141e-03
5.614293481982782913e-03
5.603452220243837142e-03
5.592644833028377963e-03
5.581885185458631063e-03
5.571149944338868454e-03
5.560445507403560805e-03
5.549793315092680160e-03
5.539185565128256980e-03
5.528633355501768459e-03
5.518147405210854610e-03
