7.641248488145288738e-03
7.623995782869606545e-03
7.607701983543294251e-03
7.592524880313256119e-03
7.578330408073335848e-03
7.564522136766155432e-03
7.551455299378438159e-03
7.538752127722506309e-03
7.526098878990366767e-03
7.513505440586838030e-03
7.501540872025398189e-03
7.490173525206163425e-03
7.479199623678540847e-03
7.469035934862681796e-03
7.459264556735540654e-03
7.449685403014917606e-03
7.440540979410234165e-03
7.431724445338242641e-03
7.424114710240532940e-03
7.417005606842953444e-03
7.411562110669627119e-03
7.406611862556002762e-03
7.401605063487212352e-03
7.396608742250183020e-03
7.391890458452142487e-03
7.387384639815959206e-03
7.383090576190694254e-03
7.379194064945087880e-03
7.375386005417090655e-03
7.371605787928813165e-03
7.368260522693380506e-03
7.364945179735120362e-03
7.361866859100874537e-03
7.358795921974911787e-03
7.355634979626608783e-03
7.352584617848873308e-03
7.349577543563396917e-03
7.346671102713817417e-03
7.343764832860761281e-03
7.341063053705752621e-03
7.338329218649261229e-03
7.335923329287379752e-03
7.333629964094873742e-03
7.331317703918736189e-03
7.329550427104231103e-03
7.327992156141709991e-03
7.326577094634950833e-03
7.325175902611232893e-03
7.323721712765660780e-03
7.322361124355238234e-03
7.320900238951845267e-03
7.318472634881598160e-03
7.315965041439439348e-03
7.313612417362287677e-03
7.311386023076896744e-03
7.309160146274027922e-03
7.306750035121641583e-03
7.304011032904379752e-03
7.301245950942319290e-03
7.298281331102673269e-03
7.295333362677133317e-03
7.292377132503054596e-03
7.289389639830216004e-03
7.286291399026074631e-03
7.283235366612489381e-03
7.280155120351248892e-03
7.277082376793703698e-03
7.274249451762974245e-03
7.271525712372908963e-03
7.268970958776898618e-03
7.266527223946562739e-03
7.264242232033558781e-03
7.262414195159369590e-03
7.260906890675154421e-03
7.259574571399322364e-03
7.258341954460854721e-03
7.257180230513581541e-03
7.256146323163515689e-03
7.255256781808290707e-03
7.254376286618420717e-03
7.253708590919003170e-03
7.253156072874417624e-03
7.252901563975534642e-03
7.252860302276703530e-03
7.253168725031362146e-03
7.253832186782871276e-03
7.254291742448864926e-03
7.254586490767521607e-03
7.255078649946737797e-03
7.255730166785035601e-03
7.256582401297639352e-03
7.257727539375067455e-03
7.259178960504142179e-03
7.260847431457643011e-03
7.262828337637534069e-03
7.264983557725701591e-03
7.267416033743248280e-03
7.270073985194416659e-03
7.273027007399724547e-03
7.275476315606681753e-03
7.278193581443685375e-03
7.281244786839505961e-03
7.284456093610352026e-03
7.287750569178411825e-03
7.291261990968676311e-03
7.295011780854663598e-03
7.298982487147966797e-03
7.303124347481806597e-03
7.307557863925157222e-03
7.312502801632083001e-03
7.317966198153450647e-03
7.323469267982456524e-03
7.329277720158085437e-03
7.335431147114813283e-03
7.341948794022350525e-03
7.348562952741713970e-03
7.355613282097182848e-03
7.362960462473529082e-03
7.370390151447221184e-03
7.377811571272215041e-03
7.385355515523822113e-03
7.392692071915273402e-03
7.400186586278658003e-03
7.407244002871774327e-03
7.413942457855378365e-03
7.420696729592694482e-03
7.427525425254042843e-03
7.434264942660777885e-03
7.440324733824477642e-03
7.446033362088706579e-03
7.451935525116115330e-03
7.457979411224565681e-03
7.464248337214442718e-03
7.470423324533370137e-03
7.476416442382048146e-03
7.482250333131587605e-03
7.487760191020397839e-03
7.492949755242924240e-03
7.498125639743620507e-03
7.503339197394790980e-03
7.508383495446036178e-03
7.513489018181211676e-03
7.518689051513883712e-03
7.524060673382121714e-03
7.529498055174371068e-03
7.534926158224850706e-03
7.539664695464216339e-03
7.544042066903960606e-03
7.548386352234421996e-03
7.552729379537915198e-03
7.557007694568426345e-03
7.561308895118116873e-03
7.565507196461909202e-03
7.569600821504564141e-03
7.573563329479259150e-03
7.577049195350240955e-03
7.580441285353763450e-03
7.584287265144675633e-03
7.588342343818136812e-03
7.592390875465532610e-03
7.596660580940048542e-03
7.601174711540132842e-03
7.605758727124089028e-03
7.610585313565292227e-03
7.615412456075559486e-03
7.620191300921875209e-03
7.624823487309920038e-03
7.629465312933176105e-03
7.634063353932087591e-03
7.638641042380406310e-03
7.642876824470548093e-03
7.647198249653802855e-03
7.651674284237206490e-03
7.656402394653046874e-03
7.661199835040861592e-03
7.666161791526912052e-03
7.671152409884543499e-03
7.676439510312284796e-03
7.681958876347782551e-03
7.687176640460557410e-03
7.692344522218267158e-03
7.697728160886971316e-03
7.703438410843108618e-03
7.709193352471607058e-03
7.715095871235213253e-03
7.720552771474460153e-03
7.726121792574437361e-03
7.731840200676892878e-03
7.737610089568679531e-03
7.743412060262504920e-03
7.749307258154885039e-03
7.755282598708178148e-03
7.761359743243889837e-03
7.767855436523653755e-03
7.774486764139646247e-03
7.781341351370329312e-03
7.787654595853140023e-03
7.793549832860644476e-03
7.799422713988895216e-03
7.805265665704106889e-03
7.811151211675288961e-03
7.816906993750375593e-03
7.822780303030662727e-03
7.828943572726964478e-03
7.835327891504857353e-03
7.841818640421483605e-03
7.848345282221847949e-03
7.854573710314982291e-03
7.860941538367926390e-03
7.867469757459246565e-03
7.873650526416402923e-03
7.879681690594983468e-03
7.885144975056806310e-03
7.890754510968175581e-03
7.896386672336006343e-03
7.901940718686389573e-03
7.907766401602830952e-03
7.913696556787464670e-03
7.919549554746612915e-03
7.925331730016074369e-03
7.930580688969016828e-03
7.935066660908308284e-03
7.939591237360897613e-03
7.944022043231854097e-03
7.948550681314371646e-03
7.953006366518678566e-03
7.957585137504490091e-03
7.962271156875148220e-03
7.967090510189862168e-03
7.971908397216001183e-03
7.976919412525177930e-03
7.981850767240918770e-03
7.986688026825212658e-03
7.991098417772809701e-03
7.995390641930069653e-03
7.999686030183731159e-03
8.003975889461721269e-03
8.007997440130714198e-03
8.012020403172840505e-03
8.016146134332340425e-03
8.020419252337155497e-03
8.024734688677738481e-03
8.028126668736047453e-03
8.031380190769024999e-03
8.034642638450486749e-03
8.038041067218467881e-03
8.041433397198564578e-03
8.044816500238000101e-03
8.048053055821544760e-03
8.051159205809524377e-03
8.054388328462298158e-03
8.057708376864288272e-03
8.061043808081761602e-03
8.064622548058014359e-03
8.068110353827727399e-03
8.071569372980326104e-03
8.075140782570863762e-03
8.078702610013126922e-03
8.082420770035333990e-03
8.086368552751499114e-03
8.090145332601796774e-03
8.093633298003503201e-03
8.096842817636036929e-03
8.099924616873427005e-03
8.103108338495774304e-03
8.106486455942616548e-03
8.109980157524433741e-03
8.113620170814232757e-03
8.117332462510638835e-03
8.121192319713333233e-03
8.125069782950598840e-03
8.128946926923875937e-03
8.132902563322691458e-03
8.137002549330279999e-03
8.141382174646912342e-03
8.146013360956374724e-03
8.150527905965343836e-03
8.155196067696037984e-03
8.160016554292189375e-03
8.165020698025484899e-03
8.170254007757232415e-03
8.175375410175685434e-03
8.179811557904016761e-03
8.184281346753526781e-03
8.188758057922861794e-03
8.192921275114539367e-03
8.197125901479638752e-03
8.201381916660669888e-03
8.205825422261019478e-03
8.210367817238448454e-03
8.214654633994072572e-03
8.218938334225744588e-03
8.223528377767495151e-03
8.228185805039497577e-03
8.233029075666939076e-03
8.238163749741331254e-03
8.243403558926696434e-03
8.249007128195869759e-03
8.254675558798362997e-03
8.260590858693107885e-03
8.266653174368069137e-03
8.272910995891323907e-03
8.279594442824621953e-03
8.286485163972781218e-03
8.293537291038217962e-03
8.300674312723580611e-03
8.307738979886415340e-03
8.315019754939199578e-03
8.322662797358076903e-03
8.330179436610048518e-03
8.337467772510633035e-03
8.344568903426587136e-03
8.351721793166405269e-03
8.359194046266850073e-03
8.366850216567156898e-03
8.374545303244588026e-03
8.382342962463772834e-03
8.390078718298761215e-03
8.397298721134456925e-03
8.404572491408504945e-03
8.411897965533810667e-03
8.419244540682895364e-03
8.426223562638286702e-03
8.432983415152382756e-03
8.440137839896536334e-03
8.447580124468818605e-03
8.455147306804305582e-03
8.463005662124659795e-03
8.471216377055853716e-03
8.479311533224046307e-03
8.487305848487608842e-03
8.495293501494064273e-03
8.503464627690861602e-03
8.511515000213291937e-03
8.519211788927210510e-03
8.527023736795565426e-03
8.535049468904053888e-03
8.542945304970756687e-03
8.550482176256452016e-03
8.558066330327199212e-03
8.565712683788485535e-03
8.573463884811723806e-03
8.581284442236072202e-03
8.589255721862951859e-03
8.596983806904927305e-03
8.604839808974834581e-03
8.612705088729345065e-03
8.620648890510026682e-03
8.628810817252469470e-03
8.637075272135710802e-03
8.645520846958848829e-03
8.654070157205810687e-03
8.662784712995218184e-03
8.671510240048392951e-03
8.680398137153797627e-03
8.689536352025382243e-03
8.698699905040151170e-03
8.707697168032940346e-03
8.716897324346677481e-03
8.726281399974606182e-03
8.735801196626336376e-03
8.745572638844137381e-03
8.755536573988498619e-03
8.765864002810956276e-03
8.776562511531284250e-03
8.787251503647600451e-03
8.797334917524711126e-03
8.807535536171537741e-03
8.817797796025509879e-03
8.828223227263176653e-03
8.838762816519530816e-03
8.849424560194565914e-03
8.860256084652127703e-03
8.870517745093250625e-03
8.880895812144120813e-03
8.891410020970668543e-03
8.902082076238186301e-03
8.912925472664538079e-03
8.924052983381581053e-03
8.935333566380104439e-03
8.946693765571112067e-03
8.957825808356740041e-03
8.969129493593373803e-03
8.980609524610414646e-03
8.991617951974612347e-03
9.002674733032532683e-03
9.013808865834393655e-03
9.025017619721653964e-03
9.036227511119016009e-03
9.047438905805746043e-03
9.058827873642051262e-03
9.070288199093798007e-03
9.081899984649607557e-03
9.093738124143586551e-03
9.105719512737033353e-03
9.117859999455427134e-03
9.130243110946510351e-03
9.142695737413530574e-03
9.155305498849127671e-03
9.168255346203874750e-03
9.181361576882512976e-03
9.194619820562782014e-03
9.208065157168134063e-03
9.221732664507691773e-03
9.235620898493354311e-03
9.249785785295467494e-03
9.264046263118237007e-03
9.278519307326463586e-03
9.293245885198378464e-03
9.308120982139881164e-03
9.323349914495290131e-03
9.338263308314923364e-03
9.353045245716463604e-03
9.367894284585061987e-03
9.382909819622914718e-03
9.397983108670297098e-03
9.413293655261022186e-03
9.428996683008403559e-03
9.445014743966442111e-03
9.461254936543563726e-03
9.477712750871655767e-03
9.494120402695821123e-03
9.510224472526243242e-03
9.526515427020140758e-03
9.543093767732014135e-03
9.559930830675949370e-03
9.577055160378156184e-03
9.593220636724979558e-03
9.609301788264090066e-03
9.625570281162183772e-03
9.642220221580401554e-03
9.659200641454689443e-03
9.676634253387123713e-03
9.694392834828936475e-03
9.712283145437544327e-03
9.729906368463330998e-03
9.747805278056281136e-03
9.765528143160997696e-03
9.781038653667013458e-03
9.796934226142067076e-03
9.813129442669299082e-03
9.829564633655262645e-03
9.846072563972000161e-03
9.862811896192267072e-03
9.879351768765193623e-03
9.895512600983886325e-03
9.911937153713221843e-03
9.928639165876296593e-03
9.944648911170354821e-03
9.960591554997354907e-03
9.976649179317818167e-03
9.992802366115468085e-03
1.000920018524313095e-02
1.002592811223318274e-02
1.004250737637913705e-02
1.005878938566698820e-02
1.007539703999298444e-02
1.009225063594848884e-02
1.010713145321262031e-02
1.012150863206573610e-02
1.013609537706856162e-02
1.015087767813504203e-02
1.016593004851969531e-02
1.018113292967377445e-02
1.019657063953341436e-02
1.021218702675201484e-02
1.022794020378875630e-02
1.024398807522871289e-02
1.026017090970479315e-02
1.027661208371901704e-02
1.029333568055909760e-02
1.031039209953404229e-02
1.032762885508923222e-02
1.034495523449430014e-02
1.036258693545897419e-02
1.038040587312324264e-02
1.039851560319279312e-02
1.041715828687322931e-02
1.043608873946555958e-02
1.045526095101201834e-02
1.047469882402501246e-02
1.049455040237822975e-02
1.051475151136735398e-02
1.053525653641452543e-02
1.055607388251421017e-02
1.057731499658411990e-02
1.059820772334263243e-02
1.061861653152715822e-02
1.063898990035195419e-02
1.065955444064640989e-02
1.068040070603747983e-02
1.070167073147003378e-02
1.072327786002922473e-02
1.074537418506125996e-02
1.076784533235710696e-02
1.079084043202802046e-02
1.081424973866419725e-02
1.083806889938660444e-02
1.086243371979228600e-02
1.088719115825756076e-02
