6.454492778089604942e-03
6.462622326243054605e-03
6.471192085784184186e-03
6.480078753155206830e-03
6.489492792832549962e-03
6.499334067190794435e-03
6.509455734881812450e-03
6.519809805348164566e-03
6.530410856902394041e-03
6.541385685448590503e-03
6.552578267098904501e-03
6.564268661121803843e-03
6.576334589145766546e-03
6.588467731489307255e-03
6.600729832433301601e-03
6.613399882716168229e-03
6.626445175486705801e-03
6.639821956514010970e-03
6.653323193409521955e-03
6.667240412251830388e-03
6.681486245446435247e-03
6.695704652067329191e-03
6.709963578256920858e-03
6.724542492592443417e-03
6.739185129429826199e-03
6.754028589658369469e-03
6.768868297742185874e-03
6.783490261179208995e-03
6.797961067918444240e-03
6.812587534880589629e-03
6.827544766205412112e-03
6.842983248347757688e-03
6.858677162294869907e-03
6.874513340591983934e-03
6.890641360003014679e-03
6.906740424178989431e-03
6.922659185075161203e-03
6.938760635273717725e-03
6.954831897053637829e-03
6.970722009821336829e-03
6.986446095801021085e-03
7.002734351375922324e-03
7.019415952340886909e-03
7.036213384289149476e-03
7.053417037903530334e-03
7.071102709309019622e-03
7.089043922464490811e-03
7.107031480170685096e-03
7.124225630395607765e-03
7.141933391803256120e-03
7.159853524021059061e-03
7.178211400995089010e-03
7.197577741989552406e-03
7.217529655423800608e-03
7.238238885765574740e-03
7.259211378337134847e-03
7.280889990347171048e-03
7.302972396771287289e-03
7.325797280670500941e-03
7.349167169339771571e-03
7.373532996203791684e-03
7.399229540211306466e-03
7.426130713759126860e-03
7.453528195861578755e-03
7.480533061489593946e-03
7.508138044569225185e-03
7.536732698437810171e-03
7.565841294381928789e-03
7.595156722646033767e-03
7.624958776885757371e-03
7.655566297165274092e-03
7.686642675639486673e-03
7.717418144633936966e-03
7.748407442269796865e-03
7.780145121121609733e-03
7.810515336284976941e-03
7.841043222928658837e-03
7.870289227661537990e-03
7.899050213310391394e-03
7.927723453692362560e-03
7.956482226165196778e-03
7.985345779598711571e-03
8.014120284280256898e-03
8.042835966686427002e-03
8.071119736718552345e-03
8.099208782147412911e-03
8.127043434965213614e-03
8.154382635532454737e-03
8.180689919919329617e-03
8.206178114045751745e-03
8.231286878251869651e-03
8.255422447593691385e-03
8.279188718889569226e-03
8.302994634421093090e-03
8.326495201434830351e-03
8.349842224671033195e-03
8.373049206776325692e-03
8.396509286464914207e-03
8.420385967070710687e-03
8.444813120106644047e-03
8.468901225359455956e-03
8.492971681762464392e-03
8.516142498763843577e-03
8.539341560585046037e-03
8.562204409941058872e-03
8.583467411069394676e-03
8.604526943778435105e-03
8.625742514647058087e-03
8.647043933170454194e-03
8.667894547771932620e-03
8.688764354684875083e-03
8.710003991926599035e-03
8.730560117743112192e-03
8.750788734738173744e-03
8.771167701285144391e-03
8.791734191552432603e-03
8.811625403599591261e-03
8.830707826407140776e-03
8.849469148930628679e-03
8.868459890644057181e-03
8.887036372004740448e-03
8.905082356077819936e-03
8.922527387538523383e-03
8.939492224290057285e-03
8.956670831538898411e-03
8.973502916844379451e-03
8.989858030209785938e-03
9.004962494562561079e-03
9.019627327118653892e-03
9.034140169930529249e-03
9.048748276570475410e-03
9.063071152552514692e-03
9.076810425065549859e-03
9.090522590797444138e-03
9.103750104281748898e-03
9.116622094586860486e-03
9.129103321100109567e-03
9.141379163081555029e-03
9.153713830509873500e-03
9.166094257876377868e-03
9.178603498747370248e-03
9.190971147097050722e-03
9.203441049253233142e-03
9.216150739278792040e-03
9.228543317705803148e-03
9.240665966360084305e-03
9.252531743878741194e-03
9.264302926755098311e-03
9.276001801095522248e-03
9.287713343450390915e-03
9.299070230030376250e-03
9.309983449084300103e-03
9.320577994049035822e-03
9.330243859275260537e-03
9.339762460287148391e-03
9.349070503527750001e-03
9.358177706462543488e-03
9.366490309961939681e-03
9.373929176729318274e-03
9.381241401410191777e-03
9.388740275006912661e-03
9.396218342528999540e-03
9.403599367542024925e-03
9.410849290287209845e-03
9.417572944406876409e-03
9.424264637241327319e-03
9.431015101078625562e-03
9.437545719945530584e-03
9.443534036157451989e-03
9.449513570495384970e-03
9.455480601736692206e-03
9.461226431664242209e-03
9.467048451510940224e-03
9.472855856044301928e-03
9.478743094546363337e-03
9.484516718412643738e-03
9.490131355156118664e-03
9.495464474006995448e-03
9.500394938596806726e-03
9.505200531852362605e-03
9.510051461651316401e-03
9.514727419984774989e-03
9.518923501287307118e-03
9.522868163256807683e-03
9.526541829302150738e-03
9.530035096394209523e-03
9.533626894484385772e-03
9.537047875769567862e-03
9.540469579098802971e-03
9.543918763445772072e-03
9.547525673717081537e-03
9.551067129585116833e-03
9.554707831095160531e-03
9.558242142638598629e-03
9.561716566812398718e-03
9.565106042450704713e-03
9.568078020166854991e-03
9.570943527571819723e-03
9.573738809585509782e-03
9.575807363247462040e-03
9.577673907378536980e-03
9.579360365477324057e-03
9.581088478011996062e-03
9.582608816292201639e-03
9.583754294250072109e-03
9.584339284191657066e-03
9.584665219950813664e-03
9.585129556648572247e-03
9.585456319111167189e-03
9.585281352931499313e-03
9.584684609423646529e-03
9.583717787153112067e-03
9.582331659207380878e-03
9.580960366465416517e-03
9.579569585934224335e-03
9.578073496916755455e-03
9.576628805172618039e-03
9.575032365775169516e-03
9.573183172901801249e-03
9.570860448104966806e-03
9.568571727037138500e-03
9.566025238357320562e-03
9.563539474322235376e-03
9.561035028058051388e-03
9.558471359381341334e-03
9.555822630109591515e-03
9.553178363133510084e-03
9.550457922095760901e-03
9.547679289381872519e-03
9.544759988109337290e-03
9.541802698650944659e-03
9.538720350740000076e-03
9.535470766643683316e-03
9.532101200603647698e-03
9.528635539274856250e-03
9.524742093803382700e-03
9.520472929591171710e-03
9.515849927850190612e-03
9.511204217136639064e-03
9.506272474433710706e-03
9.501360930992406792e-03
9.496463573655238022e-03
9.491440495022733168e-03
9.486298416553280363e-03
9.480758893534451878e-03
9.474998212545653054e-03
9.469272535364442814e-03
9.463506413144704213e-03
9.457241778180221561e-03
9.450948848180550782e-03
9.444593642674328077e-03
9.438425548065284415e-03
9.432154345988581420e-03
9.425798152032595703e-03
9.419342890038408245e-03
9.412834229556554452e-03
9.406191091277348038e-03
9.398975596184544826e-03
9.391685577265452764e-03
9.384477757194335454e-03
9.377342211301273669e-03
9.370120466245905611e-03
9.362712247764165552e-03
9.355315198236163060e-03
9.348000172066656469e-03
9.340589357186396616e-03
9.333153208391575112e-03
9.325377992784650641e-03
9.317151510217312055e-03
9.308850872774455595e-03
9.300391814849512384e-03
9.291714766222499908e-03
9.283028729574224411e-03
9.274322260030743240e-03
9.265513652440385967e-03
9.256645403799956123e-03
9.247630241924143651e-03
9.238514173599285742e-03
9.229373584320153812e-03
9.220171547295071338e-03
9.210807164532323205e-03
9.201531031832991744e-03
9.192125224039275622e-03
9.182764894449135795e-03
9.173370310581761833e-03
9.163835377419729533e-03
9.154275758385600759e-03
9.144638078249349780e-03
9.135015117028659135e-03
9.125371351847665763e-03
9.115735226801896518e-03
9.106044222179567049e-03
9.096224720145242026e-03
9.086294392277781407e-03
9.076351590914331219e-03
9.066317335218765025e-03
9.056341862154867334e-03
9.046335796835102208e-03
9.036339617070130240e-03
9.026244878820737644e-03
9.016179166107907844e-03
9.005973648540664331e-03
8.995727297955143434e-03
8.985482322741968064e-03
8.975253141581686356e-03
8.964891613869744105e-03
8.954478056699487210e-03
8.943986848607331230e-03
8.933406931641917764e-03
8.922791741291709669e-03
8.912180407481325173e-03
8.901436531543658465e-03
8.890733641913266955e-03
8.879960330258814330e-03
8.869194769741966730e-03
8.858482527368205517e-03
8.847656157633384394e-03
8.836706452625811559e-03
8.825732808104998911e-03
8.814912271809527411e-03
8.804001505379615428e-03
8.793163531138863467e-03
8.782234317170595217e-03
8.771161772700899334e-03
8.759949005796406271e-03
8.748744711016403011e-03
8.737529948183405878e-03
8.726314371332956343e-03
8.715130948171848080e-03
8.703997379879577223e-03
8.692781262817545623e-03
8.681397274213664347e-03
8.670019800920891404e-03
8.658706717465713965e-03
8.647313219657965649e-03
8.635784314804370587e-03
8.624315493953199976e-03
8.612811939928815066e-03
8.601337737047975301e-03
8.589807649226162065e-03
8.578223050778552641e-03
8.566759962936007153e-03
8.555292654360117238e-03
8.543831965754722715e-03
8.532374653207421000e-03
8.520973661681871883e-03
8.509521800408583955e-03
8.498110755767505561e-03
8.486637570408479131e-03
8.475244767158477202e-03
8.463819605657604828e-03
8.452462076849564035e-03
8.441119967857823800e-03
8.429814383406274494e-03
8.418580462091110328e-03
8.407336369257879111e-03
8.396094662975811182e-03
8.384900077732543311e-03
8.373673119438086038e-03
8.362589672948948435e-03
8.351450621139115682e-03
8.340270892242923964e-03
8.329008387814966496e-03
8.317128606553227804e-03
8.305150564399161814e-03
8.293082913723980390e-03
8.281041078502257916e-03
8.269010176486358762e-03
8.256954613970336754e-03
8.244883397475850570e-03
8.232934585948458936e-03
8.220989707076808289e-03
8.209064420653772523e-03
8.197146834624394543e-03
8.185139442383949915e-03
8.173196333735966573e-03
8.161279692812564712e-03
8.149391794633951275e-03
8.137591885927454236e-03
8.125834420302322642e-03
8.114091168796213477e-03
8.102335444322695396e-03
8.090574658669243829e-03
8.078777179329116320e-03
8.067117584502233457e-03
8.055073061437170723e-03
8.042697328942747734e-03
8.030328475952955639e-03
8.017993343900391839e-03
8.005714430853105509e-03
7.993427961186671052e-03
7.981176723675577345e-03
7.969026582903321679e-03
7.956840486345926819e-03
7.944609791146667321e-03
7.932404478491583699e-03
7.920186581338129611e-03
7.907887973825758476e-03
7.895520713984407676e-03
7.883054075033899682e-03
7.870553334830866776e-03
7.858050465496474804e-03
7.845459228224705567e-03
7.832859131641575420e-03
7.820146069786584539e-03
7.807495046104485914e-03
7.794799618034688356e-03
7.782090769248592964e-03
7.769320759472697971e-03
7.756547811569525913e-03
7.743732630960929036e-03
7.730933848311029657e-03
7.718133181527878951e-03
7.705411232082347815e-03
7.692582698680337436e-03
7.679765923073259178e-03
7.666970293155236579e-03
7.654200597621793091e-03
7.641479516902028625e-03
7.628736682887325357e-03
7.616010630053821062e-03
7.603349424810583110e-03
7.590795844038988882e-03
7.578166633645973260e-03
7.565590024637820071e-03
7.552968531553113339e-03
7.540308987909783399e-03
7.527640761501733571e-03
7.514893610551622201e-03
7.502140360020741541e-03
7.489402716424457991e-03
7.476602537523196687e-03
7.463797268369947238e-03
7.450961454797571867e-03
7.438112146507311687e-03
7.425279130987780425e-03
7.412444768903666235e-03
7.399641832914724375e-03
7.386902883719021450e-03
7.374127771269443563e-03
7.361335705849269759e-03
7.348555549134405153e-03
7.335799629260583363e-03
7.323002950105780839e-03
7.310292537243296210e-03
7.297628303220838643e-03
7.284980966139205025e-03
7.272305100388803782e-03
7.259586184744028399e-03
7.246843490539465159e-03
7.234028417497459333e-03
7.221234472436987087e-03
7.208533339902034945e-03
7.195952361100197738e-03
7.183448861959445056e-03
7.170913136713512152e-03
7.158370230274335895e-03
7.145855457388314291e-03
7.133253098867403837e-03
7.120637356895280663e-03
7.108033028742857633e-03
7.095442357715372496e-03
7.082890269132911809e-03
7.070319843089457879e-03
7.057770862705777144e-03
7.045237133784786401e-03
7.032663884316515610e-03
7.020098420608020424e-03
7.007512327239389695e-03
6.994910422242487519e-03
6.982388691357294293e-03
6.969866049327566246e-03
6.957352513060913179e-03
6.944905007617036691e-03
6.932466692905914045e-03
6.920042436249753716e-03
6.907642782742487442e-03
6.895269770202805057e-03
6.882927502282970046e-03
6.870644956022077011e-03
6.858469813153088984e-03
6.846330995416445749e-03
6.834149950920931707e-03
6.822004928151259411e-03
6.809829674279890485e-03
6.797782261188583391e-03
6.785780154643601680e-03
6.773791816490229087e-03
6.761788622914799082e-03
6.749840605979443714e-03
6.737990216826412852e-03
6.726192208903524448e-03
6.714477532449319823e-03
6.702726915010292358e-03
6.690962110013526018e-03
6.679208763237413221e-03
6.667529359639422573e-03
6.655806561378952227e-03
6.644089263947128635e-03
6.632415635644382627e-03
