1.099167144254516518e-02
1.105720496176531079e-02
1.112122997080648712e-02
1.118448256239028271e-02
1.124622875178315010e-02
1.130662491913722416e-02
1.136589595897329746e-02
1.142388767630036182e-02
1.148046267713041281e-02
1.153480556758483370e-02
1.158807026972743376e-02
1.163970053742034716e-02
1.168955527501050647e-02
1.173724117886713707e-02
1.178357183987305962e-02
1.182741897169970781e-02
1.186993293957749711e-02
1.191045086689714733e-02
1.194997570878636277e-02
1.198846314410937502e-02
1.202588682354422192e-02
1.206159547023026579e-02
1.209489887242941319e-02
1.212651189233673182e-02
1.215600880781224184e-02
1.218496359770971857e-02
1.221297128253381881e-02
1.223940823823094909e-02
1.226343321265391771e-02
1.228641884748353161e-02
1.230648940019747443e-02
1.232435374890539746e-02
1.233975009290968171e-02
1.235329918817386526e-02
1.236519759348276952e-02
1.237546697650086097e-02
1.238415789194038941e-02
1.238943710696169612e-02
1.239291465187706068e-02
1.239461825930952311e-02
1.239499697934197397e-02
1.239271021720912691e-02
1.238816538230126836e-02
1.237973694731678807e-02
1.237053152633414005e-02
1.235949826828463931e-02
1.234766612505325614e-02
1.233434894018882802e-02
1.231874234604909447e-02
1.230166633095401349e-02
1.228279932418189016e-02
1.226294785739279886e-02
1.224211396774469406e-02
1.221988955657537027e-02
1.219650825957871096e-02
1.217060650872554828e-02
1.214413007106780566e-02
1.211640434920209161e-02
1.208714753451618946e-02
1.205738304780507551e-02
1.202683327106064681e-02
1.199605405345511439e-02
1.196503427783588737e-02
1.193349129408699180e-02
1.190067082095409845e-02
1.186592424721942367e-02
1.183072690233639805e-02
1.179520213003470465e-02
1.175899010288687305e-02
1.172216040352731803e-02
1.168380677681545715e-02
1.164445428726360553e-02
1.160453375942111821e-02
1.156514442765095400e-02
1.152578553590472357e-02
1.148745345634045664e-02
1.144893121172842199e-02
1.141020353871286842e-02
1.137237501668561350e-02
1.133495804073731891e-02
1.129752905538873586e-02
1.125864701717852606e-02
1.122090238969247582e-02
1.118291829941620713e-02
1.114420011128968227e-02
1.110623915813794757e-02
1.106800161031432951e-02
1.103091059866762383e-02
1.099442630276920886e-02
1.095828236553808219e-02
1.092359933379405228e-02
1.088977971661514096e-02
1.085733459855685139e-02
1.082570394830018566e-02
1.079381710666613842e-02
1.076203799019840798e-02
1.073068011401744071e-02
1.069929681934875081e-02
1.066830721100475374e-02
1.063725808212774571e-02
1.060569502703431928e-02
1.057455190345674492e-02
1.054341329397593362e-02
1.051281732544134817e-02
1.048229633319965222e-02
1.045204297509490579e-02
1.042294295074135645e-02
1.039447722358447131e-02
1.036627709023508516e-02
1.033868009307154466e-02
1.031178293736680594e-02
1.028503125398038016e-02
1.025878224434059391e-02
1.023321482948276115e-02
1.020800842396345047e-02
1.018325906281267700e-02
1.015814896295775573e-02
1.013342047871163866e-02
1.010870268663757385e-02
1.008408061455819994e-02
1.005910321646213100e-02
1.003416200514175433e-02
1.001010946618506071e-02
9.986565303325811715e-03
9.962662158771506959e-03
9.939284283819628876e-03
9.916372692862917768e-03
9.893985574405834635e-03
9.871899175137763618e-03
9.849581928978449336e-03
9.827883469283312662e-03
9.806257725661189639e-03
9.784635035133083802e-03
9.763046370534348914e-03
9.741153844850683127e-03
9.719545772807364550e-03
9.697773117007490312e-03
9.676295822681781761e-03
9.654588637142457255e-03
9.632753356971609365e-03
9.610768591482138010e-03
9.588589624686951265e-03
9.566404729307536811e-03
9.544185029924929023e-03
9.521648350033306771e-03
9.499675627773420880e-03
9.477973447912825533e-03
9.456457848251725515e-03
9.435364705674900362e-03
9.414344822554163508e-03
9.393359520374695154e-03
9.372627032985943532e-03
9.352284039203438010e-03
9.331860385806215949e-03
9.311430999400387848e-03
9.291096354053979267e-03
9.270995510376439652e-03
9.251165140382433538e-03
9.231214012485597364e-03
9.211740899949687200e-03
9.192323272746006843e-03
9.173213012188116341e-03
9.154174390451576618e-03
9.135624998487778745e-03
9.117572639235413737e-03
9.099756562819388828e-03
9.081832293969886380e-03
9.064255558770044352e-03
9.046880767556173333e-03
9.029670229206051765e-03
9.012723296135088935e-03
8.996101392831397023e-03
8.979896042342561113e-03
8.963828673097175292e-03
8.947874557993769004e-03
8.931984700582061565e-03
8.916187862107146853e-03
8.900748582382501592e-03
8.885765018169337892e-03
8.871171084993939582e-03
8.856492629321019439e-03
8.842313747785438688e-03
8.828312085248687935e-03
8.814559762599592438e-03
8.800825141129935830e-03
8.786756927909476420e-03
8.773219714128553670e-03
8.760101305982204156e-03
8.747020057203824459e-03
8.733795319349643010e-03
8.720585413527682031e-03
8.707223876341098692e-03
8.694153108301667585e-03
8.681015185937016043e-03
8.667853622179878467e-03
8.654858231099068350e-03
8.641815708407956168e-03
8.628693382406196766e-03
8.615719840822320605e-03
8.602837966060537453e-03
8.589979726348249967e-03
8.577226449428777474e-03
8.564585617919662913e-03
8.551892996928971841e-03
8.539452723990417424e-03
8.527243606106856000e-03
8.515251058622795577e-03
8.502911906208983003e-03
8.490640217341305362e-03
8.478303859544540980e-03
8.465832264906009846e-03
8.453462923545073879e-03
8.441067234447924630e-03
8.428773398491221439e-03
8.416495208055605262e-03
8.404467829082048341e-03
8.392355897481751023e-03
8.380543512673905779e-03
8.368545180908713160e-03
8.356510092027029379e-03
8.344644868500830301e-03
8.333150581625953235e-03
8.321743212257077735e-03
8.310393599011966018e-03
8.299154185229067754e-03
8.287869336057939948e-03
8.276832932412438518e-03
8.265859003020407242e-03
8.254832465372107311e-03
8.243709396883161858e-03
8.232529689165823950e-03
8.221388546846593662e-03
8.210328934717887536e-03
8.199324469628442927e-03
8.188336204014818112e-03
8.177224348880525462e-03
8.166096616705897579e-03
8.155112862546122152e-03
8.144093962390108396e-03
8.133009498414394897e-03
8.121662896505262366e-03
8.110370949260552534e-03
8.099224472748410217e-03
8.088053832075430688e-03
8.076972258654536996e-03
8.065803925245302111e-03
8.054707498384584829e-03
8.043490844846712048e-03
8.032257964346716309e-03
8.020761555212061605e-03
8.009095692487890744e-03
7.997388684881747908e-03
7.985854849709121336e-03
7.974202606712613856e-03
7.962669550935266502e-03
7.951162413684931263e-03
7.939864885927740493e-03
7.928596645619779421e-03
7.917379645331618435e-03
7.906108568119988786e-03
7.894879914167735047e-03
7.883499877549045992e-03
7.872305184246194271e-03
7.861007958838343510e-03
7.849887110396986528e-03
7.838526636890504051e-03
7.827200376431692544e-03
7.815928925776344238e-03
7.804949358784895284e-03
7.794138331199080248e-03
7.783533005558364130e-03
7.772851346752814722e-03
7.762162529615248760e-03
7.751410729991890097e-03
7.740499114428462876e-03
7.729405925665728053e-03
7.718072486920900602e-03
7.706730461349150900e-03
7.695350488160392424e-03
7.683689708684470973e-03
7.671683314842889061e-03
7.659376452096230969e-03
7.647248103376163252e-03
7.635378738932629451e-03
7.623422631811840183e-03
7.611236482699203047e-03
7.599124228663423769e-03
7.586967568390046851e-03
7.574697733129959545e-03
7.562360537793813564e-03
7.549808993030773796e-03
7.537128557722720147e-03
7.524499388467166885e-03
7.511909930312852569e-03
7.499095554512250246e-03
7.486273320139621296e-03
7.473416306739332805e-03
7.460505587084237215e-03
7.447363212070568818e-03
7.434225759351698742e-03
7.421119627407785774e-03
7.407973054521988475e-03
7.394907645122424274e-03
7.381815794890008754e-03
7.368926738802860504e-03
7.356078334297824935e-03
7.343366602529621291e-03
7.330705935159595454e-03
7.318037339973200960e-03
7.305282780513737591e-03
7.292463966930507781e-03
7.279481626029440065e-03
7.266484062473490928e-03
7.253599782528008869e-03
7.240764326450533500e-03
7.227963765424632973e-03
7.214701557329746169e-03
7.201297899299196476e-03
7.187759183286072245e-03
7.174034297517966133e-03
7.160378217499764955e-03
7.146559980382384027e-03
7.132495101263749970e-03
7.118437491083074407e-03
7.104492083098612638e-03
7.090429856276119110e-03
7.076509719569081328e-03
7.062620238547745281e-03
7.048863963553214478e-03
7.035056631230300270e-03
7.021060536057533406e-03
7.007089650284971036e-03
6.993017700413876880e-03
6.978847052083353084e-03
6.964670501366485716e-03
6.950567597160432591e-03
6.936583838778900141e-03
6.922567017413636635e-03
6.908519076068791141e-03
6.894280961020636360e-03
6.880095513066620573e-03
6.866045279324421539e-03
6.852085772352915945e-03
6.838163244436585957e-03
6.824232207956618459e-03
6.810413475788446372e-03
6.796781547410276833e-03
6.783293478479241606e-03
6.769907961375949690e-03
6.756611682323047062e-03
6.743424863311149597e-03
6.730177571293144249e-03
6.716962034743342684e-03
6.703642650413016955e-03
6.690352469454223863e-03
6.676909803436614950e-03
6.663514999530681902e-03
6.650226576621628451e-03
6.636980585462311233e-03
6.623769298701375104e-03
6.610547901771040256e-03
6.597354315611405652e-03
6.584384246964920286e-03
6.571307111072471722e-03
6.558405250596565858e-03
6.545487626097923513e-03
6.532550661069970281e-03
6.519608959131101451e-03
6.506814196278150504e-03
6.494086175819267608e-03
6.481416655067944593e-03
6.468805222951975673e-03
6.456209639927530317e-03
6.443658037532451650e-03
6.431100370905596525e-03
6.418623096513172491e-03
6.406188554303711598e-03
6.393679486170388872e-03
6.381079139425972074e-03
6.368544753896379640e-03
6.355976654152578620e-03
6.343443522925096278e-03
6.331061605886554276e-03
6.318635008391590771e-03
6.306215542188331989e-03
6.293856390325503272e-03
6.281421501051905401e-03
6.269095966441385823e-03
6.256667017554277087e-03
6.244133184864436928e-03
6.231622261380852755e-03
6.219144002767330870e-03
6.206661815066015150e-03
6.194205332286464340e-03
6.181842679306175439e-03
6.169514486675955686e-03
6.157235611238379841e-03
6.145070246090684161e-03
6.132888692798660855e-03
6.120853561324769536e-03
6.108909153780439812e-03
6.097045808804330523e-03
6.085250051219644359e-03
6.073496745264362652e-03
6.061782127825676193e-03
6.050101506806578912e-03
6.038487508800307810e-03
6.026940440232071011e-03
6.015338516860634435e-03
6.003704702398220648e-03
5.992161172547021998e-03
5.980664334905190505e-03
5.969237929949701080e-03
5.957909812319494604e-03
5.946652888369621977e-03
5.935454672958793455e-03
5.924249186809522200e-03
5.913145453167623945e-03
5.902067952307577837e-03
5.891032703999454258e-03
5.880083860389464893e-03
5.869181950113431731e-03
5.858308322200963397e-03
5.847465745767054489e-03
5.836639750584057817e-03
5.825924985207347681e-03
5.815222528317916424e-03
5.804621507884664272e-03
5.794129970349492890e-03
5.783687807122809589e-03
5.773329120256100871e-03
5.763030916711123393e-03
5.752838524988826419e-03
5.742585027887546142e-03
5.732439372709494108e-03
5.722269492380209835e-03
5.712142393564493409e-03
5.702160910818889449e-03
5.692187063449176930e-03
5.682260291632120972e-03
5.672422947754679305e-03
5.662570842681301057e-03
5.652741884014657672e-03
5.642939491796701915e-03
5.633168280395930462e-03
5.623465783320896229e-03
5.613770425573159743e-03
5.604116266384871758e-03
5.594467341170929718e-03
5.584894151716451871e-03
5.575351297613100054e-03
5.565843811871050428e-03
5.556323259014997115e-03
5.546872705254629436e-03
5.537469906438882011e-03
5.528154080228727708e-03
5.518930495688871909e-03
5.509807795367325199e-03
5.500700623104834083e-03
5.491583870094003325e-03
5.482514421167345754e-03
5.473447785676108582e-03
5.464416642666077191e-03
5.455425087243392056e-03
5.446508966435113439e-03
5.437665631164087521e-03
5.428880194681517078e-03
5.420149249667572180e-03
5.411458366674973437e-03
5.402811653587728628e-03
5.394212854838615484e-03
5.385643926226890178e-03
5.377123069024966444e-03
5.368733104192524065e-03
5.360388619907036079e-03
5.352111021648690327e-03
5.343875322717870323e-03
5.335687256661056539e-03
5.327581258791871249e-03
5.319589821889524756e-03
5.311612127757965075e-03
5.303659661636439711e-03
5.295749628814265184e-03
5.287941019994571966e-03
5.280213407146833356e-03
5.272497486312277895e-03
5.264822213512550253e-03
5.257150266424429758e-03
5.249561283451066249e-03
5.242025927931352400e-03
5.234513771602318163e-03
5.227039211351786931e-03
5.219616779098793999e-03
5.212253101695716109e-03
5.204950902363760824e-03
5.197678852644939743e-03
5.190456821602800960e-03
5.183305531929013020e-03
5.176259122739860705e-03
5.169242024017031527e-03
