2.152497154426279494e-02
2.132299212841685943e-02
2.112182624795266861e-02
2.092064302151665223e-02
2.072231317573122733e-02
2.052593330134526092e-02
2.032951730149919894e-02
2.013399848842802736e-02
1.994042013226664939e-02
1.974972138926103793e-02
1.955995937102071244e-02
1.937230089650037942e-02
1.918554320734636859e-02
1.900111115124446942e-02
1.881849865037501027e-02
1.863635068072035453e-02
1.845430922260601209e-02
1.827417602436843397e-02
1.809535196916498695e-02
1.791736655491001778e-02
1.773993795819095443e-02
1.756279838629598231e-02
1.738710292787121192e-02
1.721211305977143197e-02
1.703806697830259620e-02
1.686556397368248542e-02
1.669554017443502722e-02
1.652742958259895492e-02
1.636000384795772283e-02
1.619405292264469373e-02
1.602912974404808663e-02
1.586493633103754075e-02
1.570166737544360577e-02
1.554021408894166317e-02
1.537946116190972053e-02
1.521908809136321428e-02
1.506083466728188117e-02
1.490540823065680462e-02
1.475182175678733422e-02
1.459940573429329737e-02
1.444935437963097875e-02
1.430194147329769301e-02
1.415870040004868664e-02
1.401770445035457370e-02
1.387784746541808820e-02
1.373924823258555229e-02
1.360293332934832400e-02
1.346907097399803639e-02
1.333822871852926792e-02
1.320938005099491636e-02
1.308211971756513201e-02
1.295714572023081226e-02
1.283536076417085559e-02
1.271535289911878905e-02
1.259739558419360750e-02
1.248162936532232897e-02
1.236837231823749265e-02
1.225824912627262141e-02
1.215175108384478932e-02
1.204787340587262952e-02
1.194614098948615366e-02
1.184663402068993933e-02
1.174952973328315976e-02
1.165460413503575758e-02
1.156083653052531954e-02
1.146868948041012033e-02
1.137779133180914781e-02
1.128836845557487298e-02
1.120174580782325353e-02
1.111761760131373990e-02
1.103522460725726850e-02
1.095485849550605420e-02
1.087598166567898920e-02
1.079812798601267367e-02
1.072255080234517551e-02
1.064845402886879615e-02
1.057534471564526221e-02
1.050474503513233390e-02
1.043568574838204220e-02
1.036954473744486002e-02
1.030461744132478950e-02
1.024125395306925597e-02
1.017890327589570341e-02
1.011810464667746087e-02
1.005804428582754775e-02
9.999069921514128212e-03
9.941358874223945805e-03
9.884586077188889722e-03
9.828948676977838916e-03
9.773950070088490566e-03
9.719423363914776390e-03
9.665324293879269321e-03
9.611898082209966929e-03
9.559148462815480335e-03
9.507308534349639961e-03
9.456473990378010466e-03
9.406827183495208161e-03
9.357938447805224866e-03
9.310036164889351137e-03
9.263493886297867810e-03
9.217985984964940926e-03
9.173198222668866447e-03
9.128929647044899467e-03
9.085417609723752536e-03
9.043166651406440992e-03
9.001691461232728259e-03
8.960996855648719131e-03
8.920933242562050988e-03
8.881406083889068978e-03
8.842524046730583856e-03
8.804468647463283698e-03
8.768012451019244896e-03
8.732822634206950305e-03
8.698258924730138328e-03
8.664393332475262000e-03
8.631525065941851940e-03
8.599051845248045084e-03
8.566720986691620660e-03
8.534751825688519436e-03
8.503547874916984536e-03
8.472869712816221907e-03
8.443050160463417414e-03
8.414133451778195438e-03
8.385993463742707002e-03
8.358123832045415494e-03
8.330439850241988173e-03
8.303282333695264500e-03
8.276408481086284380e-03
8.250012856328566360e-03
8.223940858479519139e-03
8.198371654894053354e-03
8.173307597765442495e-03
8.148519946076128798e-03
8.124429907340798701e-03
8.100517627815903218e-03
8.076800687106847412e-03
8.053224994282716376e-03
8.030088047349228167e-03
8.007165314921913316e-03
7.984679801838230964e-03
7.962912719411924939e-03
7.941490186257066028e-03
7.920236684354122619e-03
7.899251094622699795e-03
7.878505403233719909e-03
7.858299318726003069e-03
7.838547079604029494e-03
7.819253673574715069e-03
7.800194301790712957e-03
7.781209760410771545e-03
7.762531059129654763e-03
7.744125668964360609e-03
7.726137096962524056e-03
7.708409505297901011e-03
7.690873389566315818e-03
7.673751461770378368e-03
7.656640845645488677e-03
7.640208483659609653e-03
7.624312253651933935e-03
7.609261691571940316e-03
7.594844710987643660e-03
7.580899783350813353e-03
7.567279459443596555e-03
7.553688625168517023e-03
7.540190862688518278e-03
7.526690306120053728e-03
7.513261610377707823e-03
7.499956879978389099e-03
7.486903296162632226e-03
7.473981066219711339e-03
7.461172549228618604e-03
7.448859542630682957e-03
7.436836665594801984e-03
7.425070238941889472e-03
7.413388254441929254e-03
7.401781191262264345e-03
7.390438201686120104e-03
7.379160740514639251e-03
7.368149072954978049e-03
7.357272996387550362e-03
7.346512088488870232e-03
7.335887449225522369e-03
7.325503410262522441e-03
7.315260183632253145e-03
7.305142511264784561e-03
7.295062343958415296e-03
7.285106200139176459e-03
7.275663024744465947e-03
7.266436460450160020e-03
7.257471172499413772e-03
7.248832495835599334e-03
7.240260252510130959e-03
7.231799473545434329e-03
7.223569642959903198e-03
7.215759365425025718e-03
7.208477373585874502e-03
7.201320463456537674e-03
7.194258000494621087e-03
7.187319013408096854e-03
7.180402886468744555e-03
7.173800166818997993e-03
7.167601368970549433e-03
7.161616768713626596e-03
7.156090762629955214e-03
7.150853217901150666e-03
7.145618424974191536e-03
7.140370005183698139e-03
7.135151003138088047e-03
7.130244568992662006e-03
7.125659452906417564e-03
7.121313293228141196e-03
7.117441415002244767e-03
7.113631371444689711e-03
7.109937691152918085e-03
7.106298193765465086e-03
7.102738906697395049e-03
7.099485680675743197e-03
7.096243720867021799e-03
7.093181441138483000e-03
7.090129730950796988e-03
7.087116070264451451e-03
7.084190108858023048e-03
7.081210375784662177e-03
7.078305669748147580e-03
7.075389379291881393e-03
7.072581166038065768e-03
7.069840953899060414e-03
7.067097481461595034e-03
7.064358373003390944e-03
7.061657026497506276e-03
7.058947766050550562e-03
7.056260974599524310e-03
7.053608344395062221e-03
7.051144102143157288e-03
7.048770763439854078e-03
7.046390092236515766e-03
7.043986842092033601e-03
7.041615651549064901e-03
7.039127820762946380e-03
7.036658264139979309e-03
7.034342867621579468e-03
7.031864026971029226e-03
7.029305735045939495e-03
7.026833758571101457e-03
7.024393591149548019e-03
7.021955411199170063e-03
7.019553835604869577e-03
7.017127422963877204e-03
7.014748643029651565e-03
7.012368336548416466e-03
7.010005725960795527e-03
7.007656851124755872e-03
7.005355342589772091e-03
7.002964512025800642e-03
7.000512752784337871e-03
6.998052540447389364e-03
6.995505474562939245e-03
6.992915881024013014e-03
6.990282127567048510e-03
6.987690931365195431e-03
6.985042414591765766e-03
6.982305349634508260e-03
6.979546383379204785e-03
6.976756945384996605e-03
6.973895863283602510e-03
6.971004651964931090e-03
6.968119732895425820e-03
6.965352759668485411e-03
6.962549232829413036e-03
6.959726770041573321e-03
6.956908258938441364e-03
6.953986514565265939e-03
6.951061829157618131e-03
6.948038861186047951e-03
6.944937189355959717e-03
6.941845793174710247e-03
6.938781305027402410e-03
6.935666917610457290e-03
6.932616678997173543e-03
6.929606323010238829e-03
6.926611458726812665e-03
6.923589143026367618e-03
6.920477937677633855e-03
6.917293465472641040e-03
6.914014147548828634e-03
6.910656560261524070e-03
6.907086452047206740e-03
6.903448834300045245e-03
6.899767542930985119e-03
6.895977746207439772e-03
6.892047713306371538e-03
6.888054781171286736e-03
6.884065646374742768e-03
6.880149809092257936e-03
6.876217935666022532e-03
6.872279743561483453e-03
6.868322929486336478e-03
6.864287488725752742e-03
6.860125654312946610e-03
6.855902097291343908e-03
6.851602735159073414e-03
6.847282783671165829e-03
6.842975000158375322e-03
6.838696296097501563e-03
6.834363118411792073e-03
6.829923713563289950e-03
6.825417884890930785e-03
6.820873219128919737e-03
6.816283473714869652e-03
6.811696189382147014e-03
6.807088897134821494e-03
6.802418315559401706e-03
6.797676391168967769e-03
6.792839960409844703e-03
6.787997402319376206e-03
6.783199447099297862e-03
6.778256898065430046e-03
6.773272237900299607e-03
6.768306789604136391e-03
6.763309005786258959e-03
6.758213483844702912e-03
6.753063774770166547e-03
6.747871993679491025e-03
6.742610805443866560e-03
6.737383680138412170e-03
6.732210184839710135e-03
6.727081896052908294e-03
6.721947515878390171e-03
6.716754304442767998e-03
6.711556518651948244e-03
6.706390834749261474e-03
6.701101671799687166e-03
6.695655605929608581e-03
6.690124656011389725e-03
6.684568497452800413e-03
6.679021274057173919e-03
6.673529584623397529e-03
6.668045886832357598e-03
6.662650787969091014e-03
6.657231603175233284e-03
6.651714649599896854e-03
6.646228977023669118e-03
6.640716927639172575e-03
6.635105884218360506e-03
6.629488477189709843e-03
6.623855616515511059e-03
6.618227571758830349e-03
6.612578749471050357e-03
6.606852680098835619e-03
6.601067772065359086e-03
6.595248194817287038e-03
6.589388566324965064e-03
6.583510781014863776e-03
6.577609397127475756e-03
6.571611298981212823e-03
6.565609741789373878e-03
6.559481947934390524e-03
6.553273119170920612e-03
6.547009935713735129e-03
6.540734301489656462e-03
6.534493334365841163e-03
6.528241750657307746e-03
6.521986703145952503e-03
6.515654147958862240e-03
6.509291213006267521e-03
6.502895197758851685e-03
6.496411813595744274e-03
6.489957959237064970e-03
6.483453309660970609e-03
6.476966932662280539e-03
6.470426258056813373e-03
6.463924011946525598e-03
6.457422306576399672e-03
6.450956626235647418e-03
6.444564747148323093e-03
6.438136157459786214e-03
6.431782741225519802e-03
6.425456542246109522e-03
6.419212938551492262e-03
6.413079098766909063e-03
6.407001860152768298e-03
6.400917742562598108e-03
6.394894741296799044e-03
6.388958846769643256e-03
6.383096256628121960e-03
6.376733981875393371e-03
6.370058598482317147e-03
6.363425904490043437e-03
6.356843769438689888e-03
6.350298605579848300e-03
6.343741248902499269e-03
6.337219585304551192e-03
6.330611747387947415e-03
6.323980585228508762e-03
6.317356501320799643e-03
6.310807038498377972e-03
6.304328563811938645e-03
6.297842934229270009e-03
6.291397758142330821e-03
6.285017382601595752e-03
6.278693581802163859e-03
6.272463338565368272e-03
6.266278687177305635e-03
6.260146924194383636e-03
6.254012603928072248e-03
6.247949332584761852e-03
6.241982967375866997e-03
6.236105516658651225e-03
6.230320580081705889e-03
6.224621378042560424e-03
6.219035283727985045e-03
6.213520353038867391e-03
6.208157384607203462e-03
6.202837604294173836e-03
6.197610260948331617e-03
6.192517521202128145e-03
6.187524687297499965e-03
6.182654567844799928e-03
6.177872009711915351e-03
6.173177997912817662e-03
6.168631743759615468e-03
6.164186794870843075e-03
6.159837111131310355e-03
6.155637162465775469e-03
6.151587734348216811e-03
6.147706845372023429e-03
6.143950693205394581e-03
6.139395010192933051e-03
6.134701503190371531e-03
6.130115110576763240e-03
6.125668665270199084e-03
6.121305062360867834e-03
6.117003347242445065e-03
6.112748748141140498e-03
6.108546919306730855e-03
6.104451498938999812e-03
6.100473544724979887e-03
6.096546574961001982e-03
6.092735122201810467e-03
6.089014129510286408e-03
6.085372727903443600e-03
6.081854439299928285e-03
6.078417198026595143e-03
6.075071010947950476e-03
6.071829068846752026e-03
6.068672924713284025e-03
6.065617308827589947e-03
6.062723230740324314e-03
6.059943052723183385e-03
6.057278536278214685e-03
6.054726793757802400e-03
6.052223920034938663e-03
6.049816863830298486e-03
6.047561437933138447e-03
6.045442404623966974e-03
6.043421033851139983e-03
6.041517549983900157e-03
6.039709707352534061e-03
6.038061824435767867e-03
6.036535597748244990e-03
6.035147502685988576e-03
6.033897192234416625e-03
6.032751026593857584e-03
6.031713998757054669e-03
6.030837749145254341e-03
6.030103289744288657e-03
6.029509944761099818e-03
6.029018331872917739e-03
6.028679862096073677e-03
6.028527303332977330e-03
6.028576088350157819e-03
6.028782685450188687e-03
6.029164799248297804e-03
6.029729613448474475e-03
6.030505882688530148e-03
6.031432434350030534e-03
6.032525256475692634e-03
6.033771426274220188e-03
6.035180606238451165e-03
6.036766094453443164e-03
6.038551741894749268e-03
6.040517879733606731e-03
6.042687087704032983e-03
6.045089081143005527e-03
6.047715312867306230e-03
6.050541892257674421e-03
6.053551469377912303e-03
6.056771652634119346e-03
6.060176751450591440e-03
6.063826254909677159e-03
6.067710704947919080e-03
6.071792782433204499e-03
6.076192621672866188e-03
6.080848202069578760e-03
6.085813816869311589e-03
6.091067558298878838e-03
6.096662132402369538e-03
6.102369494041423939e-03
6.107201374628010507e-03
6.112306533690432635e-03
