1.625062596255919325e-02
1.615830761309992522e-02
1.606666639930201188e-02
1.597543672735655604e-02
1.588461007228077898e-02
1.579415594542096790e-02
1.570411259925443698e-02
1.561474498483344901e-02
1.552585602958969808e-02
1.543724326518205493e-02
1.534920195371267636e-02
1.526174060324969779e-02
1.517475623741376851e-02
1.508824539715929516e-02
1.500215070799896556e-02
1.491646347580351251e-02
1.483113496947094725e-02
1.474633125701908277e-02
1.466205087533083498e-02
1.457794378421526163e-02
1.449438158581133063e-02
1.441133843030765159e-02
1.432857234097313116e-02
1.424653082443135509e-02
1.416500517929326040e-02
1.408393976905165414e-02
1.400331502345835907e-02
1.392347433947616758e-02
1.384404729053417306e-02
1.376530815188455222e-02
1.368707052833079835e-02
1.360946518701955203e-02
1.353223771049583656e-02
1.345547528954340114e-02
1.337936037824567770e-02
1.330396041107710647e-02
1.322911505831433562e-02
1.315471645524463051e-02
1.308082239499285329e-02
1.300779025447867943e-02
1.293528504331956618e-02
1.286365233201062185e-02
1.279298295644231906e-02
1.272323084534112726e-02
1.265439160512712991e-02
1.258649092492255574e-02
1.251958974397686386e-02
1.245392710432965261e-02
1.238889341473921844e-02
1.232562644325764165e-02
1.226292303403085995e-02
1.220089514088784979e-02
1.213930085475611355e-02
1.207843006733694963e-02
1.201897887138388306e-02
1.196072467858153368e-02
1.190323448661730586e-02
1.184662142911690162e-02
1.179080876009195103e-02
1.173598575445784775e-02
1.168259793559565420e-02
1.163114194718249846e-02
1.158029359214049828e-02
1.153044435154912915e-02
1.148240779885225868e-02
1.143567673140350252e-02
1.138985755379233293e-02
1.134524140940402874e-02
1.130166827720757022e-02
1.125901936139870815e-02
1.121794166419270294e-02
1.117842629271317140e-02
1.113991940639947296e-02
1.110258479402055805e-02
1.106632125946381551e-02
1.103093716822040223e-02
1.099631275612244878e-02
1.096221794166533751e-02
1.092871988868913090e-02
1.089564620732618415e-02
1.086370164217266912e-02
1.083233858148722160e-02
1.080138040674009405e-02
1.077052366913931400e-02
1.073984282273839769e-02
1.070978072263262075e-02
1.068027327921926457e-02
1.065137316894205176e-02
1.062332893564431162e-02
1.059564652781877329e-02
1.056824050534779791e-02
1.054133686907707951e-02
1.051467768330478086e-02
1.048824557668700912e-02
1.046195940119815440e-02
1.043583373726512248e-02
1.040969800488764085e-02
1.038359956085251577e-02
1.035757850979106449e-02
1.033205773905614654e-02
1.030646912366656870e-02
1.028090610013999290e-02
1.025537629275417861e-02
1.022987192499952985e-02
1.020420023331442341e-02
1.017863230876847776e-02
1.015278747028520827e-02
1.012681143756042658e-02
1.010075494608195061e-02
1.007474800606591309e-02
1.004852830091653750e-02
1.002242416933089506e-02
9.996427310445291439e-03
9.970445256105684925e-03
9.944374382947424387e-03
9.918464131290199298e-03
9.892288319653375767e-03
9.866131676541831444e-03
9.839800634948143651e-03
9.813479327734599827e-03
9.787298708108974066e-03
9.761026766296731702e-03
9.734588062966093025e-03
9.708135286647998421e-03
9.681614674132569057e-03
9.655114528341682267e-03
9.628441755878069941e-03
9.601763667986202080e-03
9.575253707470591374e-03
9.548804153393014582e-03
9.522413322745958836e-03
9.496052228050756716e-03
9.469799285617312018e-03
9.443466438384909289e-03
9.417182457571683304e-03
9.390893398135279069e-03
9.364652188124817159e-03
9.338398750937906834e-03
9.312110968557456639e-03
9.285716334228845403e-03
9.259337825903135241e-03
9.232979997849402598e-03
9.206714688693658916e-03
9.180453460196837112e-03
9.154282712382872875e-03
9.128056518351511731e-03
9.101814843188220372e-03
9.075675617935846651e-03
9.049713897117925981e-03
9.023944311905309629e-03
8.998363284849861254e-03
8.972916908967190630e-03
8.947520338266680764e-03
8.922165398744500223e-03
8.896948831617741693e-03
8.871866010730070432e-03
8.846876237323149025e-03
8.822029976250426314e-03
8.797325121638175163e-03
8.772744972385454129e-03
8.748188672786951642e-03
8.723651461369146681e-03
8.699215302289439733e-03
8.674892828675839773e-03
8.650790771959637054e-03
8.626843241128060585e-03
8.603002293724600416e-03
8.579309670872801996e-03
8.555697443344764674e-03
8.532146294612035289e-03
8.508610434607112236e-03
8.485194459286927657e-03
8.461824335349844850e-03
8.438490905628096700e-03
8.415150547243503698e-03
8.391983162281927908e-03
8.368941351669940965e-03
8.345962262688485719e-03
8.323080872716086959e-03
8.300395796267139373e-03
8.277847455721382142e-03
8.255323518784577971e-03
8.232861229398133474e-03
8.210538124310230376e-03
8.188475741612490783e-03
8.166617935243937129e-03
8.144775199827094039e-03
8.122961489946872726e-03
8.101419847957215190e-03
8.080057211577054352e-03
8.058816639756943498e-03
8.037717026159123257e-03
8.016712198022175537e-03
7.995821480331873413e-03
7.975154245318990739e-03
7.954686167604817920e-03
7.934231228343777836e-03
7.913882792166274105e-03
7.893601784120215029e-03
7.873432700302501405e-03
7.853491657659941033e-03
7.833639719270727927e-03
7.814063352218625358e-03
7.794581438677417387e-03
7.775314907811383541e-03
7.756381861924187965e-03
7.737766967887073528e-03
7.719298740766078991e-03
7.701262433420183809e-03
7.683233961785150903e-03
7.665237995875645929e-03
7.647337546985554652e-03
7.629587279029785563e-03
7.612110076928834887e-03
7.594862734327740943e-03
7.577727455500840419e-03
7.560671674464169989e-03
7.543849898073376123e-03
7.527273011961857843e-03
7.510891450924027726e-03
7.494703465350943672e-03
7.478945693287802898e-03
7.463850070507550491e-03
7.449127401980970911e-03
7.434718646070721110e-03
7.420473806846445038e-03
7.406466700890847535e-03
7.392724162236422036e-03
7.379283442224732897e-03
7.366117840026144281e-03
7.353119084976360992e-03
7.340627978696813438e-03
7.328292210205014125e-03
7.316271545755089617e-03
7.304617142643906463e-03
7.293081717169442625e-03
7.281639274688631557e-03
7.270459742930616281e-03
7.259448696927968403e-03
7.248561253661208077e-03
7.237940644258501581e-03
7.227699563621861611e-03
7.217780629863816515e-03
7.208017936712876259e-03
7.198332186183094977e-03
7.188952408956558911e-03
7.180022181854563840e-03
7.171358010542796743e-03
7.162723988534605915e-03
7.154350980694260467e-03
7.146140282648292402e-03
7.138219365301240980e-03
7.130481001411183815e-03
7.123064305503739625e-03
7.115956357959040551e-03
7.109113044316940980e-03
7.102407466656616812e-03
7.095872865433635809e-03
7.089395006512982066e-03
7.083032856473249483e-03
7.076972802053619650e-03
7.071114628191091898e-03
7.065491523540122845e-03
7.060057520429404224e-03
7.054947514236946209e-03
7.050013486989090486e-03
7.045205696933606009e-03
7.040501695160594244e-03
7.035819660230003929e-03
7.031283708660164555e-03
7.026809648845920749e-03
7.022459912754451007e-03
7.018166011917289365e-03
7.013957754173549483e-03
7.009982068616400427e-03
7.006127978237807613e-03
7.002403887503686787e-03
6.998828332754333109e-03
6.995275153970457495e-03
6.991786978180314360e-03
6.988412818749087027e-03
6.985148464986493805e-03
6.981754294469065189e-03
6.978324523902620230e-03
6.974987670785564448e-03
6.971745651758994543e-03
6.968543226752790809e-03
6.965327959299802245e-03
6.962102847521456188e-03
6.958854697992012707e-03
6.955748658995283135e-03
6.952731713680243564e-03
6.949701010413075752e-03
6.946646832785450740e-03
6.943540296920924261e-03
6.940412765749094312e-03
6.937234858525719722e-03
6.934116277317214916e-03
6.930997477275446100e-03
6.927900238124536439e-03
6.924839865506941632e-03
6.921805158753934969e-03
6.918693143600498745e-03
6.915518869855029858e-03
6.912177359923841850e-03
6.908771776247418089e-03
6.905410022653613207e-03
6.902135929225048684e-03
6.898795859153304157e-03
6.895462168018330791e-03
6.892131725553012761e-03
6.888775408961497239e-03
6.885417910458926580e-03
6.882071512194356394e-03
6.878719835502325464e-03
6.875327660913406122e-03
6.871777635654287807e-03
6.868074978951164110e-03
6.864371887753009313e-03
6.860512269455892528e-03
6.856665937615079830e-03
6.852688147241372749e-03
6.848481152810433591e-03
6.844215492035911862e-03
6.839922988771573314e-03
6.835598857229091552e-03
6.831325277227630680e-03
6.827028950195592957e-03
6.822595579625197540e-03
6.818142417859029622e-03
6.813709791533163924e-03
6.809235766605381893e-03
6.804749270295915552e-03
6.800254404406996106e-03
6.795744351278160469e-03
6.791217438473550437e-03
6.786614955248631773e-03
6.781898066627883512e-03
6.777088136869379234e-03
6.772195676312756617e-03
6.767277614378642940e-03
6.762171084146427653e-03
6.756985549820282259e-03
6.751729108230953430e-03
6.746307040518998745e-03
6.740611843522294200e-03
6.734831711733071068e-03
6.728983465711977675e-03
6.723124590948707964e-03
6.717202224938404950e-03
6.711195030909300821e-03
6.705166511737248314e-03
6.699094271370624812e-03
6.692917793426181143e-03
6.686607054403040026e-03
6.680194071616256737e-03
6.673675873373543198e-03
6.666905308576969412e-03
6.660065875789508358e-03
6.653154937383177689e-03
6.646239023955891924e-03
6.639244711133354335e-03
6.632169582235178731e-03
6.625074897889143138e-03
6.617906519591602171e-03
6.610534731018446672e-03
6.603058275658268972e-03
6.595471505075674312e-03
6.587842533502531218e-03
6.580175788348054979e-03
6.572483935512385932e-03
6.564758161406552585e-03
6.557047766416178661e-03
6.549315813177858381e-03
6.541557958855619831e-03
6.533749175584268633e-03
6.525889222330065811e-03
6.518019233932127038e-03
6.510204865126730141e-03
6.502385320438929146e-03
6.494609478445301752e-03
6.486861768683431159e-03
6.479135869832066200e-03
6.471373876178219270e-03
6.463609114336447796e-03
6.455853033937958459e-03
6.448114579660249070e-03
6.440409713116981502e-03
6.432716216917506308e-03
6.425074326781661863e-03
6.417548221642655100e-03
6.410019588292297128e-03
6.402522979128571524e-03
6.395041437745058698e-03
6.387597535682856646e-03
6.380201669636312821e-03
6.372828320158260666e-03
6.365390414867493941e-03
6.357897721444868630e-03
6.350437973000047295e-03
6.342935609155792714e-03
6.335410347634873665e-03
6.327917511494902600e-03
6.320456606510998013e-03
6.312937407305776148e-03
6.305353592029402585e-03
6.297744054330085654e-03
6.290126060363742701e-03
6.282471030189019229e-03
6.274801042179298238e-03
6.267111833314605376e-03
6.259429824804294690e-03
6.251766557724392458e-03
6.244134838049470240e-03
6.236463959377795338e-03
6.228811925738749443e-03
6.221158355509614005e-03
6.213490892539747304e-03
6.205771014774623048e-03
6.198010849488550141e-03
6.190269109540392362e-03
6.182576595976271329e-03
6.174910955031184812e-03
6.167227651493107678e-03
6.159511302546502066e-03
6.151788349486870047e-03
6.144091830322578884e-03
6.136415004037666134e-03
6.128721370935255770e-03
6.121003807305463659e-03
6.113246299204934397e-03
6.105489489890816683e-03
6.097711888245175779e-03
6.089907098945173541e-03
6.082094550050226416e-03
6.074303795151137289e-03
6.066574205734928150e-03
6.058832463672439092e-03
6.051073121389726091e-03
6.043318556438016104e-03
6.035583696523087217e-03
6.027821445449435198e-03
6.020078379815710888e-03
6.012367022804709742e-03
6.004659446746204131e-03
5.997002131508201439e-03
5.989323736918234289e-03
5.981604308977040742e-03
5.973880915607967038e-03
5.966150681320788775e-03
5.958472155642297041e-03
5.950850350065657601e-03
5.943241339363354407e-03
5.935636676782850459e-03
5.927983630907815091e-03
5.920305060299788438e-03
5.912626304687795646e-03
5.904947618848727271e-03
5.897256018147035983e-03
5.889579093017147625e-03
5.881885986911750130e-03
5.874195667494673707e-03
5.866507296962241227e-03
5.858825092347726485e-03
5.851161559390694045e-03
5.843468393555445277e-03
5.835752401666495677e-03
5.828017677597337187e-03
5.820315807589747197e-03
5.812625185294748378e-03
5.804932569449862759e-03
5.797268470909275502e-03
5.789613076276737408e-03
5.781987769367883355e-03
5.774406244704909270e-03
5.766841095007317099e-03
5.759318563352071839e-03
5.751801398661900329e-03
5.744304090976055238e-03
5.736794628793890141e-03
5.729302827090385249e-03
5.721795247984309309e-03
5.714279025757202854e-03
5.706792919004373930e-03
5.699347259140197589e-03
5.691930711764509737e-03
5.684542407622956983e-03
5.677188439689038330e-03
5.669870709274945665e-03
5.662558895287708380e-03
5.655250241168222232e-03
5.647926811574791039e-03
5.640619347295101026e-03
5.633350739134242169e-03
5.626086867867803425e-03
5.618832292522108786e-03
5.611575613417020894e-03
5.604288485566222451e-03
5.596989316335816179e-03
5.589732841263674208e-03
