6.481216234714082085e-03
6.466330967037080789e-03
6.451430587443250479e-03
6.436446887348896799e-03
6.421305529253218056e-03
6.406150046369014743e-03
6.390885769259607198e-03
6.375481097661828828e-03
6.360013920624048647e-03
6.344541030399502776e-03
6.329095743030996833e-03
6.313746629709999711e-03
6.298393410622411294e-03
6.283226036476138344e-03
6.267992033944333463e-03
6.252787770007210873e-03
6.237579899021332246e-03
6.222329127201452897e-03
6.207013943872138374e-03
6.191876092658783227e-03
6.176772402692067704e-03
6.161733414426722941e-03
6.146686477333827142e-03
6.131677478211395270e-03
6.116684369343905990e-03
6.101691476138182933e-03
6.087060501962766532e-03
6.072614051800347482e-03
6.058253496336494896e-03
6.044045217108593750e-03
6.029911655168206791e-03
6.016062978720954947e-03
6.002372510793973701e-03
5.988726846070347234e-03
5.975205561098908581e-03
5.961757861190711445e-03
5.948299497653906573e-03
5.934807207561207214e-03
5.921437385336850850e-03
5.908275488012877663e-03
5.895400959463847207e-03
5.882882539763420460e-03
5.870630197524347518e-03
5.858516830793224391e-03
5.846652648547014629e-03
5.835319852135595863e-03
5.824400372027773581e-03
5.813857389262789936e-03
5.803951257279284584e-03
5.794687279348093890e-03
5.786176153913816234e-03
5.778798318375186378e-03
5.771834159633596265e-03
5.765449929124599054e-03
5.759793701908364795e-03
5.754724426732444643e-03
5.750070516646900963e-03
5.745905947337635357e-03
5.742240011818161051e-03
5.739267040897427091e-03
5.736943041689450927e-03
5.735359021345259531e-03
5.734155220623703662e-03
5.733250831906704613e-03
5.732739089264456654e-03
5.732411724217781855e-03
5.732442822327325077e-03
5.732778517838303493e-03
5.733487278604257505e-03
5.734525118082194929e-03
5.735802918275877127e-03
5.737247450915423930e-03
5.738858771502026654e-03
5.740899677641008239e-03
5.743475336686964389e-03
5.746388544455057271e-03
5.749769717112598530e-03
5.753508378748330501e-03
5.757492878940102463e-03
5.761811773800680145e-03
5.766409400393895240e-03
5.771325568401765652e-03
5.776536139035372275e-03
5.781676408690426469e-03
5.786869411347407566e-03
5.792380828559181086e-03
5.798318102700543604e-03
5.804595165697781084e-03
5.811142302242040467e-03
5.817969403173935301e-03
5.824809894692899864e-03
5.832014581319535859e-03
5.839538199454904870e-03
5.847302999860777908e-03
5.855430339853116145e-03
5.863563074032525357e-03
5.872067556767252873e-03
5.880757652924047639e-03
5.889373236354854789e-03
5.898291724665098712e-03
5.907408313107959108e-03
5.916783308219154304e-03
5.925853190032139353e-03
5.934849336664377653e-03
5.944130974017010870e-03
5.953754929494028958e-03
5.963510375747109633e-03
5.973472884782091846e-03
5.983775588095927196e-03
5.994364236711331381e-03
6.005087666530481948e-03
6.016003539589546457e-03
6.026879973503108598e-03
6.038042441520143772e-03
6.049491357520952670e-03
6.061313589853548414e-03
6.073363891904108754e-03
6.085698411319195346e-03
6.098396199764957899e-03
6.110665267419736028e-03
6.123100168401103202e-03
6.135882946083163689e-03
6.148961090525915420e-03
6.161867066049110317e-03
6.175002374074486412e-03
6.188439542499764301e-03
6.202283536232341792e-03
6.216056167063601853e-03
6.229533194857676641e-03
6.242655258713408067e-03
6.255335278849679347e-03
6.268091197127351709e-03
6.281009918895231331e-03
6.293850767207933607e-03
6.306760964521636835e-03
6.319547736175035006e-03
6.332507474907956950e-03
6.345706533714317969e-03
6.359306765692521006e-03
6.373138619464840081e-03
6.387245047137803805e-03
6.401500889828235473e-03
6.415254388077899252e-03
6.428512222644303976e-03
6.441813913193757818e-03
6.455201150634321677e-03
6.468602503348920216e-03
6.482049770876418399e-03
6.495256697637168120e-03
6.508646342772206328e-03
6.522171872791793917e-03
6.535951743621122925e-03
6.549742312436939926e-03
6.563524884324174920e-03
6.577490261273271320e-03
6.591678829121453906e-03
6.606054281633242861e-03
6.620733072990914701e-03
6.635738124128710315e-03
6.650991325314956591e-03
6.666535176717921889e-03
6.682304865105273897e-03
6.698186930716071991e-03
6.713624479897256116e-03
6.729069352064003667e-03
6.744574199873661600e-03
6.760019935216056430e-03
6.775095747199405723e-03
6.789868043261646120e-03
6.804861106671017228e-03
6.819965708971577507e-03
6.835321669817944271e-03
6.850773651951401824e-03
6.866343915577739938e-03
6.882165389218129065e-03
6.898176723443065657e-03
6.914228337260093678e-03
6.930548969572953091e-03
6.947219162122598470e-03
6.964178478870533193e-03
6.981069155446949052e-03
6.998089448444959858e-03
7.014890297138488481e-03
7.031502899539221127e-03
7.048024259569599277e-03
7.064436524875473272e-03
7.080837363279233500e-03
7.097522960316265082e-03
7.114163783221993075e-03
7.130688098030002128e-03
7.146841638989302574e-03
7.163193711933335192e-03
7.179752442236291173e-03
7.196536082389472753e-03
7.213165177629494995e-03
7.229435891643627189e-03
7.244802866568973536e-03
7.260287032520964037e-03
7.275863180330591207e-03
7.291256338074390830e-03
7.306848539999617406e-03
7.322670827657457200e-03
7.338611057986628612e-03
7.354358308035800935e-03
7.370082993944096321e-03
7.385974001589452539e-03
7.401768926632116934e-03
7.417467055485364204e-03
7.433328914962979844e-03
7.449334870329745936e-03
7.465446691308933423e-03
7.481268059232770717e-03
7.497158522437883180e-03
7.513186343159116397e-03
7.529027904001566948e-03
7.544832653283416526e-03
7.560847253092646547e-03
7.576978827209590595e-03
7.593291056113725922e-03
7.609427791312742100e-03
7.625322800329593746e-03
7.641384354145431060e-03
7.657579397308748696e-03
7.673934611620126384e-03
7.690538857127416153e-03
7.707282368334592189e-03
7.724208020703682460e-03
7.741245103604494672e-03
7.757856044141028112e-03
7.774587890583847458e-03
7.791490663776735708e-03
7.808548623582252900e-03
7.825470246036378072e-03
7.842038526772648899e-03
7.858582075121561122e-03
7.875346872356499620e-03
7.892211440644629830e-03
7.909179062484896286e-03
7.926217264923995226e-03
7.942967756595106441e-03
7.959919349691745374e-03
7.977017102264631968e-03
7.994288474188170068e-03
8.011708511070237543e-03
8.029310659513585677e-03
8.046625667001160859e-03
8.064096186708344730e-03
8.081706581042756576e-03
8.099517611649866694e-03
8.117529289101333215e-03
8.135358715445671976e-03
8.153240718860024425e-03
8.171224740861465427e-03
8.189426711278176632e-03
8.207802470192022623e-03
8.225887765478863758e-03
8.244079834483306751e-03
8.262391153872830282e-03
8.280866117199149265e-03
8.299533829286219119e-03
8.318374878460745026e-03
8.337032864625022049e-03
8.355245155091547971e-03
8.372892235183861803e-03
8.390290840149326745e-03
8.407231726273571917e-03
8.423608347129581120e-03
8.439917082101669119e-03
8.456270175739011991e-03
8.472790547848210382e-03
8.489402289716209415e-03
8.506130935061832418e-03
8.522949835913794930e-03
8.539902910099329489e-03
8.556801363713898573e-03
8.573509711481521259e-03
8.589718962949438597e-03
8.606064281134374536e-03
8.622585435546059607e-03
8.639199451377093872e-03
8.655881950390565543e-03
8.672251596068467766e-03
8.688558243138654047e-03
8.704935472922002357e-03
8.721444305012376538e-03
8.738045617942511237e-03
8.754287338135069776e-03
8.770647435493987565e-03
8.787176222640732948e-03
8.803798890314388018e-03
8.820336610509784889e-03
8.836710421419839354e-03
8.852799017529699652e-03
8.869092557861757084e-03
8.885551916720087207e-03
8.902232400776076762e-03
8.919180034787841521e-03
8.935625954958071812e-03
8.952140567629511894e-03
8.968780204924109781e-03
8.985535639901193888e-03
9.002582298607293698e-03
9.019749336751250665e-03
9.037072632416508211e-03
9.054564666499207576e-03
9.072334988833608352e-03
9.089894988087640626e-03
9.107539465438442561e-03
9.125269727542597437e-03
9.142885014439036673e-03
9.160659220799560742e-03
9.178672551657902218e-03
9.196953503967840449e-03
9.214300177791425600e-03
9.231277653471512551e-03
9.247989909580065643e-03
9.264199202277438594e-03
9.280310379442822596e-03
9.296649961447644300e-03
9.313102343013536163e-03
9.329665494382700583e-03
9.346345344139379147e-03
9.363237696851727312e-03
9.380297153603623858e-03
9.397404413266039272e-03
9.414250846936825234e-03
9.431238488320559110e-03
9.448317889557170460e-03
9.465658112556748702e-03
9.483116050937070302e-03
9.498844654700785983e-03
9.513621312627965065e-03
9.528584674443446936e-03
9.543641948500804217e-03
9.558903065213886913e-03
9.574139006587259124e-03
9.588996941514009789e-03
9.603925290007440940e-03
9.618895622772367232e-03
9.633963026589744891e-03
9.649081749450167181e-03
9.664148062272727782e-03
9.679350106690839950e-03
9.694634045493186192e-03
9.709948348203621682e-03
9.725490662487920254e-03
9.741115435682843812e-03
9.756844798491403833e-03
9.772711309497311358e-03
9.788543731143833221e-03
9.804529156356186007e-03
9.820211597930268363e-03
9.835897553522543468e-03
9.851707855037708517e-03
9.867538500646156827e-03
9.883387018694900217e-03
9.899412127786572785e-03
9.915578072468929707e-03
9.931850983273014105e-03
9.948244186827381874e-03
9.964626269000470202e-03
9.981088122769430845e-03
9.997576132927706374e-03
1.001409115789370086e-02
1.003066224434726560e-02
1.004731866731600060e-02
1.006413954929614996e-02
1.008103785173605077e-02
1.009761765557649904e-02
1.011422190108378881e-02
1.013086556406468837e-02
1.014759423795377931e-02
1.016440937318215804e-02
1.018136946906108078e-02
1.019822935410595426e-02
1.021485359907056863e-02
1.023153771977594953e-02
1.024837404694435745e-02
1.026534073530746896e-02
1.028245625354693403e-02
1.029984797953635393e-02
1.031739646625786516e-02
1.033516801067560845e-02
1.035305781385717147e-02
1.037106216515158025e-02
1.038875355105087217e-02
1.040658682970636850e-02
1.042459127191701015e-02
1.044231100676690747e-02
1.045966924598129219e-02
1.047634331727123266e-02
1.049213628550051819e-02
1.050793422875074407e-02
1.052377862808261816e-02
1.053974689972722936e-02
1.055567206861922520e-02
1.057159344862999492e-02
1.058757108676111960e-02
1.060348445980023417e-02
1.061951291376361448e-02
1.063490826724020240e-02
1.064980236991375229e-02
1.066467802716329454e-02
1.067948847421485055e-02
1.069432210279194773e-02
1.070924560946729352e-02
1.072426201350561679e-02
1.073950291298527912e-02
1.075494059959798167e-02
1.077042840219936438e-02
1.078593385946494468e-02
1.080083512549206461e-02
1.081568739824028541e-02
1.083006778612930973e-02
1.084410303273342438e-02
1.085827129824636257e-02
1.087247626431752170e-02
1.088667316844441936e-02
1.090081307443509749e-02
1.091498248591545907e-02
1.092916725589650889e-02
1.094341370937136800e-02
1.095740341328484656e-02
1.097010182545826544e-02
1.098236355004133559e-02
1.099371275683313533e-02
1.100497015725677465e-02
1.101618786534376906e-02
1.102746997172563033e-02
1.103799433146279881e-02
1.104806933242368644e-02
1.105814385554575868e-02
1.106810442679634181e-02
1.107784575883255344e-02
1.108696981192115738e-02
1.109596762676058786e-02
1.110499964936194003e-02
1.111398867492723042e-02
1.112281826301733320e-02
1.113154517919205146e-02
1.114007998513399586e-02
1.114858864525827831e-02
1.115693483595666009e-02
1.116508774085420500e-02
1.117308655119110539e-02
1.118097876118554802e-02
1.118886163640844117e-02
1.119659840078470088e-02
1.120435778004578303e-02
1.121199785606350960e-02
1.121946276398309676e-02
1.122675242240279980e-02
1.123407345749516222e-02
1.124140802536335512e-02
1.124877061763234105e-02
1.125623299786916720e-02
1.126375296296907962e-02
1.127134755761176853e-02
1.127884757188397057e-02
1.128648502401687417e-02
1.129364971490036049e-02
1.130040011530222301e-02
1.130704167522788954e-02
1.131229819503227520e-02
1.131739511984380941e-02
1.132261300341990719e-02
1.132764712097068457e-02
1.133256719467657173e-02
1.133730706923360629e-02
1.134201817091666162e-02
1.134661780083853766e-02
1.135110582685354766e-02
1.135559932581445795e-02
1.136002676990213213e-02
1.136432032714808880e-02
1.136844438376026500e-02
1.137180171099231793e-02
1.137465776204936267e-02
1.137745662785188787e-02
1.138015934022163465e-02
1.138281034979725208e-02
1.138539209917377448e-02
1.138790513279144129e-02
1.139027414029288379e-02
1.139262253729533131e-02
1.139494939560745969e-02
1.139716615964508212e-02
1.139934711748651422e-02
1.140088316207362243e-02
1.140205918365678681e-02
1.140307805441378476e-02
1.140402143826676866e-02
1.140489414954751896e-02
1.140558664687909944e-02
1.140622682086039376e-02
1.140681056017468949e-02
1.140722324270755650e-02
1.140757481367316202e-02
1.140792214223353140e-02
1.140815923697354947e-02
