2.078173850395252653e-02
2.025483777442438002e-02
1.973699146569178609e-02
1.922941800834689768e-02
1.873260678236542132e-02
1.824795618117330820e-02
1.777461044913222071e-02
1.731304079068621618e-02
1.686366876027418568e-02
1.642591815896234791e-02
1.599958160869269577e-02
1.558557792133818086e-02
1.518467674758526217e-02
1.479620169526831355e-02
1.442011270844230537e-02
1.405627637677434733e-02
1.370555138462395753e-02
1.336656782326130395e-02
1.303966500057413512e-02
1.272484509108576765e-02
1.242169956915839188e-02
1.212977961068645479e-02
1.185053989341774971e-02
1.158300820694165879e-02
1.132755332551819635e-02
1.108292153745795740e-02
1.084979831912346281e-02
1.062739385931106562e-02
1.041574767028005666e-02
1.021458193691019561e-02
1.002331603577931787e-02
9.842268267377673324e-03
9.671036134598973502e-03
9.509912523013743998e-03
9.358251933358530811e-03
9.215791753233519915e-03
9.081929613214672486e-03
8.955615769033663243e-03
8.835723218799862097e-03
8.722166334206095037e-03
8.614388121679536839e-03
8.511857692249625087e-03
8.413921019868410289e-03
8.320385743778520998e-03
8.230511700859737684e-03
8.144094558506792189e-03
8.061638105794972919e-03
7.983266477949823095e-03
7.908612427830228470e-03
7.837412750099363029e-03
7.769863228011361644e-03
7.705289744348195642e-03
7.644102799959821316e-03
7.585908328602507765e-03
7.531641084407422401e-03
7.480759966259614008e-03
7.433066474617624174e-03
7.388547652663002285e-03
7.346895131696482700e-03
7.308626724942353034e-03
7.273867592953099648e-03
7.242173359556698838e-03
7.213596924408917539e-03
7.187909137918277631e-03
7.165432749441973982e-03
7.146107737875679461e-03
7.129268530191269597e-03
7.114510678229235899e-03
7.102488401858034379e-03
7.092592571545789856e-03
7.084840229660535615e-03
7.078774120794903077e-03
7.074355425941074131e-03
7.071016033147425189e-03
7.068769096512036998e-03
7.067522209775233336e-03
7.066729261424722908e-03
7.066498183127040492e-03
7.066691470049931215e-03
7.067331815115505088e-03
7.068535629555066854e-03
7.069992515374146774e-03
7.072015505977025975e-03
7.074488812773913581e-03
7.077318993196853730e-03
7.080616118075812662e-03
7.084273007745854611e-03
7.088256569853867463e-03
7.092773031065222576e-03
7.097699284940448688e-03
7.102789478458840233e-03
7.108282548268911663e-03
7.114134449347052011e-03
7.120297883230485535e-03
7.126778895911048753e-03
7.133578482517026129e-03
7.140773206650555607e-03
7.148307441167590752e-03
7.156359869247339196e-03
7.164736475026104931e-03
7.173425604565544095e-03
7.182406658095196947e-03
7.191813076036800145e-03
7.201708277667800452e-03
7.211927995662090890e-03
7.222489954767660238e-03
7.233200180959688599e-03
7.244264549830371595e-03
7.255534844807376947e-03
7.267193083990555746e-03
7.279057414658912477e-03
7.291192154911899440e-03
7.303652962751101818e-03
7.316258554617952221e-03
7.329156557277452348e-03
7.342297297993086169e-03
7.355703279929549053e-03
7.369433104963851733e-03
7.383528308116599388e-03
7.397992844314431674e-03
7.412803204283033992e-03
7.427712873486275874e-03
7.442953503008106070e-03
7.458292531851424927e-03
7.474076778036782207e-03
7.489984268587140254e-03
7.506081613954955836e-03
7.522414639237720753e-03
7.539049634452631848e-03
7.555811840599392128e-03
7.572710092598668175e-03
7.589625810955196242e-03
7.606659752682398169e-03
7.623752489777674279e-03
7.640820988548020776e-03
7.658178985312764399e-03
7.675554762281222750e-03
7.692890160124056347e-03
7.710411536044793103e-03
7.727937016348092845e-03
7.745590511087288056e-03
7.763363331283613944e-03
7.781177293478682561e-03
7.799169116900273209e-03
7.817266915993582865e-03
7.835483905363829771e-03
7.853648380358334638e-03
7.872016795924564880e-03
7.890489001657865348e-03
7.909070432438956855e-03
7.927733754964362903e-03
7.946438390907100205e-03
7.965245183324179759e-03
7.984096172417061085e-03
8.003115454372650497e-03
8.022179466257512576e-03
8.041233606693804631e-03
8.060326215943243791e-03
8.079418984092555378e-03
8.098497371529027669e-03
8.117502435844557024e-03
8.136614200270262526e-03
8.155828006744834241e-03
8.174962609924736612e-03
8.193963931582769547e-03
8.212819941120911779e-03
8.231661462878231764e-03
8.250587020814333095e-03
8.269398750108739732e-03
8.288258391941990752e-03
8.307111824820445287e-03
8.326033102562862762e-03
8.344934510683570117e-03
8.363928312105977855e-03
8.382848836419222113e-03
8.401744642523337539e-03
8.420587856284257253e-03
8.439452162987247028e-03
8.458059356082492028e-03
8.476682901369068934e-03
8.495255519631412719e-03
8.513772755194156522e-03
8.532350383140053715e-03
8.550786305125601325e-03
8.569298774241288635e-03
8.587794908076897687e-03
8.606228818941344047e-03
8.624752934308442531e-03
8.643094506887659054e-03
8.661441585506626448e-03
8.679697114849052250e-03
8.697830781717267451e-03
8.715991590264720104e-03
8.734295086723211504e-03
8.752416169863721021e-03
8.770431609957050553e-03
8.788460325272546420e-03
8.806454816718505343e-03
8.824255068720854994e-03
8.841866547786550803e-03
8.859346127440798080e-03
8.876486825173154904e-03
8.893518323663850492e-03
8.910569383640086841e-03
8.927379240420932338e-03
8.944159389844184849e-03
8.960809602878854613e-03
8.977358261655415603e-03
8.993856696432604020e-03
9.010254124920140731e-03
9.026322277515569370e-03
9.042294373107577152e-03
9.058022711685676312e-03
9.073635936037566935e-03
9.089153058362574311e-03
9.104525661749284307e-03
9.119837030374880124e-03
9.134916677745817670e-03
9.149956254676365822e-03
9.164863246960362406e-03
9.179847379586039344e-03
9.194638035201974785e-03
9.209243160339089865e-03
9.223717915764269304e-03
9.237813869051791568e-03
9.251998834818401032e-03
9.265971041674434319e-03
9.279850313519667770e-03
9.293456982149438453e-03
9.306907874218828952e-03
9.320281943965905147e-03
9.333636949901396446e-03
9.346771730059957178e-03
9.359662329325202021e-03
9.372213485961757712e-03
9.384639818458924074e-03
9.396846228922796015e-03
9.409023613530525729e-03
9.420805519530537492e-03
9.432526566330982215e-03
9.443995954829679032e-03
9.455227616602999638e-03
9.466219645291745061e-03
9.477207268929062692e-03
9.487976710634919361e-03
9.498702768393339768e-03
9.509270544969227953e-03
9.519592022572530982e-03
9.529856626760445371e-03
9.539683448077745237e-03
9.549405692854806907e-03
9.558836685699160021e-03
9.568064967331880652e-03
9.577154891651560795e-03
9.585853648634380664e-03
9.594450748354198949e-03
9.602843939677595947e-03
9.611104107320795134e-03
9.619108483728221887e-03
9.626894480759842082e-03
9.634460987544132479e-03
9.641775073043746397e-03
9.648880642160500426e-03
9.655690623255880692e-03
9.662286797602006108e-03
9.668762897454359975e-03
9.674982421784225975e-03
9.681207572728868505e-03
9.687084712970516279e-03
9.692750316743438746e-03
9.698130800339689606e-03
9.703163052508177386e-03
9.708088336402367902e-03
9.712767578946015015e-03
9.717236767500725056e-03
9.721539152261315930e-03
9.725708238149536125e-03
9.729671964128898745e-03
9.733491976540836407e-03
9.737003485347849735e-03
9.740073466650114517e-03
9.742936756007979093e-03
9.745557639275368930e-03
9.748045512918666194e-03
9.750368722370528554e-03
9.752485608850737162e-03
9.754219988531199342e-03
9.755750047576044331e-03
9.757045254149290803e-03
9.758130036003840810e-03
9.759026268611466909e-03
9.759485767724543695e-03
9.759566366636667975e-03
9.759383770369698535e-03
9.758779696313531551e-03
9.757762655549359274e-03
9.756424659448165865e-03
9.754727009906592403e-03
9.752750213044510119e-03
9.750581374103308580e-03
9.748082691095892247e-03
9.745210716822355623e-03
9.741933715124058424e-03
9.738354369798894045e-03
9.734248957845203359e-03
9.729711478804086919e-03
9.724769670311656303e-03
9.719501718132381868e-03
9.713769754171552168e-03
9.707733540334472985e-03
9.701435923032391412e-03
9.694571919604792407e-03
9.687521642481837850e-03
9.679921759806447978e-03
9.671875505431422326e-03
9.663294379376428933e-03
9.654479699392315428e-03
9.645114852050834173e-03
9.635268449920847758e-03
9.625031973425951862e-03
9.614397317245162652e-03
9.603290856051285851e-03
9.591764111617481769e-03
9.579740257338717827e-03
9.567310031080930241e-03
9.554596378516896915e-03
9.541362806124796536e-03
9.527669342695889790e-03
9.513471834381566350e-03
9.498890342717627999e-03
9.483785580931112028e-03
9.468224913452715288e-03
9.452178962804052079e-03
9.435597291069406853e-03
9.418535917316554762e-03
9.400932991500363448e-03
9.382834597877750399e-03
9.364316730284457171e-03
9.345343528248161238e-03
9.325875914589937601e-03
9.305910757324146673e-03
9.285707492116044778e-03
9.264923629621349410e-03
9.243842013696469684e-03
9.222276002991061997e-03
9.200379650545487120e-03
9.178065816801693130e-03
9.155249078583787767e-03
9.132032510844705075e-03
9.108315566918432846e-03
9.084177168099040467e-03
9.059741765929328269e-03
9.034822458197422357e-03
9.009379710077388900e-03
8.983587331782458621e-03
8.957288127744563941e-03
8.930618331596988993e-03
8.903638168971366590e-03
8.876261756464191507e-03
8.848523124453935504e-03
8.820209943674627018e-03
8.791426049701140527e-03
8.762287898898055497e-03
8.732751213876781271e-03
8.702966964558966900e-03
8.672718559219803544e-03
8.642007739608324399e-03
8.610926577932092457e-03
8.579385133514949233e-03
8.547549723458390189e-03
8.515310282478021769e-03
8.482649689414756278e-03
8.449481302329595392e-03
8.415940996040810820e-03
8.381971547981571791e-03
8.347660239039666336e-03
8.313106814847859988e-03
8.278180864184784063e-03
8.243041409747393564e-03
8.207529386395887375e-03
8.171625273330556175e-03
8.135415361197594411e-03
8.098898931982628432e-03
8.062203339814069669e-03
8.025313804258608560e-03
7.988148339187381777e-03
7.950724527524478252e-03
7.912902140655566491e-03
7.874971746321474814e-03
7.836806778825958567e-03
7.798480002532346723e-03
7.759871040932790794e-03
7.721087162695922448e-03
7.682236901347616609e-03
7.643173157171887985e-03
7.603983678971073731e-03
7.564647338305947356e-03
7.525200497797677329e-03
7.485624545598840163e-03
7.445841500527180384e-03
7.405865544890322290e-03
7.365755824525545802e-03
7.325380248122626871e-03
7.285022321931907720e-03
7.244493575030812316e-03
7.203825595961428283e-03
7.163117710595112361e-03
7.122546321425728480e-03
7.082034098985605375e-03
7.041441833673093079e-03
7.000886034810241063e-03
6.960280888642637886e-03
6.919706201696962378e-03
6.879134637045896360e-03
6.838479470198278488e-03
6.797958274253084431e-03
6.757425531327717130e-03
6.716842544801299338e-03
6.676241186287198634e-03
6.635659448475471518e-03
6.595109759186363989e-03
6.554583157433524661e-03
6.513989984761021403e-03
6.473438961995070171e-03
6.432870667076719638e-03
6.392331322517856400e-03
6.351895224550141265e-03
6.311533051288177945e-03
6.271210561813911517e-03
6.230923661174996020e-03
6.190712680192922944e-03
6.150674466005388863e-03
6.110585950098106935e-03
6.070634579837443784e-03
6.030749319349143663e-03
5.990910409579779279e-03
5.951277997508781781e-03
5.911794736548904930e-03
5.872401007910637606e-03
5.833168765617384281e-03
5.794028236304876386e-03
5.755028697052248093e-03
5.716280039419222893e-03
5.677674355102049070e-03
5.639191721521542161e-03
5.600857218762893969e-03
5.562696074685704456e-03
5.524639945482336979e-03
5.486708381787406240e-03
5.448903440651431743e-03
5.411282738349443983e-03
5.373807730880486751e-03
5.336607278846976048e-03
5.299571965316075654e-03
5.262749654728397959e-03
5.226121866291851860e-03
5.189604478248764814e-03
5.153199528871578276e-03
5.117041207803983346e-03
5.080996206482580983e-03
5.045158220148906157e-03
5.009494626018455576e-03
4.974111480503192600e-03
4.938957766854538099e-03
4.904031896979746223e-03
4.869229148499629352e-03
4.834645192293392409e-03
4.800331881173308494e-03
4.766147947347890330e-03
4.732231922201444486e-03
4.698556650980084508e-03
4.665131836486580835e-03
4.631934600406487426e-03
4.598975431026941507e-03
4.566307379714237835e-03
4.533962693612404379e-03
4.501812604952457920e-03
4.469915470511516553e-03
4.438266068855061149e-03
4.406765448029513650e-03
4.375538764963522211e-03
4.344543991471733896e-03
4.313735136614526081e-03
4.283090698481012426e-03
4.252707966310441921e-03
4.222438671149529414e-03
4.192328227798893837e-03
4.162482883879505512e-03
4.132941607247703729e-03
4.103649437738081905e-03
4.074509858709850219e-03
4.045596921608771331e-03
4.016852156826263356e-03
3.988247765690596316e-03
3.959938225965725818e-03
3.931965741004687237e-03
3.904168262123910646e-03
3.876639870141793121e-03
3.849379148173128710e-03
3.822293315367858175e-03
