2.631944377152100126e-03
2.656130512112312228e-03
2.680079883372497689e-03
2.703842519862332573e-03
2.727253338054711190e-03
2.750549559245186321e-03
2.773645366889513058e-03
2.796519824982605148e-03
2.819184383800268662e-03
2.841480287330822290e-03
2.863685952632423395e-03
2.885766130615011540e-03
2.907769212002896293e-03
2.929676685544541255e-03
2.951468410447999867e-03
2.973284348741870968e-03
2.995088722660467842e-03
3.017137884132308628e-03
3.039425530789217379e-03
3.061921096468293857e-03
3.084890494344582051e-03
3.108399876145910134e-03
3.132690533391584847e-03
3.157946679620544320e-03
3.184035736462923188e-03
3.210956000817114658e-03
3.238675392180841942e-03
3.266970928047953707e-03
3.295806134782927090e-03
3.325227561739771930e-03
3.355229846202281794e-03
3.385806379467737499e-03
3.416978395996663614e-03
3.448912219403645150e-03
3.481671122495669408e-03
3.515170067287754982e-03
3.549422554441930295e-03
3.584400190867014207e-03
3.620017793802893322e-03
3.656378282040966161e-03
3.693293898218973862e-03
3.730863977624638422e-03
3.769128773736507218e-03
3.808297155938946636e-03
3.848489126269373940e-03
3.889694903799721225e-03
3.932018693564775721e-03
3.975575344303176537e-03
4.020285312765778732e-03
4.066280785395284640e-03
4.113671514837431535e-03
4.162471302141713611e-03
4.212629941784914664e-03
4.264112350196529351e-03
4.316845191462454975e-03
4.370810920173600657e-03
4.426096783175513180e-03
4.482518560542924149e-03
4.540111126706875347e-03
4.598961114738829049e-03
4.658889391938993672e-03
4.719947506971001149e-03
4.781918221625594198e-03
4.844981186797883525e-03
4.908840844555724219e-03
4.973759498929074610e-03
5.039640168011968666e-03
5.106359918128891041e-03
5.174058711761422846e-03
5.242420547004629332e-03
5.311483968140811966e-03
5.381175061994711642e-03
5.451621865898136424e-03
5.522628100515539380e-03
5.594177648024683917e-03
5.666250861230758863e-03
5.738914413591527687e-03
5.812127056946277820e-03
5.885831139385629997e-03
5.960006298033930332e-03
6.034541338259316427e-03
6.109655706658042272e-03
6.185220057445165766e-03
6.261457066799158873e-03
6.338268794939938729e-03
6.415594087380003564e-03
6.493386529214592584e-03
6.571800936960956775e-03
6.650618881251056137e-03
6.730127720229157375e-03
6.810181718555029066e-03
6.890434980146273140e-03
6.971051530492408492e-03
7.051973705549685958e-03
7.133057322491104073e-03
7.214111691012274792e-03
7.295474919701817017e-03
7.376900396564596736e-03
7.458349640982583385e-03
7.540005963667956862e-03
7.621697398228217957e-03
7.703293366855362007e-03
7.784766254849319854e-03
7.866144636349117758e-03
7.947614619396478966e-03
8.028957388382471777e-03
8.110337395613530231e-03
8.191653581705387113e-03
8.272793746932341138e-03
8.353880065748078149e-03
8.434793455547776042e-03
8.515522428101397409e-03
8.595862026130881434e-03
8.675980546726531906e-03
8.755916273995446863e-03
8.835602006524887961e-03
8.914970526814461338e-03
8.994131065677016604e-03
9.072800206305523668e-03
9.151111478729217694e-03
9.229309398387369745e-03
9.307201680458770249e-03
9.384951675712455491e-03
9.462617364372172615e-03
9.539986812006000932e-03
9.616875477937700256e-03
9.693288737638978969e-03
9.769492369317449298e-03
9.845275073811237190e-03
9.920757120807130458e-03
9.995677832706491989e-03
1.007003153622389527e-02
1.014394581011073514e-02
1.021744382327491665e-02
1.029067694700556979e-02
1.036328225701820677e-02
1.043555554410411333e-02
1.050753683055048390e-02
1.057915911568332173e-02
1.065036422567800824e-02
1.072098630256273707e-02
1.079094336295408942e-02
1.086037444396427062e-02
1.092938794078168740e-02
1.099797384458132618e-02
1.106612287827920572e-02
1.113372110957000331e-02
1.120063396168394405e-02
1.126711160275572707e-02
1.133310457654585802e-02
1.139860922627085847e-02
1.146369619615569824e-02
1.152826316154706952e-02
1.159237276127908674e-02
1.165600857886474329e-02
1.171888896274608793e-02
1.178070129774326166e-02
1.184179071547324970e-02
1.190215171544187905e-02
1.196164581569817385e-02
1.202037968055303177e-02
1.207772246983340216e-02
1.213412430574749117e-02
1.218937379689023770e-02
1.224362128861985165e-02
1.229675121241257697e-02
1.234854529760807257e-02
1.239936698192299451e-02
1.244914406002625012e-02
1.249762231331891758e-02
1.254499681868071620e-02
1.259106821739104654e-02
1.263623634171590938e-02
1.268024183082815462e-02
1.272304236146724020e-02
1.276475807401476932e-02
1.280523969395709789e-02
1.284428291076169723e-02
1.288205806234447165e-02
1.291846384471199635e-02
1.295346208895134001e-02
1.298725070479637804e-02
1.301959831174347333e-02
1.305009062741178949e-02
1.307904219656589803e-02
1.310631194675865828e-02
1.313231437780127374e-02
1.315682952351577943e-02
1.317977834972011708e-02
1.320080460158673183e-02
1.322008526672207272e-02
1.323784740760540653e-02
1.325416186096444772e-02
1.326906419741921868e-02
1.328239610827915487e-02
1.329424910037783555e-02
1.330452989537324326e-02
1.331344112497190833e-02
1.332067437880080606e-02
1.332623273256624587e-02
1.333049005833650442e-02
1.333350801096346711e-02
1.333538200235209921e-02
1.333602216929965188e-02
1.333531341789552863e-02
1.333360751204184548e-02
1.333062995446338689e-02
1.332656865573257805e-02
1.332121115815704422e-02
1.331484746245618044e-02
1.330753986879982913e-02
1.329930127410326561e-02
1.329018713661757681e-02
1.328023425193034304e-02
1.326971661437178866e-02
1.325878637688223879e-02
1.324727753280265791e-02
1.323536320601282137e-02
1.322277419377680674e-02
1.320954406789262917e-02
1.319585050279412607e-02
1.318133660706594795e-02
1.316610653161177751e-02
1.315039925272243164e-02
1.313401563152357017e-02
1.311708754348717317e-02
1.309962729758800890e-02
1.308154533173144785e-02
1.306297988243570497e-02
1.304400283514567382e-02
1.302430483783913531e-02
1.300409334763942201e-02
1.298341077455960127e-02
1.296238887755972111e-02
1.294078150284071714e-02
1.291884699161308103e-02
1.289644853657892672e-02
1.287408128137512882e-02
1.285143781514947944e-02
1.282855886118248676e-02
1.280537042231916049e-02
1.278179338882587737e-02
1.275797685973460022e-02
1.273395891017768504e-02
1.270969784865060188e-02
1.268519192868234821e-02
1.266044563768433176e-02
1.263544840788174799e-02
1.261017388759240292e-02
1.258462671137754868e-02
1.255897378274158614e-02
1.253301210473888906e-02
1.250675384995608534e-02
1.248037925279507805e-02
1.245390586845207016e-02
1.242726422221392471e-02
1.240045057823157756e-02
1.237334318999384029e-02
1.234599085985680841e-02
1.231854535070390534e-02
1.229101446630873409e-02
1.226321766918463292e-02
1.223517277412649283e-02
1.220689414427699945e-02
1.217845708917010723e-02
1.214993213838567836e-02
1.212136432482787372e-02
1.209264389974932900e-02
1.206350207858323566e-02
1.203399248844361398e-02
1.200393606070674322e-02
1.197350052269652819e-02
1.194312245548607640e-02
1.191250928147668219e-02
1.188170867721831218e-02
1.185087906555247310e-02
1.181992641443344212e-02
1.178876521706259499e-02
1.175732816951645908e-02
1.172560186907962120e-02
1.169347656151405179e-02
1.166122398701200172e-02
1.162889447488375458e-02
1.159633502497923671e-02
1.156375458173335320e-02
1.153108279566008275e-02
1.149808031545613077e-02
1.146494571357874019e-02
1.143140292143393633e-02
1.139768317907412058e-02
1.136374916512554976e-02
1.132954475993151917e-02
1.129498434314643585e-02
1.126035812841771552e-02
1.122547138708367143e-02
1.119030647510912101e-02
1.115501466747692051e-02
1.111961779650217676e-02
1.108398744835812494e-02
1.104820917991826065e-02
1.101240037272421292e-02
1.097623957925608108e-02
1.094001251992976834e-02
1.090353605138858796e-02
1.086699573222333313e-02
1.083028836932207507e-02
1.079328930535201035e-02
1.075588004405652644e-02
1.071818829404126358e-02
1.068016900702820071e-02
1.064188283862293506e-02
1.060342733918007152e-02
1.056459071142452910e-02
1.052551136581881576e-02
1.048620973247178789e-02
1.044679290737049633e-02
1.040694899752236599e-02
1.036695555674649327e-02
1.032680331515167631e-02
1.028637546562974694e-02
1.024574328273411723e-02
1.020495129016459231e-02
1.016396328203111009e-02
1.012276057711170539e-02
1.008144194622619637e-02
1.003995378180733491e-02
9.998299070008662484e-03
9.956598391892631725e-03
9.914845935150155484e-03
9.872895492792802680e-03
9.831009564331963033e-03
9.789189049028895750e-03
9.747279935133246198e-03
9.705149152733582446e-03
9.662757816275261910e-03
9.620204628054592963e-03
9.577532930619336513e-03
9.534591795557472577e-03
9.491559874641366384e-03
9.448431556630115455e-03
9.405403501362416541e-03
9.362112752653006451e-03
9.318699187631068401e-03
9.275069209990119412e-03
9.231425848851089813e-03
9.187838107827981174e-03
9.144226732123781828e-03
9.100568502096829243e-03
9.056822219524017850e-03
9.012975840904272756e-03
8.969017547689101671e-03
8.924931160149010903e-03
8.880993808004064918e-03
8.836941175979667537e-03
8.792849571922644811e-03
8.748786698488622560e-03
8.704642578463631444e-03
8.660445242740216071e-03
8.616264835508400527e-03
8.572213459967982507e-03
8.528179826416223963e-03
8.484292905103970120e-03
8.440434165293223684e-03
8.396518301692797864e-03
8.352768195310453572e-03
8.308961855065556679e-03
8.264991224379061516e-03
8.220803681532775145e-03
8.176648536525232130e-03
8.132497341667441551e-03
8.088244169111521303e-03
8.044016311270640526e-03
7.999849025632143826e-03
7.955666950775286753e-03
7.911470848200520545e-03
7.867412844053719989e-03
7.823406590201529773e-03
7.779423800106003740e-03
7.735512977321202209e-03
7.691513379803257937e-03
7.647450515483740843e-03
7.603350488580538045e-03
7.559301784139258774e-03
7.515339402189926549e-03
7.471490268628576750e-03
7.427608210453999320e-03
7.383643891068304710e-03
7.339588142487048390e-03
7.295391474648230470e-03
7.251188398543449536e-03
7.206944448055034765e-03
7.162668218875326356e-03
7.118363306731595799e-03
7.074009242586162989e-03
7.029694088126846492e-03
6.985447192170719972e-03
6.941177941297904837e-03
6.896868286646426656e-03
6.852364913258887462e-03
6.807780829992969573e-03
6.763096989838550226e-03
6.718193152566261615e-03
6.673218372843488580e-03
6.628233938773085178e-03
6.583186484569274882e-03
6.537966896644923330e-03
6.492681412329295854e-03
6.447380276294057896e-03
6.402049261015970057e-03
6.356555472998691274e-03
6.310953970031598671e-03
6.265398824729074244e-03
6.219701333007658997e-03
6.173975856707468804e-03
6.128310364010279912e-03
6.082624375618229245e-03
6.037041883697398179e-03
5.991442938062845752e-03
5.945847481719005595e-03
5.900261922876934122e-03
5.854527163809926556e-03
5.808799759654585670e-03
5.763148158204806082e-03
5.717537292883695561e-03
5.672032633320521489e-03
5.626579591232749866e-03
5.581063561735939704e-03
5.535598978735195401e-03
5.490093648267558267e-03
5.444641377261449575e-03
5.399328480192444081e-03
5.354171821174085778e-03
5.309047036432025697e-03
5.264121218157395005e-03
5.219254405405999997e-03
5.174585932033084167e-03
5.130074855982555762e-03
5.085667320246213541e-03
5.041352856018505024e-03
4.997072166523822481e-03
4.952865475282267407e-03
4.908740811486728486e-03
4.864775153861039363e-03
4.820841452157850412e-03
4.777051622688420832e-03
4.733450828362149865e-03
4.690002746118164187e-03
4.646663195395823315e-03
4.603565475081054792e-03
4.560593347543832193e-03
4.517736529178762069e-03
4.475036341845022719e-03
4.432546000060546068e-03
4.390203480151695821e-03
4.348011353424757058e-03
4.306070576657172917e-03
4.264362934702154058e-03
4.222820668789465173e-03
4.181491494205720472e-03
4.140410089145563945e-03
4.099575383697841996e-03
4.058956552852505811e-03
4.018653882317814799e-03
3.978641640074397773e-03
3.938855877599605620e-03
3.899320896017830201e-03
3.859989339955604334e-03
3.820959003086392327e-03
3.782197613197886294e-03
3.743668900131777184e-03
3.705360261162672642e-03
3.667257504593925393e-03
3.629357230975843642e-03
3.591741194058476177e-03
3.554342231069642418e-03
3.517280156725830029e-03
3.480435933761386394e-03
3.443770757142287312e-03
3.407333578035403199e-03
3.371233613019033494e-03
3.335450777676643355e-03
3.299963076688978893e-03
3.264643550116417062e-03
3.229489387081194238e-03
3.194471701560736530e-03
3.159662013932430444e-03
3.125044712084956971e-03
3.090589916899004995e-03
3.056311404434676644e-03
3.022157952674916961e-03
2.988239492506203094e-03
2.954553052737054260e-03
2.921010459416124427e-03
2.887692004911559737e-03
2.854610305517560950e-03
2.821756868800622941e-03
2.789079106638565463e-03
2.756604236639637745e-03
2.724301795223736406e-03
2.692244857868954146e-03
