7.627400713018678280e-03
7.608224438858664056e-03
7.589976785005577049e-03
7.573014685779038031e-03
7.556928476202776079e-03
7.541976757123333361e-03
7.529153262616476543e-03
7.517806162208084779e-03
7.508214135988787105e-03
7.499896749326734162e-03
7.492713647102400114e-03
7.487225265590914842e-03
7.483478436397999339e-03
7.481708096501903799e-03
7.481373626442157192e-03
7.483279384221835570e-03
7.486905290235447083e-03
7.491701047486793059e-03
7.498498923665874831e-03
7.507829304699719167e-03
7.518925243882240012e-03
7.531490692910594413e-03
7.545283860479851286e-03
7.560141096915668456e-03
7.576063211988724386e-03
7.593145511691780022e-03
7.610723014238401918e-03
7.630079927621693549e-03
7.650607173505589477e-03
7.672301714240410166e-03
7.694128544494169969e-03
7.717158045573799946e-03
7.739249108418976182e-03
7.760781253834062726e-03
7.781903026426063331e-03
7.801673452107706595e-03
7.820629014836433246e-03
7.839063780338917029e-03
7.856276093780548142e-03
7.872629516458590215e-03
7.887670552916871414e-03
7.901174117616111686e-03
7.911094344058367325e-03
7.918962136774459690e-03
7.925873927547526579e-03
7.931177696001266361e-03
7.934827087596895215e-03
7.937381261727464651e-03
7.938445173320480067e-03
7.938116300616415710e-03
7.937240606808426344e-03
7.935459293828517682e-03
7.933154662360712706e-03
7.930072619563324071e-03
7.926414208317892132e-03
7.921756357939810020e-03
7.916425960054913544e-03
7.911120071201521026e-03
7.904837355039186914e-03
7.898147521152221531e-03
7.891181054707130035e-03
7.884003498995598852e-03
7.876723337330025429e-03
7.869566532987069124e-03
7.862782768471930639e-03
7.855909755221344992e-03
7.848713139308799089e-03
7.841705074941685699e-03
7.834273758787027239e-03
7.826896174691877137e-03
7.819149158081052653e-03
7.811159767651502939e-03
7.802878448705801752e-03
7.794738660983233265e-03
7.786987765313053804e-03
7.779833790384861614e-03
7.772926521247771822e-03
7.765912857144417758e-03
7.759021732469586347e-03
7.752140649395613918e-03
7.745584905227382438e-03
7.739232694511426203e-03
7.733086803650864732e-03
7.727084072713087670e-03
7.721346356636184585e-03
7.715862880036412214e-03
7.710488082238512592e-03
7.705256189493549061e-03
7.700545511480800902e-03
7.695983041639447957e-03
7.691513990385426963e-03
7.686684568363514290e-03
7.681679514531587760e-03
7.676550167507846870e-03
7.671498883243816312e-03
7.666336316909090273e-03
7.661304504248371214e-03
7.656684101032392928e-03
7.652436898829165050e-03
7.648308060022143001e-03
7.644113594978347095e-03
7.639795267705100715e-03
7.635752325520237492e-03
7.631783235948574537e-03
7.627776993978417110e-03
7.623023300002721922e-03
7.617943962842310505e-03
7.612977577354275438e-03
7.608236795077467397e-03
7.603429933803576221e-03
7.599036501619782155e-03
7.595552175649685107e-03
7.592108222367347815e-03
7.588967701812460859e-03
7.585757272054333318e-03
7.582759065125308472e-03
7.580212763237338149e-03
7.577827099399992231e-03
7.575589767576011192e-03
7.572944085630820867e-03
7.570225286581440741e-03
7.567184353267187441e-03
7.563544555674798012e-03
7.560030013691864184e-03
7.556141952175788462e-03
7.552660053656529843e-03
7.550218465836098028e-03
7.548065776676001794e-03
7.546465091225668977e-03
7.545304668696721333e-03
7.543954836574964969e-03
7.542343087172079415e-03
7.540806884019464126e-03
7.539585372767478033e-03
7.538435787879561520e-03
7.537336879325725464e-03
7.535907570172268449e-03
7.534641538034451969e-03
7.533647408063478060e-03
7.532901645000491218e-03
7.531681546387021704e-03
7.530241491574914472e-03
7.529248424789027408e-03
7.528069276097021194e-03
7.526576134232799455e-03
7.525368621694276949e-03
7.524424243593968824e-03
7.523542491177619661e-03
7.523075713569899077e-03
7.522571915449477974e-03
7.522061159941602522e-03
7.521435440226407337e-03
7.521038859066111505e-03
7.521112824690943076e-03
7.521331337379795132e-03
7.521878078451032200e-03
7.522610820756781003e-03
7.523664718629937027e-03
7.524725199385955132e-03
7.526097483348375902e-03
7.527489034469164557e-03
7.528901744776876626e-03
7.530879541307853448e-03
7.533261632725805207e-03
7.536039590954694486e-03
7.539362294082060760e-03
7.542886036046293936e-03
7.546675683697623774e-03
7.550806591415002225e-03
7.554980002967193534e-03
7.559507509003198129e-03
7.563880761630947802e-03
7.568689225465489133e-03
7.573750563207377190e-03
7.578668173202406620e-03
7.583680560779479905e-03
7.588674175934634163e-03
7.593713887535919957e-03
7.598904480590276851e-03
7.604140197968371415e-03
7.609511618347875733e-03
7.614887769087027442e-03
7.619730045416642575e-03
7.624756938193654604e-03
7.630175955254517306e-03
7.636016604906417302e-03
7.642062356584020805e-03
7.648297607022847000e-03
7.654563506241930833e-03
7.661027664174710830e-03
7.667676997621350118e-03
7.674174530964745881e-03
7.680715189885368999e-03
7.687304453196123696e-03
7.693994941242523165e-03
7.701218972419134057e-03
7.708696441713623268e-03
7.716391264806139218e-03
7.724261587565498487e-03
7.732201454570400596e-03
7.740099408508683762e-03
7.748135892207892381e-03
7.756453361721759275e-03
7.764681847057620066e-03
7.772900807388781821e-03
7.780978967311304000e-03
7.788888676981429136e-03
7.796882516851002740e-03
7.805018303504755554e-03
7.813334535137704887e-03
7.821914487083509934e-03
7.830939594765422979e-03
7.840189325094273562e-03
7.849263327756378014e-03
7.858171983662023963e-03
7.867033130579108996e-03
7.876050455290183050e-03
7.885097201494151858e-03
7.894215728312465458e-03
7.903435203057935371e-03
7.912818687689105596e-03
7.922262103830573707e-03
7.931600484062259482e-03
7.941193296925838987e-03
7.950654000195471818e-03
7.960248116666670745e-03
7.969859605041916886e-03
7.979355798088373641e-03
7.988968886553470330e-03
7.998387433616074502e-03
8.007679628542065803e-03
8.017118315284751592e-03
8.026443188862723496e-03
8.035695200261259649e-03
8.045022339349741647e-03
8.054438648389479830e-03
8.064024192393857288e-03
8.073709193393409020e-03
8.083051577645142607e-03
8.092204495448224524e-03
8.101029332320751689e-03
8.109842590216267272e-03
8.118645655610266451e-03
8.127352992558999414e-03
8.136030446218953105e-03
8.144505429196487178e-03
8.152954159666983211e-03
8.161327615390340587e-03
8.169774612831668531e-03
8.178015855657633573e-03
8.186123791447487419e-03
8.194292099171109414e-03
8.202373521657592773e-03
8.210496771331531052e-03
8.218516012395839926e-03
8.226538483539960062e-03
8.234318426117796449e-03
8.242017638505237317e-03
8.249532514136371023e-03
8.256843017031773382e-03
8.264107681436819869e-03
8.271546251048506049e-03
8.279010292657066825e-03
8.286493382865465704e-03
8.293731103918454070e-03
8.300669099708030130e-03
8.307589995632030586e-03
8.314387634304448715e-03
8.321450133258766202e-03
8.328505810800683473e-03
8.335455373565446233e-03
8.341831409994768243e-03
8.348043389020537441e-03
8.353916443824483534e-03
8.359486548514209053e-03
8.365126810638034635e-03
8.370791660954987612e-03
8.376719258412310132e-03
8.382705802002725359e-03
8.388639149204712639e-03
8.394419430676015870e-03
8.399844061187987029e-03
8.405101284251984689e-03
8.410442312285918223e-03
8.415732896288765849e-03
8.420589734203383012e-03
8.425289447244199009e-03
8.430074319091011500e-03
8.434886203767179291e-03
8.439530624302315348e-03
8.444021750337104421e-03
8.448342456425041169e-03
8.452592957355771139e-03
8.456662363259755816e-03
8.460876043163969781e-03
8.465037756501083907e-03
8.468959679757928627e-03
8.472835160112560104e-03
8.476653432264754165e-03
8.480433189714222525e-03
8.484120728363207797e-03
8.487841021793542107e-03
8.491569049134436997e-03
8.495356015986596510e-03
8.499247459585560285e-03
8.503432673202769576e-03
8.507914274758332507e-03
8.512764514507269176e-03
8.517735448168868573e-03
8.522409452675783897e-03
8.526812352311801194e-03
8.531020540429860854e-03
8.535195272224620211e-03
8.539405664938005611e-03
8.543482450746426107e-03
8.547553680629507017e-03
8.551656567905756637e-03
8.555736335585805222e-03
8.559792636131472246e-03
8.563638705904352486e-03
8.567472528927850758e-03
8.571421880872849564e-03
8.575253670976661080e-03
8.578950642703997778e-03
8.582508112721260254e-03
8.586333379441082533e-03
8.590153268697353975e-03
8.593927090853846484e-03
8.597690050403639442e-03
8.601463293659655784e-03
8.605073362442185181e-03
8.608536098373959985e-03
8.612022010375175105e-03
8.615463274610280983e-03
8.618827192195584880e-03
8.621960885860971077e-03
8.624852249784646652e-03
8.627756649043626450e-03
8.630788528474995017e-03
8.633903427866174846e-03
8.637243977783846255e-03
8.640513098926562094e-03
8.643860244820307862e-03
8.647025559061627745e-03
8.650072262708839027e-03
8.653123185342023391e-03
8.656253887046961096e-03
8.659401710580178629e-03
8.662595255416523365e-03
8.665952076424088615e-03
8.669134759440070073e-03
8.672363345993788081e-03
8.675661416549908592e-03
8.678912856206564413e-03
8.682182163804518654e-03
8.685287974967171101e-03
8.688443050795574898e-03
8.691768085300203422e-03
8.695126377372549079e-03
8.698584267006042800e-03
8.702074537528583023e-03
8.705714386178153505e-03
8.709333142087086546e-03
8.712835469993001486e-03
8.716173702330987441e-03
8.719340381292994477e-03
8.722676917750705680e-03
8.726216685634115636e-03
8.729809382879788471e-03
8.733270760803737293e-03
8.736751580247000687e-03
8.740267052917621154e-03
8.743872826932879566e-03
8.747465222498829532e-03
8.750999830311682881e-03
8.754435286033127386e-03
8.757951623706114463e-03
8.761233590567563817e-03
8.764791078751341460e-03
8.768392363823068747e-03
8.772240734553550523e-03
8.776153725899578373e-03
8.780371373372163404e-03
8.784801472225892138e-03
8.789046127058991811e-03
8.793249391123192371e-03
8.797446211541134001e-03
8.801735034196456198e-03
8.806296808203660162e-03
8.810980025866149007e-03
8.815790290864726833e-03
8.820981129759602676e-03
8.826300318412643939e-03
8.831728225461125958e-03
8.837269879125069644e-03
8.842936097504061274e-03
8.848681686364847504e-03
8.854476851070011353e-03
8.860517355483262664e-03
8.866884580619188369e-03
8.873373003934174538e-03
8.880049307281782586e-03
8.886820014772417800e-03
8.893777876182158357e-03
8.900915105971858587e-03
8.908320150437366511e-03
8.915899250954040234e-03
8.923621062985522684e-03
8.931407164289270270e-03
8.939215885761129729e-03
8.947053712409877568e-03
8.955108911984874590e-03
8.963255830398792964e-03
8.971421006154892824e-03
8.979775969513997466e-03
8.988315968421284330e-03
8.996956943054886316e-03
9.005767693960114659e-03
9.014633646722010341e-03
9.023614997628241416e-03
9.032644127823140356e-03
9.041762982265274390e-03
9.051123033227874773e-03
9.060757534065705734e-03
9.070630310874723198e-03
9.080500610914676515e-03
9.090475765580016687e-03
9.100645292918367601e-03
9.110802913670624711e-03
9.120945623727859386e-03
9.131347549173267353e-03
9.142121605550682095e-03
9.153114025353419406e-03
9.164195283402483752e-03
9.175466250814360777e-03
9.186828241723860727e-03
9.198473403154293349e-03
9.210203544224747005e-03
9.222135805003918788e-03
9.234168977166203052e-03
9.246283557885830520e-03
9.258480667188222560e-03
9.270969545221798697e-03
9.283768281254030016e-03
9.296912733043321414e-03
9.310338488343243915e-03
9.323817140295962216e-03
9.337750908085676663e-03
9.351992330199810147e-03
9.366416836699708454e-03
9.381143836077091014e-03
9.396081807286382412e-03
9.411206500747769724e-03
9.426536999180301982e-03
9.442080819911734257e-03
9.457947423758933728e-03
9.473770389810712636e-03
9.489683635829854538e-03
9.505717347225528177e-03
9.522019591490878468e-03
9.538528880493980788e-03
9.555172446620133903e-03
9.571943843351140083e-03
9.588917110158102011e-03
9.605864043752304279e-03
9.622894775333949713e-03
9.640352049983556826e-03
9.657912362562606073e-03
9.675748276215105984e-03
9.693755822801127658e-03
9.712039568063091793e-03
9.730494115806351610e-03
9.748971278275314623e-03
9.767630147139409399e-03
9.786447676777113719e-03
9.805503621014857729e-03
9.824633280134595359e-03
9.843792268361914802e-03
9.862930366666669904e-03
9.881998102357772776e-03
9.901151303025974501e-03
9.920407895217522518e-03
9.939884103193916479e-03
9.959552952537666787e-03
9.979371385746605566e-03
9.999209779942406021e-03
1.001912918959034157e-02
1.003904829405670440e-02
1.005881617028841525e-02
1.007857083401511762e-02
1.009835134607111468e-02
1.011847485724083444e-02
1.013849532653857480e-02
1.015886983441840162e-02
1.017922446469558297e-02
1.019956365519170821e-02
1.021984520108654669e-02
1.024008468621830439e-02
1.026020281148660659e-02
1.028027564739323121e-02
