1.398616911344420857e-02
1.392118807255547479e-02
1.385709688187042668e-02
1.379441580223267697e-02
1.373164566944706268e-02
1.366921570641940059e-02
1.360704397993016922e-02
1.354711162604827976e-02
1.348808413759800678e-02
1.343057929690033049e-02
1.337456082173111606e-02
1.331940154011987225e-02
1.326636106859795453e-02
1.321673045307816298e-02
1.316951106623055409e-02
1.312474860294153209e-02
1.308207023618035598e-02
1.304108866332473297e-02
1.300106013000122164e-02
1.296326187138207263e-02
1.292748185255567124e-02
1.289429730267008418e-02
1.286458079782739142e-02
1.283863550164456892e-02
1.281693851978290243e-02
1.279901465579545011e-02
1.278414263288699289e-02
1.277104384638967464e-02
1.275938120604041409e-02
1.274958527508863668e-02
1.274012218300479143e-02
1.273324564240265085e-02
1.272837688328857901e-02
1.272493176914700659e-02
1.272125395026244346e-02
1.271718129874656322e-02
1.271319241057837154e-02
1.270987960748361754e-02
1.270753216261425768e-02
1.270542231390250562e-02
1.270295167337021428e-02
1.270012862515438636e-02
1.269691688973504339e-02
1.269411502275121818e-02
1.269105936659283874e-02
1.268830648359645617e-02
1.268602859547094709e-02
1.268388425104675053e-02
1.268194965571504615e-02
1.268000260376453761e-02
1.267814837821956003e-02
1.267613353801378025e-02
1.267437242400461413e-02
1.267260441920975249e-02
1.267025800114982004e-02
1.266762428163605708e-02
1.266482664828507548e-02
1.266229698347878102e-02
1.266001675023496233e-02
1.265702226635398789e-02
1.265380351386363386e-02
1.265027495274654266e-02
1.264628883061110799e-02
1.264226919119988864e-02
1.263776110819057365e-02
1.263293874682304418e-02
1.262753555031262409e-02
1.262211021368031191e-02
1.261613444004341250e-02
1.260952871160182613e-02
1.260202565263806099e-02
1.259439484366872523e-02
1.258692829779786693e-02
1.257927868988664884e-02
1.257128682373289015e-02
1.256249409706837114e-02
1.255319080172828672e-02
1.254324464440066678e-02
1.253280235720158169e-02
1.252213174939149909e-02
1.251097706317251881e-02
1.249916877006228971e-02
1.248701264090676215e-02
1.247466366880337248e-02
1.246221343465500099e-02
1.244952892883740420e-02
1.243659049421762079e-02
1.242315823311561894e-02
1.240974253713298878e-02
1.239618970918907222e-02
1.238245317267888494e-02
1.236838945035310250e-02
1.235434829235805901e-02
1.233954889432264772e-02
1.232437705601900635e-02
1.230900267001553382e-02
1.229353635066333938e-02
1.227783656803265941e-02
1.226178339730514370e-02
1.224528932330619033e-02
1.222902484369781453e-02
1.221235449823954329e-02
1.219548024367083511e-02
1.217834319276470990e-02
1.216079400001285511e-02
1.214300850459446197e-02
1.212477932394894452e-02
1.210648989938781055e-02
1.208829107268073570e-02
1.206983432721438210e-02
1.205114455750318919e-02
1.203235011950261335e-02
1.201354899809879348e-02
1.199470382727878086e-02
1.197573082458736927e-02
1.195658421049954588e-02
1.193723641506410325e-02
1.191792599986243005e-02
1.189834211820249739e-02
1.187837851361981355e-02
1.185854550331744313e-02
1.183849411122313115e-02
1.181822697812754189e-02
1.179793113757949229e-02
1.177730249898661236e-02
1.175643740349438700e-02
1.173522775801058744e-02
1.171372273902540097e-02
1.169194381246185625e-02
1.167024263427642213e-02
1.164820813780556227e-02
1.162605662536132616e-02
1.160376674121835205e-02
1.158131565112476176e-02
1.155870544806749008e-02
1.153587114622713246e-02
1.151277535933018653e-02
1.148932926284295698e-02
1.146560987916770899e-02
1.144158579439294790e-02
1.141760648358265164e-02
1.139341292023569527e-02
1.136921629188922429e-02
1.134478306789428459e-02
1.132009970964144990e-02
1.129510349165374454e-02
1.127013058714323480e-02
1.124481613054472730e-02
1.121929216973742427e-02
1.119374428758130799e-02
1.116800887837532397e-02
1.114226061513613926e-02
1.111618499806698093e-02
1.109022584636722500e-02
1.106387831378820123e-02
1.103742031636890594e-02
1.101066980756763500e-02
1.098379096729927562e-02
1.095687865818280662e-02
1.092995729698982739e-02
1.090271894071205387e-02
1.087536628749356284e-02
1.084774958288124529e-02
1.082009759041811271e-02
1.079219094756948306e-02
1.076397020156978461e-02
1.073560307403303646e-02
1.070711236385122646e-02
1.067852660475214314e-02
1.064981642557163467e-02
1.062123223263009182e-02
1.059253363837027104e-02
1.056350231546763531e-02
1.053415271606860174e-02
1.050451168672914513e-02
1.047467311448672771e-02
1.044465242701437743e-02
1.041442545116133718e-02
1.038411623056898284e-02
1.035372989604496294e-02
1.032327490250096493e-02
1.029286928832726100e-02
1.026265052123935886e-02
1.023235808176917346e-02
1.020203247033118175e-02
1.017155979975306254e-02
1.014098930236507524e-02
1.011075305014182309e-02
1.008055697372488291e-02
1.005028172673755500e-02
1.002031608039053931e-02
9.990694675404769923e-03
9.960989892625872477e-03
9.931383321497613478e-03
9.901947117880357738e-03
9.872318948394208371e-03
9.842859157699876405e-03
9.813585863786861152e-03
9.784583972802598367e-03
9.755548797786037923e-03
9.726862800184456204e-03
9.698408767733169081e-03
9.670350886441705929e-03
9.642593060350262632e-03
9.615107957390730403e-03
9.587788268812499903e-03
9.560463418184731582e-03
9.533532297552754081e-03
9.506771863082573090e-03
9.480326436158493728e-03
9.454072072492740106e-03
9.428011194347479113e-03
9.402152285378034130e-03
9.376637201495001406e-03
9.351349180695753618e-03
9.326261254970788159e-03
9.301688819040506220e-03
9.277410331866171520e-03
9.253289087068012134e-03
9.229505446802425614e-03
9.205871276436187328e-03
9.182244884627686204e-03
9.158708479026790236e-03
9.135438646366853335e-03
9.112291766243162464e-03
9.089074150378658248e-03
9.065936026247320423e-03
9.042957278055107490e-03
9.020212340261275427e-03
8.997644834516265941e-03
8.975244740780350533e-03
8.952972715632164652e-03
8.930796767857879237e-03
8.908625892909811939e-03
8.886578504341708165e-03
8.864697442593764964e-03
8.842934802841465394e-03
8.821451658243670627e-03
8.800165382308789211e-03
8.778908039630004337e-03
8.757787005573430122e-03
8.736651178619714297e-03
8.715575235270391422e-03
8.694460102540338409e-03
8.673361416008697200e-03
8.652290968685531075e-03
8.631112975408122140e-03
8.610065504551940238e-03
8.588870078424050425e-03
8.567778925017381988e-03
8.546686372678266239e-03
8.525402558483439683e-03
8.504015395330745755e-03
8.482583570085909172e-03
8.461338770304879450e-03
8.440119723037195487e-03
8.418763967845485294e-03
8.397374136942956091e-03
8.375950857205794256e-03
8.354495852963895672e-03
8.333064291401423226e-03
8.311685147613347840e-03
8.290216405066505936e-03
8.268468264282275923e-03
8.246708841442490501e-03
8.224884980813527632e-03
8.203088066210818818e-03
8.181174481416281230e-03
8.159234946190484922e-03
8.137188878154982818e-03
8.115149967367191880e-03
8.092887574329462458e-03
8.070670838182724890e-03
8.048402464409718654e-03
8.025971475376293685e-03
8.003404827046806461e-03
7.980707021863375772e-03
7.957931035026526503e-03
7.935135715640861953e-03
7.912130635093533176e-03
7.888970247890564336e-03
7.865812756828545818e-03
7.842591613269543974e-03
7.819265520673119793e-03
7.795876284588462365e-03
7.772374516112112545e-03
7.748732833389346611e-03
7.724776522679919349e-03
7.700698362687471814e-03
7.676471750174885568e-03
7.652032557253031497e-03
7.627570229595747979e-03
7.602975298668109873e-03
7.578382208513666229e-03
7.553603348106248568e-03
7.528810476569561955e-03
7.503928830031849663e-03
7.478960129264370683e-03
7.454009372984781237e-03
7.428952620491400399e-03
7.403610916573211999e-03
7.378175415475741322e-03
7.352693658960083971e-03
7.327118740260654510e-03
7.301503158976497751e-03
7.275802855454760465e-03
7.249892233935478596e-03
7.223896598830157820e-03
7.197877330292814027e-03
7.171715518979730232e-03
7.145346550861651769e-03
7.118901015359653181e-03
7.092260405111964344e-03
7.065568421967029396e-03
7.038732272195644298e-03
7.011745656236720130e-03
6.984618179818065549e-03
6.957342130455241268e-03
6.930131725479444713e-03
6.902871870794492597e-03
6.875395222911369342e-03
6.847840957249056067e-03
6.820123907553549657e-03
6.792251151210825129e-03
6.764485012381623273e-03
6.736741790335868015e-03
6.708800210301233032e-03
6.680716941162432448e-03
6.652508310361639719e-03
6.624360715971724760e-03
6.596133612957985268e-03
6.567839611679586118e-03
6.539638557601367384e-03
6.511274987935473935e-03
6.482839887828662807e-03
6.454431767881171032e-03
6.425895474606349057e-03
6.397236432068311406e-03
6.368587153982936851e-03
6.339778657751594416e-03
6.310835842092514525e-03
6.281693566527963950e-03
6.252474463236137869e-03
6.223218604867464254e-03
6.193812283844152972e-03
6.164261033983583181e-03
6.134518707898136206e-03
6.104769006600983990e-03
6.074997956203299215e-03
6.045276770912814956e-03
6.015447657181441365e-03
5.985484109156741055e-03
5.955431767766454325e-03
5.925247187811283692e-03
5.894857266817761336e-03
5.864475161116246282e-03
5.834029184135304351e-03
5.803526789804772622e-03
5.772922124981817206e-03
5.742269810627147371e-03
5.711638278786048718e-03
5.680996885274900050e-03
5.650176000837903341e-03
5.619178447875934103e-03
5.588229307252738989e-03
5.557236328908978298e-03
5.526334250661130675e-03
5.495438741486279553e-03
5.464418325759578567e-03
5.433437166973248758e-03
5.402327888455780470e-03
5.371207450027764424e-03
5.340080313614068395e-03
5.308949036391953993e-03
5.277697497643264735e-03
5.246449899499159436e-03
5.215165666120138120e-03
5.183824354720720749e-03
5.152538236372935024e-03
5.121211296884575596e-03
5.089854640478824917e-03
5.058575588191230148e-03
5.027258711740518679e-03
4.996062584757917334e-03
4.964763529464872628e-03
4.933404851606773556e-03
4.902232936115002646e-03
4.871026445495381559e-03
4.839903104032843538e-03
4.808886602376654697e-03
4.777887420132718305e-03
4.747016187461397703e-03
4.716216941727745769e-03
4.685513213075352158e-03
4.655024933714163073e-03
4.624552632630405183e-03
4.594149253170374050e-03
4.563745825954419570e-03
4.533368105218579802e-03
4.503058068766035288e-03
4.472764697457352889e-03
4.442562100961314556e-03
4.412432995104267203e-03
4.382324747589675003e-03
4.352360845908932740e-03
4.322456528129412293e-03
4.292584529596908324e-03
4.262839993169803381e-03
4.233248880126638455e-03
4.203685048658260988e-03
4.174177148932647734e-03
4.144790916007561228e-03
4.115422769312439798e-03
4.086107580571789709e-03
4.056832998441423956e-03
4.027631548309511776e-03
3.998550445358026520e-03
3.969524528778596746e-03
3.940594817473248336e-03
3.911759916822230010e-03
3.882970019918594463e-03
3.854257148823581752e-03
3.825570928338068669e-03
3.796966842534691029e-03
3.768362472995684213e-03
3.739832611502760112e-03
3.711428156147134408e-03
3.683226317344608872e-03
3.655176698635494506e-03
3.627296312437493318e-03
3.599388517757668576e-03
3.571575999822307421e-03
3.543897972484423564e-03
3.516380532177364616e-03
3.488983902073010662e-03
3.461737094583904831e-03
3.434657797816198770e-03
3.407698616302575617e-03
3.380814094961306394e-03
3.354018077144069621e-03
3.327316811010364202e-03
3.300705270303237390e-03
3.274185505070280940e-03
3.247843408491218106e-03
3.221721123152421727e-03
3.195675526410535639e-03
3.169702535428788482e-03
3.143901166641127273e-03
3.118163889804041397e-03
3.092607189134795320e-03
3.067151430665061070e-03
3.041821481325932778e-03
3.016655127417922598e-03
2.991629386781930258e-03
2.966778678332406081e-03
2.942103181218692128e-03
2.917546361789150316e-03
2.893200004958303151e-03
2.868975510428569808e-03
2.844875239462693779e-03
2.820957162511481073e-03
2.797174055507168234e-03
2.773534465147025740e-03
2.750055105113890196e-03
2.726717667821882459e-03
2.703599839853731372e-03
2.680613612738775610e-03
2.657783810348137918e-03
2.635133426815671788e-03
2.612637803879930189e-03
2.590294121788136363e-03
2.568115570671998093e-03
2.546020590790242216e-03
2.524116614746688744e-03
2.502340567901318018e-03
2.480752404527295039e-03
2.459332260028052747e-03
2.438111266818924344e-03
2.417015342186799517e-03
2.396135316108168479e-03
2.375397263309905575e-03
2.354796314472587873e-03
2.334307062441916096e-03
2.314024634724653508e-03
2.293859341278583607e-03
2.273795280172142760e-03
2.253912080416770741e-03
2.234148664601586908e-03
2.214508608961725245e-03
2.195038943256677477e-03
2.175792419838818836e-03
2.156696374983012570e-03
2.137774642180827883e-03
2.119012337870486342e-03
2.100417532876033486e-03
2.082005682566112192e-03
2.063703478513145839e-03
2.045466098662133709e-03
2.027356422183852671e-03
2.009405805650012547e-03
