8.943017661494263165e-03
8.886807812410208590e-03
8.830121108534660229e-03
8.772587765943347035e-03
8.715152281403527532e-03
8.658173854469134248e-03
8.600958121655540370e-03
8.544536440540543426e-03
8.488976917371150038e-03
8.433870199876705026e-03
8.379066401855969626e-03
8.324631883785009456e-03
8.271131166032751059e-03
8.218403488957786579e-03
8.165476829382701043e-03
8.112623321743209562e-03
8.060154206891698148e-03
8.007872279738948232e-03
7.955030349662621861e-03
7.902597735879363441e-03
7.850800541470602523e-03
7.799247065297548222e-03
7.748179676154949742e-03
7.696479585942987700e-03
7.645106421137195032e-03
7.593459284471802337e-03
7.542413668001951045e-03
7.492340003536756936e-03
7.441546812894719691e-03
7.390223767834203789e-03
7.338208417231815647e-03
7.285812735698799641e-03
7.233370791338753457e-03
7.180210350150722023e-03
7.126434281777755710e-03
7.071898287786920236e-03
7.016746012617936130e-03
6.960975100610422225e-03
6.904842750861393472e-03
6.847875042667659999e-03
6.790829506536275560e-03
6.733613431626745034e-03
6.676128521828523892e-03
6.619071304717283333e-03
6.562702976512438738e-03
6.507456102921844662e-03
6.452869266078762288e-03
6.398530809197709203e-03
6.345092403694744393e-03
6.292705772934181936e-03
6.241383656688433319e-03
6.191738439684605147e-03
6.143736171625639383e-03
6.097212104422980103e-03
6.051777926531776153e-03
6.007605777725985238e-03
5.964743265194723601e-03
5.922798729967510001e-03
5.882214550526125747e-03
5.842587635956249248e-03
5.804120850706819511e-03
5.766873927786833089e-03
5.730635432394434042e-03
5.695503091724821512e-03
5.661362594513808487e-03
5.628140096754815323e-03
5.595593167848784619e-03
5.563558972387480997e-03
5.531834690917969768e-03
5.500323511381196608e-03
5.469132294756819460e-03
5.438350174915550575e-03
5.408480813706311764e-03
5.379431724012654140e-03
5.351056277609161221e-03
5.323382247985951853e-03
5.295976527547629695e-03
5.268920529952377842e-03
5.242396311116727728e-03
5.216625640421895978e-03
5.191500446882729540e-03
5.167221502029878226e-03
5.143732272237897842e-03
5.120962217240734686e-03
5.098520658577293009e-03
5.076429690700793793e-03
5.054723200902903370e-03
5.033390173548930868e-03
5.012704678664719679e-03
4.992544360886035267e-03
4.972731927613715207e-03
4.953431278298997022e-03
4.934833181755880760e-03
4.916773816157414372e-03
4.899052828375416967e-03
4.881420111777570736e-03
4.864270988438963023e-03
4.847584198288549043e-03
4.831221302449660061e-03
4.815280665021012124e-03
4.799532225784546892e-03
4.784091300837489333e-03
4.768801543420912031e-03
4.753826524472651999e-03
4.739203936521729082e-03
4.724989191635857975e-03
4.711312219470490878e-03
4.698174094967604367e-03
4.685242350827237973e-03
4.672629158930526050e-03
4.660139194054984529e-03
4.647898779353362361e-03
4.635917248889021187e-03
4.623986589656805223e-03
4.612340987382667311e-03
4.600982967086580076e-03
4.590035221273387755e-03
4.579484470342137618e-03
4.569128824924379231e-03
4.559225697237323516e-03
4.549773856012874311e-03
4.540628449647238392e-03
4.531805022586135080e-03
4.523504860547347163e-03
4.515593621212563198e-03
4.508602290708860205e-03
4.502070756465498258e-03
4.495819602896763620e-03
4.489746593845182418e-03
4.483776133562135391e-03
4.478069049828198311e-03
4.472797692579424077e-03
4.467824327618068539e-03
4.463228058054615442e-03
4.458618299386990155e-03
4.453924046962343467e-03
4.449203030369232835e-03
4.444563415945087734e-03
4.440200447170104814e-03
4.436270532209447490e-03
4.432825550807022001e-03
4.429665934203720623e-03
4.426781943461344931e-03
4.424245156924968073e-03
4.422062249844178373e-03
4.420059381525952812e-03
4.418251657560817204e-03
4.416912459925544966e-03
4.416023018264083645e-03
4.415488588501182213e-03
4.415363524625786663e-03
4.415453609349424824e-03
4.415781113190382114e-03
4.416519907857078403e-03
4.417684484088410697e-03
4.419374444814582956e-03
4.421457076187015195e-03
4.423735721723234815e-03
4.426349280424574616e-03
4.429120384593288572e-03
4.432274385219990391e-03
4.435958751610882302e-03
4.439893065397919163e-03
4.443982390655120199e-03
4.448502689045674696e-03
4.453462364246473307e-03
4.458919211109499230e-03
4.464854401606116290e-03
4.471182472142399590e-03
4.477988238756868029e-03
4.485029137461597412e-03
4.492434890076610517e-03
4.500146448320125822e-03
4.508219825590721597e-03
4.516670318739404201e-03
4.525425960352516715e-03
4.534663834802582505e-03
4.544301904053484574e-03
4.554378559362656440e-03
4.564892434899507981e-03
4.575752975891358813e-03
4.586861941772611521e-03
4.598203443167051159e-03
4.609809409394893288e-03
4.621841497842007866e-03
4.634185330875783236e-03
4.646905795531505040e-03
4.660001845494156011e-03
4.673362756640789435e-03
4.686925634745845066e-03
4.700807633213755291e-03
4.715063105889335734e-03
4.729713649098870980e-03
4.744612807305250909e-03
4.759830637122362297e-03
4.775365146557216181e-03
4.791115309862766826e-03
4.807093706559479457e-03
4.823645675536885648e-03
4.840550936043103158e-03
4.857683922204881696e-03
4.875061661826236153e-03
4.892639974044550588e-03
4.910297363725076199e-03
4.928320905487747206e-03
4.946611725054898996e-03
4.965102471818689904e-03
4.983939109997721599e-03
5.002983110187971504e-03
5.022152228295495568e-03
5.041708931189606106e-03
5.061434576684111994e-03
5.081386654082304180e-03
5.101553665984741304e-03
5.122044320739932086e-03
5.142675179662051926e-03
5.163644932379103832e-03
5.185048868024737419e-03
5.206687889494908059e-03
5.228625066613533899e-03
5.251023774006555525e-03
5.273809102793928713e-03
5.297075826302424968e-03
5.320597193826570939e-03
5.344398240579050809e-03
5.368426453680411742e-03
5.392632871998237140e-03
5.417099758130016103e-03
5.441898164257171801e-03
5.467124404950115396e-03
5.492592984925480717e-03
5.518297325143873763e-03
5.544363072383506376e-03
5.570816936551334884e-03
5.597591924426961046e-03
5.624810893475422173e-03
5.652285850613359211e-03
5.680089891442136399e-03
5.708213053299511681e-03
5.736632501947396164e-03
5.765169941477251737e-03
5.793911476621194448e-03
5.822816542531888961e-03
5.851837435219778977e-03
5.880990420041289080e-03
5.910362058002868735e-03
5.939972321401650913e-03
5.969656795789390381e-03
5.999509740291999668e-03
6.029540338240333211e-03
6.059883907136140793e-03
6.090481725968779902e-03
6.121344085316787406e-03
6.152437885950042679e-03
6.183547240088617565e-03
6.214808306651354967e-03
6.246228253249578796e-03
6.277771960170484486e-03
6.309530075768290773e-03
6.341562590166149697e-03
6.373678658772010709e-03
6.405991528038366273e-03
6.438702478720807927e-03
6.471527434363780543e-03
6.504451982820405424e-03
6.537585111968993376e-03
6.570996706524410112e-03
6.604609296430606624e-03
6.638268677709056528e-03
6.672118664186524675e-03
6.706168845928666723e-03
6.740357438696074899e-03
6.774533048303580003e-03
6.808909658862344165e-03
6.843249537717434848e-03
6.877460873481790540e-03
6.911479444170164944e-03
6.945556216905169472e-03
6.979853453135143396e-03
7.014322034022021229e-03
7.048847803735500475e-03
7.083447798631308315e-03
7.118219121519849153e-03
7.153066700642933019e-03
7.188120566142063017e-03
7.223464859451957272e-03
7.259026873312322652e-03
7.294717085463333500e-03
7.330470328097639723e-03
7.366280240416089170e-03
7.402164214789183974e-03
7.438289647096741480e-03
7.474544950783197465e-03
7.510879442555056656e-03
7.547213321925496342e-03
7.583593308366502056e-03
7.620020876286583145e-03
7.656395581750240729e-03
7.692789390146448358e-03
7.729367859409527926e-03
7.766053210908006529e-03
7.802740797958550648e-03
7.839538662699726754e-03
7.876434817250910908e-03
7.913564906618342568e-03
7.950929445661763378e-03
7.988331503138917239e-03
8.025838497783082531e-03
8.063363007733760288e-03
8.101169366384674414e-03
8.139082796616599683e-03
8.177216444279305357e-03
8.215595937824468273e-03
8.253939147869015711e-03
8.292397481281552768e-03
8.330974555724559791e-03
8.369548820731103830e-03
8.408152417245387880e-03
8.446851891355439124e-03
8.485821042622328572e-03
8.524892966114125392e-03
8.564235332079225133e-03
8.603524504555655483e-03
8.642845424075919908e-03
8.682386203241448247e-03
8.722157179781869427e-03
8.761984252025949160e-03
8.801916513527238001e-03
8.841771706230339839e-03
8.881683307124622201e-03
8.921579778392991350e-03
8.961431493857391350e-03
9.001178499070274994e-03
9.040737101376497553e-03
9.080396476907177938e-03
9.119977518947143535e-03
9.159726193473447312e-03
9.199658098410895199e-03
9.239815901627939157e-03
9.280126423763105856e-03
9.320623661907657259e-03
9.361086636663655189e-03
9.401724975477331048e-03
9.442416417622943522e-03
9.483169609691302279e-03
9.523986377218997268e-03
9.564695521161587638e-03
9.605389017475117475e-03
9.646277000106022806e-03
9.687228855749173764e-03
9.728250076662746382e-03
9.769558187037270455e-03
9.810954262752131019e-03
9.852553671976654881e-03
9.894085888175446764e-03
9.935496629596134166e-03
9.977002805337406577e-03
1.001872588555147853e-02
1.006057393166001276e-02
1.010250042863597084e-02
1.014455638315934008e-02
1.018668021805744714e-02
1.022877066472423560e-02
1.027081422320460548e-02
1.031312428261513953e-02
1.035557889253507780e-02
1.039827116580401868e-02
1.044101885629503297e-02
1.048388925040263063e-02
1.052686905639148296e-02
1.056996986272372777e-02
1.061330059248781835e-02
1.065665188806256929e-02
1.070013884979635274e-02
1.074364998284145327e-02
1.078718558831971187e-02
1.083098468595304967e-02
1.087495659514331296e-02
1.091893549469247909e-02
1.096305128237582381e-02
1.100741340480306321e-02
1.105203987152299921e-02
1.109683554077145300e-02
1.114207782491417019e-02
1.118757978507564123e-02
1.123303032585122076e-02
1.127872343327769762e-02
1.132476053620621453e-02
1.137096158635476223e-02
1.141736448996280746e-02
1.146409852025610451e-02
1.151113119219042066e-02
1.155849562632711366e-02
1.160616080351992152e-02
1.165417501650877798e-02
1.170237822775719617e-02
1.175057702588291550e-02
1.179865498083555210e-02
1.184656153260078837e-02
1.189459580425495169e-02
1.194275274913486097e-02
1.199123552058770428e-02
1.203962330687015879e-02
1.208834391998137719e-02
1.213720677337687751e-02
1.218599633536014346e-02
1.223460694081167713e-02
1.228321126398057919e-02
1.233180395581897314e-02
1.238070488718823886e-02
1.242979609047310460e-02
1.247895696439177242e-02
1.252807098637614101e-02
1.257736970004374316e-02
1.262687496285693455e-02
1.267637853506664754e-02
1.272611122986713576e-02
1.277614168291540779e-02
1.282622147692663410e-02
1.287634661233507012e-02
1.292675045441019424e-02
1.297775861086699831e-02
1.302922331034402081e-02
1.308101610682549897e-02
1.313303149536838681e-02
1.318522668537412505e-02
1.323770290673957628e-02
1.329062774409992508e-02
1.334380925547118402e-02
1.339707583691348083e-02
1.345073876503715890e-02
1.350475835494272490e-02
1.355889433870145939e-02
1.361330865499290645e-02
1.366782464272684079e-02
1.372282842842389994e-02
1.377812508354847934e-02
1.383390227028895997e-02
1.388978478211199546e-02
1.394576506921473870e-02
1.400193948844572628e-02
1.405845893217072019e-02
1.411513947284245320e-02
1.417198248924949125e-02
1.422907462801149131e-02
1.428650696600168753e-02
1.434419361737336064e-02
1.440219736445916277e-02
1.446028942102651170e-02
1.451836214884394752e-02
1.457646335093891639e-02
1.463479707276827031e-02
1.469326976945936961e-02
1.475210880571139853e-02
1.481111658508793213e-02
1.487042117005426753e-02
1.493000254743526330e-02
1.498981296850616582e-02
1.504983234977013036e-02
1.511009227208226155e-02
1.517059561682047343e-02
1.523142364597703143e-02
1.529277233027082766e-02
1.535428491361779009e-02
1.541595813398586624e-02
1.547815543972978249e-02
1.554076870957674973e-02
1.560342608259341311e-02
1.566650416205615098e-02
1.572960747569958004e-02
1.579288233505437081e-02
1.585636831325751631e-02
1.592037662030384992e-02
1.598467111823371686e-02
1.604919030601625538e-02
1.611381784245378285e-02
1.617877214129333566e-02
1.624402907838842086e-02
1.630944335976601892e-02
1.637537159858817176e-02
1.644143063903156371e-02
1.650800798151869780e-02
1.657484015348244938e-02
1.664173536338307488e-02
1.670870381954893402e-02
1.677592035913968646e-02
1.684344602979445660e-02
1.691115402245715535e-02
1.697898851614958876e-02
1.704678554330880946e-02
1.711487033199771829e-02
1.718323612814821530e-02
1.725196274549335718e-02
1.732124682120905756e-02
1.739073760989809023e-02
1.746029525977073685e-02
1.753037824528502417e-02
1.760063304678183629e-02
1.767082253887388918e-02
1.774124530627772464e-02
