4.313281875522363348e-03
4.344150553867911352e-03
4.375850345108811025e-03
4.408880822026885367e-03
4.444831497554125287e-03
4.487444062931113600e-03
4.533067450587620166e-03
4.581661200525775565e-03
4.632783104002696772e-03
4.686183853542631554e-03
4.741210725371844230e-03
4.799935186991234962e-03
4.862857036900028115e-03
4.930089478375657142e-03
5.001305731280706289e-03
5.076777675709292538e-03
5.158248613973140384e-03
5.244689041887421778e-03
5.334210253332481548e-03
5.426085099716739836e-03
5.521232088325085142e-03
5.619141661664335541e-03
5.715581483844439301e-03
5.812938305477455964e-03
5.913669726766763828e-03
6.014997955822119595e-03
6.115949222545955487e-03
6.212122925065449199e-03
6.299835481767804626e-03
6.383264350718513731e-03
6.463400765130348190e-03
6.535763614046510676e-03
6.604611102067874800e-03
6.669983753213799479e-03
6.730707052435336291e-03
6.787741987938100165e-03
6.842466074959493647e-03
6.891628547861562877e-03
6.937560544615574594e-03
6.977497751317312223e-03
7.011157193073974843e-03
7.042894773765432000e-03
7.069709377180506855e-03
7.091795428119344359e-03
7.108572904066548688e-03
7.119444882760743790e-03
7.126338049062625780e-03
7.130639181870602160e-03
7.132966493081137685e-03
7.134689078858052515e-03
7.133911289526154512e-03
7.129945465947291547e-03
7.125050606664404436e-03
7.120685518249470977e-03
7.117555856359866935e-03
7.114906301183468625e-03
7.111514885852189549e-03
7.108481800347770524e-03
7.107062822522374791e-03
7.107064165251308907e-03
7.109685956182263712e-03
7.114636167552632062e-03
7.121106467897795472e-03
7.129194104934966254e-03
7.137894010645966410e-03
7.148191025407753078e-03
7.159957697421791972e-03
7.171782759473350338e-03
7.184307418597539463e-03
7.197030891175151997e-03
7.210344933967300675e-03
7.223869213629385833e-03
7.237717774515768643e-03
7.251750535612809696e-03
7.265313251853223846e-03
7.278533207145943852e-03
7.291625290081985705e-03
7.304434119672729465e-03
7.317001019624598014e-03
7.329709083885934014e-03
7.341793792799466804e-03
7.353217290013037456e-03
7.364643749369155848e-03
7.376120816066980383e-03
7.387102512127340093e-03
7.397707129758248311e-03
7.407830181821310409e-03
7.417525879376025456e-03
7.427245061811632923e-03
7.436892591263839607e-03
7.446594660871420045e-03
7.455969070270078609e-03
7.465282162977406911e-03
7.474694384838662282e-03
7.483906083192763681e-03
7.493062470287845979e-03
7.502671764063258662e-03
7.512470199684164428e-03
7.521885634005547570e-03
7.530834930229154262e-03
7.539055590123786010e-03
7.546614525060875954e-03
7.554382960398830886e-03
7.561987933128165931e-03
7.569242224912014691e-03
7.576190065692730777e-03
7.582491001509748287e-03
7.588769740594479389e-03
7.594738837754379072e-03
7.600712170490935525e-03
7.606436694354695542e-03
7.612051273689890950e-03
7.617657907912234010e-03
7.622668129630988214e-03
7.627467202297778977e-03
7.631973492320234288e-03
7.636220129299452208e-03
7.640165435291231856e-03
7.644200509412023281e-03
7.648324376715118049e-03
7.652387110499137696e-03
7.656023137390373032e-03
7.659583318683984773e-03
7.663407629404828288e-03
7.667355360214552461e-03
7.670609408246702177e-03
7.673479635556384841e-03
7.676091613895459978e-03
7.679233708042848029e-03
7.682463310924842782e-03
7.685917790553172847e-03
7.688998129397522918e-03
7.692293697685897991e-03
7.695127882692874913e-03
7.698052341476704051e-03
7.700982041064308517e-03
7.703639331109413298e-03
7.706363738699000335e-03
7.709066625225343382e-03
7.711532322847759052e-03
7.714134677860954095e-03
7.717018066296375475e-03
7.720321505715955698e-03
7.723852746559609073e-03
7.727585975753416790e-03
7.731257956841822848e-03
7.735310807294902384e-03
7.739783574713668228e-03
7.744049390200403483e-03
7.748459544612451566e-03
7.752641245163434044e-03
7.757061211625122799e-03
7.762251463327466197e-03
7.767492232175089890e-03
7.773240074954561492e-03
7.779087498866968202e-03
7.784805618091941888e-03
7.790684137176539202e-03
7.796781778954401873e-03
7.803100592678368502e-03
7.809495208920140367e-03
7.816561852963770443e-03
7.823858501566175253e-03
7.831224597008785634e-03
7.838577416409366408e-03
7.846303898388867423e-03
7.854523876836367810e-03
7.862832044392052688e-03
7.871466005910697852e-03
7.880279615659707693e-03
7.889230237125869835e-03
7.898242295640154481e-03
7.907577445085805720e-03
7.916988545701830748e-03
7.926599820460157597e-03
7.935973033710071872e-03
7.945392256602488296e-03
7.954860083804757634e-03
7.963789744828005460e-03
7.972338673689833774e-03
7.980518362809465444e-03
7.988479111146610731e-03
7.996663549809110774e-03
8.004992311935580501e-03
8.012992269562757564e-03
8.020602101465223316e-03
8.028303545954140058e-03
8.035799031150311217e-03
8.043058891929308687e-03
8.050318440068504958e-03
8.057968138042229111e-03
8.065581408025934707e-03
8.073076870285491452e-03
8.080845561728906140e-03
8.088523580188290013e-03
8.096306340349208180e-03
8.103969000680701085e-03
8.111838542282754846e-03
8.119220849333674481e-03
8.126905692240974852e-03
8.134606418627364499e-03
8.142520004857836668e-03
8.150726487510664281e-03
8.158736972617791627e-03
8.166763455464125243e-03
8.174477338497212336e-03
8.181826394988439208e-03
8.189018420345464330e-03
8.196274617483021233e-03
8.203195073323194669e-03
8.209672659960951663e-03
8.215466037894938317e-03
8.220827190313615557e-03
8.226462445093524894e-03
8.232025688669021568e-03
8.237592634817781853e-03
8.243073142604945280e-03
8.247971022956806370e-03
8.252683974104176035e-03
8.257143582148688404e-03
8.261542755677505137e-03
8.265963543755585133e-03
8.270582427491051519e-03
8.274733143047798695e-03
8.278961723622966715e-03
8.283240770699919556e-03
8.287523469897993544e-03
8.291537122930322037e-03
8.295522447348229259e-03
8.299718277475857595e-03
8.303887588134301057e-03
8.307956762948929749e-03
8.311901351493032608e-03
8.315819504263714454e-03
8.319663649134110758e-03
8.323798474437012554e-03
8.327816543030231930e-03
8.331418261507378409e-03
8.335219798694792209e-03
8.339021786674453290e-03
8.342769434278656318e-03
8.346447473202728631e-03
8.349690734775842491e-03
8.353365043118463409e-03
8.357270828637840612e-03
8.361141273772880120e-03
8.365335724799666250e-03
8.369446844697444807e-03
8.373653410034287772e-03
8.377369982959332814e-03
8.380597912047036899e-03
8.382931040455808558e-03
8.384932016990063325e-03
8.386801975217546626e-03
8.388345890571149988e-03
8.390048870219926277e-03
8.391924438566147199e-03
8.393242697167964395e-03
8.393953644199076899e-03
8.393991926926587521e-03
8.393344372742051265e-03
8.392466554371799670e-03
8.391225631836529697e-03
8.389465910054346581e-03
8.387435629977034457e-03
8.385127016859469581e-03
8.382482887914851147e-03
8.379587825083623792e-03
8.376465991646972475e-03
8.373460620192212794e-03
8.370323853527351921e-03
8.367005398940908362e-03
8.363417335553322701e-03
8.359640282300268010e-03
8.355627872828263678e-03
8.351385131364252173e-03
8.347452555988708195e-03
8.343793376508435930e-03
8.340139468897864866e-03
8.336372580089009693e-03
8.332651534784974931e-03
8.328824171541996182e-03
8.324803053201311823e-03
8.320705224452025831e-03
8.316694527223583711e-03
8.312637288290385812e-03
8.308675004898451177e-03
8.304798334679799887e-03
8.300801127056537179e-03
8.296441085930628817e-03
8.291841765058890687e-03
8.287038478331482105e-03
8.282325227886197863e-03
8.277703559242533329e-03
8.273045100282384531e-03
8.268392045345400454e-03
8.263789181600918882e-03
8.259380642411688275e-03
8.255298676196105509e-03
8.251874815402647501e-03
8.248622130057286714e-03
8.245647099298048996e-03
8.243027360841804346e-03
8.240410637111152126e-03
8.237708450412961972e-03
8.235242902776326174e-03
8.233150945450453881e-03
8.231241473294282490e-03
8.229545611257445270e-03
8.227885017193358602e-03
8.226274009267555906e-03
8.224981273897353715e-03
8.223690313812138247e-03
8.222157202299355122e-03
8.220489680139666036e-03
8.219116950491406337e-03
8.218261840575781865e-03
8.217615181830482257e-03
8.217027071692275392e-03
8.216322848486836208e-03
8.215849230952211243e-03
8.215744200155750132e-03
8.215750623781841247e-03
8.215852477753667407e-03
8.215917219403760449e-03
8.215977410356522376e-03
8.215954912928776985e-03
8.216220647524658666e-03
8.216747764599317827e-03
8.217162824277653155e-03
8.217624229213297410e-03
8.218291652202752706e-03
8.219328454321822922e-03
8.220477174037142676e-03
8.221895748654685018e-03
8.223760914104809305e-03
8.225603670879509666e-03
8.227357662598499752e-03
8.229276742661549224e-03
8.231466250450833466e-03
8.233586054738761470e-03
8.235600393803596542e-03
8.237805681067394276e-03
8.240157939582342175e-03
8.242646841346741582e-03
8.245255391646439183e-03
8.247735706116655560e-03
8.250402526657837562e-03
8.253265249907194845e-03
8.255973550200168196e-03
8.259027497894181127e-03
8.262410301468322074e-03
8.266310623545235214e-03
8.270281167537592293e-03
8.274350407633664431e-03
8.278516882885656597e-03
8.282646900421681072e-03
8.287153691300131950e-03
8.292401647106475635e-03
8.297914034173901540e-03
8.303839126939084603e-03
8.309521978550641827e-03
8.315257444939765097e-03
8.320904253977736906e-03
8.326924878792088883e-03
8.333014767524229635e-03
8.339425343356311401e-03
8.346252769537590085e-03
8.353491900922931090e-03
8.361097277784470400e-03
8.368861642214273089e-03
8.376805048641229254e-03
8.385106196249337770e-03
8.394092030967437515e-03
8.403227063288453563e-03
8.412348883907481978e-03
8.422085303231746298e-03
8.432212646512012022e-03
8.442603569949533662e-03
8.453079128410223922e-03
8.463598454574594240e-03
8.473950766416023586e-03
8.484942923013482144e-03
8.496123614543001079e-03
8.507617886532415491e-03
8.519714667993913068e-03
8.532408179764880071e-03
8.545899819532104535e-03
8.559916800642886070e-03
8.574175003982980464e-03
8.588506876093242315e-03
8.603402488834116860e-03
8.618786723612244585e-03
8.634368868948404455e-03
8.649979066727500610e-03
8.665745406954219326e-03
8.682202944009374118e-03
8.699000764836116451e-03
8.716257861759247119e-03
8.733879433163173681e-03
8.751909397152498812e-03
8.770397694958874391e-03
8.789426683505895468e-03
8.808640185272550299e-03
8.828449464656374507e-03
8.849109618689524059e-03
8.870573145684797212e-03
8.892697198406161047e-03
8.915096303502212036e-03
8.938141619282063272e-03
8.961560089971454257e-03
8.985400181023443789e-03
9.009677950325763185e-03
9.034561970424234006e-03
9.060019118633980129e-03
9.085886802074401303e-03
9.112045959459863162e-03
9.138998864265026473e-03
9.166689720724220322e-03
9.195022432570882503e-03
9.223797641310777645e-03
9.252745404571296323e-03
9.282006035286281473e-03
9.311522785192939342e-03
9.340980552875103801e-03
9.371449928964032880e-03
9.402541989523810484e-03
9.433932193326624582e-03
9.465681973593969428e-03
9.498289754498416906e-03
9.531900615641873686e-03
9.565830611578694798e-03
9.600041375100501137e-03
9.634963592297856455e-03
9.670418128468433877e-03
9.706101097663099794e-03
9.742554984044160885e-03
9.780057757795321272e-03
9.818057622060873124e-03
9.856156572256587201e-03
9.895134197186263719e-03
9.934287958525210571e-03
9.973594443334517223e-03
1.001331249212635346e-02
1.005415972813455613e-02
1.009556216221352970e-02
1.013756435502741887e-02
1.018009035577153998e-02
1.022373605497871318e-02
1.026839629185581464e-02
1.031334442954928363e-02
1.035880410806209496e-02
1.040460977505777013e-02
1.045170163657125131e-02
1.049978666362558904e-02
1.054848592146840312e-02
1.059805902952346349e-02
1.064824418200599823e-02
1.069938921278796966e-02
1.075081184981692070e-02
1.080236088647507607e-02
1.085530107087618636e-02
1.090898676998913741e-02
1.096310537867366958e-02
1.101738776862367167e-02
1.107209708545603931e-02
1.112772321238518491e-02
1.118451014483934185e-02
1.124249986941661811e-02
1.130194983151967120e-02
1.136229140748813704e-02
1.142303756902970056e-02
1.148441226673473439e-02
1.154625937776828336e-02
1.160854241282921646e-02
1.167144984664690924e-02
1.173536875068808931e-02
1.180016090988917840e-02
1.186608824468748068e-02
1.193330233485507923e-02
1.200161011839038193e-02
1.207099218209596071e-02
1.214167181744351016e-02
1.221288019774756026e-02
1.228546679380146389e-02
1.235943223199397790e-02
1.243452271437352381e-02
1.251031460560499478e-02
1.258723056821967924e-02
1.266523438171598785e-02
1.274412534600175353e-02
1.282378006332600927e-02
1.290498661490020738e-02
1.298696457265870012e-02
1.307045261997637209e-02
1.315516897434153287e-02
1.324159803055575783e-02
1.332986240949603045e-02
1.341962690634811856e-02
1.351080524643608928e-02
