3.788173827973837209e-03
3.833663845568499075e-03
3.879082614109203870e-03
3.924808602872789133e-03
3.970658034123650260e-03
4.016372785543895381e-03
4.062111275128592845e-03
4.107947874003855214e-03
4.153894978781018030e-03
4.199572801597377392e-03
4.245036438730830954e-03
4.290472505028590164e-03
4.335867824885110931e-03
4.380874615022079151e-03
4.425932028102882478e-03
4.471053880608335390e-03
4.516224053382197207e-03
4.561756912451079247e-03
4.607366517636620959e-03
4.653024142390739352e-03
4.698655634139449651e-03
4.744478136265704339e-03
4.790699392054860624e-03
4.836996467808384569e-03
4.883337120693317067e-03
4.930203302878592188e-03
4.977580153616662471e-03
5.025224939821901736e-03
5.073587433567866567e-03
5.122576023620135574e-03
5.171633954117358170e-03
5.220535719996565079e-03
5.269205299420905500e-03
5.317913187666029919e-03
5.367412383816367802e-03
5.417396506496761736e-03
5.467704715318503529e-03
5.518710990092281186e-03
5.570448245469638952e-03
5.622536102774799982e-03
5.675639557652716223e-03
5.729870808277018855e-03
5.784521816158878262e-03
5.839762000989259967e-03
5.895155892509521163e-03
5.950826033258905384e-03
6.006961191264997661e-03
6.063197879601986071e-03
6.119712622776089621e-03
6.176437651327874347e-03
6.233222774169921813e-03
6.289838461616250286e-03
6.346988559627752581e-03
6.404190590504997907e-03
6.461615081670965544e-03
6.518822547295449917e-03
6.575955140645723014e-03
6.632892627385756669e-03
6.690083535620972369e-03
6.747880096447779821e-03
6.805616664636145174e-03
6.863604726679383913e-03
6.921742007082187960e-03
6.980327459618162686e-03
7.039640077530847848e-03
7.099220578256922216e-03
7.158940525244175332e-03
7.218353013318445574e-03
7.277919165355919810e-03
7.337942062361460689e-03
7.397976909710802899e-03
7.458387163307785180e-03
7.519300767175662002e-03
7.580893564294186905e-03
7.643402983475841225e-03
7.706766201576032219e-03
7.770466883827266760e-03
7.834358057918306903e-03
7.898577793897061314e-03
7.963218617058398507e-03
8.028523472233251718e-03
8.094242812845457366e-03
8.160303186373969037e-03
8.226299952808442673e-03
8.292367059650045460e-03
8.358788611302176222e-03
8.425707584581478005e-03
8.492838985308793706e-03
8.559850511499576126e-03
8.626844924524207023e-03
8.694089410242406349e-03
8.761316033851246354e-03
8.828127134802630713e-03
8.894868831701055467e-03
8.961536182483026067e-03
9.027370062706886397e-03
9.093182654356232394e-03
9.158530035185002277e-03
9.223592589848702075e-03
9.288266317863945118e-03
9.352131534848763875e-03
9.415458059142400860e-03
9.478464453244231022e-03
9.541223034073712320e-03
9.603790570742445562e-03
9.666287866040394750e-03
9.728481992304242876e-03
9.790331709999539403e-03
9.852107846827150642e-03
9.913630649664259553e-03
9.974752890554364551e-03
1.003532305992373662e-02
1.009539712610228561e-02
1.015438089032032372e-02
1.021280791996402246e-02
1.027063450258737000e-02
1.032799203252360125e-02
1.038457184539524729e-02
1.044059687571239833e-02
1.049616305950961358e-02
1.055140675139273551e-02
1.060620882336254893e-02
1.066051935856445615e-02
1.071420847054355661e-02
1.076751512333035642e-02
1.082002237275297117e-02
1.087202948416876765e-02
1.092335706530183498e-02
1.097421269891860930e-02
1.102418263448658002e-02
1.107362657681682482e-02
1.112263921107469605e-02
1.117108900370948447e-02
1.121901797867062671e-02
1.126678622587759526e-02
1.131425006113284323e-02
1.136039645478453472e-02
1.140575989161508007e-02
1.145000186467659033e-02
1.149348135291622039e-02
1.153633043084865625e-02
1.157863833674799975e-02
1.162036992862959528e-02
1.166144019869162773e-02
1.170181454605293513e-02
1.174161604293490375e-02
1.178075704373044048e-02
1.181914223109370617e-02
1.185684970661318553e-02
1.189399864598724398e-02
1.193030136297977377e-02
1.196519838703373473e-02
1.199910063292781819e-02
1.203215111564314224e-02
1.206428913936233825e-02
1.209562086478539571e-02
1.212615923666061739e-02
1.215582950866747440e-02
1.218450021382620763e-02
1.221240139477781581e-02
1.223954236688261019e-02
1.226578292394513679e-02
1.229098631293290382e-02
1.231526739674619446e-02
1.233852303245274590e-02
1.236099799235035671e-02
1.238274259778603809e-02
1.240369360659549988e-02
1.242376565149966999e-02
1.244299037951359863e-02
1.246114869112282392e-02
1.247837094230118057e-02
1.249468939289767079e-02
1.251004448965999452e-02
1.252453153956247650e-02
1.253783634714326217e-02
1.255023650332817188e-02
1.256176325738924890e-02
1.257208370305024428e-02
1.258165882626395560e-02
1.259048373701459472e-02
1.259826631114062748e-02
1.260514614496876899e-02
1.261112239629838018e-02
1.261639071302554302e-02
1.262097015240772752e-02
1.262453669254859183e-02
1.262736742729823371e-02
1.262958272307576450e-02
1.263128960941310892e-02
1.263215290418773229e-02
1.263204669982037273e-02
1.263131863747092576e-02
1.262971547174391099e-02
1.262685003260890365e-02
1.262305393107891402e-02
1.261862450648123732e-02
1.261333127747664429e-02
1.260701568421527217e-02
1.259986553010223123e-02
1.259189759747983590e-02
1.258317041912547680e-02
1.257380412020315738e-02
1.256375978464210723e-02
1.255318233313774956e-02
1.254209531567853850e-02
1.253042521957745299e-02
1.251813911641808975e-02
1.250487924138881171e-02
1.249090477486199460e-02
1.247649095202173035e-02
1.246160738794510614e-02
1.244623787929617816e-02
1.243012132634679912e-02
1.241341775762038087e-02
1.239607748798524436e-02
1.237790371551951256e-02
1.235904781113155056e-02
1.233976982883331491e-02
1.232012498732677937e-02
1.229983041280575257e-02
1.227885769382132571e-02
1.225746693595482217e-02
1.223537205936935622e-02
1.221281968368717954e-02
1.218999015685047656e-02
1.216661880607684473e-02
1.214252556859555382e-02
1.211814435508792517e-02
1.209353716421767040e-02
1.206866439499978093e-02
1.204337459834910369e-02
1.201790178444156650e-02
1.199211063080963396e-02
1.196602426607347273e-02
1.193993294342387233e-02
1.191360441891201397e-02
1.188692679695721975e-02
1.185993593657677474e-02
1.183254226662322495e-02
1.180492153461914009e-02
1.177700792976237032e-02
1.174899401181254618e-02
1.172067551748754745e-02
1.169195115608126154e-02
1.166295322673244032e-02
1.163395467588141871e-02
1.160432324315605231e-02
1.157439055726731253e-02
1.154426370001241514e-02
1.151372846923872859e-02
1.148287653236817162e-02
1.145194505372400598e-02
1.142081133051481637e-02
1.138949072962678472e-02
1.135803433103349351e-02
1.132661438294461399e-02
1.129523899678262777e-02
1.126344198732034604e-02
1.123143220369722702e-02
1.119922322654685713e-02
1.116691840504315317e-02
1.113437006500753862e-02
1.110168149418538745e-02
1.106880931409763395e-02
1.103547882938787396e-02
1.100193523225965683e-02
1.096833954812855526e-02
1.093461824577569852e-02
1.090069075053713525e-02
1.086660733247547979e-02
1.083236921485275159e-02
1.079837487266847515e-02
1.076447854176142659e-02
1.073026884814064219e-02
1.069574632516254002e-02
1.066132765400135997e-02
1.062700825877561754e-02
1.059262032471638103e-02
1.055805412917400210e-02
1.052358656659721677e-02
1.048907788948017818e-02
1.045435766527432961e-02
1.041951942952859013e-02
1.038462047739122963e-02
1.034956178522977374e-02
1.031443663975873705e-02
1.027924805658308322e-02
1.024393413079565350e-02
1.020843907214446372e-02
1.017274225039959366e-02
1.013706907783462965e-02
1.010156384453172324e-02
1.006602703340040220e-02
1.003040150191317377e-02
9.994820212173240528e-03
9.959201285836964332e-03
9.923520864835491326e-03
9.887721693030872630e-03
9.852184332998540142e-03
9.816531565769255965e-03
9.780963264255237641e-03
9.745314428306693644e-03
9.709480056976393589e-03
9.673623359839348540e-03
9.637670625493619664e-03
9.601597219014048126e-03
9.565427452576729175e-03
9.529203058005739080e-03
9.492881130765141659e-03
9.456497814160878812e-03
9.420062051898291100e-03
9.383715280929376054e-03
9.347399271301978438e-03
9.311087964425621838e-03
9.274696270818800353e-03
9.238369902539749282e-03
9.201865410703941386e-03
9.165363937628515784e-03
9.128772540855985274e-03
9.092246795685467176e-03
9.055349694972044186e-03
9.018430815319625204e-03
8.981442883813346365e-03
8.944564866600687378e-03
8.907760227856579768e-03
8.871039773469716061e-03
8.834274165756337074e-03
8.797276047602093849e-03
8.760197345674543626e-03
8.723063544425825253e-03
8.685984649726143439e-03
8.648805355591831015e-03
8.611634717862904492e-03
8.574372987077749642e-03
8.536997703987565453e-03
8.499693329325539934e-03
8.462335052437054347e-03
8.424952639871642959e-03
8.387505127197854640e-03
8.350037715454377424e-03
8.312471703157391784e-03
8.274735538530555295e-03
8.236905605950355092e-03
8.199110168154286407e-03
8.161363602372039006e-03
8.123658403105280673e-03
8.085914063712553931e-03
8.047846206617817466e-03
8.009644800000137108e-03
7.971548738327628378e-03
7.933429213353127354e-03
7.895343576581443160e-03
7.857075797972659995e-03
7.818753056701949894e-03
7.780336634901285735e-03
7.741760574453949127e-03
7.703250124260478671e-03
7.664830953934564234e-03
7.626487415541709051e-03
7.588199023779830868e-03
7.549868843724952261e-03
7.511640233766147916e-03
7.473497716594794740e-03
7.435361005850658206e-03
7.397195991218902603e-03
7.359028082300159840e-03
7.320826103706944837e-03
7.282679871279952935e-03
7.244397736787298349e-03
7.206148063791685369e-03
7.167875784304771070e-03
7.129619751834619101e-03
7.091241944366897046e-03
7.052814714702614063e-03
7.014379707824102556e-03
6.975934753987498779e-03
6.937539320960671614e-03
6.899018784918426080e-03
6.860400390016405461e-03
6.821536884457519816e-03
6.782667901481553505e-03
6.743976982130012350e-03
6.705354858969340276e-03
6.666784853523247123e-03
6.628171226677732550e-03
6.589433848170049395e-03
6.550741160765326081e-03
6.511930805559560005e-03
6.473011488254453230e-03
6.434059534359689962e-03
6.394982789175199592e-03
6.355896356329312179e-03
6.316903672813995070e-03
6.277974815814074683e-03
6.239049107691735721e-03
6.200161586832341441e-03
6.161303766522963077e-03
6.122529619333643217e-03
6.083871429723907744e-03
6.045279130317790170e-03
6.006731031034140064e-03
5.968104749446452931e-03
5.929484403969075695e-03
5.891009670706894540e-03
5.852622679866697694e-03
5.814291218265092709e-03
5.775998403663745728e-03
5.737654682418848011e-03
5.699327420052345029e-03
5.660943518803835707e-03
5.622580075142414278e-03
5.584213865722773180e-03
5.545900974289498346e-03
5.507701674661445897e-03
5.469569199487965723e-03
5.431430464611137869e-03
5.393412803330842158e-03
5.355395737349828537e-03
5.317414590382990233e-03
5.279549265720527747e-03
5.241825880244917191e-03
5.204141173145503813e-03
5.166560070141754980e-03
5.129143825588724191e-03
5.091838228726349933e-03
5.054704477385854079e-03
5.017705522640939983e-03
4.980765140786162087e-03
4.943897550755315534e-03
4.907159905189653615e-03
4.870496292618735866e-03
4.833981528284970672e-03
4.797581323478568131e-03
4.761245920784518831e-03
4.724908410951456778e-03
4.688535795891682172e-03
4.652144222632107612e-03
4.615939591219990826e-03
4.579865017283295259e-03
4.543835722575587446e-03
4.508029251526390196e-03
4.472369175688797188e-03
4.436774651019178770e-03
4.401289358693684199e-03
4.365863651157057303e-03
4.330527028990602267e-03
4.295347345046590833e-03
4.260390487873183876e-03
4.225744318647800014e-03
4.191250312611829315e-03
4.156927423464389787e-03
4.122783936260031833e-03
4.088842523358688502e-03
4.055054816085208735e-03
4.021401498546127960e-03
3.988005140461266945e-03
3.954759429184547675e-03
3.921649951342789410e-03
3.888715223795969223e-03
3.855858753427423517e-03
3.823139028609238814e-03
3.790501721139738142e-03
3.758043490075249019e-03
3.725729081007427002e-03
3.693511009098488038e-03
3.661445373969111905e-03
3.629508854903412858e-03
3.597825757964298338e-03
3.566270304589791613e-03
3.534924536696763039e-03
3.503905426739278330e-03
3.473129067919620595e-03
3.442502599618114337e-03
3.412065630811076701e-03
3.381853066362000733e-03
3.351825559166584246e-03
3.322007720233269377e-03
3.292485251438660200e-03
3.263235545517528032e-03
3.234148578306700762e-03
3.205244239746081383e-03
3.176559340850944064e-03
3.148128021003376593e-03
3.119989679684779908e-03
3.092129447390669535e-03
3.064443134032281829e-03
3.036905648919569455e-03
3.009557065922718183e-03
2.982426920251173268e-03
2.955546440762764696e-03
2.928893170581650055e-03
2.902484836034382228e-03
2.876280898848506198e-03
2.850252262191120545e-03
2.824359521582381696e-03
2.798616109486074151e-03
2.773094516051415829e-03
2.747803612836031105e-03
2.722736225424929064e-03
