9.386083975786298911e-03
9.380313177763024285e-03
9.375522142576690754e-03
9.372378682972333855e-03
9.370324727021643596e-03
9.368876311195590070e-03
9.368582711605670521e-03
9.367912037976634798e-03
9.366992731835594929e-03
9.366174777367499912e-03
9.365785822467703053e-03
9.365952015603388678e-03
9.366115760602155421e-03
9.366904770853497902e-03
9.370152159751348950e-03
9.375078943521870239e-03
9.380612388302152563e-03
9.386620809709181681e-03
9.394024871149153633e-03
9.404094660645720416e-03
9.417686346308223183e-03
9.434006471653908626e-03
9.453806239307022477e-03
9.475498661107382981e-03
9.499989287746521405e-03
9.525942183113676048e-03
9.552870822352819286e-03
9.580055160446821275e-03
9.608676056841524565e-03
9.637801218323889876e-03
9.667413946927935070e-03
9.696839528958353313e-03
9.726563085747161677e-03
9.756414447887077832e-03
9.786211295209597608e-03
9.815025230980172280e-03
9.843583135271349177e-03
9.871740664791494799e-03
9.899461300764963306e-03
9.926813340102123157e-03
9.953791539546497785e-03
9.979642702126725190e-03
1.000500900459336782e-02
1.002982965105434117e-02
1.005440548560766235e-02
1.007894567593860431e-02
1.010432074163152526e-02
1.012983735114517982e-02
1.015516421933377982e-02
1.018043410108173882e-02
1.020583016054153920e-02
1.023175610272406520e-02
1.025770821615176569e-02
1.028367242697142067e-02
1.030962625234756180e-02
1.033517715857810125e-02
1.035964655469284734e-02
1.038332734019436696e-02
1.040599320541498070e-02
1.042833300458734930e-02
1.045080326089654725e-02
1.047294025765768861e-02
1.049531912475714680e-02
1.051695222361890593e-02
1.053769750386713069e-02
1.055727573783964493e-02
1.057544207636090285e-02
1.059332247124338683e-02
1.061041114936059696e-02
1.062652867524379111e-02
1.064131638764401720e-02
1.065478300586222490e-02
1.066712818862889343e-02
1.067830115737376448e-02
1.068827124582195226e-02
1.069748335061862857e-02
1.070517033064246129e-02
1.071162944457292737e-02
1.071667615780106525e-02
1.072044407896864497e-02
1.072358492109708357e-02
1.072500615415317507e-02
1.072561057457318417e-02
1.072500445715307386e-02
1.072363529754470288e-02
1.072182885753106794e-02
1.071891692070024368e-02
1.071481475689460908e-02
1.071019165468841718e-02
1.070557368744903988e-02
1.070097485332714357e-02
1.069569178549146030e-02
1.069008577869274244e-02
1.068439740211876189e-02
1.067866307383261680e-02
1.067225763746163653e-02
1.066591319113268169e-02
1.065948805537812218e-02
1.065328383719654250e-02
1.064683157170499134e-02
1.064073712920243428e-02
1.063440430529538280e-02
1.062845031342198217e-02
1.062254524008714521e-02
1.061699575484811864e-02
1.061149748928572230e-02
1.060600496094755638e-02
1.060043323831955445e-02
1.059539214484284987e-02
1.059024568329170087e-02
1.058518284716247065e-02
1.058001650956556794e-02
1.057460361383709239e-02
1.056937067029019815e-02
1.056373788182152738e-02
1.055808361342869262e-02
1.055162693404575018e-02
1.054474992711396455e-02
1.053733268947600749e-02
1.052986530572386573e-02
1.052195853184672777e-02
1.051328664315104994e-02
1.050422891309256944e-02
1.049472362738297290e-02
1.048495008160256654e-02
1.047429426688543247e-02
1.046331772598479287e-02
1.045191288423740449e-02
1.044031243400412624e-02
1.042821746151289045e-02
1.041576097929760442e-02
1.040244000996901758e-02
1.038861626437427577e-02
1.037414232400959459e-02
1.035924535353541925e-02
1.034400607705091187e-02
1.032848405746422150e-02
1.031262233696852992e-02
1.029695127523325149e-02
1.028126185754306768e-02
1.026537164120526306e-02
1.024859426399451177e-02
1.023154862437941799e-02
1.021395548065542717e-02
1.019674147185767148e-02
1.017925122041197367e-02
1.016150115735559543e-02
1.014302722269977072e-02
1.012416799599480909e-02
1.010484834769082539e-02
1.008513465455741602e-02
1.006478358801777238e-02
1.004409292598991074e-02
1.002323608599432758e-02
1.000218436974805759e-02
9.981143625554314558e-03
9.960013430616693544e-03
9.938855378017053335e-03
9.917686771094743822e-03
9.896078025587319582e-03
9.874444169947082031e-03
9.852660575282943742e-03
9.831279221749530256e-03
9.809980431907974058e-03
9.788278769509115365e-03
9.766903737818580927e-03
9.744900663998653720e-03
9.723329665281747400e-03
9.702067324017666847e-03
9.681317221468596981e-03
9.660543446682292451e-03
9.640182659357966408e-03
9.620320700346312107e-03
9.600820568529009821e-03
9.581374350877712442e-03
9.562267714219273296e-03
9.543310994482310031e-03
9.524885693344583432e-03
9.507416022616697882e-03
9.490071813604098253e-03
9.473407523849853781e-03
9.457097953073917776e-03
9.441137069889636232e-03
9.425724282323686906e-03
9.410812022651125069e-03
9.395903676395759435e-03
9.381321247721030945e-03
9.367331798003031285e-03
9.353211145858944878e-03
9.339154722096712838e-03
9.325281119279167641e-03
9.311837442408207183e-03
9.298279154915118500e-03
9.284815507833483680e-03
9.271385602211421398e-03
9.257967890040512404e-03
9.244614238237081061e-03
9.231662579056838791e-03
9.218583289677726930e-03
9.205744454896188506e-03
9.193136899699725501e-03
9.180528850343335975e-03
9.168198993040900177e-03
9.156202607706656268e-03
9.144712647680205628e-03
9.133587777182143597e-03
9.122533241345270535e-03
9.111730385223287473e-03
9.101127825627532142e-03
9.091000762089244264e-03
9.081101337824557668e-03
9.071590968417239664e-03
9.061955306846398994e-03
9.052565037848578702e-03
9.043472034928903835e-03
9.034507376873167003e-03
9.025677891873452874e-03
9.017173633948235775e-03
9.008990173118472389e-03
9.000851028990387165e-03
8.993299800436773891e-03
8.985957590771384215e-03
8.978922181725437074e-03
8.972256448451272279e-03
8.966251993405184237e-03
8.960709876584857514e-03
8.955563495664137924e-03
8.950597625325719398e-03
8.945842336409222384e-03
8.941384405045363706e-03
8.937421733280985492e-03
8.933798819857971182e-03
8.930470391051584592e-03
8.927596204484121792e-03
8.924834122598880246e-03
8.922224642680541898e-03
8.919898211639566005e-03
8.917922841036410656e-03
8.916263714009685371e-03
8.914987019767841095e-03
8.914111329280259913e-03
8.913504794638175618e-03
8.912982813120914199e-03
8.912330872044694693e-03
8.911869646941628087e-03
8.911362961156646390e-03
8.910755833961900643e-03
8.910414767139948969e-03
8.910121176129194576e-03
8.909954304800184535e-03
8.909871843673967257e-03
8.909802812496855906e-03
8.909982293689118482e-03
8.910342614738914202e-03
8.910524945641672134e-03
8.910680472925541426e-03
8.910752560866158287e-03
8.910717476719150557e-03
8.910649152794712299e-03
8.910335694193829287e-03
8.909869753157840730e-03
8.909513573717315824e-03
8.909162291621313887e-03
8.908589230713933813e-03
8.907950697184904842e-03
8.907250565961857477e-03
8.906526278334657085e-03
8.905314658586280241e-03
8.904255534999671109e-03
8.902860981583235120e-03
8.901259741109461901e-03
8.899609811991306824e-03
8.897870242426766593e-03
8.895892093601585546e-03
8.893530468051219495e-03
8.890789640204146277e-03
8.887760185018085679e-03
8.884446849063873733e-03
8.880976523002591383e-03
8.877409462993864769e-03
8.873457700194261472e-03
8.869338360679804648e-03
8.864981326835327108e-03
8.860334762217696170e-03
8.855503403255155642e-03
8.850514703167274705e-03
8.845434882788740655e-03
8.840150736503918361e-03
8.834479328283762270e-03
8.828333684772838100e-03
8.821653125657578573e-03
8.814759004347708093e-03
8.807597991103694249e-03
8.800265828094008119e-03
8.792535705190498638e-03
8.784595430180234393e-03
8.776550011828480186e-03
8.767792802879596087e-03
8.758757801432511328e-03
8.749567475581664089e-03
8.740177799054144048e-03
8.730535800733268958e-03
8.720741582101674758e-03
8.710598177847578630e-03
8.700064496349168772e-03
8.689094072187583673e-03
8.677665678668167876e-03
8.665968742226290433e-03
8.653749847767200701e-03
8.641199759142658907e-03
8.628362318660811811e-03
8.615204447585457850e-03
8.601734715006657817e-03
8.587909783071192432e-03
8.573555109550570069e-03
8.558751364405984413e-03
8.543724532436142854e-03
8.528339568133190898e-03
8.512482193883888146e-03
8.496289076370093160e-03
8.479836184225252385e-03
8.462888573078169996e-03
8.445504741073344562e-03
8.427888425421593485e-03
8.409843817790517775e-03
8.391559419314742474e-03
8.372939769291057321e-03
8.353841484058958586e-03
8.334366728905119592e-03
8.314456188481787052e-03
8.294404196673080612e-03
8.273872356314887141e-03
8.253224213852584923e-03
8.232122891142222218e-03
8.210730198971973731e-03
8.188924857372589794e-03
8.166953661219431004e-03
8.144925298957314541e-03
8.122698917244196640e-03
8.100044636429487924e-03
8.077694741672721349e-03
8.055032967979642786e-03
8.032110148085936166e-03
8.009001810266777252e-03
7.985421790604744358e-03
7.961805706052964976e-03
7.938000202574305164e-03
7.914160881789387980e-03
7.890158487129796117e-03
7.866162800365230148e-03
7.841827404040430452e-03
7.817582936001130772e-03
7.793138579409236537e-03
7.768409846115090743e-03
7.743267148116525847e-03
7.718265109704702115e-03
7.693114923988994720e-03
7.667826325710670222e-03
7.642263794937458575e-03
7.616554717204156513e-03
7.590773017061957194e-03
7.565136414464165328e-03
7.539242464648417651e-03
7.513551628077356007e-03
7.487751534509887695e-03
7.461846395255854365e-03
7.435668820536985892e-03
7.409171785188485397e-03
7.382542675225055306e-03
7.355947702157239303e-03
7.329077954575186071e-03
7.302055571751079645e-03
7.274927053087573009e-03
7.247756933793509694e-03
7.220605311600497740e-03
7.193244801547136504e-03
7.165649992425096593e-03
7.138096674599013827e-03
7.110446207731145954e-03
7.082738737996965503e-03
7.054755884337826286e-03
7.026723688157768093e-03
6.998786350581361580e-03
6.970833720735226773e-03
6.942818307748298973e-03
6.914748532047428758e-03
6.886587234520078274e-03
6.858202321448948063e-03
6.829842458403284113e-03
6.801455250849802389e-03
6.772932722237683459e-03
6.744289471851136822e-03
6.715514160162808915e-03
6.686865157313720380e-03
6.658132217395093012e-03
6.629173166302362863e-03
6.600150765082950059e-03
6.570957740170571201e-03
6.541472351008899462e-03
6.511800370934992671e-03
6.481960602312910637e-03
6.451786755036659216e-03
6.421441558439914057e-03
6.391004434492408674e-03
6.360437093870071473e-03
6.329767704871917811e-03
6.298806264377089341e-03
6.267621197611092550e-03
6.236088076668666082e-03
6.204307916383273135e-03
6.172407703521089889e-03
6.140309232901853230e-03
6.107976305342707919e-03
6.075369217667116704e-03
6.042486518472461703e-03
6.009602850489276400e-03
5.976423392192818825e-03
5.942985416484101134e-03
5.909320330950392115e-03
5.875359997832140836e-03
5.841117969818429394e-03
5.806729918879355475e-03
5.772000458544532427e-03
5.737119216796227397e-03
5.701912743483090150e-03
5.666544554902210040e-03
5.631140358161744811e-03
5.595564987488955110e-03
5.559845023247752573e-03
5.524124331636378997e-03
5.488248190405319374e-03
5.452048552446009215e-03
5.415814489871829431e-03
5.379208761897507664e-03
5.342466227855624701e-03
5.305468038699330015e-03
5.268455574054545232e-03
5.231099088289778605e-03
5.193631419320656091e-03
5.155840843569592727e-03
5.117718689985722470e-03
5.079572184834340622e-03
5.041343398471277021e-03
5.002952760536191062e-03
4.964522440739932256e-03
4.926134504423291746e-03
4.887614643159765224e-03
4.848887431888399685e-03
4.810251709214690211e-03
4.771534168510075703e-03
4.732777804791134420e-03
4.693935280091766395e-03
4.655183684599620286e-03
4.616307022434445843e-03
4.577418363137091342e-03
4.538544890224226191e-03
4.499646617344545650e-03
4.460709244026923870e-03
4.421790462229323489e-03
4.382882505556177921e-03
4.344190485186556240e-03
4.305622653884879671e-03
4.267176315888734570e-03
4.228891064791906462e-03
4.190663204440902428e-03
4.152580468611814617e-03
4.114557399320870230e-03
4.076610096241179565e-03
4.038851403676504970e-03
4.001210536414698954e-03
3.963742221837961328e-03
3.926440883534445050e-03
3.889286786255959690e-03
3.852329621635992504e-03
3.815500953964759065e-03
3.778835415330679924e-03
3.742405632408963602e-03
3.706199058562072157e-03
3.670180393449209728e-03
3.634336424695498117e-03
3.598825480495079429e-03
3.563592235261244488e-03
3.528648372412902714e-03
3.493933711447622884e-03
3.459567265847510002e-03
3.425525964122809811e-03
3.391850987149697995e-03
3.358437036818272964e-03
3.325302137876984601e-03
3.292497406378962297e-03
3.259966868088567601e-03
3.227621422960295656e-03
3.195618048522873549e-03
3.163889287298938570e-03
3.132561475891249437e-03
3.101525433313571598e-03
3.070743612911285437e-03
3.040246360275592266e-03
3.010089502663947439e-03
2.980242635855562781e-03
