2.244087324475827275e-02
2.227121612938410058e-02
2.210223933147871522e-02
2.193419037337648869e-02
2.176714273474538233e-02
2.160111337651956717e-02
2.143646067225585261e-02
2.127282515128188153e-02
2.111036270026530118e-02
2.094914721870303614e-02
2.079080959101758941e-02
2.063495704723525281e-02
2.048105237207297619e-02
2.032891597117873414e-02
2.017872998327325043e-02
2.003050737884062155e-02
1.988382928230676000e-02
1.974015958411268548e-02
1.959863379766428257e-02
1.945966721636957150e-02
1.932321947949554308e-02
1.918869878809457627e-02
1.905615886459443437e-02
1.892632327349685201e-02
1.879919951548606957e-02
1.867527612008150831e-02
1.855368708058861490e-02
1.843450419703842116e-02
1.831809001238713167e-02
1.820395639279344044e-02
1.809212170587042728e-02
1.798264174774857893e-02
1.787559943151367792e-02
1.777055098502955746e-02
1.766754338941207633e-02
1.756622495030732770e-02
1.746684840458850169e-02
1.736892255452646486e-02
1.727233336737141883e-02
1.717724883310208991e-02
1.708347050443393897e-02
1.699126678119312547e-02
1.690032374754407013e-02
1.681053869971651377e-02
1.672187135066597122e-02
1.663453863087283047e-02
1.654829006567657204e-02
1.646285522015017433e-02
1.637819936622680189e-02
1.629410781219150367e-02
1.621064063706853867e-02
1.612759348565278444e-02
1.604503552282390486e-02
1.596313426871417973e-02
1.588173217803583170e-02
1.580110005107618343e-02
1.572128349674662556e-02
1.564215488287657926e-02
1.556354960022813053e-02
1.548518861655714431e-02
1.540721471771908796e-02
1.532966259167632336e-02
1.525255886213333634e-02
1.517588996721012246e-02
1.509932848597609137e-02
1.502328028547745414e-02
1.494772105851796887e-02
1.487238285679899456e-02
1.479712432502571298e-02
1.472201164638706553e-02
1.464718187455921715e-02
1.457265521809097963e-02
1.449817221627444641e-02
1.442392504831342681e-02
1.435005102234540239e-02
1.427646568126200374e-02
1.420338190309445268e-02
1.413041811984927856e-02
1.405742379632153594e-02
1.398470258897498500e-02
1.391207643374291376e-02
1.383972578493795728e-02
1.376788319504096414e-02
1.369646118836773119e-02
1.362522789746874012e-02
1.355416927092320881e-02
1.348329069294281965e-02
1.341249664812635238e-02
1.334193199520566919e-02
1.327166248210952595e-02
1.320184916444810085e-02
1.313230219049093053e-02
1.306281853331590047e-02
1.299361424185860314e-02
1.292484304355495661e-02
1.285621180133320572e-02
1.278786191608818033e-02
1.271976600483815979e-02
1.265211527092212525e-02
1.258499707187488506e-02
1.251816679298343310e-02
1.245141489674661192e-02
1.238472075402973632e-02
1.231808935721457297e-02
1.225171026231034778e-02
1.218536146013398346e-02
1.211924181214284711e-02
1.205336430828052481e-02
1.198795558374385513e-02
1.192297836360204852e-02
1.185832219880037994e-02
1.179405155362374912e-02
1.172993534399328734e-02
1.166608545236783902e-02
1.160244893294124814e-02
1.153911975649359219e-02
1.147589827099447339e-02
1.141284973460552146e-02
1.135021943495642151e-02
1.128798388480237516e-02
1.122592791418532306e-02
1.116426980945191966e-02
1.110301029122740327e-02
1.104216541511088105e-02
1.098152952164574599e-02
1.092123208882275938e-02
1.086123423549867004e-02
1.080180195458130959e-02
1.074283120805106205e-02
1.068435745660849083e-02
1.062607782922174449e-02
1.056807396022542422e-02
1.051033006273244599e-02
1.045309032104411659e-02
1.039619826894321551e-02
1.033959930888897656e-02
1.028337037681623101e-02
1.022754554607848559e-02
1.017204091953079897e-02
1.011672551008551378e-02
1.006164974152600963e-02
1.000688789561467867e-02
9.952443431758684414e-03
9.898284022557492581e-03
9.844567163941614005e-03
9.791110149703642282e-03
9.738021528240006774e-03
9.685206991827965267e-03
9.632534397239477311e-03
9.580084632219437388e-03
9.527827319294279382e-03
9.475761323418860349e-03
9.423935866714439405e-03
9.372399506863270113e-03
9.321140057084573508e-03
9.270301225108955670e-03
9.219863374773288808e-03
9.169677179827202818e-03
9.119741598536101543e-03
9.070052734663214267e-03
9.020606691800494084e-03
8.971452258144897371e-03
8.922735994477364388e-03
8.874353259188670281e-03
8.826133931441798586e-03
8.778186244769470639e-03
8.730563669421922621e-03
8.683247120293439980e-03
8.636378496552670619e-03
8.589719999241473419e-03
8.543315233608791276e-03
8.497087833412644842e-03
8.451194203804843208e-03
8.405590156665849674e-03
8.360165924399221363e-03
8.314934938115640245e-03
8.270068118002569732e-03
8.225573311880616731e-03
8.181349824691631911e-03
8.137295574264298559e-03
8.093393745668196401e-03
8.049801529344592990e-03
8.006652420778744700e-03
7.963918375128282989e-03
7.921538736560738286e-03
7.879550273551536380e-03
7.837981442052313966e-03
7.796790308190410315e-03
7.755963859675353740e-03
7.715456065214791777e-03
7.675294798471263974e-03
7.635410100738340006e-03
7.595776992691179522e-03
7.556631201706460847e-03
7.517833064864195419e-03
7.479620330790489810e-03
7.441728567877134090e-03
7.404187461946704421e-03
7.366979577746249341e-03
7.330036890139998013e-03
7.293364461162926519e-03
7.256967564938734266e-03
7.220838594176536354e-03
7.184862417291156683e-03
7.149195435874498503e-03
7.113751451849469921e-03
7.078646767714713919e-03
7.043898816667054988e-03
7.009416293584298449e-03
6.975140349344378411e-03
6.941212194757430225e-03
6.907634574961194276e-03
6.874318430435932478e-03
6.841298486528450337e-03
6.808539988173861919e-03
6.776174600665702333e-03
6.744037896958264208e-03
6.712072810176598035e-03
6.680453802464280180e-03
6.648962484384164304e-03
6.617833394813673123e-03
6.586962247667246112e-03
6.556264108822188255e-03
6.525822931775025759e-03
6.495723529595522940e-03
6.465805252763032543e-03
6.436128145229560310e-03
6.406730212554626047e-03
6.377499986869030954e-03
6.348532802470802094e-03
6.319779790860968055e-03
6.291208328738852502e-03
6.262918639575378900e-03
6.234843705019282867e-03
6.207076968635204771e-03
6.179591223978525734e-03
6.152401013668113566e-03
6.125455691407846043e-03
6.098758155082268338e-03
6.072325590630793350e-03
6.046095856834454545e-03
6.020059002738660341e-03
5.994234107336861815e-03
5.968705857527550201e-03
5.943468920020814235e-03
5.918351522792082708e-03
5.893451162590893945e-03
5.868719437262161047e-03
5.844202915978985099e-03
5.819864871387638375e-03
5.795810109023357380e-03
5.772062161975657392e-03
5.748560402130037383e-03
5.725333001838057469e-03
5.702323614137701224e-03
5.679581778837460189e-03
5.657059471520447559e-03
5.634840071619713099e-03
5.612958806881162936e-03
5.591379407237288650e-03
5.570021975214377655e-03
5.548964665460401173e-03
5.528095871203819386e-03
5.507361424078794331e-03
5.486829389848116821e-03
5.466553840844626429e-03
5.446568158836925973e-03
5.426848098637681965e-03
5.407430694043874851e-03
5.388298677592321360e-03
5.369502489556300835e-03
5.350913066213572496e-03
5.332564646947729470e-03
5.314463302502367079e-03
5.296524012265100764e-03
5.278755396727942591e-03
5.261183187137477395e-03
5.243828257019950319e-03
5.226696146152313635e-03
5.209809196730980606e-03
5.193058859426172118e-03
5.176447925302526260e-03
5.160034346904264838e-03
5.143833033789574002e-03
5.127842225238762180e-03
5.112000283948254890e-03
5.096327817180879710e-03
5.080871206965788082e-03
5.065645624994782187e-03
5.050479972305506153e-03
5.035588582403146239e-03
5.020899118654468737e-03
5.006437004244793619e-03
4.992170545068090257e-03
4.978154996374669662e-03
4.964386902307061852e-03
4.950753726029087989e-03
4.937174074609475619e-03
4.923720459131020882e-03
4.910539573597346059e-03
4.897566998863332223e-03
4.884909120267474578e-03
4.872523040534800474e-03
4.860198873645162759e-03
4.848113511020928947e-03
4.836152951460974923e-03
4.824353900746093139e-03
4.812683347722658718e-03
4.801175060881828632e-03
4.789763008813669246e-03
4.778457632812337964e-03
4.767417259452159765e-03
4.756567395841309123e-03
4.746017460705216108e-03
4.735703447454645346e-03
4.725581902334243314e-03
4.715629166214528080e-03
4.705748255311551463e-03
4.696173434377428658e-03
4.687075229074628806e-03
4.678172776229077949e-03
4.669483282402207835e-03
4.661157951734350158e-03
4.653070181782911242e-03
4.645226419360286643e-03
4.637575244671678434e-03
4.630076819540081962e-03
4.622689582516221161e-03
4.615550773964993171e-03
4.608528572960362939e-03
4.601669256365973661e-03
4.595096327232432894e-03
4.588940304237870693e-03
4.582894863331451150e-03
4.577025198114306401e-03
4.571281590096981651e-03
4.565767899871422258e-03
4.560472886308493054e-03
4.555304585394562289e-03
4.550364006125427740e-03
4.545893365861268867e-03
4.541678386877071559e-03
4.537834951600433139e-03
4.534240238740028760e-03
4.530881277568392373e-03
4.527782312649415199e-03
4.524771722615247502e-03
4.521981902683109254e-03
4.519382881466310273e-03
4.516945843033996419e-03
4.514652270193017340e-03
4.512581444987680268e-03
4.510590024485068572e-03
4.508680930811184359e-03
4.506931680529080615e-03
4.505363734135525017e-03
4.503959047732122162e-03
4.502799725821315414e-03
4.501992804820913706e-03
4.501409619340189863e-03
4.500963177765618384e-03
4.500656031696284066e-03
4.500510839209992398e-03
4.500498676274063137e-03
4.500437094428178311e-03
4.500226165612832008e-03
4.500099027147600600e-03
4.500077405666546258e-03
4.500388618719284271e-03
4.500792028352407215e-03
4.501366826385228177e-03
4.502072263432970942e-03
4.502982369707783476e-03
4.503947310667359358e-03
4.504928911571466806e-03
4.505968789919909817e-03
4.507353740934568441e-03
4.508649991618010784e-03
4.509968359699236158e-03
4.511306054733692054e-03
4.512863367682680947e-03
4.514512295135089150e-03
4.516071719840289780e-03
4.517594043885778468e-03
4.519188587943906606e-03
4.520962425812818063e-03
4.522919327784352857e-03
4.524790005536752369e-03
4.526803467257534998e-03
4.528877714894167031e-03
4.531142845913439278e-03
4.533531193130904864e-03
4.536360792722713559e-03
4.539349568394578614e-03
4.542164655925683137e-03
4.545026190001311313e-03
4.548743087179015800e-03
4.552510837618740057e-03
4.556443068049482147e-03
4.560534402620546046e-03
4.564950054346576629e-03
4.569538231388993628e-03
4.573858564426953183e-03
4.578125261507256551e-03
4.582482525525548994e-03
4.586851733327992377e-03
4.591125383840545006e-03
4.595394945389442119e-03
4.599878049168982207e-03
4.604239370406193986e-03
4.608528037489284870e-03
4.612982514772325307e-03
4.617590135815564933e-03
4.622141600389849565e-03
4.626724689163239958e-03
4.631399955574860144e-03
4.636266928988627342e-03
4.641257996316237172e-03
4.646121253904711076e-03
4.651045320652352245e-03
4.655851693275899275e-03
4.660659621511901128e-03
4.665208356665774721e-03
4.669633113909206143e-03
4.674037224570945850e-03
4.678301476227487293e-03
4.682335888536989787e-03
4.686376579899285619e-03
4.690322235073416703e-03
4.694330099027957739e-03
4.698128969201993167e-03
4.701896227980577672e-03
4.705302501613888196e-03
4.708380537396146537e-03
4.711247590377693785e-03
4.714160178028023104e-03
4.716720956912670397e-03
4.719044058395187487e-03
4.721015658402499468e-03
4.722818509656314702e-03
4.724727749424806680e-03
4.726716273003680156e-03
4.728564913122874393e-03
4.730608189747280250e-03
4.732559438499839635e-03
4.734625282853253091e-03
4.736794618502000384e-03
4.738852056333238416e-03
4.740875407180703514e-03
4.743042074934738367e-03
4.745340586111066600e-03
4.747879973537741730e-03
4.750024309380433858e-03
4.752076007430419170e-03
4.754013995794308632e-03
4.755889745104165123e-03
4.757899659604276910e-03
4.760146120240391250e-03
4.762285497995491848e-03
4.764227538292784697e-03
4.765839721334897208e-03
4.767401666446945477e-03
4.769002967191749917e-03
4.770439202003443069e-03
4.771792924439168838e-03
4.773327436415663975e-03
4.774907503557853511e-03
4.776727123758571676e-03
4.778589860731849263e-03
4.780763392800549405e-03
4.783197132564556003e-03
4.785877642726694796e-03
4.789097179088448904e-03
4.792594193101303891e-03
4.796611801015542194e-03
4.801259528871253644e-03
4.806164629808635722e-03
4.811552111845809714e-03
4.817087042219967384e-03
4.822978690907661278e-03
4.829406797201203118e-03
4.836135728517988210e-03
4.842967110647956180e-03
4.850110393112431854e-03
4.858252800751263444e-03
4.867093480642727295e-03
4.876102713083889893e-03
4.886221730233528647e-03
4.896783528224735692e-03
4.908151295882072669e-03
4.920376757895537738e-03
4.933383626750906768e-03
4.946758505668836549e-03
4.960175745766915063e-03
4.975252120412192690e-03
4.991720076330002920e-03
5.008946368033084275e-03
5.026325110040492233e-03
5.044627893371055397e-03
5.063685885601785543e-03
