6.829399291439696047e-03
6.832399714590388883e-03
6.834799074247662615e-03
6.836824850792127747e-03
6.837880845262268338e-03
6.837970379481347026e-03
6.838128319893371082e-03
6.838204921785587601e-03
6.838773827727643619e-03
6.838714809949547613e-03
6.837128535607556179e-03
6.834991561525999640e-03
6.832228958238820843e-03
6.828809728853860866e-03
6.824119510031294994e-03
6.817580704105079097e-03
6.810009018006294920e-03
6.799787696757437182e-03
6.787359574076017379e-03
6.773570286254838868e-03
6.758338679853074030e-03
6.741741390375679578e-03
6.723158707385310830e-03
6.702378307231338615e-03
6.678622478062882194e-03
6.652745802833389017e-03
6.624725584131924833e-03
6.595406622828673890e-03
6.564849594303200607e-03
6.532136231298766617e-03
6.497558535727481106e-03
6.460839300514320364e-03
6.422257755114062217e-03
6.382440263643480820e-03
6.341031764841847419e-03
6.297791879637057270e-03
6.253529021680814988e-03
6.208512957635651565e-03
6.162802155905403381e-03
6.116069886562783275e-03
6.068789582904299262e-03
6.020673829356041132e-03
5.972092530315237062e-03
5.923337781991892988e-03
5.874868061228753942e-03
5.827349559739826435e-03
5.781158583973986138e-03
5.735981765161467412e-03
5.692724651475452279e-03
5.651271264483407643e-03
5.610956766656990773e-03
5.571911579820090082e-03
5.533939988922996316e-03
5.497225322169269242e-03
5.461346844248567492e-03
5.427000623621240985e-03
5.393781783747438746e-03
5.361733218948745022e-03
5.330866252412220542e-03
5.301071209208967940e-03
5.272503060954830158e-03
5.244753747015329370e-03
5.217709490379508763e-03
5.191255680507858052e-03
5.165516275321553955e-03
5.140464185596530303e-03
5.116736441444667480e-03
5.093913117010179584e-03
5.071765830824370019e-03
5.050410092929938019e-03
5.029471007227176091e-03
5.008986779378333566e-03
4.988915087341064952e-03
4.969380459231473833e-03
4.950425587229277842e-03
4.932250344511359547e-03
4.914895916058925618e-03
4.897418921168899576e-03
4.880205422587022106e-03
4.862785879587905660e-03
4.845781121416143158e-03
4.829270558237084253e-03
4.813167845413296800e-03
4.797652200807549748e-03
4.782599834299849050e-03
4.768151992953946483e-03
4.754268097343879347e-03
4.740769788686331233e-03
4.727481264961298953e-03
4.714678741888424750e-03
4.702379646464174313e-03
4.690612523443099015e-03
4.678966511387898722e-03
4.667693771057940255e-03
4.657130318889996651e-03
4.647545327527113392e-03
4.638552971847985547e-03
4.630311709160213861e-03
4.622673428459000804e-03
4.615614169169045614e-03
4.609036227133517238e-03
4.602738410702363059e-03
4.597109519710118088e-03
4.591819248676558100e-03
4.586701931165592869e-03
4.581952069600504426e-03
4.577533723536577823e-03
4.573459584454974206e-03
4.570170491752901555e-03
4.567666403243171233e-03
4.565714762695338540e-03
4.564324733982725105e-03
4.563387326782679387e-03
4.562751404035156333e-03
4.562464458697745168e-03
4.562585338783693018e-03
4.563281529981443908e-03
4.563967405276665029e-03
4.565282231759165178e-03
4.567045046400062223e-03
4.568911474406840353e-03
4.571100736088466905e-03
4.573456085658542808e-03
4.576296159337419657e-03
4.579838440072419616e-03
4.583672908766453155e-03
4.588221878479565967e-03
4.593114216604476246e-03
4.598377463976381467e-03
4.604128604966275726e-03
4.610250282308022210e-03
4.616631650212243802e-03
4.623483345397329941e-03
4.630821170102647488e-03
4.638667734529985411e-03
4.646730887001602334e-03
4.655135379984784438e-03
4.663735288162118749e-03
4.672531278448756840e-03
4.681637381565172465e-03
4.691363069005629813e-03
4.701379988176487140e-03
4.711832788215129450e-03
4.722764277863390238e-03
4.734372339849839822e-03
4.746504450034104948e-03
4.759020702706239642e-03
4.771607170684603362e-03
4.784358778869347330e-03
4.797316710852712017e-03
4.810729312331846717e-03
4.824830490740307336e-03
4.839715152785269321e-03
4.854939201479761650e-03
4.870647877559828275e-03
4.887012808467320474e-03
4.903921082884407992e-03
4.921187557209795276e-03
4.938600232104824531e-03
4.956234549090549404e-03
4.974344042871105438e-03
4.992726094903636447e-03
5.011390447539143013e-03
5.030403437288732266e-03
5.049803830228475655e-03
5.069785929025225936e-03
5.089951487701999122e-03
5.110334774233813576e-03
5.130982806982256270e-03
5.152041947154979880e-03
5.173355803412088734e-03
5.195056808960666662e-03
5.217175447651698807e-03
5.239089483037402337e-03
5.261212361044110761e-03
5.283426110048218723e-03
5.305638411764274261e-03
5.327894162337720209e-03
5.350412323226943177e-03
5.373125128410533372e-03
5.395816281973373797e-03
5.418793306870209672e-03
5.442219099750990330e-03
5.465838181713120886e-03
5.490016642111772080e-03
5.514453845541822212e-03
5.539039267966916827e-03
5.563813641874764196e-03
5.589240603258741232e-03
5.614970267681617701e-03
5.640661033001597921e-03
5.666458782738401090e-03
5.692502415769992545e-03
5.719175988893820950e-03
5.746391563162385648e-03
5.774054347225688125e-03
5.801679050085979325e-03
5.829630475730116466e-03
5.858122937102069883e-03
5.886916833556882223e-03
5.916420276859567749e-03
5.946567234814031759e-03
5.977276649316922395e-03
6.008258217967356665e-03
6.039447442863755955e-03
6.070935593660177834e-03
6.102722038243713412e-03
6.134791778846769746e-03
6.167313838748423802e-03
6.200443178849998106e-03
6.233850420357545628e-03
6.267018111401387315e-03
6.299342327230474797e-03
6.331724439296764276e-03
6.364006826011466000e-03
6.396090268983039076e-03
6.428031279689020924e-03
6.460172181943740592e-03
6.491949912442443113e-03
6.523886778210432301e-03
6.556068319216900274e-03
6.589093715049034600e-03
6.622694534608245844e-03
6.656563910171832757e-03
6.690382242123775816e-03
6.724608451622655914e-03
6.759785675379000915e-03
6.795226146434505711e-03
6.831034884227074958e-03
6.867108468228163079e-03
6.903433267694989058e-03
6.939811086301317378e-03
6.976402413026381796e-03
7.013207666917802702e-03
7.050116243418609423e-03
7.087149289423519925e-03
7.124497668989230800e-03
7.161603643260689399e-03
7.198805207911300984e-03
7.236107805501853021e-03
7.273063209366286211e-03
7.310112176160903259e-03
7.347127111087715587e-03
7.384187866197857754e-03
7.421394230630729352e-03
7.459045797889553124e-03
7.496831494909450902e-03
7.534725853902455618e-03
7.572751519012968849e-03
7.610497589746180631e-03
7.648178799744315311e-03
7.685959881763449603e-03
7.723689400980436950e-03
7.761186525210680281e-03
7.798340379955482835e-03
7.835305228094679303e-03
7.871971880235520067e-03
7.908593670739755624e-03
7.945151978446423832e-03
7.981433377150660979e-03
8.017368504025308013e-03
8.053094521099717421e-03
8.088437598607075771e-03
8.123719399706637312e-03
8.159409157439314469e-03
8.195121929634351793e-03
8.230837423305388534e-03
8.266465204076209675e-03
8.302027020035129823e-03
8.337393370532851164e-03
8.372719097940949443e-03
8.408092691574114638e-03
8.443117553978037038e-03
8.478174493709973725e-03
8.513149433826628504e-03
8.547138493662325559e-03
8.581165975434599386e-03
8.614849811830443960e-03
8.648435278444614044e-03
8.682018335075123577e-03
8.715846230593408267e-03
8.749583749696318927e-03
8.783459588274675905e-03
8.817631133946268393e-03
8.851799131371117582e-03
8.885771777032733937e-03
8.919673429201193174e-03
8.953726641194670668e-03
8.987559728957717972e-03
9.021130057329041288e-03
9.054471401844706516e-03
9.087841999660478676e-03
9.120869416476322378e-03
9.153563420629532918e-03
9.185884024465247599e-03
9.218209320775020907e-03
9.250492421221381475e-03
9.282609830025207245e-03
9.314090692813720151e-03
9.345157569459578220e-03
9.376240909417543970e-03
9.407533967119434057e-03
9.438907706354218025e-03
9.470215224076461089e-03
9.501606590363123953e-03
9.532967061088084074e-03
9.563886523519523480e-03
9.594661710695322893e-03
9.625332623538884053e-03
9.655926556109138345e-03
9.686208785421620074e-03
9.716163084654063156e-03
9.745837647307822177e-03
9.774957059430445724e-03
9.803937385987318912e-03
9.832652186239493330e-03
9.861228412753776998e-03
9.889993733871027884e-03
9.918485507989202241e-03
9.947153858773684354e-03
9.975281984932962351e-03
1.000325778310333369e-02
1.003133599822177320e-02
1.005935760683211548e-02
1.008699566875618028e-02
1.011447136609641001e-02
1.014189781643350108e-02
1.016932178129370708e-02
1.019698512035180187e-02
1.022438670760769316e-02
1.025141378939515603e-02
1.027814818256064973e-02
1.030449192084954661e-02
1.033058816458716327e-02
1.035658113406070883e-02
1.038261570867536968e-02
1.040854209561651277e-02
1.043431930016780300e-02
1.045979568203465188e-02
1.048515159285428981e-02
1.051037816042700752e-02
1.053538031498529176e-02
1.056013173677729060e-02
1.058434993704262736e-02
1.060847246986988852e-02
1.063256287108446489e-02
1.065678961062298605e-02
1.068047809380618524e-02
1.070354225565941023e-02
1.072647510679369288e-02
1.074938340191784227e-02
1.077165949109564619e-02
1.079426013165807850e-02
1.081685454876006418e-02
1.083938907487450899e-02
1.086199237897912499e-02
1.088433315870924491e-02
1.090660881630784070e-02
1.092885935463763086e-02
1.095140593034823161e-02
1.097373028294050881e-02
1.099605565525689499e-02
1.101822409318422256e-02
1.103996274318637047e-02
1.106226208275015201e-02
1.108483046376974347e-02
1.110727040238331138e-02
1.112918564519518351e-02
1.115051908296524515e-02
1.117157665083667699e-02
1.119273953366373316e-02
1.121378373128008483e-02
1.123459705033187650e-02
1.125517813899850825e-02
1.127590529858321644e-02
1.129646014419208484e-02
1.131654718382464272e-02
1.133663652131674388e-02
1.135613654300474118e-02
1.137553090251598210e-02
1.139512088946285050e-02
1.141437693558148767e-02
1.143380154667096062e-02
1.145289656626859859e-02
1.147149009912875293e-02
1.149033472579736107e-02
1.150964282806712924e-02
1.152879682108954272e-02
1.154776470881280735e-02
1.156708410113132385e-02
1.158661080645326247e-02
1.160566986780291535e-02
1.162430012942949550e-02
1.164275076966282511e-02
1.166120437789672573e-02
1.167970961322911151e-02
1.169809433865624457e-02
1.171641300634453271e-02
1.173477226604580960e-02
1.175312442068741567e-02
1.177080469876990755e-02
1.178845504479178116e-02
1.180598653057392429e-02
1.182350969724142720e-02
1.184069988970288569e-02
1.185747535356483813e-02
1.187373860621861003e-02
1.188986147070963603e-02
1.190635463277299813e-02
1.192250185155856526e-02
1.193854114833820153e-02
1.195449939235126123e-02
1.197034762612228173e-02
1.198597176513019683e-02
1.200205201831815519e-02
1.201839301058598743e-02
1.203484289661302734e-02
1.205124881397758550e-02
1.206763678870973952e-02
1.208398196366711023e-02
1.210004684607726699e-02
1.211611815115041201e-02
1.213287806839448771e-02
1.214965894979738031e-02
1.216668662301656316e-02
1.218320930591980378e-02
1.219940585513016977e-02
1.221540372487731063e-02
1.223173401612773735e-02
1.224798980681032247e-02
1.226434369880568913e-02
1.228059683871500149e-02
1.229699732577346598e-02
1.231332377550620714e-02
1.232955551464678078e-02
1.234574386701309257e-02
1.236160608795497037e-02
1.237733710163984972e-02
1.239286506775732696e-02
1.240806371956711812e-02
1.242291527317368645e-02
1.243799308129227982e-02
1.245331295822736141e-02
1.246850588776264937e-02
1.248345075438348460e-02
1.249763786007292501e-02
1.251164686296279104e-02
1.252585995191120120e-02
1.254007096847404787e-02
1.255426750786335643e-02
1.256873698203648908e-02
1.258325761555442214e-02
1.259810048348048578e-02
1.261318930863680049e-02
1.262857259334614762e-02
1.264379143966302618e-02
1.265905265724864316e-02
1.267410887097756428e-02
1.268947711829880413e-02
1.270536483727384945e-02
1.272128658977998532e-02
1.273719170439550387e-02
1.275277684531936698e-02
1.276848268587329679e-02
1.278439158983166006e-02
1.280045398178901797e-02
1.281684852570086179e-02
1.283348671279334503e-02
1.284996749794351488e-02
1.286603796774042630e-02
1.288195658577103928e-02
1.289823603116173160e-02
1.291466789612606518e-02
1.293124997923378143e-02
1.294742675208183230e-02
1.296418729384175156e-02
1.298111599210321175e-02
1.299797657095917713e-02
1.301504562256055111e-02
1.303286951280801381e-02
1.305096318016818122e-02
1.306988898333305386e-02
1.308930157290190584e-02
1.310935299328147563e-02
1.312939928375753997e-02
1.314971215115100234e-02
1.317025241696482413e-02
1.319108828648929074e-02
1.321212391823012831e-02
1.323312573624238139e-02
1.325444794767643812e-02
1.327671347556179035e-02
1.329945822821963081e-02
1.332215630085816990e-02
1.334488668807382560e-02
1.336771432468276607e-02
1.339101862033672749e-02
1.341473674528995304e-02
1.343888256711034922e-02
1.346305196340156357e-02
