2.031347451234749926e-02
2.012211353648180392e-02
1.993252236784786788e-02
1.974415566429092370e-02
1.955739445256035255e-02
1.937210269365160359e-02
1.918761693211513270e-02
1.900481145299905833e-02
1.882390428687251427e-02
1.864504683805968260e-02
1.846801272349096745e-02
1.829169311505780826e-02
1.811718268659442965e-02
1.794441434035695671e-02
1.777314900853871685e-02
1.760317417174066257e-02
1.743426533022419608e-02
1.726727129997632920e-02
1.710234549359234552e-02
1.693916597303487745e-02
1.677831823556169555e-02
1.661983933555608028e-02
1.646347033403511642e-02
1.630953186476451558e-02
1.615770684008909289e-02
1.600825827689730807e-02
1.586079234694025633e-02
1.571579273613094713e-02
1.557315239436191448e-02
1.543315768683876064e-02
1.529516902351426948e-02
1.515911612459778894e-02
1.502520059299792925e-02
1.489308737072261336e-02
1.476289591185119161e-02
1.463437805781189066e-02
1.450797741763439931e-02
1.438431306502786777e-02
1.426327688581779767e-02
1.414428368917876495e-02
1.402730303780348048e-02
1.391185354818500440e-02
1.379871689066041254e-02
1.368715668841127830e-02
1.357720562950096022e-02
1.346964675608709749e-02
1.336427476251729474e-02
1.326060912987403473e-02
1.315856523138711140e-02
1.305741852024836815e-02
1.295761541774993579e-02
1.285940932982777493e-02
1.276277269644651886e-02
1.266766520051136255e-02
1.257380156231448221e-02
1.248127360537911942e-02
1.238963591578218400e-02
1.229904534303215280e-02
1.220902658901459534e-02
1.212001337175528520e-02
1.203216435946856226e-02
1.194538229355142714e-02
1.185962543280363879e-02
1.177516722551234622e-02
1.169214277551532122e-02
1.161005479039291938e-02
1.152902411697307242e-02
1.144896119524238705e-02
1.136997693499936998e-02
1.129219067316114371e-02
1.121530713484602051e-02
1.113949950966575814e-02
1.106473172948764169e-02
1.099107737731951952e-02
1.091837034740085997e-02
1.084691340314894968e-02
1.077637245569998230e-02
1.070655151559967919e-02
1.063736272872962789e-02
1.056897204517282841e-02
1.050090131738402703e-02
1.043366873577025906e-02
1.036707988458959555e-02
1.030144015032200162e-02
1.023655017662143674e-02
1.017237127120466933e-02
1.010877532470911763e-02
1.004553346127713687e-02
9.982878390658143572e-03
9.920891372015077855e-03
9.859547018029119619e-03
9.799018334887752563e-03
9.739244008376526235e-03
9.680323005733612596e-03
9.621671241167842684e-03
9.563605397801020619e-03
9.506252909648968755e-03
9.449672975266195166e-03
9.393979064297440854e-03
9.339005743485798150e-03
9.284074869678901609e-03
9.229426294048737392e-03
9.175111447240546364e-03
9.121392803266925933e-03
9.068111377948020330e-03
9.015117551390025227e-03
8.962647949659317131e-03
8.910867531598686345e-03
8.859536558910511075e-03
8.808589536210815682e-03
8.758294618669870343e-03
8.708577037371491650e-03
8.659476874110571404e-03
8.610887052686108309e-03
8.562797417594225288e-03
8.515095438379726919e-03
8.467824023791771168e-03
8.421251069097386924e-03
8.375380024318732769e-03
8.330373918278068460e-03
8.286112202546276617e-03
8.242348580408932757e-03
8.199012603297459179e-03
8.156001906800044304e-03
8.113346791574172975e-03
8.071134049043039368e-03
8.029299776022258764e-03
7.987911796194660866e-03
7.947031699382101078e-03
7.906449997549568412e-03
7.866260532602814201e-03
7.826293167049689845e-03
7.786713599584770516e-03
7.747482450926704810e-03
7.708493291670641054e-03
7.669890501322775347e-03
7.631483067909626376e-03
7.593247480436768511e-03
7.555500749026900983e-03
7.518347097807823350e-03
7.481659397387570645e-03
7.445438576491687256e-03
7.409603324049850170e-03
7.374080487615067986e-03
7.339064008149676424e-03
7.304397488621534526e-03
7.270271329062546334e-03
7.236745270163556613e-03
7.203611634017964387e-03
7.170796581262160914e-03
7.138621680303600288e-03
7.106667460195111724e-03
7.074923188354397506e-03
7.043512927646821374e-03
7.012639342300113800e-03
6.982239589567075175e-03
6.952154742912977983e-03
6.922441364598002495e-03
6.893112537939532179e-03
6.864189605920261589e-03
6.835608106764630952e-03
6.807147679225650921e-03
6.778724843397669272e-03
6.750597042259618222e-03
6.722996778946300003e-03
6.695698173724321314e-03
6.668723820521650289e-03
6.641896629891002636e-03
6.615292522720294180e-03
6.588973640677619169e-03
6.563061575355124896e-03
6.537336875968895872e-03
6.511839518470946032e-03
6.486730682169029177e-03
6.462090916705942253e-03
6.437799750095505799e-03
6.413742968601365835e-03
6.389928144633338740e-03
6.366329321093336380e-03
6.342978299997087920e-03
6.320178043593478734e-03
6.297606136179516312e-03
6.275294105092647963e-03
6.253191193054317282e-03
6.231421493013590898e-03
6.210007272470625950e-03
6.188819530946645074e-03
6.167815163874752413e-03
6.147040031830698116e-03
6.126408621243397724e-03
6.105987268802391156e-03
6.085785505550401694e-03
6.065953890122093885e-03
6.046296332177351213e-03
6.026917020067998169e-03
6.007813346662867551e-03
5.989036074947376095e-03
5.970485707688249349e-03
5.952150400194553513e-03
5.934103111176848577e-03
5.916380057779375631e-03
5.898855718398963305e-03
5.881548758981528131e-03
5.864551410840353890e-03
5.847849449327926011e-03
5.831325112457717667e-03
5.815259380806219597e-03
5.799703901778151954e-03
5.784934113028427152e-03
5.770494851265192161e-03
5.756353175411775894e-03
5.742710873995611823e-03
5.729543835747506059e-03
5.716830655021682729e-03
5.704708348885306236e-03
5.693433505446370869e-03
5.682959957281548749e-03
5.673052090751779832e-03
5.663642404804905724e-03
5.654648637450757943e-03
5.646038129735089783e-03
5.637903202956336297e-03
5.630108889608240359e-03
5.622569119978750897e-03
5.615567017872597627e-03
5.608926568739004866e-03
5.602660325094668825e-03
5.596888679768379990e-03
5.591639364157468747e-03
5.586732507070873641e-03
5.582161684237339078e-03
5.577974248786056292e-03
5.573991270814838798e-03
5.570501204875226431e-03
5.567079918825625778e-03
5.563652024220861955e-03
5.560498473753425035e-03
5.557762214558913116e-03
5.555308731575663017e-03
5.553309825549783245e-03
5.551745743779868715e-03
5.550599427477375357e-03
5.549825129234325048e-03
5.549428644043620865e-03
5.549179927764323270e-03
5.548898728709087021e-03
5.549088192621923384e-03
5.549461018310274628e-03
5.550022909309709068e-03
5.550727931416365134e-03
5.551629881910335323e-03
5.552769380226510801e-03
5.554003265062439944e-03
5.555290487705814156e-03
5.556774975262845744e-03
5.558183282998165227e-03
5.560074283791689720e-03
5.562062597001888459e-03
5.564010180878086256e-03
5.566069244746433935e-03
5.568889533846601084e-03
5.572337977069399470e-03
5.575906841658723884e-03
5.579660427543321234e-03
5.583590532941508887e-03
5.587697902061572117e-03
5.591838717044390027e-03
5.596244905778853182e-03
5.600848872334095001e-03
5.605674212603104986e-03
5.610693281862145533e-03
5.616334571457172985e-03
5.622470371272514540e-03
5.628674367103889131e-03
5.635095402207569888e-03
5.641292198976392662e-03
5.647597990106056898e-03
5.653861519086251890e-03
5.660006196481296055e-03
5.665932867656591800e-03
5.672013641737709035e-03
5.678119238086355887e-03
5.684357165018084392e-03
5.690789957284622148e-03
5.697649797737359620e-03
5.704908314022654088e-03
5.712638625712133066e-03
5.720074730269131963e-03
5.727281980697795406e-03
5.734744276664474269e-03
5.742444429107708762e-03
5.749718474214364841e-03
5.757623099717429534e-03
5.765616838731222812e-03
5.774291222894304548e-03
5.782685509007630398e-03
5.791298561513101052e-03
5.800223074243969663e-03
5.809262320310063996e-03
5.818170715530964453e-03
5.827165151915886590e-03
5.836031058390969348e-03
5.844995487579912608e-03
5.853611262151628414e-03
5.861838229998958538e-03
5.869839792322834905e-03
5.878098795254364101e-03
5.887731347168180703e-03
5.898312734462888250e-03
5.909502085816402232e-03
5.920355366244355565e-03
5.931326848957050278e-03
5.941849335723735186e-03
5.952279381128278667e-03
5.962534473468460855e-03
5.972258817059661502e-03
5.982061154712121041e-03
5.992131248284514843e-03
6.002604099601475431e-03
6.013367595782388199e-03
6.024017941146079906e-03
6.034981270027763196e-03
6.045829388975842815e-03
6.056682237096217523e-03
6.067579951988679755e-03
6.078718931724578015e-03
6.089731571463260530e-03
6.100469897165475448e-03
6.110991820567535440e-03
6.121104421943504917e-03
6.130835483717875060e-03
6.140349388469178507e-03
6.151232702118867787e-03
6.162591055828554702e-03
6.174001106832523005e-03
6.185787821314984655e-03
6.197752484587989476e-03
6.209368473822252099e-03
6.220890152532725786e-03
6.231923279814362976e-03
6.242356536309594077e-03
6.252962371223108606e-03
6.264355460063954911e-03
6.275493857978010730e-03
6.286084437845060498e-03
6.296602008885496607e-03
6.306753135026196833e-03
6.317064943607996266e-03
6.327337673020519242e-03
6.336845930560191208e-03
6.346147009186693839e-03
6.355146073595551413e-03
6.363954466438484850e-03
6.371692392667487916e-03
6.379485887892639463e-03
6.388590249748954571e-03
6.398673011909004719e-03
6.409126365241701699e-03
6.419804097643600979e-03
6.430505746258789561e-03
6.442922156152133990e-03
6.455707009420624636e-03
6.468816036513619014e-03
6.482237340155044825e-03
6.495549837686541428e-03
6.508900861681443835e-03
6.523029594489406120e-03
6.537123717612482177e-03
6.550731775389295915e-03
6.563884811749631787e-03
6.577187831032872689e-03
6.590882037609633454e-03
6.604685468036479261e-03
6.618566853803379765e-03
6.632098706422490282e-03
6.645078612564631407e-03
6.658529682741003326e-03
6.672156815935287484e-03
6.686072347832459385e-03
6.699979942841692744e-03
6.713906009718960399e-03
6.727755697411869767e-03
6.742561519963922827e-03
6.758564033102490258e-03
6.775321100816566848e-03
6.793014577441654385e-03
6.811485160685874264e-03
6.831267106996380747e-03
6.851642730330486861e-03
6.872130750230756591e-03
6.893298156060437970e-03
6.914958368689680043e-03
6.938103710715921163e-03
6.961655314084921019e-03
6.986283012783660665e-03
7.011143159538099807e-03
7.036402789305313578e-03
7.061631501422051954e-03
7.086401373863498304e-03
7.110776312532772307e-03
7.135441716319612313e-03
7.159934086894596296e-03
7.184636087872411925e-03
7.210268656652746647e-03
7.236728496122658144e-03
7.263557292919780792e-03
7.290595801778803481e-03
7.317985924971045879e-03
7.346015297937638980e-03
7.374958966228744618e-03
7.403966232276505861e-03
7.433011158737221069e-03
7.462413644173015483e-03
7.491233847719297456e-03
7.520111617273533833e-03
7.548892475045252889e-03
7.577789527336782453e-03
7.607537502657495641e-03
7.637900078531086566e-03
7.668754345758306383e-03
7.698900390289940832e-03
7.728339327314545995e-03
7.758036180529409402e-03
7.787904478470455104e-03
7.819011511968483943e-03
7.850666241044216773e-03
7.883084548006014103e-03
7.915555756746035093e-03
7.947619994372212560e-03
7.980432703936161942e-03
8.013362458435700428e-03
8.046706652940117596e-03
8.079731511227830620e-03
8.112055154232102744e-03
8.143902124170413273e-03
8.175495785274333044e-03
8.206447564873693354e-03
8.236620842504996376e-03
8.266613683449549471e-03
8.296378991302390954e-03
8.326059007887912783e-03
8.355189701290777898e-03
8.383859933664181141e-03
8.412497569188772187e-03
8.441462315210649520e-03
8.470523734093435980e-03
8.499882525471579714e-03
8.530131832477775775e-03
8.560951322325306007e-03
8.591279690513972667e-03
8.622071231331764757e-03
8.652594880466477067e-03
8.682841517274775267e-03
8.712738283671344480e-03
8.742202381375954387e-03
8.772675454264512035e-03
8.803895838469168178e-03
8.834607780557149695e-03
8.865564921911640167e-03
8.896136671090985534e-03
8.926931642077248069e-03
8.958228606939171168e-03
8.989569807330840406e-03
9.021684417139784820e-03
9.053605160012797443e-03
9.085622342035025098e-03
9.117181593872156556e-03
9.148791470177643215e-03
9.180020151560013345e-03
9.212005548903718158e-03
9.244350585107329044e-03
9.276521048716051404e-03
9.308119812024461676e-03
9.339622074515972067e-03
9.370701911193692057e-03
9.402094438630315826e-03
9.433935849915644004e-03
9.465967109812595259e-03
9.497409353939993693e-03
9.528559493356883806e-03
9.559220929500360578e-03
9.589145917459945129e-03
9.619326322472407376e-03
9.649459231498843520e-03
9.679694762006746736e-03
9.709361631133183596e-03
9.739068172289873371e-03
9.768218881440898088e-03
9.796785718882464536e-03
9.825607440387674335e-03
9.855215265341367437e-03
9.884391965225204635e-03
9.913672225267776764e-03
9.943530208477567578e-03
9.973196598500296342e-03
1.000381510897456992e-02
1.003631378956219324e-02
1.006946960974499684e-02
1.010204833161095980e-02
1.013450395589233881e-02
