1.654792639696004916e-02
1.647801446603659389e-02
1.640344572079142915e-02
1.632615961631300391e-02
1.624502460109120486e-02
1.615945379132958937e-02
1.606909420008013206e-02
1.597376552979822700e-02
1.587510540886452257e-02
1.577314491587547204e-02
1.566834652357850313e-02
1.556104966856222682e-02
1.545131530808943783e-02
1.533921982336227362e-02
1.522526167267781484e-02
1.511087204317631931e-02
1.499653498800858006e-02
1.488308127243063821e-02
1.477121512556964569e-02
1.466261603642329825e-02
1.455744808612904895e-02
1.445784808915238397e-02
1.436446041417307508e-02
1.427843490084644042e-02
1.419907638496997228e-02
1.412716825586368859e-02
1.406171039164740878e-02
1.400239155293734813e-02
1.394674357390455338e-02
1.389465833773734747e-02
1.384522374902077101e-02
1.379812741851578657e-02
1.375308131720104701e-02
1.371069139875174571e-02
1.367089327286623995e-02
1.363315231571377364e-02
1.359703771471470861e-02
1.356257147244971026e-02
1.352916354104376391e-02
1.349789047661902053e-02
1.346807871832731915e-02
1.343953487234270799e-02
1.341229027125984997e-02
1.338577027565939284e-02
1.336050472332336349e-02
1.333631927589156406e-02
1.331299612660995571e-02
1.329058696795644944e-02
1.326931299750070369e-02
1.324918313977104141e-02
1.322988945351685416e-02
1.321170032654950428e-02
1.319420835700618917e-02
1.317731928722970167e-02
1.316105008337761437e-02
1.314495608535603231e-02
1.312909916434908640e-02
1.311356356682798034e-02
1.309837512269693312e-02
1.308373930030524296e-02
1.306902578295978876e-02
1.305429932241274765e-02
1.303974069960694288e-02
1.302525772692111547e-02
1.301103131916052542e-02
1.299676632525129452e-02
1.298255154276775972e-02
1.296870627693679293e-02
1.295499267957973301e-02
1.294131689490121001e-02
1.292748025622410257e-02
1.291341313751250691e-02
1.289921950935666445e-02
1.288481940734588667e-02
1.287018972159691826e-02
1.285546625999667292e-02
1.284085944254165917e-02
1.282613575933813990e-02
1.281130358749505045e-02
1.279619480666657934e-02
1.278118292159555018e-02
1.276615224285371740e-02
1.275113903387333110e-02
1.273611943837001798e-02
1.272100564082994517e-02
1.270553188292164286e-02
1.268998721163591345e-02
1.267423403363111128e-02
1.265840462289177792e-02
1.264256623919644655e-02
1.262656031134578270e-02
1.261056729183097913e-02
1.259452465053308677e-02
1.257834473193627893e-02
1.256211255944097299e-02
1.254561613646086420e-02
1.252873668989993271e-02
1.251141444419649230e-02
1.249373802891050149e-02
1.247590772069213060e-02
1.245772122474205629e-02
1.243923882945016136e-02
1.242033072196797872e-02
1.240116678525488188e-02
1.238173431336095365e-02
1.236195166063361155e-02
1.234223535777165433e-02
1.232228581548616524e-02
1.230214310081327415e-02
1.228178830236230368e-02
1.226125804375318394e-02
1.224051664180723746e-02
1.221946830779507311e-02
1.219816578428445202e-02
1.217668416480655047e-02
1.215501510157259053e-02
1.213313409929449999e-02
1.211077204879724110e-02
1.208813351966300798e-02
1.206537907949725361e-02
1.204236762060272720e-02
1.201921929895455841e-02
1.199580125010199505e-02
1.197233010343558973e-02
1.194855245407303902e-02
1.192489301984504119e-02
1.190097152678643369e-02
1.187693275321441942e-02
1.185276729592442575e-02
1.182829805667304397e-02
1.180372987364584729e-02
1.177884615808321052e-02
1.175382094289959337e-02
1.172838863042041310e-02
1.170263787974540858e-02
1.167658512948897484e-02
1.165033791511108606e-02
1.162387904983921451e-02
1.159718932359045558e-02
1.157018981210586328e-02
1.154302866661868938e-02
1.151571243979941303e-02
1.148827742747521308e-02
1.146072326221072787e-02
1.143316191339825705e-02
1.140539784612668549e-02
1.137741144521177937e-02
1.134936962601781722e-02
1.132120185149760976e-02
1.129289955544368965e-02
1.126448563360334283e-02
1.123596753055080763e-02
1.120717612702343095e-02
1.117832234047204734e-02
1.114921841982802891e-02
1.112008459668818033e-02
1.109075595813407283e-02
1.106123879240571498e-02
1.103153953417917131e-02
1.100163621656310639e-02
1.097162011517917833e-02
1.094155617115262838e-02
1.091133650673537306e-02
1.088104879841758632e-02
1.085059229725723190e-02
1.082014176022287784e-02
1.078975078027661488e-02
1.075936908652883744e-02
1.072881636490803821e-02
1.069818789340186253e-02
1.066748171370941918e-02
1.063653632448261811e-02
1.060553928060859255e-02
1.057452544084254431e-02
1.054341139477696712e-02
1.051248708542442886e-02
1.048154595640528319e-02
1.045058830421548984e-02
1.041963328875326368e-02
1.038866824222882228e-02
1.035756609871892747e-02
1.032632984849513047e-02
1.029508122609899476e-02
1.026391823590831406e-02
1.023262100794153535e-02
1.020144912737447340e-02
1.017028757238894708e-02
1.013900492801509366e-02
1.010776147513579339e-02
1.007642431965069876e-02
1.004506084701969199e-02
1.001375574099059793e-02
9.982411651288656748e-03
9.950994865170450371e-03
9.919541409749970534e-03
9.888064956620541690e-03
9.856440007059694142e-03
9.824701671295121841e-03
9.793029627579226404e-03
9.761289180873249788e-03
9.729614936498468328e-03
9.697993252511152851e-03
9.666292231751163339e-03
9.634643918528484202e-03
9.603119988324968978e-03
9.571488404172909942e-03
9.539911817001114208e-03
9.508301355934859964e-03
9.476767108495619263e-03
9.445258394354833290e-03
9.413725948952136879e-03
9.382325527104709226e-03
9.350977788141501615e-03
9.319649015859982760e-03
9.288351292744953525e-03
9.257131521162503818e-03
9.226029116900888449e-03
9.195037871499472937e-03
9.163970095989062634e-03
9.132807634384787487e-03
9.101719110087265127e-03
9.070704455396585639e-03
9.039848364053594196e-03
9.008956506513052243e-03
8.978103932051369543e-03
8.947346994721789432e-03
8.916576339732197945e-03
8.885923045858988914e-03
8.855318261359957158e-03
8.824697041595839023e-03
8.794025699135184226e-03
8.763418461516452040e-03
8.733003351301588113e-03
8.702623004194524545e-03
8.672329755849771116e-03
8.641999342340708767e-03
8.611672311356363338e-03
8.581466528495495030e-03
8.551309596967477181e-03
8.521192641165818704e-03
8.491201562503323738e-03
8.461298503168181509e-03
8.431522787199616578e-03
8.401763258592577499e-03
8.372003613418700640e-03
8.342170764161592825e-03
8.312410334151934532e-03
8.282743281755556783e-03
8.253130200518335458e-03
8.223413191353345225e-03
8.193705754340719141e-03
8.163958965231562018e-03
8.134223381473336748e-03
8.104494558783809435e-03
8.074786703849149566e-03
8.045023125436768716e-03
8.015213625867746716e-03
7.985428289785852576e-03
7.955788065634022618e-03
7.926185701380454238e-03
7.896485210499421675e-03
7.866726972198862314e-03
7.836907054503130035e-03
7.807140396678243811e-03
7.777274938219200934e-03
7.747615175340659757e-03
7.718016489091992886e-03
7.688453440229853046e-03
7.658913123300981236e-03
7.629381395750186277e-03
7.599949898081330597e-03
7.570445645685338829e-03
7.540879315985614742e-03
7.511272505912430265e-03
7.481811485646919051e-03
7.452277419511712034e-03
7.422744596216181677e-03
7.393077305387636688e-03
7.363422253829861319e-03
7.333754730361803642e-03
7.304219271629009899e-03
7.274675950399941450e-03
7.245201713525133667e-03
7.215828803292775699e-03
7.186400961583796869e-03
7.156990230601623093e-03
7.127562193177858739e-03
7.098087514359354908e-03
7.068681625046355221e-03
7.039189662984324074e-03
7.009866561986385393e-03
6.980551865550710736e-03
6.951348319135265512e-03
6.922162944655072848e-03
6.893022308642093171e-03
6.863912428319512461e-03
6.834758884327565842e-03
6.805553317758876279e-03
6.776433750254481914e-03
6.747298606142783199e-03
6.718158674774408340e-03
6.689057111465424553e-03
6.659923309821533764e-03
6.630690473668572962e-03
6.601382798449346827e-03
6.572188010167594706e-03
6.543050120146435243e-03
6.513964167981044565e-03
6.484937308722851616e-03
6.455951090934256356e-03
6.427025589395680971e-03
6.398175420342059640e-03
6.369405804216152732e-03
6.340684001220537637e-03
6.311997622738334604e-03
6.283407828692817894e-03
6.254873794857576663e-03
6.226469729531178623e-03
6.198102912085970591e-03
6.169833009176282565e-03
6.141562367634766963e-03
6.113348362668707785e-03
6.085241620853047706e-03
6.057175992182638712e-03
6.029038946421114674e-03
6.000970618264824322e-03
5.972921502744598515e-03
5.944927771269128448e-03
5.917024054703525458e-03
5.889171079632502318e-03
5.861434173504551440e-03
5.833777629997835210e-03
5.806212585006360026e-03
5.778692460854563916e-03
5.751160316125221439e-03
5.723652765186494108e-03
5.696269113347090726e-03
5.669038236650309100e-03
5.641886408987856205e-03
5.614809802075306465e-03
5.587777141024896123e-03
5.560897445615759112e-03
5.534102958340496314e-03
5.507375685573229381e-03
5.480716391751916557e-03
5.454075530041059723e-03
5.427490788151638663e-03
5.400975213703982161e-03
5.374608637987584973e-03
5.348320035368358573e-03
5.322071893726816778e-03
5.295913561150077109e-03
5.269806348704236636e-03
5.243774583539447323e-03
5.217815647678764567e-03
5.191960813539152515e-03
5.166186063081222232e-03
5.140474152704053307e-03
5.114788612142011880e-03
5.089171191979203340e-03
5.063563903412705847e-03
5.038058618158319443e-03
5.012625584548807516e-03
4.987208676077849005e-03
4.961898282777603593e-03
4.936626789609725209e-03
4.911510848035756209e-03
4.886455855886660642e-03
4.861536089435449133e-03
4.836652817518615616e-03
4.811875357884902449e-03
4.787140527643823223e-03
4.762431873315004643e-03
4.737757409074367689e-03
4.713160085559680093e-03
4.688686565085118524e-03
4.664229555591927270e-03
4.639825008258189470e-03
4.615550567139195363e-03
4.591344793921182943e-03
4.567216485172507015e-03
4.543144260446126299e-03
4.519144004828680970e-03
4.495239129544894609e-03
4.471432237568469248e-03
4.447745115161559452e-03
4.424141811489250287e-03
4.400608947349901948e-03
4.377186190004266585e-03
4.353848346108467847e-03
4.330566132959905341e-03
4.307379632213611392e-03
4.284233891370579049e-03
4.261109429170778680e-03
4.238080871827949216e-03
4.215141515918520085e-03
4.192324369328537248e-03
4.169569151801170298e-03
4.146880379649323621e-03
4.124226210229788372e-03
4.101632832076495400e-03
4.079160362606851740e-03
4.056704892712346272e-03
4.034317703153307219e-03
4.012012213357365326e-03
3.989727764829442171e-03
3.967506640013858735e-03
3.945358836740577371e-03
3.923265824870166528e-03
3.901247027742993714e-03
3.879303780922353870e-03
3.857414891206639284e-03
3.835661205878163234e-03
3.813964676727445331e-03
3.792370834545374415e-03
3.770826194467343830e-03
3.749288636806096496e-03
3.727816409105321350e-03
3.706445281097183776e-03
3.685066418676279706e-03
3.663831879012031771e-03
3.642644043439064849e-03
3.621490460369423351e-03
3.600423116004189492e-03
3.579485480137316062e-03
3.558585855656177382e-03
3.537794467055236855e-03
3.517077699565147961e-03
3.496361987473696042e-03
3.475779466829599738e-03
3.455230277935046179e-03
3.434780449684820321e-03
3.414358546724480942e-03
3.394009095053059956e-03
3.373743951036014058e-03
3.353538957157313136e-03
3.333413749122554701e-03
3.313345285050381828e-03
3.293426016652791898e-03
3.273566208141349097e-03
3.253770466243065870e-03
3.234019595483640999e-03
3.214355580009811350e-03
3.194790783198554057e-03
3.175289787890517561e-03
3.155855840805660718e-03
3.136494148502221892e-03
3.117213577012343043e-03
3.098007126522877089e-03
3.078824611259832651e-03
3.059708698810288674e-03
3.040674961234591644e-03
3.021731083093693974e-03
3.002899247192505026e-03
2.984111764210833299e-03
2.965363956166549523e-03
2.946686692231821787e-03
2.928090106473760744e-03
2.909532864881648334e-03
2.891061535618467872e-03
2.872654771764558169e-03
2.854229536035760278e-03
2.835902025774368704e-03
2.817624940314527975e-03
2.799365670790606928e-03
2.781118636869004106e-03
2.762960954819898562e-03
2.744883522291173897e-03
2.726879081113263870e-03
2.708964259769504855e-03
2.691083291997878497e-03
2.673257730911425198e-03
2.655496863295444925e-03
2.637817881848951700e-03
2.620184742457480273e-03
2.602609963219823432e-03
2.585086221794256900e-03
2.567634086282089174e-03
2.550205068997271271e-03
2.532842520788774945e-03
2.515551025482388754e-03
2.498332451169081505e-03
2.481183091692278856e-03
2.464066052359589320e-03
2.447014885986774357e-03
2.430057934363328252e-03
2.413137845486893265e-03
2.396280651254712249e-03
2.379494621841570651e-03
2.362766502764588727e-03
2.346117344890155925e-03
2.329554831521519348e-03
2.313050508240185269e-03
2.296611996754423408e-03
2.280281426916086138e-03
2.263970863161360661e-03
2.247773283122242883e-03
2.231613120914151434e-03
2.215527381657921534e-03
2.199480429792672123e-03
