7.955985262793206086e-03
7.919454175171895469e-03
7.886256359333012472e-03
7.855846426253185188e-03
7.824020759390981627e-03
7.792405369289216906e-03
7.764743557732314491e-03
7.739782883988890506e-03
7.715467166192397676e-03
7.689771319429892886e-03
7.666342226365181409e-03
7.644509668382482026e-03
7.624225223725450591e-03
7.605767689641686029e-03
7.588011007617682935e-03
7.571562159105389885e-03
7.554902161668842001e-03
7.535965693376123382e-03
7.516447920375628027e-03
7.498086327322768876e-03
7.477782885049192446e-03
7.457489408344065464e-03
7.434331072940334080e-03
7.411290559763781399e-03
7.387097064328941934e-03
7.356988477897240079e-03
7.324244951568747129e-03
7.289399694482850793e-03
7.253728675431904069e-03
7.217283666721892657e-03
7.178357935562489252e-03
7.135975024124250471e-03
7.092726241316208054e-03
7.049833223780764893e-03
7.006520436474737018e-03
6.960361657410739540e-03
6.913539154006779347e-03
6.865680736448965052e-03
6.817509513972344962e-03
6.770762931156965383e-03
6.723907013434572352e-03
6.676630965232058582e-03
6.630120491837485433e-03
6.584527359948418035e-03
6.540522506483291074e-03
6.496651473554484676e-03
6.453848932838663829e-03
6.412459417225391083e-03
6.372207724018892107e-03
6.332418113508684471e-03
6.293115097354387739e-03
6.254582519564059161e-03
6.217218219956626747e-03
6.181715379932912341e-03
6.146333805582836901e-03
6.111972354382026566e-03
6.078080040937595789e-03
6.045777582209962107e-03
6.014212312111593198e-03
5.984231598463283716e-03
5.955216174778604939e-03
5.926828564739945217e-03
5.899704098096049919e-03
5.873747507012349982e-03
5.848872555039871454e-03
5.824943601256952173e-03
5.801775684422596190e-03
5.779061656583984498e-03
5.757034111563836577e-03
5.736239030211260324e-03
5.716642087482493549e-03
5.698118901609448839e-03
5.680431582997919580e-03
5.663791707690613193e-03
5.647908222093388046e-03
5.632526341164455740e-03
5.617552792324256167e-03
5.603173180956507946e-03
5.589279970189153790e-03
5.575377937769559339e-03
5.561963658945661554e-03
5.548762606273753908e-03
5.535880806255129467e-03
5.522989406871764428e-03
5.510853476898426584e-03
5.498875288620824579e-03
5.487511301615303518e-03
5.476602240231343184e-03
5.466283270305485192e-03
5.456577635087899586e-03
5.447945764591415399e-03
5.439505008740095314e-03
5.431519058541110431e-03
5.423919806539900107e-03
5.416456957631695344e-03
5.409418536521475723e-03
5.403328899341736276e-03
5.398114914601523720e-03
5.393097223182971578e-03
5.388469426315272044e-03
5.384754258252775344e-03
5.381313590964256245e-03
5.378383936990277503e-03
5.376142990311344634e-03
5.374596747796174523e-03
5.372925697006032501e-03
5.371443115886866994e-03
5.370502377886062807e-03
5.369698894795557967e-03
5.369217292440686164e-03
5.368760733500018735e-03
5.368696106465643651e-03
5.368978924822995040e-03
5.369402350922554586e-03
5.369807108616854972e-03
5.370348093756792743e-03
5.370741879806371043e-03
5.371090915510062097e-03
5.371815523401130867e-03
5.372935519666182172e-03
5.374359878178198123e-03
5.376016246117662663e-03
5.377696326160941523e-03
5.379844247011695765e-03
5.381999109810209694e-03
5.384252701198635575e-03
5.386661240113382355e-03
5.389210911285392813e-03
5.392070174805130983e-03
5.395033357868169593e-03
5.398182186344348439e-03
5.401650048668952576e-03
5.405138944010810798e-03
5.408955831301421810e-03
5.413112580775554690e-03
5.417215495649739532e-03
5.420965457481062393e-03
5.424604975934031910e-03
5.428288018634702151e-03
5.432025661031943640e-03
5.435623787179559921e-03
5.439152400503115964e-03
5.442933149046719904e-03
5.446493933353851839e-03
5.450456941949816982e-03
5.454665612707639867e-03
5.459042453025278636e-03
5.463764162464448439e-03
5.468541412444020283e-03
5.473232120081794952e-03
5.477896745534219757e-03
5.482527069245718594e-03
5.487144128937288153e-03
5.491855027808785136e-03
5.496655873230426800e-03
5.501555264714445663e-03
5.506384613397316899e-03
5.511333432863726838e-03
5.516418693627773637e-03
5.521352126554618552e-03
5.526353929061270098e-03
5.531454883537826120e-03
5.536294595488163751e-03
5.541137602614450326e-03
5.546033218461587054e-03
5.551160005516909274e-03
5.556504998514319275e-03
5.561989013871670127e-03
5.567838872159982556e-03
5.573780670627482767e-03
5.580061146242831088e-03
5.586511936361262566e-03
5.593060929325906552e-03
5.599772643050161119e-03
5.606460978991724235e-03
5.613258683620227577e-03
5.620359670207611749e-03
5.627424124171048238e-03
5.634568184495066315e-03
5.641687006242859792e-03
5.648641863117012142e-03
5.655598031206710355e-03
5.662805775661870593e-03
5.670285584812554021e-03
5.678118483117938244e-03
5.686087515387691985e-03
5.694216098518800097e-03
5.702449115320904795e-03
5.710895282198498631e-03
5.719275443517444352e-03
5.727981730960036467e-03
5.737023024995823936e-03
5.746205950062867676e-03
5.755826515995009218e-03
5.765814506186082815e-03
5.776116294331576015e-03
5.787039836315604341e-03
5.798417338467946533e-03
5.810107361289789003e-03
5.821960750371965240e-03
5.834076172423216002e-03
5.846484623650223360e-03
5.859233488733878170e-03
5.872656393848584358e-03
5.886390801644808719e-03
5.900444407420501330e-03
5.914666387831361491e-03
5.929506237089624161e-03
5.944605697994538411e-03
5.959825854110732853e-03
5.975485235358600662e-03
5.991381575153820888e-03
6.007721286310732656e-03
6.024457375782038722e-03
6.041414193475303646e-03
6.058731689996196823e-03
6.076530891175479891e-03
6.094683811285543998e-03
6.113417790077698907e-03
6.132510351481300533e-03
6.151964494885164315e-03
6.171826988791438533e-03
6.192325699979781863e-03
6.213276032686740682e-03
6.234730964256634568e-03
6.256841492704448386e-03
6.279461679598586678e-03
6.302626800915096805e-03
6.326317593626093298e-03
6.350370946180630520e-03
6.374931889546022259e-03
6.400048254996122503e-03
6.425341628308186073e-03
6.450790103501199448e-03
6.476523216430677722e-03
6.502442594363682174e-03
6.528475881960512164e-03
6.554882066609349703e-03
6.581787504164359967e-03
6.609112724640019317e-03
6.636975005475414212e-03
6.665226501533902739e-03
6.693950166613503970e-03
6.722851312039468223e-03
6.751981820651281087e-03
6.781299541326055343e-03
6.811065916249550017e-03
6.841269823668777797e-03
6.871638233707089496e-03
6.902258141909705866e-03
6.933213990683871446e-03
6.964456246649414380e-03
6.995829289064428060e-03
7.027471136330245248e-03
7.059458946498668730e-03
7.091572422293348707e-03
7.123916822040321332e-03
7.156307047043684692e-03
7.188803516341503094e-03
7.221291347688783488e-03
7.253937324393224320e-03
7.286678813798935783e-03
7.319690132575850695e-03
7.352902865659571505e-03
7.386183233762566754e-03
7.419723021804219484e-03
7.453321539268882752e-03
7.486968323833992703e-03
7.520576118523294648e-03
7.554423467926086981e-03
7.588466357339758786e-03
7.622826932055330566e-03
7.657239560003606567e-03
7.691729015696430714e-03
7.726246167097286510e-03
7.760692567229939692e-03
7.795092932082441604e-03
7.829338621978520693e-03
7.863526231899453656e-03
7.897956630883971180e-03
7.932663434370863451e-03
7.967832396771405007e-03
8.003357863583457354e-03
8.038900302717560953e-03
8.074447459571316987e-03
8.109842170540768058e-03
8.145229046903030429e-03
8.180705364045430875e-03
8.216502470026748953e-03
8.252361840141187246e-03
8.288218445022019210e-03
8.324260467590462870e-03
8.360374051375178694e-03
8.396591437256299001e-03
8.432809789446570059e-03
8.469171507930023726e-03
8.505565390828520242e-03
8.542060196254258261e-03
8.578505077928061731e-03
8.615048840830519944e-03
8.651667285423901566e-03
8.688543356479311308e-03
8.725947052078580554e-03
8.763738815028234222e-03
8.801782149968108426e-03
8.839890247400944770e-03
8.878128798759089141e-03
8.916898319539633827e-03
8.956037053723529123e-03
8.995083955386468794e-03
9.034567937629557621e-03
9.073980315706926467e-03
9.113604768358981451e-03
9.153168616316882666e-03
9.192989031790475135e-03
9.232839417246122699e-03
9.272790515994638882e-03
9.312955768963205108e-03
9.352969912831849211e-03
9.393044411820395193e-03
9.433220132309587738e-03
9.473498144205757046e-03
9.514151351245491231e-03
9.554429762145346533e-03
9.594547569123567862e-03
9.634633407743089378e-03
9.674829321498516418e-03
9.715263294843561048e-03
9.755689344727161427e-03
9.795882863513323893e-03
9.836177684585414166e-03
9.876608424152166776e-03
9.916804706034006850e-03
9.957208710192821596e-03
9.997287832515078243e-03
1.003757955253028154e-02
1.007802109946532264e-02
1.011871361741865233e-02
1.015932925907530628e-02
1.019968255175624471e-02
1.023994568505499220e-02
1.028001484946280443e-02
1.032037005016708288e-02
1.036063963273345899e-02
1.040080793659202765e-02
1.044063233510125234e-02
1.048064619178747971e-02
1.052020289388158267e-02
1.055962057436159694e-02
1.059903165598325737e-02
1.063836838731686309e-02
1.067752490430933128e-02
1.071627023091481848e-02
1.075480133947888037e-02
1.079300539355493478e-02
1.083096490580883441e-02
1.086824849103850549e-02
1.090542860720570238e-02
1.094222887737751788e-02
1.097890509501208388e-02
1.101557009084772748e-02
1.105189191448558914e-02
1.108776296985436970e-02
1.112357927850885116e-02
1.115919086873122176e-02
1.119485482829664022e-02
1.123009657786574154e-02
1.126507197588927194e-02
1.129943744209350662e-02
1.133329996077504093e-02
1.136683623528757930e-02
1.140039323009499513e-02
1.143366157154171101e-02
1.146671968982960338e-02
1.149970068531008457e-02
1.153273596312021261e-02
1.156550454166990760e-02
1.159777153123605839e-02
1.162930328151622929e-02
1.166051994980906413e-02
1.169109095534536999e-02
1.172102218315897344e-02
1.175075229860027444e-02
1.178006842261359113e-02
1.180862064992689239e-02
1.183683642055875958e-02
1.186428034513520649e-02
1.189123971755036771e-02
1.191783686417286457e-02
1.194426834828067260e-02
1.196997896795555689e-02
1.199531857727166410e-02
1.202030934023398494e-02
1.204534997293579650e-02
1.207005189670840202e-02
1.209397958938113020e-02
1.211747000505435969e-02
1.214038957328859684e-02
1.216252241280861915e-02
1.218432216886932221e-02
1.220531523561761526e-02
1.222587858241609531e-02
1.224573024097937862e-02
1.226515864062583706e-02
1.228389631125615875e-02
1.230209359643707166e-02
1.231983779829799383e-02
1.233694907256524011e-02
1.235326908638859772e-02
1.236870780325100352e-02
1.238306008036887083e-02
1.239689309958089992e-02
1.241025188859621632e-02
1.242288478773555770e-02
1.243454570739730217e-02
1.244517280885906740e-02
1.245464336827906311e-02
1.246298557270270231e-02
1.247069962424446343e-02
1.247755942909222968e-02
1.248385345757878524e-02
1.248923793437278947e-02
1.249391661293318932e-02
1.249822323775858640e-02
1.250172789243885092e-02
1.250453346584229700e-02
1.250659224909343552e-02
1.250814749574827474e-02
1.250892863397801147e-02
1.250926614525185894e-02
1.250862129004187868e-02
1.250680170638522604e-02
1.250439743687522393e-02
1.250192112852685847e-02
1.249902055530819137e-02
1.249559100301935420e-02
1.249137730289522248e-02
1.248625162194746605e-02
1.248017529437626949e-02
1.247312814337559785e-02
1.246498659255338565e-02
1.245623122023858595e-02
1.244689758465803917e-02
1.243659598398680170e-02
1.242546512207407493e-02
1.241387121291860109e-02
1.240138632497546009e-02
1.238814837294081872e-02
1.237385047136909527e-02
1.235851638563557030e-02
1.234238688829704909e-02
1.232579465023091875e-02
1.230834085224785136e-02
1.228984055113596825e-02
1.227052094426881769e-02
1.225085451093367063e-02
1.223011149552377663e-02
1.220834410067184184e-02
1.218579271405207179e-02
1.216213617440671177e-02
1.213732563559644789e-02
1.211146489145278199e-02
1.208458902031534984e-02
1.205723971295380101e-02
1.202904374878426864e-02
1.199974931634982533e-02
1.196964785015055231e-02
1.193875823974253902e-02
1.190701406346640623e-02
1.187436593375835667e-02
1.184131496230403022e-02
1.180738008862097788e-02
1.177281342523885457e-02
1.173777371027820947e-02
1.170236299063819561e-02
1.166588822272179859e-02
1.162906427712059876e-02
1.159136513792849259e-02
1.155306318140602619e-02
1.151415843611795775e-02
1.147484343698353809e-02
1.143492762607069280e-02
1.139445706186444952e-02
1.135349943606271325e-02
1.131228122099423895e-02
1.127054682447284004e-02
1.122821365678703699e-02
1.118484043037287247e-02
1.114083832127853689e-02
1.109660901358726706e-02
1.105175176309557313e-02
1.100624792610308336e-02
1.095999439225574246e-02
1.091394646690587063e-02
1.086671662055395740e-02
1.081905801563190148e-02
1.077043018009262755e-02
1.072141122959101300e-02
1.067223568959284677e-02
1.062248195965313086e-02
