1.556621018547539419e-02
1.584507091180006183e-02
1.612320656535946861e-02
1.640062529212309161e-02
1.667757290889144289e-02
1.695294432920890423e-02
1.722755733355397709e-02
1.750251909195896585e-02
1.777616551494052427e-02
1.804840283465512785e-02
1.831770128283056326e-02
1.858401943097190770e-02
1.884698418760874170e-02
1.910700323099070314e-02
1.936450875033669805e-02
1.961645606021468827e-02
1.986085294636239992e-02
2.009548155378498152e-02
2.031869409600242996e-02
2.052523893120591220e-02
2.071758705231970324e-02
2.089827206649248065e-02
2.106100018882225977e-02
2.120429180796264482e-02
2.132465006350165240e-02
2.141314535523839574e-02
2.147719433493672225e-02
2.152138315379218542e-02
2.154883706874083371e-02
2.156340692389007579e-02
2.156595019522372300e-02
2.155120697589084366e-02
2.152199449126438943e-02
2.147424889783925567e-02
2.141133755418339960e-02
2.134078379586218030e-02
2.126193648117808560e-02
2.117574714730497895e-02
2.108085840583077963e-02
2.098310708661154517e-02
2.088146767758695260e-02
2.077579731003068378e-02
2.066774001308038788e-02
2.055936243782111039e-02
2.044750233013199747e-02
2.033485667407119654e-02
2.022152170921946365e-02
2.010885892636172720e-02
1.999744601577375935e-02
1.988707676507350461e-02
1.977785645626060559e-02
1.967054254479426098e-02
1.956215804821770723e-02
1.945280249795094604e-02
1.934503256181251130e-02
1.923823373342804094e-02
1.913165386139643181e-02
1.902685848173417404e-02
1.892152482454139556e-02
1.881693940443492433e-02
1.871188659135093052e-02
1.860865275834550775e-02
1.850555189127347372e-02
1.840186590016116425e-02
1.829832439841453870e-02
1.819456317156680977e-02
1.809120716212319832e-02
1.798802121668438211e-02
1.788582502882820474e-02
1.778451947441145320e-02
1.768387752309665689e-02
1.758418369133986012e-02
1.748409601672712074e-02
1.738374326333879186e-02
1.728379665504826274e-02
1.718378961829404583e-02
1.708340566631887797e-02
1.698262448603412092e-02
1.688267448374852764e-02
1.678276985325147241e-02
1.668276449963085675e-02
1.658339960398056215e-02
1.648399544226213792e-02
1.638496653503041314e-02
1.628588219784333352e-02
1.618689025725148639e-02
1.608833524278299731e-02
1.599067246764137445e-02
1.589303208816750593e-02
1.579544933882829835e-02
1.569709453689634507e-02
1.559842336641472857e-02
1.549916832443811766e-02
1.539967559066194105e-02
1.529999138423418677e-02
1.520061772587020209e-02
1.510178099549540354e-02
1.500246013294066934e-02
1.490354849368658030e-02
1.480498194638496350e-02
1.470661350974837057e-02
1.460851789315017329e-02
1.451086568922876213e-02
1.441365101626273029e-02
1.431648482634318049e-02
1.421977230136612855e-02
1.412307580697151448e-02
1.402575693870964334e-02
1.392868964279139754e-02
1.383250450072529177e-02
1.373656150168839699e-02
1.364044242683512369e-02
1.354468655950276032e-02
1.344882246460330985e-02
1.335292417905285453e-02
1.325670788189670622e-02
1.316048524281899015e-02
1.306453252135019762e-02
1.296806216780454178e-02
1.287102033236653224e-02
1.277412852775068261e-02
1.267792191064020732e-02
1.258197727011040740e-02
1.248586158609677962e-02
1.239050882900302568e-02
1.229505522753937020e-02
1.219929589424818828e-02
1.210372309740815298e-02
1.200830381151844761e-02
1.191375564845000186e-02
1.181974228804722610e-02
1.172591785692436023e-02
1.163266529041728087e-02
1.153962483730718892e-02
1.144655374317922643e-02
1.135452317333840618e-02
1.126260810312048125e-02
1.117090662434905117e-02
1.107965176050683745e-02
1.098883732445071586e-02
1.089860961944811094e-02
1.080816785189301493e-02
1.071859357529989128e-02
1.062913611259604270e-02
1.053992101112389765e-02
1.045085649793092535e-02
1.036259586119499948e-02
1.027519017149380876e-02
1.018839499327011712e-02
1.010234732953675489e-02
1.001691798856985290e-02
9.932035708451312020e-03
9.848192957724979588e-03
9.764922864445999690e-03
9.682408266395121227e-03
9.600680507340543166e-03
9.519436905059795381e-03
9.438906980738867233e-03
9.359337745856869881e-03
9.280564924697295992e-03
9.202687974008375016e-03
9.125503084431593748e-03
9.049166407045632424e-03
8.973958606173318767e-03
8.899617889703191620e-03
8.826057920942967719e-03
8.753182890236872044e-03
8.681087062215344513e-03
8.609885000514329312e-03
8.539649804904769423e-03
8.470317138148820285e-03
8.402147836776178297e-03
8.335226209875734246e-03
8.269002973184860078e-03
8.203339965709290776e-03
8.138433417862968658e-03
8.074338152347329545e-03
8.011488647688431303e-03
7.949496965630657372e-03
7.888547308249680215e-03
7.828393136359738935e-03
7.769634440157447038e-03
7.712081125164665929e-03
7.655361375090051317e-03
7.599846210167617196e-03
7.545638244489525324e-03
7.492474005124516098e-03
7.440385539304900098e-03
7.389174210905498016e-03
7.339001264604794184e-03
7.289939180824903282e-03
7.241760220051155980e-03
7.194802973912181078e-03
7.148875377997312118e-03
7.103893372588263207e-03
7.059855314599834328e-03
7.016026974132310266e-03
6.973269638441602358e-03
6.931323634984864687e-03
6.889972857317808175e-03
6.849497380441511157e-03
6.809943386508029300e-03
6.771453446545834358e-03
6.733954254051833718e-03
6.697479790565022406e-03
6.661987162701513143e-03
6.627191838863458022e-03
6.593157539045202235e-03
6.559730963139704003e-03
6.526958912230900432e-03
6.495004633384784259e-03
6.463756103367829242e-03
6.433221094112929507e-03
6.403412842709577286e-03
6.374440083587101964e-03
6.345971596404458535e-03
6.318189534172287229e-03
6.290895350872381837e-03
6.264293209632006837e-03
6.238074984267782432e-03
6.212400588505339813e-03
6.187151600201618550e-03
6.162548856625553809e-03
6.138486588115220008e-03
6.114882252357903107e-03
6.091666580042765476e-03
6.068989919851761929e-03
6.046442150142676900e-03
6.024321369497495984e-03
6.002658223170483087e-03
5.981392970951204292e-03
5.960486826719217472e-03
5.939916731079637746e-03
5.919920299825774841e-03
5.900414554361748005e-03
5.881319712529152303e-03
5.862444133580532561e-03
5.843726307406466210e-03
5.825235361023751481e-03
5.807231041420085615e-03
5.789729711164154878e-03
5.772588459926642282e-03
5.755609090979768930e-03
5.739190528159328689e-03
5.723330166110041951e-03
5.707833672963257866e-03
5.692521031273664947e-03
5.677401783413636369e-03
5.662623352907729390e-03
5.648083303559640021e-03
5.633905894522653682e-03
5.620212031985711253e-03
5.606658143131469825e-03
5.593300487865462273e-03
5.579990449181110659e-03
5.566889063576585181e-03
5.554037336895837999e-03
5.541284599906690783e-03
5.528736902802914265e-03
5.516395316696746411e-03
5.504146485377121867e-03
5.491977019772917995e-03
5.480168576061435204e-03
5.468655364562415196e-03
5.457214890405777917e-03
5.445856063061703216e-03
5.434820840767609976e-03
5.424216394780838162e-03
5.413763386897915003e-03
5.403516138843336702e-03
5.393308803749980070e-03
5.383112088122629646e-03
5.373211343387611881e-03
5.363483877774283433e-03
5.354061764707008890e-03
5.344837467998200808e-03
5.335765261035763443e-03
5.326964309361167764e-03
5.318163823233269631e-03
5.309398218032597080e-03
5.300787687630278619e-03
5.292360337883637161e-03
5.284026203664186905e-03
5.275706671826050319e-03
5.267404726990535316e-03
5.259082085757421990e-03
5.250766648032586387e-03
5.242481460199753529e-03
5.234343904040905313e-03
5.226246456978443297e-03
5.218270818085775885e-03
5.209970507474896706e-03
5.201762731770840503e-03
5.193408048851847099e-03
5.184936347814830988e-03
5.176510435084406489e-03
5.167995409886446713e-03
5.159490258999923154e-03
5.150852837900997752e-03
5.142256115282835792e-03
5.133459141982594891e-03
5.124545000295101065e-03
5.115593994294864201e-03
5.106501411147030753e-03
5.097413593369996658e-03
5.087892559894316782e-03
5.078317479062713705e-03
5.068702054411330059e-03
5.058756906138391941e-03
5.048618686673850969e-03
5.038342575236653791e-03
5.027711240117471725e-03
5.016815259290179595e-03
5.006007325991753375e-03
4.995167885637231096e-03
4.984233487819457811e-03
4.973224503235523612e-03
4.961911098292345022e-03
4.950388216040174476e-03
4.938616607540048491e-03
4.926719229762631207e-03
4.914456389861445416e-03
4.902292197688470562e-03
4.889754611149832626e-03
4.877144018834982976e-03
4.864275426004730125e-03
4.851199605460682941e-03
4.838199103095042544e-03
4.825102014970363007e-03
4.811811923651366368e-03
4.798089524867073588e-03
4.784274249936756873e-03
4.770115073651565001e-03
4.755605136463785139e-03
4.741009064157864807e-03
4.726203597519139203e-03
4.711326128317170313e-03
4.696257608428323037e-03
4.681005761974338895e-03
4.665405413621468746e-03
4.649668248382907154e-03
4.633696599209645960e-03
4.617697279629027866e-03
4.601680712779613464e-03
4.585500431372396303e-03
4.569126725723250335e-03
4.552478405138691252e-03
4.535703899182384237e-03
4.518846453287300897e-03
4.502018489678512141e-03
4.485016506663482526e-03
4.468026941178366088e-03
4.450969542054141088e-03
4.434003403885281719e-03
4.416907780781503118e-03
4.399743125459765203e-03
4.382508961205763658e-03
4.365220936903497877e-03
4.347808407746491834e-03
4.330320435387302949e-03
4.312721614961509929e-03
4.295098550980769488e-03
4.277491708243587494e-03
4.259663034624884895e-03
4.241804885081097015e-03
4.223903059548597162e-03
4.206039549055127710e-03
4.188182229290849691e-03
4.170037689347604742e-03
4.151782529470607677e-03
4.133131872984947310e-03
4.114304472131573472e-03
4.095506840520017795e-03
4.076573044741899424e-03
4.057644371724059527e-03
4.038626297916499651e-03
4.019703197294126687e-03
4.000702114318986646e-03
3.981574291537820671e-03
3.962191180188585730e-03
3.942909645120218180e-03
3.923476498851248898e-03
3.903981018438975117e-03
3.884521931787501478e-03
3.864976197292910309e-03
3.845445840166665692e-03
3.825926948174013589e-03
3.806348829152744924e-03
3.786690692511922914e-03
3.766769092768882960e-03
3.746771583700791129e-03
3.726608932530077641e-03
3.706355448057835344e-03
3.686115615447438463e-03
3.665975380395544193e-03
3.645775203126954030e-03
3.625649940906612492e-03
3.605617918811164068e-03
3.585406080834035829e-03
3.565400036920412293e-03
3.545505377381501927e-03
3.525450075382271890e-03
3.505413248555134566e-03
3.485344725611651956e-03
3.465002086750156550e-03
3.444579048227341955e-03
3.424290078522558654e-03
3.404200166743200431e-03
3.384022726165528301e-03
3.363692883113532980e-03
3.343336192133785582e-03
3.322881636401217500e-03
3.302246777500023999e-03
3.281551709513413038e-03
3.260796534459029384e-03
3.239924674064729743e-03
3.219103003326968544e-03
3.198400423595533330e-03
3.177588913037726007e-03
3.156693172083210007e-03
3.135585840650072318e-03
3.114465377594126394e-03
3.093254480825545754e-03
3.072104302263947359e-03
3.050991446363011950e-03
3.029962572620417856e-03
3.009024633482674637e-03
2.988055310319857796e-03
2.967126398708045364e-03
2.946267607620283759e-03
2.925392480102836576e-03
2.904485263031197570e-03
2.883538958788909104e-03
2.862632312943414175e-03
2.841597217672183623e-03
2.820438766878723483e-03
2.799172140444433372e-03
2.777753814705025224e-03
2.756258523012210075e-03
2.734698266009426976e-03
2.713030011390575071e-03
2.691336071690865819e-03
2.669600746639028653e-03
2.647749295716745818e-03
2.625929562446551076e-03
2.604045602866691608e-03
2.581891498869653707e-03
2.559711545224276855e-03
2.537415116046335632e-03
2.515079687587648636e-03
2.492718256461769460e-03
2.470172845258563742e-03
2.447519544125617390e-03
2.424907605816553624e-03
2.402324317730233135e-03
2.379892583175712787e-03
2.357541492348293535e-03
2.335295861969621800e-03
2.313198429815969091e-03
2.291154550214336005e-03
2.269214171676792006e-03
2.247401417961445401e-03
2.225826431688704508e-03
2.204281054884954429e-03
2.182900289110535630e-03
2.161673826223416747e-03
2.140495419547420314e-03
2.119408289393551366e-03
2.098412956474685065e-03
2.077406219189902731e-03
2.056478954103104721e-03
2.035779939196684114e-03
2.015222713323836304e-03
1.994767989853033895e-03
1.974579864138847896e-03
1.954570498415097914e-03
1.934697322899244431e-03
1.915096768554802077e-03
1.895703446153199556e-03
1.876354581865342800e-03
1.857191595749966293e-03
1.838135364108780742e-03
1.819301005663088219e-03
1.800643642748140510e-03
1.782168082556452333e-03
1.763883945582438465e-03
1.745604325766756011e-03
1.727531824480509721e-03
1.709625889119955602e-03
1.691886448285659546e-03
1.674389329716016077e-03
1.657112365493065799e-03
1.640052034362908919e-03
1.623164170658499125e-03
1.606484165475393191e-03
1.590045032907901014e-03
1.573663143841496758e-03
1.557466153203741765e-03
1.541437013438140676e-03
1.525546567666037460e-03
