1.775795252027443163e-02
1.784183923087996268e-02
1.792624654342657442e-02
1.801001554845849464e-02
1.809362176515027371e-02
1.817829038297584521e-02
1.826469329607553760e-02
1.835180171609863617e-02
1.843683432586454632e-02
1.852117680572179861e-02
1.860518812502496774e-02
1.869005013095434431e-02
1.877291284113695100e-02
1.885814772366847109e-02
1.894535123757705095e-02
1.903255684048796303e-02
1.911881393580020655e-02
1.919942208978193260e-02
1.927803418069039959e-02
1.935533850118389271e-02
1.943074214672259326e-02
1.950426883340175208e-02
1.957573146809565498e-02
1.964375540995900657e-02
1.970580437336646659e-02
1.976239523986541083e-02
1.981471200160807994e-02
1.986176775237653153e-02
1.990504285466982229e-02
1.994217292457953206e-02
1.997243231755706921e-02
1.999731767218703923e-02
2.001730904783893122e-02
2.003142169361881927e-02
2.004131959064264779e-02
2.004851225668232567e-02
2.005313338246184768e-02
2.005396964139056007e-02
2.005457668105473795e-02
2.005299851906887712e-02
2.005057581638391290e-02
2.004641543666473014e-02
2.003850104271771501e-02
2.002738419965205754e-02
2.001604419498822021e-02
2.000200550135710145e-02
1.998566252419679834e-02
1.996624499295918120e-02
1.994084524848890871e-02
1.991274756846337160e-02
1.988324642051137250e-02
1.985180508908109681e-02
1.981372649523283416e-02
1.977124248747461413e-02
1.972538835017253328e-02
1.967583185186746325e-02
1.962295386777336212e-02
1.956781587896794586e-02
1.950879950110854036e-02
1.944825575870091916e-02
1.938477070214773834e-02
1.931924375472695785e-02
1.925308960547075440e-02
1.918593031049440831e-02
1.911628535464120204e-02
1.904504509638454274e-02
1.897308214637532728e-02
1.890047301910853517e-02
1.882731510152978877e-02
1.875300595435334602e-02
1.867673941579731448e-02
1.860024695605845546e-02
1.852194704182028723e-02
1.844394868853507438e-02
1.836520907359857555e-02
1.828626875956678235e-02
1.820660247162022086e-02
1.812448231281886535e-02
1.804112781779019375e-02
1.795671829212839091e-02
1.787108812963596888e-02
1.778455424754650516e-02
1.769716891590110072e-02
1.760903557545454023e-02
1.751971289995568962e-02
1.742898963071552385e-02
1.733742329215803152e-02
1.724372225530464847e-02
1.714893177451376829e-02
1.705390959201506101e-02
1.695765486866815039e-02
1.686035852435608870e-02
1.676123664095221719e-02
1.666147489133763121e-02
1.656153272444060506e-02
1.646194252344765352e-02
1.636060671476101749e-02
1.625895441285061041e-02
1.615631171466199931e-02
1.605359213217520328e-02
1.595121566833154411e-02
1.584901366612740184e-02
1.574617379345977924e-02
1.564233102683871418e-02
1.553826236921288829e-02
1.543438578482566638e-02
1.533001903816650843e-02
1.522512825722147946e-02
1.512012788347761282e-02
1.501355438072559008e-02
1.490581357736840869e-02
1.479677641060991346e-02
1.468806417791703248e-02
1.457916410509677539e-02
1.447124634710441476e-02
1.436360513748070021e-02
1.425520218979678226e-02
1.414671123280590755e-02
1.403828660616115304e-02
1.393013085286755326e-02
1.382210466531510161e-02
1.371417865163987448e-02
1.360660349277757405e-02
1.349838381693210972e-02
1.338891122235952302e-02
1.327906942528252719e-02
1.316947542766722969e-02
1.306021556441457065e-02
1.295132847737602566e-02
1.284271269973236672e-02
1.273467332851460285e-02
1.262740123272104373e-02
1.252016912143894163e-02
1.241296197453996795e-02
1.230690927443259426e-02
1.220132421351507492e-02
1.209628336944563488e-02
1.199150610951399236e-02
1.188726511267927839e-02
1.178318607014526564e-02
1.167981854922176335e-02
1.157722117932145564e-02
1.147478655240109433e-02
1.137320575301662036e-02
1.127237953422502263e-02
1.117226070572965510e-02
1.107254789190812577e-02
1.097339565357753274e-02
1.087485186429298402e-02
1.077664356652641500e-02
1.067922024893228246e-02
1.058246125070981709e-02
1.048684889844284963e-02
1.039200666392564067e-02
1.029791078915671607e-02
1.020427338998572582e-02
1.011104879241831248e-02
1.001853449982593666e-02
9.926665995566684095e-03
9.835643795203481005e-03
9.745488223534238062e-03
9.655924878271974002e-03
9.567152068226088615e-03
9.479693829713999736e-03
9.393422629186087142e-03
9.307941066535029354e-03
9.223154996497475583e-03
9.139632292496651864e-03
9.057012502872987744e-03
8.975146591352680184e-03
8.894046295167472999e-03
8.813941553672436507e-03
8.734422881859542354e-03
8.655947155717302541e-03
8.578432446398250380e-03
8.501774717067176607e-03
8.426372315959588036e-03
8.351424253123374344e-03
8.277444916513136339e-03
8.204337734306916402e-03
8.131529215526317467e-03
8.059598592464519567e-03
7.988713857562404486e-03
7.918349069845467825e-03
7.848927030929797252e-03
7.780308767106508192e-03
7.712915196775652071e-03
7.646388736766238786e-03
7.581183402992647952e-03
7.516556653146958152e-03
7.453112119609155498e-03
7.390408899101542570e-03
7.328445101963413678e-03
7.267689910749031666e-03
7.207831222015141127e-03
7.148751169874626582e-03
7.090519820625627335e-03
7.033037932465769325e-03
6.976549851509306066e-03
6.920880301603891949e-03
6.865948925467901288e-03
6.811791394186852630e-03
6.758472751705619369e-03
6.706190973618815672e-03
6.654578805242620382e-03
6.603556828782657095e-03
6.553302207752761607e-03
6.504179677739839634e-03
6.456033648200447221e-03
6.408595282111050236e-03
6.361801972400971637e-03
6.315483405086570398e-03
6.269826098026200917e-03
6.225018226991647398e-03
6.180804885739590859e-03
6.137253974826489128e-03
6.094357410444476049e-03
6.052280142663330094e-03
6.010845972943449668e-03
5.970159538273846558e-03
5.930395584435993288e-03
5.891126547426408025e-03
5.852933478321347208e-03
5.815335856897421545e-03
5.778110982655714108e-03
5.741310711809263778e-03
5.705623724029803938e-03
5.670680812163019120e-03
5.636199820755100759e-03
5.602487447232330775e-03
5.569511032383078070e-03
5.537288361953194432e-03
5.505439238273453044e-03
5.474110270149659500e-03
5.443226150697031036e-03
5.412807169483989725e-03
5.383086061438143236e-03
5.353765105311549324e-03
5.324808432392465034e-03
5.296078147887854810e-03
5.268054990511859478e-03
5.240806619187025200e-03
5.214108393819551039e-03
5.187961282956036688e-03
5.162034334925775722e-03
5.136479967031087369e-03
5.111362566625859451e-03
5.086574348537982286e-03
5.062160882168056063e-03
5.038240515775350634e-03
5.014811920097109708e-03
4.992029269376669666e-03
4.969448373623733956e-03
4.947169384121438175e-03
4.925205448457987099e-03
4.903651564298587215e-03
4.882694381806051975e-03
4.862010449562705582e-03
4.841714121522813080e-03
4.821747670043496740e-03
4.802179643693033073e-03
4.782861548061137502e-03
4.763880891973707420e-03
4.745215014186349688e-03
4.726844786632965374e-03
4.708788168516404166e-03
4.690846483042837751e-03
4.673258740665563182e-03
4.655830615051233592e-03
4.638503052516549686e-03
4.621442685045787369e-03
4.604738509057818181e-03
4.588170478155820416e-03
4.571693439776820800e-03
4.555257071278215157e-03
4.539141201982914778e-03
4.523271188481041254e-03
4.507449752132223868e-03
4.491695135883198332e-03
4.476139217781543306e-03
4.460690578334639521e-03
4.445604921368508967e-03
4.431004390664733741e-03
4.416564359154555482e-03
4.402338260174438848e-03
4.388106583611195953e-03
4.374048104914627505e-03
4.360330470289370750e-03
4.346960735222214246e-03
4.333754055258771075e-03
4.320791847216179198e-03
4.308003281077274656e-03
4.295372348203410975e-03
4.282885066910750542e-03
4.270621727391845160e-03
4.258499558903415527e-03
4.246501778755043706e-03
4.234822599065648716e-03
4.223260478811520328e-03
4.211678683022146603e-03
4.200055959639396007e-03
4.188595405571822472e-03
4.177438736722992839e-03
4.166269182571636850e-03
4.155376173094738751e-03
4.144535561814510251e-03
4.133641584331501119e-03
4.122902779155903329e-03
4.112251503180004535e-03
4.101782598674589067e-03
4.091400326552676638e-03
4.080840900534172914e-03
4.070302184845828349e-03
4.059869970282471360e-03
4.049401995250703247e-03
4.039042369002751598e-03
4.028800411123788575e-03
4.018731281450702367e-03
4.008590453360167359e-03
3.998442252801555352e-03
3.988325043071133495e-03
3.978306642801190778e-03
3.968356176515565326e-03
3.958600864535111521e-03
3.948961193817844550e-03
3.939525576556909131e-03
3.930017001824226593e-03
3.920516334209780268e-03
3.911147021265778435e-03
3.901826389776893219e-03
3.892310360051424827e-03
3.882523174553038827e-03
3.872726585235802040e-03
3.863032385850848419e-03
3.853270558462660884e-03
3.843436749910038568e-03
3.833634359198123329e-03
3.823812452528587303e-03
3.814070296351746662e-03
3.804312765735623145e-03
3.794662822574447220e-03
3.785020413488804011e-03
3.775255834398501611e-03
3.765460062207310037e-03
3.755837594379404353e-03
3.746263506117794920e-03
3.736664893966876438e-03
3.727105122076075899e-03
3.717572919482712776e-03
3.708154580103339461e-03
3.698786305620987199e-03
3.689195804487614260e-03
3.679703351739795590e-03
3.670106325560854553e-03
3.660693632420237292e-03
3.651261955369238411e-03
3.641881046005051355e-03
3.632560643689697420e-03
3.623187026496889254e-03
3.613888627129405694e-03
3.604723388166530384e-03
3.595500358871100109e-03
3.586357796466428920e-03
3.577234058529206537e-03
3.568176929368914452e-03
3.559174712473102669e-03
3.550418174663074432e-03
3.541629269539798164e-03
3.532907531644789885e-03
3.524273042125084746e-03
3.515562496790337454e-03
3.506885860613020035e-03
3.498372609099477913e-03
3.489848065050086667e-03
3.481311096368467847e-03
3.472815226852382121e-03
3.464353520199380844e-03
3.455999528163004181e-03
3.447554166234881572e-03
3.439047604039909868e-03
3.430694286569585527e-03
3.422340291421545593e-03
3.413928947375903956e-03
3.405505575609263456e-03
3.397042219292989440e-03
3.388559352200480775e-03
3.379991265447921615e-03
3.371448850975029572e-03
3.362884183254540894e-03
3.354358358588404622e-03
3.345902261668952122e-03
3.337353288026432500e-03
3.328819066798955045e-03
3.320390564931165970e-03
3.311906678639807856e-03
3.303559259528464007e-03
3.295125025957130853e-03
3.286773068723997625e-03
3.278389736016649580e-03
3.269972707670569610e-03
3.261690275555385182e-03
3.253582017212896128e-03
3.245546626035070766e-03
3.237544957977831796e-03
3.229641853565461910e-03
3.221837647684826309e-03
3.214241861032025253e-03
3.206601979277320588e-03
3.199089741650599020e-03
3.191522031349221852e-03
3.184029651017232856e-03
3.176614946095942821e-03
3.169169775967908310e-03
3.161735888908828642e-03
3.154334853889062280e-03
3.146856342817596318e-03
3.139395794639951616e-03
3.132061639421744939e-03
3.124734731320143004e-03
3.117348797892063872e-03
3.109818523264476324e-03
3.102330780545034788e-03
3.094884968125660805e-03
3.087328324447221987e-03
3.079848260561502109e-03
3.072361525165200839e-03
3.064847295171112696e-03
3.057258760439462899e-03
3.049542239408288037e-03
3.041838160230513587e-03
3.034141833317360610e-03
3.026379370481707860e-03
3.018652054483008090e-03
3.011062143554453594e-03
3.003455593474035033e-03
2.995885332407573470e-03
2.988366451824253037e-03
2.981024030450862405e-03
2.973621306300176272e-03
2.966240274266421836e-03
2.958900447580225471e-03
2.951587758426145111e-03
2.944270389059402884e-03
2.936940588245144299e-03
2.929500252115762975e-03
2.922048353802053199e-03
2.914705332417434798e-03
2.907345224283210041e-03
2.899899765651782913e-03
2.892285030874069008e-03
2.884575129307700731e-03
2.876992392200294034e-03
2.869451056962422485e-03
2.861899215016850892e-03
2.854413396597355740e-03
2.847004561808492724e-03
2.839796224611456504e-03
2.832535981141012793e-03
2.825303693511340298e-03
2.818198274108158971e-03
2.810962472037597994e-03
2.803585943282559199e-03
2.796134873703416505e-03
2.788712042321010460e-03
2.781226352750526629e-03
2.773841105626701810e-03
2.766409127657110199e-03
2.758923899790902742e-03
2.751489251532768764e-03
2.744138108294528425e-03
2.736820530670207047e-03
2.729455064512547203e-03
2.721986073686230752e-03
2.714539511011412627e-03
2.707089721389357301e-03
2.699739514016457481e-03
2.692294788057340762e-03
2.685054497513559516e-03
2.678148585803564932e-03
2.671302213343117009e-03
2.664494299540824326e-03
2.657742443900397607e-03
2.650907734768201233e-03
2.644035047926548022e-03
2.637396143072809427e-03
2.630685221742026011e-03
2.623743439778909465e-03
2.617028756230268920e-03
2.610317522903670470e-03
2.603688101709846544e-03
2.597286359611841906e-03
2.590981006288347894e-03
2.584532452072004025e-03
2.578117702636879231e-03
2.571660184210542571e-03
2.565394604037808841e-03
2.559265406233651556e-03
2.553281838927568166e-03
2.547223907276578454e-03
2.541209683927359627e-03
