4.057052951302193497e-03
4.047341406874008750e-03
4.038086372756013315e-03
4.029255872133689735e-03
4.020979674438172023e-03
4.013179057755212470e-03
4.005956113481013402e-03
3.999293877503263747e-03
3.993252204778727048e-03
3.987991373266639578e-03
3.983594549026216874e-03
3.980209807684369216e-03
3.977929697297198988e-03
3.977002732883722774e-03
3.977452628327913381e-03
3.979696380898255226e-03
3.983788037387873439e-03
3.989831048805386055e-03
3.997749051381455608e-03
4.007783333636372007e-03
4.020173173353673579e-03
4.034991863565441303e-03
4.052578385876535842e-03
4.072556416965394249e-03
4.094938493010553612e-03
4.119972087039912127e-03
4.147542206088639799e-03
4.176894526774063178e-03
4.208173679673415588e-03
4.241485852700086455e-03
4.276378008911669963e-03
4.312510779048568145e-03
4.349732180380933531e-03
4.387971698894862181e-03
4.426931000975290430e-03
4.466467362115922324e-03
4.506582181105069605e-03
4.547083025065507336e-03
4.587671981543697645e-03
4.628317477893038358e-03
4.668962915437347913e-03
4.709611869506077214e-03
4.750179395325069762e-03
4.790664260267286922e-03
4.830834348793399541e-03
4.870960302029363025e-03
4.911210509199039759e-03
4.951199534589401270e-03
4.990912401640551672e-03
5.030120865869878305e-03
5.068705606212807122e-03
5.106726819255335247e-03
5.144205486396651907e-03
5.180918457174324941e-03
5.216813304788747024e-03
5.251621901136830674e-03
5.285414954162797815e-03
5.318275687426863609e-03
5.349985168313770717e-03
5.380539518409309559e-03
5.410242285910023957e-03
5.439148100333407801e-03
5.467271656842731357e-03
5.494946624219637470e-03
5.522212186875753888e-03
5.549022232606679386e-03
5.575577730600439486e-03
5.602072468954142487e-03
5.628255679485392841e-03
5.654251600959937091e-03
5.680039859946294303e-03
5.705629677537384960e-03
5.731197775783792615e-03
5.756639797977833144e-03
5.781979353790643074e-03
5.807189634840135249e-03
5.832351170828573884e-03
5.857608254012088532e-03
5.882782825006060458e-03
5.907881413433900206e-03
5.932850639467394764e-03
5.957789695307620301e-03
5.982718949458187135e-03
6.007547703489882901e-03
6.032269266669433756e-03
6.056849883508559282e-03
6.081192148935569627e-03
6.105466821437834785e-03
6.129609804395651923e-03
6.153801270550939700e-03
6.178061227643105204e-03
6.202246108650622154e-03
6.226352782836984574e-03
6.250380023601159914e-03
6.274479632316300355e-03
6.298477416385511382e-03
6.322560907676471817e-03
6.346677503962795328e-03
6.370790468846243386e-03
6.394722855584456835e-03
6.418574813127045538e-03
6.442355479987314087e-03
6.466147220134280810e-03
6.489860116693843030e-03
6.513529649292000914e-03
6.537117575660485701e-03
6.560627472089617697e-03
6.584054852581826094e-03
6.607383922371912882e-03
6.630629218697869573e-03
6.653915397176797357e-03
6.677098069973802161e-03
6.700288896656726723e-03
6.723692190421294915e-03
6.747077720399243493e-03
6.770341582890279479e-03
6.793537860225862431e-03
6.816807789751707855e-03
6.840018235874148131e-03
6.863127971530307708e-03
6.886277246020575983e-03
6.909416625768125507e-03
6.932384388439153874e-03
6.955211401170875371e-03
6.978065763623160674e-03
7.000979281699824981e-03
7.023929666701584501e-03
7.046892149616930737e-03
7.069779329449773879e-03
7.092616025657119162e-03
7.115467844503526457e-03
7.138260497444282385e-03
7.160927190336716097e-03
7.183574498350881257e-03
7.206191427197033636e-03
7.228719036773158073e-03
7.251227640354412571e-03
7.273678511285986206e-03
7.296118456149341264e-03
7.318440840228151653e-03
7.340790375512499383e-03
7.363159109459183234e-03
7.385598852952366886e-03
7.407920004980659244e-03
7.430092095258447951e-03
7.452139183581658541e-03
7.474162834091575662e-03
7.496215025933819845e-03
7.518150078015779954e-03
7.539957882049013599e-03
7.561597798375808803e-03
7.583127903581158083e-03
7.604578910253758511e-03
7.625940939697361913e-03
7.647139499224298899e-03
7.668243381277636134e-03
7.689329341962242333e-03
7.710365334292890518e-03
7.731224172430097193e-03
7.752025665229195575e-03
7.772798530959218466e-03
7.793371235342886998e-03
7.813769970284049210e-03
7.834033608379413482e-03
7.854233496384727120e-03
7.874299636600853164e-03
7.894215100920518036e-03
7.913940491564821350e-03
7.933577327926119235e-03
7.953167478418244826e-03
7.972632832663591185e-03
7.991980962290409773e-03
8.011114372015373103e-03
8.030042120448869017e-03
8.048965610266998333e-03
8.067807887042040271e-03
8.086589596116978626e-03
8.105260948408092928e-03
8.123893412124659139e-03
8.142319305954369771e-03
8.160715550023577708e-03
8.178965415575794110e-03
8.197044850090227930e-03
8.215110403707141795e-03
8.233013902187266697e-03
8.250721536316160676e-03
8.268379121597934159e-03
8.285923351862871031e-03
8.303361182906142043e-03
8.320671978609084363e-03
8.337825715571380025e-03
8.354832744027665403e-03
8.371701629746160223e-03
8.388301016342298091e-03
8.404675607939211465e-03
8.420981978341936236e-03
8.437224393138983286e-03
8.453338037655095533e-03
8.469431125447571956e-03
8.485284313638600390e-03
8.501018256426429512e-03
8.516612429152914387e-03
8.532115819868525339e-03
8.547426827534702551e-03
8.562535461775053550e-03
8.577494548066437463e-03
8.592305521559101197e-03
8.607075948900094406e-03
8.621816901138666320e-03
8.636497174051896084e-03
8.650997628645691606e-03
8.665223149236409364e-03
8.679258172272356561e-03
8.693216434591276298e-03
8.707012942442271877e-03
8.720656842725641247e-03
8.734287840932499283e-03
8.747832076844980556e-03
8.761226616011447144e-03
8.774497554907976365e-03
8.787515317992570726e-03
8.800437377123580124e-03
8.813245482755171709e-03
8.825994597331368596e-03
8.838702053566609845e-03
8.851329885702564904e-03
8.863854754236313166e-03
8.876292971826385894e-03
8.888596424536323107e-03
8.900819371565657501e-03
8.912963594525657313e-03
8.925012323275506587e-03
8.937006734954204210e-03
8.948801905961400668e-03
8.960544684485651293e-03
8.972224948374581122e-03
8.983901692307423928e-03
8.995452854279196997e-03
9.006920694737276245e-03
9.018431521398946951e-03
9.029841925209143930e-03
9.041188392411367639e-03
9.052577943001969066e-03
9.063908834283209218e-03
9.075135683156208485e-03
9.086239146114864426e-03
9.097243310051539647e-03
9.108194938967580784e-03
9.118961668172536478e-03
9.129790454859973078e-03
9.140526079881939117e-03
9.151057349896761506e-03
9.161648440936035614e-03
9.172272129948857641e-03
9.182891033846361795e-03
9.193440451939509026e-03
9.204060058752058793e-03
9.214672599516866847e-03
9.225203836368068080e-03
9.235703974636758073e-03
9.246105774640184585e-03
9.256472007208136829e-03
9.266690080526336637e-03
9.276749128566996391e-03
9.286758821890518309e-03
9.296720081501196054e-03
9.306583172617996502e-03
9.316359514618018089e-03
9.325988389631442027e-03
9.335545626938737684e-03
9.345034977543208166e-03
9.354454937002404380e-03
9.363802776894631155e-03
9.373078273420348827e-03
9.382274642861855238e-03
9.391390235493679572e-03
9.400458295101490544e-03
9.409525151704406162e-03
9.418519522293312962e-03
9.427444930118697441e-03
9.436359170588548562e-03
9.445226261063239745e-03
9.454084400434778837e-03
9.462861507131603567e-03
9.471601700850373895e-03
9.480294768183846615e-03
9.488873379731786045e-03
9.497393091039944488e-03
9.505759568185686778e-03
9.514092520862917068e-03
9.522353380438190393e-03
9.530625869792875779e-03
9.538880277396478632e-03
9.547191945836844620e-03
9.555463818809376356e-03
9.563670637054736898e-03
9.571930412113682785e-03
9.580199177479138337e-03
9.588476897901024656e-03
9.596769552165427750e-03
9.605061024838532080e-03
9.613308935117567677e-03
9.621561235183977157e-03
9.629871926615254929e-03
9.638179081179195501e-03
9.646464443949115744e-03
9.654773341360221514e-03
9.663076735367096687e-03
9.671373321607154572e-03
9.679609765399180277e-03
9.687811898569152411e-03
9.696023271212050876e-03
9.704243288908386347e-03
9.712493009350149989e-03
9.720707954879153484e-03
9.728962250363360972e-03
9.737181600614350924e-03
9.745438947920469913e-03
9.753648636356514537e-03
9.761832665702928347e-03
9.769977355965658861e-03
9.778017099507478604e-03
9.786028504185273827e-03
9.794061285782376669e-03
9.802032375026281316e-03
9.809975089826648148e-03
9.817983688993803595e-03
9.825976833254252210e-03
9.833889126690840282e-03
9.841671030429495481e-03
9.849428354433619956e-03
9.857121841979519031e-03
9.864697509389270744e-03
9.872238281530866522e-03
9.879760168636961618e-03
9.887263619294959366e-03
9.894666781403169478e-03
9.902016052735523877e-03
9.909429444832786038e-03
9.916694914108369063e-03
9.923937320061524889e-03
9.931101541128736776e-03
9.938144693342610206e-03
9.945166942701269552e-03
9.952085369168511136e-03
9.958834412766086677e-03
9.965577805370332692e-03
9.972200044235546290e-03
9.978653691655674229e-03
9.985037671640217827e-03
9.991276227385503111e-03
9.997372736639364987e-03
1.000336605289100025e-02
1.000923196548843784e-02
1.001495317444160531e-02
1.002051203483679889e-02
1.002595120036288596e-02
1.003135992519805023e-02
1.003663608394513886e-02
1.004184487705359410e-02
1.004705778047453382e-02
1.005219372705185889e-02
1.005721730583407532e-02
1.006210138074242755e-02
1.006688377939009803e-02
1.007159292969970685e-02
1.007627338359313139e-02
1.008086240186681533e-02
1.008537468248426813e-02
1.008969912544513403e-02
1.009382629822467257e-02
1.009789020337897164e-02
1.010196910595769805e-02
1.010602818218116379e-02
1.010994523936653740e-02
1.011378441837456309e-02
1.011749883045596349e-02
1.012108647612984871e-02
1.012458096573874526e-02
1.012795473833617323e-02
1.013118511857015631e-02
1.013430482114580436e-02
1.013721295408914758e-02
1.014000090327449310e-02
1.014275098827882582e-02
1.014542697499001660e-02
1.014798956407680572e-02
1.015050203480464402e-02
1.015298801669342263e-02
1.015545566063665028e-02
1.015782103005623965e-02
1.016004385739690402e-02
1.016221602620690813e-02
1.016429134142770273e-02
1.016614899413407179e-02
1.016791559271216713e-02
1.016951325656874697e-02
1.017091858536431012e-02
1.017222168312231084e-02
1.017335877685661590e-02
1.017445164020244069e-02
1.017539393587283021e-02
1.017614142271759670e-02
1.017679959279058771e-02
1.017727697379441562e-02
1.017766841401729523e-02
1.017785674122165251e-02
1.017785375935082413e-02
1.017782034623301683e-02
1.017760589246373415e-02
1.017723637064963174e-02
1.017677276045547176e-02
1.017617480322084884e-02
1.017545169251672134e-02
1.017454351694227835e-02
1.017350823190351673e-02
1.017236675464119368e-02
1.017100312833153775e-02
1.016963091681670310e-02
1.016816515462272245e-02
1.016652534359120501e-02
1.016481388387222712e-02
1.016293993492441497e-02
1.016092911861068634e-02
1.015877818506080721e-02
1.015650392945303092e-02
1.015410918079804811e-02
1.015157469672782128e-02
1.014886187226069630e-02
1.014606783650749688e-02
1.014311978428180522e-02
1.013992870068865758e-02
1.013660118909267584e-02
1.013318468758426030e-02
1.012945093479699840e-02
1.012559480401693107e-02
1.012152996857910991e-02
1.011726542191972514e-02
1.011280340291269633e-02
1.010816246731829036e-02
1.010335609005419064e-02
1.009839655341054562e-02
1.009326900480669170e-02
1.008789604386302850e-02
1.008243622563646455e-02
1.007682188398422926e-02
1.007096091886110212e-02
1.006494133015754973e-02
1.005875504939496463e-02
1.005236611496296457e-02
1.004576964856963156e-02
1.003908023860007950e-02
1.003227586056586879e-02
1.002530006860977499e-02
1.001812304545107724e-02
1.001072272377414273e-02
1.000307731974641769e-02
9.995285726849300820e-03
9.987353625066837728e-03
9.979334503258137715e-03
9.971163947456739701e-03
9.962725119312463087e-03
9.954051917208163805e-03
9.945131949369821756e-03
9.936007003333755319e-03
9.926722638174685642e-03
9.917256193639967937e-03
9.907648134784143718e-03
9.897785718250552006e-03
9.887702302744504762e-03
9.877375409974024217e-03
9.866793873022831549e-03
9.856022060284864647e-03
9.845118512526011140e-03
9.834110063014798314e-03
9.822932852396925110e-03
9.811619803199202183e-03
9.800169192176138785e-03
9.788571618209606154e-03
9.776677592814550163e-03
9.764549471561700250e-03
9.752304759642609067e-03
9.739935814269988154e-03
9.727418271986637902e-03
9.714727076852577511e-03
9.701906748888910678e-03
9.688901565853271988e-03
9.675655403476738151e-03
9.662208391938134980e-03
9.648638899182208906e-03
9.634900207713549547e-03
9.621073628116923876e-03
9.607130663836388820e-03
9.592999174385536884e-03
9.578661853212948676e-03
9.564244719968128042e-03
9.549682891754290512e-03
9.535045718756343311e-03
9.520122651562610075e-03
9.504978963044417514e-03
