4.104929219609428082e-03
4.098995352034188501e-03
4.093989186598066127e-03
4.089948836950471102e-03
4.086610190504516744e-03
4.084146990761765468e-03
4.082696636529653880e-03
4.082011099989736949e-03
4.082106004310174022e-03
4.083131611885341267e-03
4.084840746169632331e-03
4.087393736281521792e-03
4.091079650982473725e-03
4.096032988278776842e-03
4.102478237998389773e-03
4.110470238770805827e-03
4.120074745685067992e-03
4.131608709955054103e-03
4.145118254052698736e-03
4.160865656600122933e-03
4.178734109747823597e-03
4.198858754843412359e-03
4.221120162464052708e-03
4.245785274124961629e-03
4.273161763983484261e-03
4.303441663164779031e-03
4.336852920863391164e-03
4.372856223203808353e-03
4.411302742392837067e-03
4.452171003475336765e-03
4.494903156609383194e-03
4.539051376633919908e-03
4.584360948566161380e-03
4.630487458830664406e-03
4.677177039270041456e-03
4.724186803058675124e-03
4.771415832745932312e-03
4.818699398526991862e-03
4.865848633355272616e-03
4.912981629237213842e-03
4.960010387462861214e-03
5.006689409955716007e-03
5.053152089670651104e-03
5.099446799127027238e-03
5.145601833483158007e-03
5.191587925128895477e-03
5.237196279441977756e-03
5.282464377958901759e-03
5.327302262378514654e-03
5.371492369512590077e-03
5.414911032461988509e-03
5.457165060524736197e-03
5.497833376702980154e-03
5.536739405382238785e-03
5.573535441277965678e-03
5.607947745540391854e-03
5.640079803906571619e-03
5.669575146012564501e-03
5.696735529878133204e-03
5.721340538431646597e-03
5.743708949494253334e-03
5.764263247650913170e-03
5.783162733261489399e-03
5.800510460716321905e-03
5.816628874942494226e-03
5.831684025673451385e-03
5.845872323471819863e-03
5.859226130020335141e-03
5.871884272111363781e-03
5.884063251148161436e-03
5.895799947823660014e-03
5.907045655374212889e-03
5.917904480064480228e-03
5.928301734782329135e-03
5.938630895799268394e-03
5.949093771826088201e-03
5.959467125510623138e-03
5.969785047354124116e-03
5.980128992592929210e-03
5.990441782695374653e-03
6.000878546268287837e-03
6.011299793274318959e-03
6.021689405314697811e-03
6.032180103753499549e-03
6.042750428378021801e-03
6.053468148006474481e-03
6.064361668214464547e-03
6.075264372439652394e-03
6.086021627388178354e-03
6.096897677999431331e-03
6.107921733462874300e-03
6.119070127306440454e-03
6.130164975187982895e-03
6.141175860246076215e-03
6.152195042523920208e-03
6.163134975605163296e-03
6.174110194889965292e-03
6.185168220334541847e-03
6.196237275648372456e-03
6.207343582549615900e-03
6.218547181799156075e-03
6.229926917437358068e-03
6.241394698373814443e-03
6.252990083483555075e-03
6.264693295607691968e-03
6.276465139188555815e-03
6.288398339822907392e-03
6.300535819253911575e-03
6.312785483805543815e-03
6.325179536452842435e-03
6.337632015166001428e-03
6.350317791119545162e-03
6.363210580935138756e-03
6.376217237827039308e-03
6.389268892427969228e-03
6.402465447897852033e-03
6.415635161478865263e-03
6.428731313698974811e-03
6.441871106390412161e-03
6.455045679320546397e-03
6.468148910326740157e-03
6.481370309796896656e-03
6.494619075020352864e-03
6.507842066673801690e-03
6.521136960079484957e-03
6.534384979066541234e-03
6.547605452480989054e-03
6.560853712123931175e-03
6.574207353238683410e-03
6.587548483981031829e-03
6.600944889805904388e-03
6.614408369989566334e-03
6.627837232952400563e-03
6.641246208064522163e-03
6.654739727022356173e-03
6.668290421382177743e-03
6.681884598741029760e-03
6.695481262493020030e-03
6.708914277607209639e-03
6.722311390574941224e-03
6.735677945022067355e-03
6.749079531015667911e-03
6.762479659896356368e-03
6.775896313375277119e-03
6.789320496204324755e-03
6.802737752558359920e-03
6.816170691571919391e-03
6.829701288227778104e-03
6.843229877276562310e-03
6.856792455194369619e-03
6.870486899359947927e-03
6.884387795088481657e-03
6.898234252402159553e-03
6.912145477390981528e-03
6.926115785239118569e-03
6.940153951458226562e-03
6.954270056691241354e-03
6.968504413846340374e-03
6.982743846353356779e-03
6.997010592397439818e-03
7.011197363927959211e-03
7.025384131175759460e-03
7.039560916283168525e-03
7.053833670982556647e-03
7.068088175806677524e-03
7.082470640489419746e-03
7.096900815434856527e-03
7.111265475754961762e-03
7.125695731193560159e-03
7.140302367135826361e-03
7.154988092825755909e-03
7.169799028209578040e-03
7.184634577040612848e-03
7.199508804757656644e-03
7.214341673594673078e-03
7.229175636941026842e-03
7.243837898489926923e-03
7.258451292673203346e-03
7.273008921677119251e-03
7.287619834957922635e-03
7.302177201947261838e-03
7.316670048670862424e-03
7.331046676885582224e-03
7.345288124796417288e-03
7.359519433863257083e-03
7.373687595770082003e-03
7.387919099535933919e-03
7.402050067122991489e-03
7.416198406737653688e-03
7.430425249806677131e-03
7.444771385388781852e-03
7.459146449971670867e-03
7.473437454875764968e-03
7.487645259719713856e-03
7.501785748999921510e-03
7.515813053254337232e-03
7.529740131332953237e-03
7.543636229537264461e-03
7.557482188518106422e-03
7.571254989098013047e-03
7.584921656094695611e-03
7.598417217140986286e-03
7.611861653499094396e-03
7.625284194948483106e-03
7.638691969032348691e-03
7.651993360256759483e-03
7.665275265107947787e-03
7.678534867533192733e-03
7.691637270766597811e-03
7.704711494255485002e-03
7.717670951187178760e-03
7.730613778539108076e-03
7.743615515794377395e-03
7.756607313846262779e-03
7.769345006187101596e-03
7.782032859094829488e-03
7.794653858203816517e-03
7.807342744454864175e-03
7.820037264019294443e-03
7.832801376675677107e-03
7.845601955479715103e-03
7.858382339504818917e-03
7.871079336238069948e-03
7.883883232282808823e-03
7.896747370705685734e-03
7.909537698107078560e-03
7.922344799163308013e-03
7.935257050753940361e-03
7.948238814394294888e-03
7.961234931733405032e-03
7.974278454383625786e-03
7.987374641304743894e-03
8.000558731370776069e-03
8.013726969445146217e-03
8.026892250905751786e-03
8.040122821654761831e-03
8.053407963473114065e-03
8.066812808396543744e-03
8.080162500459673811e-03
8.093459904252704729e-03
8.106793281351226330e-03
8.120217235548945686e-03
8.133627934620342101e-03
8.147130330447524202e-03
8.160674700878006380e-03
8.174284390905369249e-03
8.188014906329912565e-03
8.201850883170365078e-03
8.215758682752368619e-03
8.229805916915997749e-03
8.243875325243612759e-03
8.257950728939120882e-03
8.272061144853961115e-03
8.286170343158733020e-03
8.300348691129279602e-03
8.314449047046085575e-03
8.328511934219644600e-03
8.342549787251169954e-03
8.356576783039975850e-03
8.370545728873532779e-03
8.384543573399400387e-03
8.398539204308408737e-03
8.412581859695943479e-03
8.426385724486782844e-03
8.440282024637785208e-03
8.454153975881856936e-03
8.467984553421103663e-03
8.481828206212460586e-03
8.495704015637636775e-03
8.509611209709005628e-03
8.523484997910255739e-03
8.537339104270577975e-03
8.551259813286580733e-03
8.565397486184629650e-03
8.579588077681218200e-03
8.593775409259658826e-03
8.607937231863279845e-03
8.622169263611563841e-03
8.636521728284232702e-03
8.650925805875094368e-03
8.665281546498657464e-03
8.679632737556468650e-03
8.694014749698528860e-03
8.708478169967014820e-03
8.722913714124806706e-03
8.737427080125696743e-03
8.751969122337112730e-03
8.766561471127495495e-03
8.781301416484152758e-03
8.796036788116128047e-03
8.810903503284481936e-03
8.825709622585629910e-03
8.840517127071966658e-03
8.855327644176862537e-03
8.870099148343637066e-03
8.884885107676670016e-03
8.899683303288068517e-03
8.914432552248626948e-03
8.929262842119877613e-03
8.944205470356240278e-03
8.959306447859321024e-03
8.974490879530562862e-03
8.989708403445090604e-03
9.005096177095571475e-03
9.020582443628445690e-03
9.036159532144217785e-03
9.051824576076044487e-03
9.067661148410096142e-03
9.083694712219224365e-03
9.099933505039644807e-03
9.116296750830383405e-03
9.132695588654770463e-03
9.149094731869995140e-03
9.165460898365545422e-03
9.181899931268418594e-03
9.198495774733800659e-03
9.215163177828026783e-03
9.232005806299632689e-03
9.248951740771343619e-03
9.266042322882497156e-03
9.283229409486301251e-03
9.300516257206502616e-03
9.317972229076151164e-03
9.335539433820243954e-03
9.353195681132235595e-03
9.370973321027197336e-03
9.388899940477358347e-03
9.406950536417851838e-03
9.425167557955325959e-03
9.443493722290367126e-03
9.461966887454436800e-03
9.480490508214142048e-03
9.498947683241396392e-03
9.517511752309099765e-03
9.536166684539694460e-03
9.554945223628997716e-03
9.573807280907627171e-03
9.592698676790713946e-03
9.611618268121626188e-03
9.630568345715979223e-03
9.649661598353185057e-03
9.668759883515112494e-03
9.687869541712914104e-03
9.707029817041743988e-03
9.726247062311841815e-03
9.745442376544637478e-03
9.764744983440225637e-03
9.784053495546972401e-03
9.803443784423453503e-03
9.822896296600507407e-03
9.842372623442702251e-03
9.861952020405996555e-03
9.881583315802109496e-03
9.901225316349498290e-03
9.920916139019421084e-03
9.940591702689601308e-03
9.960251438966300636e-03
9.979925624149902502e-03
9.999628700887946628e-03
1.001940667338342694e-02
1.003920580833279723e-02
1.005898170854115960e-02
1.007871428838401362e-02
1.009839720131047898e-02
1.011806222158439898e-02
1.013770616275273644e-02
1.015732011807692070e-02
1.017687773466678658e-02
1.019644378975123437e-02
1.021596728284094799e-02
1.023540786511879623e-02
1.025482533312084381e-02
1.027415275222575038e-02
1.029347052357181685e-02
1.031285604929564441e-02
1.033225306313969964e-02
1.035163655369330908e-02
1.037099689812525684e-02
1.039039744147915618e-02
1.040982698631063089e-02
1.042929747844181625e-02
1.044864253103983641e-02
1.046781419027605596e-02
1.048694503343947960e-02
1.050597533010165507e-02
1.052495641886710964e-02
1.054392679457473100e-02
1.056277288027499678e-02
1.058154866733274427e-02
1.060023847715154365e-02
1.061883527673746289e-02
1.063734175256350438e-02
1.065582547770564312e-02
1.067434936300563041e-02
1.069269479298912660e-02
1.071098790406461304e-02
1.072918304035693805e-02
1.074728936743466444e-02
1.076535087497547047e-02
1.078330972177922453e-02
1.080118204853680076e-02
1.081892520617150182e-02
1.083662353603328556e-02
1.085425525083047980e-02
1.087184241930628723e-02
1.088938971280943059e-02
1.090683904833085298e-02
1.092410861297223729e-02
1.094134817266194902e-02
1.095843755758831375e-02
1.097546432520392010e-02
1.099229015904634559e-02
1.100884922504331495e-02
1.102517709095973512e-02
1.104139221692373996e-02
1.105752117083997135e-02
1.107344684493129922e-02
1.108915049582141245e-02
1.110458876547883167e-02
1.111986261066735988e-02
1.113496262357025791e-02
1.114983456036186711e-02
1.116462995189019744e-02
1.117929539231501783e-02
1.119376846912740857e-02
1.120797972112121295e-02
1.122199755606343059e-02
1.123579925445713883e-02
1.124944258557474680e-02
1.126299565618494973e-02
1.127629256241383972e-02
1.128952015304903432e-02
1.130253899724255849e-02
1.131542065220736415e-02
1.132817263093139487e-02
1.134068570397437324e-02
1.135298845233868176e-02
1.136515325123667319e-02
1.137699393469994089e-02
1.138852773825813763e-02
1.139980757919203946e-02
1.141088427844619453e-02
1.142189578351028058e-02
1.143275731575770816e-02
1.144352937299239134e-02
1.145411640587792011e-02
1.146460092155240224e-02
1.147491043751587385e-02
1.148507995083342809e-02
1.149495541044141464e-02
1.150462826140349892e-02
1.151414291200572419e-02
1.152342655887361213e-02
1.153250451342782354e-02
1.154150058831722100e-02
1.155016325405119372e-02
1.155852947236490035e-02
1.156673320353626688e-02
1.157481357152467631e-02
1.158269038175067933e-02
1.159038826138815079e-02
1.159799127769300595e-02
1.160543150113524553e-02
1.161258632931857701e-02
1.161951662144254313e-02
1.162613520802500272e-02
1.163243696166253033e-02
1.163851699232845011e-02
1.164437625243366740e-02
1.165000303324299769e-02
1.165544491829456804e-02
1.166068485149368561e-02
1.166575633336955527e-02
1.167069462322146804e-02
1.167546228283428307e-02
1.168013185389733984e-02
1.168461666394357557e-02
1.168895405378372540e-02
1.169320704374342268e-02
1.169738572467823867e-02
1.170142319513045766e-02
1.170530078079633912e-02
1.170898840918901951e-02
1.171263605938451836e-02
1.171611129278805029e-02
1.171953833955871431e-02
1.172270771355233589e-02
1.172582222667926770e-02
1.172883846819764223e-02
1.173165537553852618e-02
1.173448450658414778e-02
1.173721218785907933e-02
1.173983763848081806e-02
1.174216333097548130e-02
1.174426486148984726e-02
1.174627907356030725e-02
1.174812157120478165e-02
1.174985238354394473e-02
1.175142768589462587e-02
1.175290751248381747e-02
