1.201659462405070197e-02
1.183930684035638253e-02
1.166220535803015428e-02
1.148503819328389360e-02
1.130902065801010076e-02
1.113428395913729219e-02
1.096150061648328011e-02
1.079112833942315330e-02
1.062258935210456771e-02
1.045650351270999666e-02
1.029284903372816411e-02
1.013220597161439314e-02
9.974646360171379039e-03
9.820694127193045631e-03
9.670516086576140882e-03
9.524108346426874913e-03
9.381548559365966711e-03
9.243216453037271171e-03
9.108976634538419603e-03
8.979278924804826728e-03
8.854242529157715924e-03
8.734063947657421528e-03
8.618605223699863857e-03
8.508422564484047906e-03
8.403304271896294003e-03
8.303010402629686093e-03
8.208081556116398475e-03
8.117856748647260187e-03
8.031608987398443367e-03
7.949545912112851095e-03
7.871638797603235441e-03
7.798126816836090797e-03
7.728703576599191098e-03
7.662997316314687501e-03
7.601138498376801104e-03
7.542899829753178971e-03
7.488172619528134927e-03
7.436708215210347146e-03
7.388437861583530518e-03
7.342891761132408664e-03
7.300037975312437255e-03
7.259868171598888795e-03
7.221937132869875146e-03
7.186140679560423274e-03
7.152196754846502566e-03
7.120006343793281942e-03
7.089412196255655621e-03
7.060494320020565227e-03
7.033232092476403643e-03
7.007607987088240904e-03
6.983570671840390320e-03
6.961131877650316747e-03
6.940287670126477591e-03
6.920915656725922481e-03
6.902909278997779348e-03
6.886196494464099684e-03
6.870967367026675071e-03
6.857510885804649937e-03
6.845606394772773239e-03
6.835468604443653909e-03
6.827151333775184627e-03
6.820679110779798160e-03
6.816058590473982048e-03
6.813246189489364536e-03
6.812324963371703401e-03
6.813290943357887958e-03
6.816030229866949959e-03
6.820442121670753678e-03
6.826567621963958166e-03
6.834011802743285985e-03
6.842701479033032504e-03
6.852738082319897138e-03
6.863822683293039663e-03
6.875858971280386298e-03
6.888786864011663472e-03
6.902692393852042328e-03
6.917311116166809451e-03
6.932515009601981741e-03
6.948137101360938803e-03
6.964198128480763791e-03
6.980645617106893096e-03
6.997459115936495791e-03
7.014526936150313613e-03
7.031770931956018988e-03
7.049181246180784809e-03
7.066859330297332875e-03
7.084666641188653267e-03
7.102675717579077022e-03
7.120855759468533788e-03
7.139279946451877919e-03
7.157924180216186996e-03
7.176640923494483765e-03
7.195563666783223560e-03
7.214655434291169372e-03
7.233853049098942084e-03
7.253118878621850861e-03
7.272519727572036331e-03
7.292177761069067524e-03
7.311945530135874685e-03
7.331890717661698927e-03
7.352001943582622996e-03
7.372306268645437838e-03
7.392851048525600835e-03
7.413675286278006288e-03
7.434643429880788412e-03
7.455680955733900127e-03
7.476927536933390510e-03
7.498251396399999678e-03
7.519684770272363691e-03
7.541322138744364564e-03
7.563212328440849751e-03
7.585307834120622733e-03
7.607561645580923453e-03
7.630042851650895713e-03
7.652671409842590200e-03
7.675558183508557168e-03
7.698652956006973511e-03
7.721993027956871106e-03
7.745546641895865309e-03
7.769241320375455846e-03
7.793208564074782796e-03
7.817291349942681253e-03
7.841511389609428714e-03
7.865954601783414421e-03
7.890422548967936447e-03
7.915011176815599930e-03
7.939744252991430204e-03
7.964593375708400869e-03
7.989726694303013466e-03
8.015027576270268572e-03
8.040503760593909963e-03
8.066170796071015642e-03
8.091813051733752482e-03
8.117701144603785279e-03
8.143650301914407211e-03
8.169810332421067675e-03
8.196099517115895336e-03
8.222321013101378806e-03
8.248654815166777191e-03
8.275097890378071974e-03
8.301566970151668876e-03
8.328179131956135045e-03
8.354794820525108384e-03
8.381320440650234446e-03
8.407840690245249604e-03
8.434403459996095073e-03
8.460907399458299921e-03
8.487347086818933239e-03
8.513736407972006051e-03
8.540163438688906303e-03
8.566631031699996693e-03
8.593184948960056607e-03
8.619776419190150474e-03
8.646326781902934078e-03
8.672867757224259760e-03
8.699318848039047994e-03
8.725631179404587726e-03
8.751865106037997125e-03
8.777915678253507895e-03
8.803945435354664298e-03
8.829902311553193550e-03
8.855782551453259335e-03
8.881462886640887136e-03
8.907050695982248953e-03
8.932516037338909462e-03
8.957786806078582922e-03
8.982937808900050974e-03
9.007716470450845628e-03
9.032387044839572388e-03
9.056817070740193210e-03
9.081032135753839760e-03
9.104988879762616547e-03
9.128616624169980445e-03
9.152025988323287189e-03
9.175106311805000803e-03
9.197861577104895006e-03
9.220281595084483736e-03
9.242399406923835006e-03
9.264144890340672914e-03
9.285624934433765743e-03
9.306649564908991284e-03
9.327357091090804700e-03
9.347709120705987793e-03
9.367691531652080905e-03
9.387300002775036609e-03
9.406531794452208106e-03
9.425446812264240762e-03
9.443873615659690093e-03
9.462023129666480639e-03
9.479781917566777391e-03
9.497189568818590819e-03
9.514255142581369562e-03
9.531091390118220930e-03
9.547608879682910679e-03
9.563768721328263014e-03
9.579689509484014612e-03
9.595180806773276685e-03
9.610386986960975028e-03
9.625280541811047363e-03
9.639753195172708761e-03
9.653864842084526957e-03
9.667622710019812757e-03
9.681190546008983794e-03
9.694430565745050174e-03
9.707458416268304954e-03
9.720103972151592636e-03
9.732612198794281244e-03
9.744785825356358511e-03
9.756611763847377813e-03
9.768138342449540074e-03
9.779432386519886639e-03
9.790512157793506906e-03
9.801362269008712103e-03
9.812050933782508894e-03
9.822388863824563568e-03
9.832507661610962943e-03
9.842213236495370859e-03
9.851609252029980973e-03
9.860696754955336485e-03
9.869592341538046057e-03
9.878132245640176140e-03
9.886596488366476698e-03
9.894881999376294729e-03
9.903087837749418101e-03
9.911147703475713805e-03
9.918968696245500719e-03
9.926535659624683219e-03
9.933814162306407042e-03
9.940872230785781014e-03
9.947791603507633723e-03
9.954555969460645790e-03
9.961237022904734922e-03
9.967751948565686457e-03
9.974011111323000806e-03
9.979992016138194977e-03
9.985904407326400348e-03
9.991482498883232782e-03
9.997007022185975741e-03
1.000234542728924321e-02
1.000747165483388545e-02
1.001233040700606064e-02
1.001715829636495164e-02
1.002188502635454302e-02
1.002635230678780055e-02
1.003054972033416009e-02
1.003458706932990052e-02
1.003841294708627228e-02
1.004211165113765881e-02
1.004570384044387553e-02
1.004920442391979592e-02
1.005240615879766583e-02
1.005551801498910311e-02
1.005841830045030652e-02
1.006116252361706140e-02
1.006390763539318292e-02
1.006651566039651162e-02
1.006909898772583196e-02
1.007143190379373478e-02
1.007369716190002068e-02
1.007591467032066708e-02
1.007797683089230872e-02
1.007980298727055059e-02
1.008159197601368913e-02
1.008325775750887332e-02
1.008480024039142345e-02
1.008603009925410944e-02
1.008705030033455428e-02
1.008790177083660616e-02
1.008853233120538852e-02
1.008894993565875343e-02
1.008909075103293224e-02
1.008907110323414499e-02
1.008879284441351748e-02
1.008845378217855873e-02
1.008793861232615621e-02
1.008713724656615587e-02
1.008606667763095079e-02
1.008462621549336205e-02
1.008280428231568722e-02
1.008074587823801563e-02
1.007845514673644249e-02
1.007589993864448433e-02
1.007300071266216748e-02
1.006980648440306339e-02
1.006639286582700597e-02
1.006271218192141166e-02
1.005878261865018192e-02
1.005464583391497795e-02
1.005026863378540546e-02
1.004553476043950309e-02
1.004052606630832269e-02
1.003529102848091728e-02
1.002966430346086471e-02
1.002369813251812077e-02
1.001740603367208375e-02
1.001075420111255387e-02
1.000391567317475069e-02
9.996805709117742925e-03
9.989429121839614109e-03
9.981737202984460045e-03
9.973733386414723387e-03
9.965289760699550664e-03
9.956486272130424600e-03
9.947366345944539529e-03
9.937944526037304632e-03
9.928196151192732188e-03
9.918099137074146837e-03
9.907795541154161903e-03
9.897153291394945179e-03
9.886180963118468279e-03
9.874905831756560989e-03
9.863347354252462174e-03
9.851474679872348345e-03
9.839325548817962758e-03
9.826865256786542283e-03
9.813967100183913078e-03
9.800741080328080959e-03
9.787232276684055751e-03
9.773355590519491876e-03
9.759330130919436838e-03
9.744980850623839036e-03
9.730273509950084984e-03
9.715067480316445445e-03
9.699521373553164974e-03
9.683549937408881050e-03
9.667225292548625726e-03
9.650647761344588113e-03
9.633633192243995849e-03
9.616286785087357902e-03
9.598585077600486556e-03
9.580542025518662755e-03
9.562158074903582758e-03
9.543623433622298868e-03
9.524750861512665256e-03
9.505551297738131997e-03
9.486146117750700671e-03
9.466346626581396625e-03
9.446236895878604156e-03
9.425920659694669509e-03
9.405344026320374209e-03
9.384406782373247435e-03
9.363131515299679894e-03
9.341484378274197281e-03
9.319496234219900449e-03
9.297250938837287385e-03
9.274744709716445032e-03
9.252005101654282859e-03
9.228983921429165238e-03
9.205796964329365090e-03
9.182431947625493279e-03
9.158744008499017375e-03
9.134763519446760516e-03
9.110655952062384280e-03
9.086355161886322876e-03
9.061845590348107868e-03
9.037092380669188921e-03
9.012153229315700287e-03
8.987000410236865508e-03
8.961596765461155023e-03
8.935940199915188425e-03
8.910077400236787043e-03
8.884029940569951669e-03
8.857772701392813489e-03
8.831419344595414778e-03
8.804885824994380245e-03
8.778109097995378390e-03
8.751083358262466347e-03
8.723963388655130158e-03
8.696673405245878771e-03
8.669097248797651492e-03
8.641264002708738678e-03
8.613282726428320157e-03
8.585080847080123201e-03
8.556665379483970046e-03
8.528065866140176546e-03
8.499249803706849724e-03
8.470306940027858000e-03
8.441199385829880122e-03
8.411996663567398655e-03
8.382566325888116121e-03
8.353024325991853863e-03
8.323369095140460347e-03
8.293448589712754462e-03
8.263405329769948904e-03
8.233242518182172509e-03
8.202928367809992488e-03
8.172441925558620104e-03
8.141765471237341276e-03
8.110998165969968143e-03
8.080067231392058097e-03
8.049068275562620833e-03
8.017967414539287421e-03
7.986787141603526180e-03
7.955499877579876380e-03
7.924021800315808259e-03
7.892373228953824052e-03
7.860616639172909870e-03
7.828721941506343665e-03
7.796643296704495844e-03
7.764414710451529068e-03
7.732164108165769448e-03
7.699730310197260355e-03
7.667175395249844171e-03
7.634490260293651936e-03
7.601708052464875749e-03
7.568864214753012916e-03
7.535903129087409211e-03
7.502894647746847015e-03
7.469810378868678956e-03
7.436704660608163368e-03
7.403580305572622644e-03
7.370401169696888868e-03
7.337156534473648559e-03
7.303885876074748748e-03
7.270595615737849952e-03
7.237216190610894564e-03
7.203868477318891433e-03
7.170474057965836590e-03
7.137109719109130737e-03
7.103730740558621311e-03
7.070357627789422214e-03
7.036925291936208145e-03
7.003485785101771187e-03
6.970019231473697889e-03
6.936494944420443405e-03
6.902956862879038209e-03
6.869387062961924972e-03
6.835912808681818102e-03
6.802483455845606715e-03
6.769132857538122730e-03
6.735794804365812481e-03
6.702432087939104270e-03
6.669118019196442100e-03
6.635809061090083838e-03
6.602517383722135251e-03
6.569261586503637174e-03
6.535968449469616547e-03
6.502745357361254183e-03
6.469518659820868572e-03
6.436356000259811118e-03
6.403212893471271934e-03
6.370075429234157982e-03
6.337010648877421971e-03
6.304032739310538348e-03
6.271084679364365665e-03
6.238253969498319326e-03
6.205368492745233673e-03
6.172520142824739799e-03
6.139728241973455708e-03
6.107028149616373566e-03
6.074378599840766536e-03
6.041762973029008929e-03
6.009167292193511728e-03
5.976588719408116972e-03
5.944109114667268240e-03
5.911704815462489465e-03
5.879418159165343202e-03
5.847230207069088574e-03
5.815120948918926953e-03
5.783086337541605559e-03
5.751178738714795083e-03
5.719354216776989866e-03
5.687669501574610202e-03
5.656092400204581865e-03
5.624488250493235066e-03
5.593052857542179894e-03
5.561675344943092618e-03
5.530363574660340092e-03
5.499050650279084171e-03
5.467788251068744255e-03
5.436549568985278753e-03
5.405406423678257161e-03
5.374427777111557593e-03
5.343528309920721198e-03
5.312731343600976888e-03
5.281958707665727025e-03
5.251387947207618485e-03
5.220824992901255783e-03
5.190346345557777033e-03
5.160007120635711798e-03
5.129798229715510152e-03
5.099735526250711616e-03
5.069690715439301512e-03
5.039737076931507034e-03
5.009988000139644314e-03
4.980378517035075059e-03
4.950845104058099536e-03
4.921325948917131335e-03
4.891901358985285657e-03
4.862649269740080236e-03
4.833443930241035878e-03
4.804340519285804287e-03
4.775331946180424655e-03
4.746440591286534699e-03
4.717709078913607905e-03
4.689093650012553412e-03
4.660559195133811769e-03
4.632074712346064861e-03
4.603701320402879549e-03
4.575413337728660539e-03
