3.042280035080770391e-03
3.065379453902402230e-03
3.088440399655666656e-03
3.111532880060092696e-03
3.134573047362928123e-03
3.157607761803118192e-03
3.180518267484180872e-03
3.203442108798445868e-03
3.226363642125034889e-03
3.249188843915028213e-03
3.271806209300210776e-03
3.294111979630064309e-03
3.316133888422668520e-03
3.337742652788655909e-03
3.358978206890037097e-03
3.379573693095459797e-03
3.399702103920520298e-03
3.419205916581111605e-03
3.437913707409598688e-03
3.455675471496503365e-03
3.472434311281306658e-03
3.488162963521460914e-03
3.502778864895684813e-03
3.516237654200427953e-03
3.528643663064647169e-03
3.540060087158338961e-03
3.550595920317218841e-03
3.559988334248816166e-03
3.568384017637683814e-03
3.575513182031108718e-03
3.581501536251864050e-03
3.586557465977248307e-03
3.590575315614041342e-03
3.593595521720182456e-03
3.595637813877923875e-03
3.596823149534866555e-03
3.597003280135734147e-03
3.596199979616133014e-03
3.594525702276495094e-03
3.591974131352805751e-03
3.588580794596714016e-03
3.584278914749415308e-03
3.579230954629469309e-03
3.573461105081242751e-03
3.567220288958924783e-03
3.560764946082874919e-03
3.554421959883218365e-03
3.548291967113939571e-03
3.542644037362321745e-03
3.537508482576867761e-03
3.533141991950254635e-03
3.530021503320437352e-03
3.528332217231890371e-03
3.528170809129066443e-03
3.529406410006492856e-03
3.531716591889779659e-03
3.535151116134729269e-03
3.539674770346087733e-03
3.545215661543017413e-03
3.551804536081778780e-03
3.559441906804291806e-03
3.568026004218473411e-03
3.577745436842749271e-03
3.588538479990827524e-03
3.600208088701842019e-03
3.612664762280530604e-03
3.625828180452437058e-03
3.639849658323457936e-03
3.654690101673058363e-03
3.670408403088342656e-03
3.687066334900855440e-03
3.704499211725396316e-03
3.722612876864397641e-03
3.741407418731306986e-03
3.760873414883630569e-03
3.780968300011678697e-03
3.801714993314736328e-03
3.823233289646810976e-03
3.845536775399815629e-03
3.868375957887028663e-03
3.891771283256917086e-03
3.915797837504701381e-03
3.940312502539576427e-03
3.965343855692016889e-03
3.991278490209962046e-03
4.017786764207654376e-03
4.044826078360729861e-03
4.072532309258030010e-03
4.100885544889928611e-03
4.129903883012779088e-03
4.159435896305199720e-03
4.189478797760097517e-03
4.220026009038135677e-03
4.251168809398519176e-03
4.282788149427494730e-03
4.314921477099837276e-03
4.347488637876838202e-03
4.380345510962290606e-03
4.413583650711487734e-03
4.447373649642516989e-03
4.481672919817282150e-03
4.516344314806915172e-03
4.551444738898001788e-03
4.586819479909666486e-03
4.622541933796443792e-03
4.658556899023324864e-03
4.694902372947384710e-03
4.731551446528931525e-03
4.768476840753482250e-03
4.805665276926040022e-03
4.843133571103093969e-03
4.880848918313024712e-03
4.918964372610521059e-03
4.957293600767917821e-03
4.995733527351977656e-03
5.034319660553852709e-03
5.073138901966024045e-03
5.112071796565522026e-03
5.151255148932357315e-03
5.190595225150232764e-03
5.230280855176131644e-03
5.270216790617115489e-03
5.310291421211637587e-03
5.350441312555547467e-03
5.390674593909122216e-03
5.430994057934839837e-03
5.471398337539256675e-03
5.511773216357446908e-03
5.552120745400195359e-03
5.592587691621499213e-03
5.632945406288708719e-03
5.673293387927046648e-03
5.713720509181957272e-03
5.754111903374047564e-03
5.794645858875968787e-03
5.835141820919187081e-03
5.875506935768603188e-03
5.915855993248013596e-03
5.956243159503836308e-03
5.996601457719015309e-03
6.036929713989186257e-03
6.077243654679562700e-03
6.117756921407355164e-03
6.158162172736092801e-03
6.198550280160679965e-03
6.239018460148333320e-03
6.279433311824002446e-03
6.319779265882970350e-03
6.359932924386467977e-03
6.399948271945772246e-03
6.439815693718593630e-03
6.479739648828613217e-03
6.519678267736458976e-03
6.559508570850919838e-03
6.599253712461003625e-03
6.638787434402817697e-03
6.678178289328250486e-03
6.717413822855973667e-03
6.756400616000562270e-03
6.795238810148124253e-03
6.834074383985208091e-03
6.872935488320500511e-03
6.911504953535417897e-03
6.949917132037406950e-03
6.988110400243926178e-03
7.026056786602803000e-03
7.063551276252609708e-03
7.100995050763044512e-03
7.138180259330023647e-03
7.175272130914672232e-03
7.212043721443922410e-03
7.248728980119637649e-03
7.285185229037697240e-03
7.321402786259873473e-03
7.357486178924008309e-03
7.393062152126383263e-03
7.428348326899212976e-03
7.463466707787532774e-03
7.498428447884859967e-03
7.533133544197317434e-03
7.567636082968407299e-03
7.601946105294537896e-03
7.636118554923956511e-03
7.670088684442126492e-03
7.703927575213383172e-03
7.737591954613594163e-03
7.771020026831753844e-03
7.804096293267733832e-03
7.837183470645136749e-03
7.870022529539675085e-03
7.902765399819650441e-03
7.935338582704083016e-03
7.967733795194050644e-03
7.999878988346351139e-03
8.031788290824789373e-03
8.063659819457433264e-03
8.095331907984077563e-03
8.126990465011741521e-03
8.158488761925002455e-03
8.189708433254902845e-03
8.220713224767530261e-03
8.251573901523681989e-03
8.282344253874876494e-03
8.312989704517456321e-03
8.343641555944966010e-03
8.373998293772458301e-03
8.404174519191905113e-03
8.434154475872783149e-03
8.463979116221089991e-03
8.493603232454960406e-03
8.523101667923358923e-03
8.552379674789905087e-03
8.581405144875934449e-03
8.610334624176090024e-03
8.639138335464096805e-03
8.667713731330326660e-03
8.696174150401858594e-03
8.724511592339254801e-03
8.752690813519094573e-03
8.780734311066318645e-03
8.808869435582893093e-03
8.836838959228090692e-03
8.864682322827593247e-03
8.892311591171068660e-03
8.919755786902584457e-03
8.947067624505134625e-03
8.974120042283324772e-03
9.001013410158508268e-03
9.027840895835784543e-03
9.054572940178124904e-03
9.081146991927533177e-03
9.107437092024136052e-03
9.133566760683836314e-03
9.159531725344977060e-03
9.185237324951153401e-03
9.210631176298694767e-03
9.235785883780291833e-03
9.260694965939408191e-03
9.285471150484180675e-03
9.310010955658372389e-03
9.334268696870691093e-03
9.358417321036753556e-03
9.382326587585247679e-03
9.406107023126176678e-03
9.429760952407474639e-03
9.453253067427665884e-03
9.476694873837386915e-03
9.500050682363325033e-03
9.523318459537371064e-03
9.546460081634774997e-03
9.569334816025704127e-03
9.592025540028893682e-03
9.614485288739583330e-03
9.636846710495881874e-03
9.658990807853189836e-03
9.681116174792168613e-03
9.703004548339401111e-03
9.724785063520624204e-03
9.746260008046301118e-03
9.767532518145065693e-03
9.788638034582694894e-03
9.809625032416694965e-03
9.830593139944174622e-03
9.851434177540262932e-03
9.872197415255979866e-03
9.892755631562649005e-03
9.913046446730676767e-03
9.933106152249609327e-03
9.952899432595760723e-03
9.972606347622767556e-03
9.992181211201951047e-03
1.001184126987465957e-02
1.003137049849816761e-02
1.005053049697213381e-02
1.006939640429043055e-02
1.008796042551942523e-02
1.010652103572715066e-02
1.012494809191142632e-02
1.014308027161009082e-02
1.016105755649460672e-02
1.017874736131460858e-02
1.019604911650814037e-02
1.021307535074669932e-02
1.022994240036876126e-02
1.024665686076218531e-02
1.026321100095959477e-02
1.027957980362041550e-02
1.029576230008137465e-02
1.031181976782089005e-02
1.032773366420140608e-02
1.034333753035264133e-02
1.035885495146026541e-02
1.037420912321144334e-02
1.038939941385015782e-02
1.040430635856632799e-02
1.041906061291579359e-02
1.043350437505135078e-02
1.044766963798495103e-02
1.046162763135635894e-02
1.047547420198618670e-02
1.048899714222697663e-02
1.050231369767147538e-02
1.051531112573183754e-02
1.052815293283748677e-02
1.054081789492927919e-02
1.055323480652637508e-02
1.056533757088310224e-02
1.057734717829643227e-02
1.058923803424699148e-02
1.060109913089829665e-02
1.061289272640140655e-02
1.062460761397782290e-02
1.063618785362542736e-02
1.064760896740665937e-02
1.065887714747487496e-02
1.067012022773271458e-02
1.068122525079748253e-02
1.069201944496071290e-02
1.070260011195966164e-02
1.071297757666207599e-02
1.072331199641081770e-02
1.073342628899526426e-02
1.074349599199191270e-02
1.075364391237916724e-02
1.076368604520504604e-02
1.077365190378697622e-02
1.078357247085438321e-02
1.079321188134736015e-02
1.080276573386870255e-02
1.081212490516770403e-02
1.082143263266106305e-02
1.083072174130642398e-02
1.083998330668527708e-02
1.084916933993858301e-02
1.085820662852749613e-02
1.086723961957222415e-02
1.087617475706777539e-02
1.088485740695172010e-02
1.089344585348116581e-02
1.090186767565166047e-02
1.091020107767621400e-02
1.091854111495085475e-02
1.092669154262141361e-02
1.093450526245457084e-02
1.094212307434081280e-02
1.094949611530708980e-02
1.095666222899928724e-02
1.096357827997755836e-02
1.097038933437978134e-02
1.097703095594745708e-02
1.098335600153361839e-02
1.098939835233530248e-02
1.099516819491038432e-02
1.100080814364970579e-02
1.100620818350860584e-02
1.101137506712760936e-02
1.101636121976888594e-02
1.102123681604075256e-02
1.102599112740170438e-02
1.103067123817848966e-02
1.103521614224139621e-02
1.103964205456999491e-02
1.104399147923246054e-02
1.104835206186140575e-02
1.105275626343823515e-02
1.105709153827038292e-02
1.106135916107083700e-02
1.106552761113472824e-02
1.106959643520759144e-02
1.107385994313831411e-02
1.107801096149107871e-02
1.108213875355847609e-02
1.108607969299494483e-02
1.108992953295033328e-02
1.109376037267607168e-02
1.109761276743829322e-02
1.110143679324767513e-02
1.110521936925163572e-02
1.110902865657640952e-02
1.111279802478359544e-02
1.111649850588870836e-02
1.111999379685661010e-02
1.112350252617434580e-02
1.112697577508369937e-02
1.113038766920605889e-02
1.113366808658859154e-02
1.113676767838922381e-02
1.113983860633335071e-02
1.114291519581287783e-02
1.114596593342552337e-02
1.114892392976563236e-02
1.115171746630454902e-02
1.115455193202394626e-02
1.115719898951193258e-02
1.115964513831924250e-02
1.116203070037389937e-02
1.116430353708140581e-02
1.116641578869572229e-02
1.116853210274390898e-02
1.117050834035174418e-02
1.117253722622513906e-02
1.117448297636160909e-02
1.117636356731105569e-02
1.117810590760382090e-02
1.117986505929973590e-02
1.118146975030099785e-02
1.118307847732603021e-02
1.118484602400299580e-02
1.118652250735491759e-02
1.118804637838994795e-02
1.118953617363874220e-02
1.119077188728071978e-02
1.119204928905046838e-02
1.119321584575159491e-02
1.119436795104758117e-02
1.119519309210456441e-02
1.119605783939354136e-02
1.119674822298293015e-02
1.119723750958925498e-02
1.119770151222827109e-02
1.119802963120921160e-02
1.119809773567177237e-02
1.119799544618617707e-02
1.119783480448422429e-02
1.119759392762686122e-02
1.119720402418686658e-02
1.119657346030410693e-02
1.119587612846922008e-02
1.119524947970576556e-02
1.119450139440665744e-02
1.119356690967618188e-02
1.119255311507731145e-02
1.119147990175514175e-02
1.119061329554632556e-02
1.118990680425125187e-02
1.118926249651800570e-02
1.118864466223620097e-02
1.118787224363740167e-02
1.118712623541601690e-02
1.118631840999748453e-02
1.118537955874633442e-02
1.118436004081461640e-02
1.118324722897484115e-02
1.118203672652139796e-02
1.118074410325316237e-02
1.117937990745307766e-02
1.117793759876348561e-02
1.117649724941801280e-02
1.117514136533302900e-02
1.117375302710252316e-02
1.117222339425880465e-02
1.117054421177789657e-02
1.116871351010303992e-02
1.116677782972425557e-02
1.116485992090136305e-02
1.116294747015724766e-02
1.116109732010459217e-02
1.115911357445042128e-02
1.115700083109206868e-02
1.115474649975422422e-02
1.115236609932356709e-02
1.114983255930737313e-02
1.114733565128437145e-02
1.114482783945781180e-02
1.114227383279237787e-02
1.113972016012415057e-02
1.113715202229666190e-02
1.113448013520769268e-02
1.113166319434857020e-02
1.112883288719087801e-02
1.112591382280153640e-02
1.112295674907174195e-02
1.111975504325346878e-02
1.111631817671790944e-02
1.111269650368923792e-02
1.110880421934921057e-02
1.110464003888201288e-02
1.110048905267023607e-02
1.109610644181235548e-02
1.109148327869155341e-02
1.108676295744186018e-02
1.108197886930074524e-02
1.107714504206161292e-02
1.107212271281611191e-02
1.106709682797324228e-02
1.106215637089086323e-02
1.105709506834987900e-02
1.105185693189990846e-02
1.104640950261168673e-02
1.104091869550503577e-02
1.103519051325436810e-02
1.102941566246449200e-02
1.102348591357292865e-02
1.101742559070309664e-02
1.101126581596497539e-02
1.100505359390593733e-02
1.099887362991387903e-02
1.099246756220889458e-02
1.098595745517741591e-02
1.097942908687069181e-02
