6.948299192830833561e-03
6.963204376378077758e-03
6.978260750204062952e-03
6.993454961728977348e-03
7.008698249901606191e-03
7.023994185555211371e-03
7.039322575785053951e-03
7.054819203433520397e-03
7.070441165044598873e-03
7.086178885370485528e-03
7.101982759230135965e-03
7.117873061222468323e-03
7.133854263834464929e-03
7.149960833172967593e-03
7.166179212314932948e-03
7.182476319859114160e-03
7.198875392087938918e-03
7.215410213533049108e-03
7.232049933755665613e-03
7.248738632980971687e-03
7.265484935226109234e-03
7.282238675090567555e-03
7.299066168203161356e-03
7.315961561682352704e-03
7.333005145388533756e-03
7.350164982716752768e-03
7.367356171426435799e-03
7.384678587504030223e-03
7.402069807541910781e-03
7.419591323978920634e-03
7.437171679194971331e-03
7.454850530649571871e-03
7.472684608592791017e-03
7.490602912805733628e-03
7.508417706611147935e-03
7.526262772098411824e-03
7.544099822502735482e-03
7.562004017764145831e-03
7.579885491912238121e-03
7.597857570942747468e-03
7.615874274395871384e-03
7.633938627327386921e-03
7.651995891187050348e-03
7.670129704865579455e-03
7.688224987774536223e-03
7.706495224053577613e-03
7.724738930201159245e-03
7.742972667072010352e-03
7.761311857119928756e-03
7.779598557901988044e-03
7.797857505942043521e-03
7.816193570271435034e-03
7.834500161323323941e-03
7.852766477359426900e-03
7.871014508125365530e-03
7.889234914402699569e-03
7.907410355254267109e-03
7.925608706042641671e-03
7.943797250080439701e-03
7.961986624855373063e-03
7.980182908500745714e-03
7.998310204751141184e-03
8.016412833023192630e-03
8.034510188895054028e-03
8.052661063724339194e-03
8.070803332642848688e-03
8.088993489009078941e-03
8.107115467593377020e-03
8.125263360046168851e-03
8.143434585995311045e-03
8.161548343860128979e-03
8.179632047534994219e-03
8.197631600167759602e-03
8.215645251190012086e-03
8.233666227097927864e-03
8.251722414060152014e-03
8.269754388936364706e-03
8.287687736734007313e-03
8.305584099053856667e-03
8.323424319795956483e-03
8.341200788252787698e-03
8.358900785998308811e-03
8.376555222101428333e-03
8.394239499644745237e-03
8.411882063363148795e-03
8.429467873982979254e-03
8.447085473123585458e-03
8.464621298544319772e-03
8.482037052271690011e-03
8.499481854854815110e-03
8.516846894386465722e-03
8.534249987886819919e-03
8.551585896221878397e-03
8.568824085814196953e-03
8.586043419354842318e-03
8.603209133921966081e-03
8.620296154575183764e-03
8.637384590542368165e-03
8.654279550762181486e-03
8.671216274383853131e-03
8.688082335340950937e-03
8.704809478037299833e-03
8.721485623733794823e-03
8.738095925860200550e-03
8.754657828171950179e-03
8.771121314646020822e-03
8.787526712246212027e-03
8.803851634826904277e-03
8.820042042872761057e-03
8.836186694632824565e-03
8.852246349309462678e-03
8.868242551964668555e-03
8.884179684122507636e-03
8.900032099629985247e-03
8.915771943573479186e-03
8.931399878775175480e-03
8.946890678761681287e-03
8.962317691759053712e-03
8.977661063279088194e-03
8.992894173736271438e-03
9.008070562565461195e-03
9.023147324586233350e-03
9.038144943482878321e-03
9.053109458776426727e-03
9.067954233895478972e-03
9.082713196282609161e-03
9.097412088658076573e-03
9.111948751047189640e-03
9.126407322205589909e-03
9.140785554142208044e-03
9.155143701812260351e-03
9.169444838583630172e-03
9.183668077905474472e-03
9.197791151539074991e-03
9.211809761378962971e-03
9.225733064502202041e-03
9.239601375155025165e-03
9.253409770562470368e-03
9.267217484825821319e-03
9.280930999016124769e-03
9.294639903412867457e-03
9.308312417039592973e-03
9.321995818625370203e-03
9.335592005529476378e-03
9.349166988159190658e-03
9.362750214572442692e-03
9.376364704853075091e-03
9.390085026388857517e-03
9.403893493359544165e-03
9.417699025590713438e-03
9.431484947338458075e-03
9.445288900651745492e-03
9.459045775483700819e-03
9.472842509531771357e-03
9.486672106195881762e-03
9.500420357657354126e-03
9.514180046304197141e-03
9.527881813992111759e-03
9.541581105635016727e-03
9.555405418690234715e-03
9.569308303872519489e-03
9.583206115824596805e-03
9.597148130579715233e-03
9.611071829456294124e-03
9.625081797819337245e-03
9.639122296095441536e-03
9.653177571749610095e-03
9.667165640467738005e-03
9.681280199800131742e-03
9.695439909932950309e-03
9.709598622491441913e-03
9.723846972319738144e-03
9.738123411582151612e-03
9.752455530063427330e-03
9.766828954329813059e-03
9.781275752904043663e-03
9.795785035671541671e-03
9.810327150446707806e-03
9.825007239149620430e-03
9.839735761939947395e-03
9.854537804320117472e-03
9.869454940652945887e-03
9.884510293624994975e-03
9.899591931430407749e-03
9.914724299382386696e-03
9.929944264189607267e-03
9.945211618950696927e-03
9.960550667145684489e-03
9.975958060822003731e-03
9.991495929374450205e-03
1.000719266357873692e-02
1.002300321825488547e-02
1.003891039580776315e-02
1.005484077881914524e-02
1.007085170711995332e-02
1.008699895132307046e-02
1.010321573214748025e-02
1.011955312850276907e-02
1.013600573822648690e-02
1.015250546630864018e-02
1.016907536947690358e-02
1.018560834946188008e-02
1.020230610079045884e-02
1.021908051230049040e-02
1.023591875865218284e-02
1.025292795449687239e-02
1.026998950143863387e-02
1.028715056267070875e-02
1.030435904360281658e-02
1.032170531826125982e-02
1.033909484039659266e-02
1.035656230869618985e-02
1.037407702468538112e-02
1.039170522143659237e-02
1.040945638927016741e-02
1.042739342925680553e-02
1.044539796501907196e-02
1.046366879535923222e-02
1.048201262063583848e-02
1.050054265346431204e-02
1.051914084984828870e-02
1.053798459048813085e-02
1.055693386837029506e-02
1.057596012717518241e-02
1.059513505085240594e-02
1.061449966583177980e-02
1.063398691002815852e-02
1.065371947947964075e-02
1.067357648662881249e-02
1.069362267249764596e-02
1.071379531492354029e-02
1.073401869266924456e-02
1.075442627764491323e-02
1.077499144099629963e-02
1.079571223973831325e-02
1.081661977973877309e-02
1.083768646690189130e-02
1.085881061934715862e-02
1.088011715588417007e-02
1.090156161073653311e-02
1.092317197418447329e-02
1.094489582529209644e-02
1.096671768355093890e-02
1.098870593841493049e-02
1.101087964726124406e-02
1.103321273563519743e-02
1.105581757549968687e-02
1.107854004679414625e-02
1.110141971709292796e-02
1.112444513412202962e-02
1.114759235825307608e-02
1.117084884996813292e-02
1.119424828710063359e-02
1.121771628742191523e-02
1.124132067175991415e-02
1.126505778478501148e-02
1.128894643383414678e-02
1.131296255727655235e-02
1.133721383450962336e-02
1.136159648676367609e-02
1.138608889030026834e-02
1.141073789360682114e-02
1.143552800453506886e-02
1.146040388659371780e-02
1.148542117373572632e-02
1.151054420936094627e-02
1.153580282326977131e-02
1.156126084211288665e-02
1.158683651609668588e-02
1.161259593732263083e-02
1.163842392087514714e-02
1.166444731690912187e-02
1.169060471855982476e-02
1.171692239858971273e-02
1.174335479190755267e-02
1.176989704083506415e-02
1.179662223989368618e-02
1.182357840155126051e-02
1.185068521503885620e-02
1.187799669120340358e-02
1.190551356809470794e-02
1.193324846498491909e-02
1.196117354937782130e-02
1.198925849699689246e-02
1.201748607187876072e-02
1.204592665905711464e-02
1.207452013420120575e-02
1.210323734305038604e-02
1.213217229426758782e-02
1.216126568477491482e-02
1.219049503250613752e-02
1.221984987413950695e-02
1.224949052124920182e-02
1.227921641138707103e-02
1.230918309242966073e-02
1.233924406192158860e-02
1.236959479571657534e-02
1.240000993341031608e-02
1.243065606215586205e-02
1.246145570827877740e-02
1.249253265635440896e-02
1.252379083963000260e-02
1.255541175929660025e-02
1.258718200299333359e-02
1.261915577082172932e-02
1.265132031159185363e-02
1.268369455852297149e-02
1.271627978121594657e-02
1.274915404611302004e-02
1.278219094278524280e-02
1.281543850094460889e-02
1.284886563627849615e-02
1.288249021114418365e-02
1.291635857136199349e-02
1.295039203056233545e-02
1.298459025808855125e-02
1.301906457056128778e-02
1.305373300522163355e-02
1.308872538209895214e-02
1.312391688972850724e-02
1.315925691091294689e-02
1.319486608101392601e-02
1.323069353796710139e-02
1.326669865842476995e-02
1.330302084283734726e-02
1.333962593657052678e-02
1.337635339568515012e-02
1.341333476376380812e-02
1.345057746872598339e-02
1.348804495425777808e-02
1.352570378135729140e-02
1.356357778446355689e-02
1.360160399094263207e-02
1.363997432435244336e-02
1.367860586229689007e-02
1.371739599343553898e-02
1.375636727700220961e-02
1.379558124488174629e-02
1.383501578144620200e-02
1.387462708503467597e-02
1.391447148022850744e-02
1.395451756477597560e-02
1.399481062333525830e-02
1.403519330838674979e-02
1.407578528358401082e-02
1.411645403083417599e-02
1.415725963868637478e-02
1.419826921082727351e-02
1.423941097148213701e-02
1.428077300551577715e-02
1.432228994227903798e-02
1.436403969193900988e-02
1.440603034631512090e-02
1.444833664200340616e-02
1.449090986168121917e-02
1.453372799900543889e-02
1.457666606252546772e-02
1.461963022658196130e-02
1.466283565683518079e-02
1.470632446501889644e-02
1.475006165800180416e-02
1.479391876575626881e-02
1.483799547199641904e-02
1.488229351105307789e-02
1.492684449684995862e-02
1.497152624571589444e-02
1.501640461393853945e-02
1.506141383166656467e-02
1.510651576754812146e-02
1.515179654923650386e-02
1.519742502308453480e-02
1.524319861683787539e-02
1.528910071640046664e-02
1.533516266216062608e-02
1.538138315908236207e-02
1.542769776101874171e-02
1.547414383863885724e-02
1.552081195845688051e-02
1.556762268721578572e-02
1.561469160795556262e-02
1.566186580641313816e-02
1.570929387374208480e-02
1.575685979299639231e-02
1.580458452229013822e-02
1.585264482110303186e-02
1.590094627294788565e-02
1.594929196725733411e-02
1.599776475443314208e-02
1.604637920492351516e-02
1.609520399788418044e-02
1.614426280264138688e-02
1.619342632037033478e-02
1.624277536321374477e-02
1.629224181158870147e-02
1.634178606731247901e-02
1.639146848104535217e-02
1.644121285862913673e-02
1.649098189449143062e-02
1.654093613602022200e-02
1.659110030702180480e-02
1.664134077866422437e-02
1.669165859637433691e-02
1.674208003205239145e-02
1.679252011857668148e-02
1.684316711253571255e-02
1.689392167078741097e-02
1.694486820389839304e-02
1.699594145352206417e-02
1.704706517290556847e-02
1.709815389614003853e-02
1.714938715556519125e-02
1.720070484150781204e-02
1.725222448969281064e-02
1.730377726389830881e-02
1.735545661536994771e-02
1.740723958394731902e-02
1.745924913597064754e-02
1.751133303918316064e-02
1.756357280885797317e-02
1.761584203413502775e-02
1.766829648275384038e-02
1.772102464654126686e-02
1.777372655093045414e-02
1.782647845172743648e-02
1.787931364696315750e-02
1.793227786080616934e-02
1.798538473726249420e-02
1.803850799307882280e-02
1.809165898525521080e-02
1.814487433821996426e-02
1.819828511271935623e-02
1.825164763247053706e-02
1.830523196895231242e-02
1.835896344850980119e-02
1.841295606276310143e-02
1.846717364554729957e-02
1.852171119706420496e-02
1.857640510175966736e-02
1.863136738757569313e-02
1.868651895471410210e-02
1.874200196570772678e-02
1.879778172057588320e-02
1.885392863496063165e-02
1.891025421042420371e-02
1.896677287256391328e-02
1.902347659724364440e-02
1.908057038641907885e-02
1.913797880208820482e-02
1.919615002068466442e-02
1.925462467431864749e-02
1.931363213481586405e-02
1.937300564775496642e-02
1.943296484244556172e-02
1.949331521431092382e-02
1.955424809414117726e-02
1.961568086950388548e-02
1.967776554675739961e-02
1.974039079505464020e-02
1.980373074457287760e-02
1.986765864948436197e-02
1.993229128332238420e-02
1.999773599267215540e-02
2.006398073292297787e-02
2.013105827227913702e-02
2.019952771537035507e-02
2.026933693225583394e-02
2.034088036744648165e-02
2.041405556695478213e-02
2.048871997206344608e-02
2.056527141834633629e-02
2.064392797882813602e-02
2.072410026685078677e-02
2.080621705184552625e-02
2.089045740745756885e-02
2.097726123249536723e-02
2.106645202139939554e-02
2.115799837601341910e-02
2.125156613221687585e-02
2.134763693605367871e-02
2.144574349853171219e-02
2.154614714360138586e-02
2.164891049858245001e-02
2.175406467149823900e-02
2.186183509604071318e-02
2.197251799962198632e-02
2.208530180508636726e-02
2.220066337882928287e-02
2.231873395576297256e-02
2.243845771080517359e-02
2.256030343836267632e-02
2.268457172991194745e-02
2.281098357331126647e-02
2.293859312065934034e-02
2.306756273774023674e-02
2.319881580590875750e-02
2.333215162519462760e-02
2.346718860013743968e-02
2.360402739779922029e-02
2.374267217057234036e-02
2.388280286005448755e-02
