1.217132712745141489e-02
1.217002167879127107e-02
1.216844685962684136e-02
1.216682702244191103e-02
1.216512872327684715e-02
1.216332599308182078e-02
1.216135912418788573e-02
1.215924062162468747e-02
1.215707663221554137e-02
1.215472818122490840e-02
1.215227592301160002e-02
1.214968027426591851e-02
1.214709298268410072e-02
1.214465671885507289e-02
1.214232915247534690e-02
1.214008313628825268e-02
1.213776520507978129e-02
1.213544964860691772e-02
1.213314178712238990e-02
1.213089236672367302e-02
1.212881370160589535e-02
1.212678526138102723e-02
1.212468901627897569e-02
1.212256116609079781e-02
1.212037957643549539e-02
1.211836411825669389e-02
1.211625335271445530e-02
1.211405665049781685e-02
1.211184335078259976e-02
1.210965531784901836e-02
1.210752998638513732e-02
1.210548375062406659e-02
1.210349530627528869e-02
1.210145228633345560e-02
1.209938217905838845e-02
1.209731145940028813e-02
1.209530125271314656e-02
1.209335340261261625e-02
1.209157942402727323e-02
1.208975946799979370e-02
1.208792977419834158e-02
1.208604033565300814e-02
1.208418567813593358e-02
1.208230985816151348e-02
1.208055660187647498e-02
1.207879189073079312e-02
1.207704645854969575e-02
1.207523247007738672e-02
1.207339647849520886e-02
1.207149215134699360e-02
1.206959276572676550e-02
1.206760522303170977e-02
1.206559784589474743e-02
1.206351370791347750e-02
1.206148999000028477e-02
1.205941923068062915e-02
1.205736036357648276e-02
1.205529551835512157e-02
1.205309917395468687e-02
1.205086569987216978e-02
1.204852052246869164e-02
1.204613321544057043e-02
1.204371014619180953e-02
1.204131093724834442e-02
1.203879646837708109e-02
1.203625939629937407e-02
1.203371024426042740e-02
1.203104918240177276e-02
1.202847584543632366e-02
1.202590891122539384e-02
1.202327546889768624e-02
1.202059949472543583e-02
1.201792911283244836e-02
1.201528540678406184e-02
1.201262503339826926e-02
1.200992681340467584e-02
1.200720041732505211e-02
1.200450571772557380e-02
1.200182837738519512e-02
1.199916061315483944e-02
1.199642954046055247e-02
1.199364499795460559e-02
1.199087441243610122e-02
1.198803382642845729e-02
1.198518848362082993e-02
1.198233116043695597e-02
1.197951727182910465e-02
1.197680621873583109e-02
1.197413149562698113e-02
1.197146670213332029e-02
1.196869294584593062e-02
1.196598288989588268e-02
1.196331343573839995e-02
1.196058236519963180e-02
1.195779998726616278e-02
1.195503864159667279e-02
1.195217375771331567e-02
1.194935459411864374e-02
1.194656777969535857e-02
1.194387790069923426e-02
1.194118639083720929e-02
1.193852964648370492e-02
1.193592567269139738e-02
1.193332323966428410e-02
1.193075219315363998e-02
1.192818162775490312e-02
1.192568012174557990e-02
1.192310107351620546e-02
1.192054637920604565e-02
1.191796705593240954e-02
1.191540754532993338e-02
1.191281049420339806e-02
1.191012054666175900e-02
1.190749320876469813e-02
1.190479066048836035e-02
1.190209560436598923e-02
1.189945749878783786e-02
1.189675267428312068e-02
1.189393801572377792e-02
1.189115222689657476e-02
1.188830397155127457e-02
1.188551870479084491e-02
1.188274341549813186e-02
1.188010378984777175e-02
1.187752454029289591e-02
1.187505629135968827e-02
1.187256118896709220e-02
1.187012963990542042e-02
1.186771226726305445e-02
1.186536328364360370e-02
1.186297102754317948e-02
1.186059260987663670e-02
1.185821723666554903e-02
1.185583652250874788e-02
1.185362624871151745e-02
1.185146366491650685e-02
1.184923964235499831e-02
1.184693820086914207e-02
1.184464289269788854e-02
1.184240583398678270e-02
1.184012212250934448e-02
1.183786918882972529e-02
1.183569459017015831e-02
1.183341664125800441e-02
1.183117637168535491e-02
1.182894606837172138e-02
1.182679075341887959e-02
1.182467812033472475e-02
1.182265360660380606e-02
1.182070171404238888e-02
1.181885452884850508e-02
1.181708303428359932e-02
1.181543397925016378e-02
1.181385688579732543e-02
1.181241257578195293e-02
1.181109016167608723e-02
1.180990469202213879e-02
1.180879721121184077e-02
1.180776289476190635e-02
1.180669754142073258e-02
1.180573871729199975e-02
1.180477913830040894e-02
1.180392950200162029e-02
1.180321223614280192e-02
1.180256754187654009e-02
1.180202450060696857e-02
1.180154838648712554e-02
1.180112947079622020e-02
1.180083484493454730e-02
1.180059145835316708e-02
1.180046684735155775e-02
1.180038340116415160e-02
1.180042020450061332e-02
1.180051957868230410e-02
1.180074479423601913e-02
1.180100776155468614e-02
1.180130004091805261e-02
1.180168367118918614e-02
1.180205093072237039e-02
1.180249232201297654e-02
1.180299605307714474e-02
1.180360938195102599e-02
1.180430641998566482e-02
1.180506347543737802e-02
1.180584621476371034e-02
1.180671100996750177e-02
1.180757337029669611e-02
1.180849056100132834e-02
1.180949714022896078e-02
1.181070873434567417e-02
1.181209069036105556e-02
1.181360587341977707e-02
1.181522136486225401e-02
1.181700697419861383e-02
1.181888049983829611e-02
1.182092418217121042e-02
1.182296282102007420e-02
1.182519546134772753e-02
1.182749483569058013e-02
1.182988556051009499e-02
1.183238397507364349e-02
1.183492365705411317e-02
1.183745557830291097e-02
1.184004791358433083e-02
1.184275119559943801e-02
1.184553511947134680e-02
1.184840371171010098e-02
1.185136144113830593e-02
1.185442037780180986e-02
1.185745298609042556e-02
1.186061224708852800e-02
1.186392077305574097e-02
1.186729801439148982e-02
1.187081676815564778e-02
1.187443960677336818e-02
1.187812532016453877e-02
1.188191589224069783e-02
1.188578934317158220e-02
1.188971934932444609e-02
1.189373097680207839e-02
1.189779753855117923e-02
1.190202085354342444e-02
1.190629356743358631e-02
1.191065875827479643e-02
1.191502105296027812e-02
1.191949071535521043e-02
1.192405369492261120e-02
1.192866032030692747e-02
1.193339718992698223e-02
1.193814532127314941e-02
1.194304170233883959e-02
1.194800972079502338e-02
1.195306912076734771e-02
1.195817170613766578e-02
1.196329314281753889e-02
1.196846128313400030e-02
1.197368260140480901e-02
1.197892641639940539e-02
1.198422180305536676e-02
1.198959512078706484e-02
1.199500368988132802e-02
1.200056453218743303e-02
1.200616421996898026e-02
1.201191738417323879e-02
1.201775781069626230e-02
1.202362353180712329e-02
1.202956240132750307e-02
1.203560726721595621e-02
1.204167357448595113e-02
1.204789561888729328e-02
1.205416822099372731e-02
1.206050855468968931e-02
1.206691547496332832e-02
1.207331502594760110e-02
1.207979056372920044e-02
1.208641625757158819e-02
1.209307730624146864e-02
1.209979685268731953e-02
1.210665250465697666e-02
1.211350954779878870e-02
1.212039979240431796e-02
1.212747851303047283e-02
1.213462337705953874e-02
1.214178393370018288e-02
1.214895925909683684e-02
1.215610577037374955e-02
1.216342687612701964e-02
1.217076294980628214e-02
1.217819619515761800e-02
1.218564930836141084e-02
1.219315896600958564e-02
1.220070209628580649e-02
1.220834325268194999e-02
1.221606154649162133e-02
1.222384044229520017e-02
1.223174104647810345e-02
1.223971035654525773e-02
1.224770868679979884e-02
1.225569580404296116e-02
1.226379628004590355e-02
1.227189950304263810e-02
1.228009079322904366e-02
1.228833868519664529e-02
1.229666409653579554e-02
1.230501553016609406e-02
1.231342359920369056e-02
1.232181954603187024e-02
1.233022826086304681e-02
1.233875041507042671e-02
1.234723463903585755e-02
1.235570127439493404e-02
1.236417129823034686e-02
1.237265841619598385e-02
1.238116064780071801e-02
1.238972323782567588e-02
1.239832714355118895e-02
1.240691643701139456e-02
1.241559277810064602e-02
1.242433250051038114e-02
1.243309775677059470e-02
1.244183990586395470e-02
1.245059874686763914e-02
1.245938028850723800e-02
1.246819436167515699e-02
1.247705191037396660e-02
1.248594015754748640e-02
1.249481479304775586e-02
1.250367751456177290e-02
1.251255204314828499e-02
1.252149123343374373e-02
1.253040109055041443e-02
1.253920105627564542e-02
1.254805489187691553e-02
1.255688238660128409e-02
1.256576062397429631e-02
1.257462150553704215e-02
1.258355368909147738e-02
1.259244482164312805e-02
1.260145048943698935e-02
1.261049606753282711e-02
1.261956956132796216e-02
1.262862124342334184e-02
1.263766326836117046e-02
1.264670653142928314e-02
1.265575334636209227e-02
1.266482208551276446e-02
1.267390160786426717e-02
1.268292528329743353e-02
1.269195043008806978e-02
1.270089557822886434e-02
1.270980313109540752e-02
1.271872105632080446e-02
1.272763262405758773e-02
1.273650012651340348e-02
1.274535088661974194e-02
1.275415137010070706e-02
1.276297622043400318e-02
1.277172978645086526e-02
1.278044702248330548e-02
1.278913715070507766e-02
1.279775248240727463e-02
1.280626583821599211e-02
1.281479942141778260e-02
1.282330997720693491e-02
1.283169592328778710e-02
1.284002887247791443e-02
1.284826339462153029e-02
1.285644584372999145e-02
1.286458733366078848e-02
1.287266855613427609e-02
1.288062135492362183e-02
1.288856744315029605e-02
1.289653545387041758e-02
1.290438015681589709e-02
1.291220809240787616e-02
1.291988779164455169e-02
1.292750803950352273e-02
1.293512891289419486e-02
1.294278461775227526e-02
1.295043683842896434e-02
1.295801804681575783e-02
1.296564628777138219e-02
1.297316748391434856e-02
1.298072148188775601e-02
1.298827167105856724e-02
1.299584894303601988e-02
1.300343046160203943e-02
1.301101707754009039e-02
1.301863936904690613e-02
1.302622243850905942e-02
1.303375206402578555e-02
1.304128917673878611e-02
1.304871162142958591e-02
1.305615455734902321e-02
1.306365661054067345e-02
1.307113372243410079e-02
1.307864342707259694e-02
1.308620148819987505e-02
1.309369848238773823e-02
1.310123279443451728e-02
1.310871432772912556e-02
1.311622592512911439e-02
1.312377098631952073e-02
1.313131341411200199e-02
1.313883395152827191e-02
1.314642447650056500e-02
1.315398820125479595e-02
1.316147504143790926e-02
1.316890443315184983e-02
1.317627380356878146e-02
1.318364887468759759e-02
1.319091811239559743e-02
1.319819864912019636e-02
1.320541087398947357e-02
1.321261165218907789e-02
1.321981864281084745e-02
1.322697072071634186e-02
1.323412247982053147e-02
1.324123442131007640e-02
1.324835456347278444e-02
1.325538989672878781e-02
1.326236442062992890e-02
1.326921670266071988e-02
1.327605498545588944e-02
1.328297179080129009e-02
1.328980061431558023e-02
1.329659635491971595e-02
1.330333055631015629e-02
1.330998983551424757e-02
1.331653694451189786e-02
1.332311760567625632e-02
1.332974148672691657e-02
1.333636000613887783e-02
1.334285160491030520e-02
1.334931872301798293e-02
1.335571898036592813e-02
1.336204370012676439e-02
1.336839502826444800e-02
1.337467834308623052e-02
1.338080875593119362e-02
1.338686688796315340e-02
1.339283956895921147e-02
1.339870045480918807e-02
1.340460396195775582e-02
1.341055296263437939e-02
1.341638542774688421e-02
1.342224360022916882e-02
1.342811053123301075e-02
1.343394865889470553e-02
1.343971470599114072e-02
1.344536154015293916e-02
1.345095288779922515e-02
1.345647023452811036e-02
1.346194897116425974e-02
1.346740531626596307e-02
1.347287696102807651e-02
1.347826150427316322e-02
1.348360575116277008e-02
1.348888776217484382e-02
1.349415602528484907e-02
1.349932665048395562e-02
1.350448713008483778e-02
1.350958633560090001e-02
1.351469181087593813e-02
1.351989541293365134e-02
1.352509265664054473e-02
1.353033487698196598e-02
1.353552676422340763e-02
1.354072490074639291e-02
1.354577609077682425e-02
1.355074847200406218e-02
1.355562946826632809e-02
1.356041870493436899e-02
1.356519072245206473e-02
1.357003652555078405e-02
1.357473936210777665e-02
1.357942803560968116e-02
1.358408314207179730e-02
1.358867064002453572e-02
1.359307761000294774e-02
1.359742110036919575e-02
1.360156589884666672e-02
1.360545381934748221e-02
1.360926974183942692e-02
1.361296318190506616e-02
1.361647199958747681e-02
1.362003634560247575e-02
1.362354587676177335e-02
1.362682884624555682e-02
1.363007579064312060e-02
1.363314851346916247e-02
1.363594327065772646e-02
1.363855768406108809e-02
1.364106526691040953e-02
1.364353343522719392e-02
1.364585742743259882e-02
1.364810549599738965e-02
1.365038267657468947e-02
1.365240201026940957e-02
1.365438361429325252e-02
1.365636347223868861e-02
1.365811498481639234e-02
1.365969286083051383e-02
1.366112450684669154e-02
1.366278742521025505e-02
1.366480077130347547e-02
1.366738479490249049e-02
1.367012707705154984e-02
1.367306299930658685e-02
1.367641799072550658e-02
1.368004998383367567e-02
1.368362406298827966e-02
1.368725356183729536e-02
1.369134637705699160e-02
1.369559987028936589e-02
1.370009897600012183e-02
1.370437714723403769e-02
1.370856737198736068e-02
1.371266361814712023e-02
1.371700292960810821e-02
