1.212478948530915437e-02
1.213593662055755668e-02
1.214825009781160016e-02
1.216150267920959767e-02
1.217574550142907011e-02
1.219032042321284079e-02
1.220587720041692824e-02
1.222213801505720419e-02
1.223916540521494123e-02
1.225694332132458431e-02
1.227533285568737503e-02
1.229441915303984383e-02
1.231384718599006119e-02
1.233369867717212277e-02
1.235404235531871453e-02
1.237471261533131667e-02
1.239605934756827371e-02
1.241845578709298466e-02
1.244084586180032453e-02
1.246345899179971545e-02
1.248610290563235102e-02
1.250882355724516025e-02
1.253150718393416206e-02
1.255414363147906720e-02
1.257679272330015051e-02
1.259938882900815856e-02
1.262179327154490383e-02
1.264419957558811022e-02
1.266662193868116001e-02
1.268873584049669614e-02
1.271095386467172364e-02
1.273298466561413080e-02
1.275492824821045090e-02
1.277671603935649422e-02
1.279836700977756390e-02
1.281980447040822514e-02
1.284107678873035695e-02
1.286404568093820096e-02
1.288803974836093789e-02
1.291183930786582446e-02
1.293508839214674647e-02
1.295820539956955841e-02
1.298099683929818636e-02
1.300348548989054692e-02
1.302565401418162919e-02
1.304758096942544576e-02
1.306944028759932097e-02
1.309115656723727067e-02
1.311257996504450359e-02
1.313375962168767883e-02
1.315467653022876424e-02
1.317530588732279857e-02
1.319549075887872444e-02
1.321580680197465690e-02
1.323571202723498874e-02
1.325496416571533831e-02
1.327404566358854517e-02
1.329272742170201083e-02
1.331107767991664484e-02
1.332939196639419850e-02
1.334739699685427543e-02
1.336511882053198659e-02
1.338257833260026765e-02
1.339979487474928996e-02
1.341650194245349627e-02
1.343282554133534874e-02
1.344861306731095184e-02
1.346400796760269074e-02
1.347903900977106238e-02
1.349421725019649479e-02
1.350920484248470041e-02
1.352390903270049224e-02
1.353840129592369379e-02
1.355281847615888088e-02
1.356709409675992822e-02
1.358097530388940877e-02
1.359462229832787000e-02
1.360822800034542507e-02
1.362156868794790407e-02
1.363473497938197734e-02
1.364782847138517642e-02
1.366058306445401722e-02
1.367307477814964402e-02
1.368552373410234814e-02
1.369758916238702356e-02
1.370959687448708615e-02
1.372146980541453197e-02
1.373306973982340619e-02
1.374436067019500773e-02
1.375565010851615387e-02
1.376665550371345033e-02
1.377759614452453429e-02
1.378834879948027253e-02
1.379881693796012297e-02
1.380891344292740734e-02
1.381901141838995546e-02
1.382889117468353961e-02
1.383864362557652231e-02
1.384820629118665124e-02
1.385804366134884072e-02
1.386789567567800821e-02
1.387756711956930275e-02
1.388696440899706182e-02
1.389619848767713155e-02
1.390537256877096874e-02
1.391425652300330024e-02
1.392285404450309232e-02
1.393119314855461102e-02
1.393946206070694437e-02
1.394759041144612473e-02
1.395573067401602654e-02
1.396411826259412459e-02
1.397213077486424322e-02
1.398011022491722245e-02
1.398787560517588020e-02
1.399544426584611520e-02
1.400279746986091145e-02
1.400979136260474024e-02
1.401684821936045530e-02
1.402372504930026256e-02
1.403037540055227482e-02
1.403690360542356533e-02
1.404361391589356925e-02
1.405017400908618874e-02
1.405673442905553371e-02
1.406301190306034898e-02
1.406916912969694011e-02
1.407509300628132995e-02
1.408096343374710263e-02
1.408665243287832158e-02
1.409216121421462582e-02
1.409740490375271070e-02
1.410253231337138362e-02
1.410747676984115684e-02
1.411221048894943306e-02
1.411673105047915253e-02
1.412109641246419266e-02
1.412535718692867724e-02
1.412943916968980966e-02
1.413337941024431742e-02
1.413717774951487802e-02
1.414079731949948598e-02
1.414416592970147227e-02
1.414732838129604750e-02
1.415031637679877927e-02
1.415309105586118159e-02
1.415587174903796576e-02
1.415834482331417357e-02
1.416071819512320328e-02
1.416294186374620137e-02
1.416492433687342387e-02
1.416673012617961427e-02
1.416853981589796634e-02
1.417012295967632132e-02
1.417183166396240868e-02
1.417356800222139765e-02
1.417505506933157758e-02
1.417657442849185219e-02
1.417790238217319330e-02
1.417905386532213735e-02
1.417999666833719835e-02
1.418094508906664331e-02
1.418147941147567502e-02
1.418173488470014787e-02
1.418199762105465563e-02
1.418202147715666613e-02
1.418181572874457549e-02
1.418165806716575883e-02
1.418117393683180662e-02
1.418064844536976940e-02
1.417993373951416392e-02
1.417911494492516897e-02
1.417775967310839005e-02
1.417652847389826512e-02
1.417518540932612842e-02
1.417347380866876630e-02
1.417145476580952169e-02
1.416948508471932260e-02
1.416735109572211763e-02
1.416505433993336602e-02
1.416250981948824136e-02
1.415977770360620121e-02
1.415695659026633760e-02
1.415389377350952452e-02
1.415065850300357107e-02
1.414731260685558357e-02
1.414394940959364834e-02
1.414046594408189389e-02
1.413688128195087455e-02
1.413302286889647243e-02
1.412907804562711298e-02
1.412498514741057989e-02
1.412068489909640290e-02
1.411625825952388461e-02
1.411164283431752889e-02
1.410708337594368707e-02
1.410221295050115287e-02
1.409735748340600579e-02
1.409242870753077588e-02
1.408738866164796488e-02
1.408224933445949983e-02
1.407678132448772837e-02
1.407137887847480055e-02
1.406575498746398013e-02
1.406003021209454446e-02
1.405410747569229256e-02
1.404809251507372139e-02
1.404197230065011223e-02
1.403573744384835863e-02
1.402930073798239197e-02
1.402288340800526140e-02
1.401635517006022402e-02
1.400972023919115801e-02
1.400306569082648833e-02
1.399621468929221173e-02
1.398946238108171071e-02
1.398238880108993061e-02
1.397547618645486080e-02
1.396834640087986010e-02
1.396109314538476927e-02
1.395352888059638377e-02
1.394605327674884078e-02
1.393844004664192802e-02
1.393078404855337474e-02
1.392290073923801302e-02
1.391491620379129400e-02
1.390684102717699121e-02
1.389873472454244106e-02
1.389058940567999660e-02
1.388224188393494783e-02
1.387394378206029642e-02
1.386545210391354303e-02
1.385678837534562099e-02
1.384813138975230298e-02
1.383939001367318414e-02
1.383043138367926958e-02
1.382159699469363845e-02
1.381284441908188325e-02
1.380397248410344078e-02
1.379494141974952660e-02
1.378585049170417444e-02
1.377663719219810075e-02
1.376747708814223328e-02
1.375810750106954035e-02
1.374854534667112327e-02
1.373879603284556238e-02
1.372897695007412044e-02
1.371903301845479525e-02
1.370891214627609038e-02
1.369880216477652353e-02
1.368853040883218596e-02
1.367810841461983111e-02
1.366761341506136235e-02
1.365730196964804084e-02
1.364668070648638806e-02
1.363604493993084837e-02
1.362536289053297052e-02
1.361449357997880291e-02
1.360360853741885388e-02
1.359256477273280798e-02
1.358137876593963969e-02
1.357021334054020652e-02
1.355881876949084283e-02
1.354755671032506319e-02
1.353621786118922900e-02
1.352468527845806547e-02
1.351317879644819628e-02
1.350148121359237043e-02
1.348972495753072813e-02
1.347763343546346838e-02
1.346558700008952669e-02
1.345337814432556907e-02
1.344117061931881033e-02
1.342874700748854927e-02
1.341628635684274928e-02
1.340369936755064426e-02
1.339096164217649931e-02
1.337805436268302978e-02
1.336504734553600054e-02
1.335194625302068422e-02
1.333861451613992284e-02
1.332523756940928034e-02
1.331177114690382073e-02
1.329824463857745033e-02
1.328455496370627327e-02
1.327088763008066677e-02
1.325705753726361472e-02
1.324311682857509317e-02
1.322911315657523089e-02
1.321498739883420100e-02
1.320075718976430890e-02
1.318633900667050794e-02
1.317175236743117761e-02
1.315722097754994969e-02
1.314263231035923095e-02
1.312791438494370980e-02
1.311300705032740661e-02
1.309818592276247237e-02
1.308318188223354939e-02
1.306805964388308219e-02
1.305282602177386918e-02
1.303740691015565882e-02
1.302190258446686566e-02
1.300617651928527747e-02
1.299046364077688191e-02
1.297440905711198453e-02
1.295840614276409612e-02
1.294239138022638957e-02
1.292635380559543391e-02
1.291015929531435374e-02
1.289379668251708008e-02
1.287732887900727707e-02
1.286068587117774296e-02
1.284390525914444296e-02
1.282690214524347810e-02
1.280975265260720503e-02
1.279264132197898210e-02
1.277526459993898536e-02
1.275771738832475084e-02
1.274000235410430344e-02
1.272214795487263371e-02
1.270408831604461809e-02
1.268580353777946750e-02
1.266736571979555637e-02
1.264882165042814470e-02
1.263015706726380166e-02
1.261124032474732030e-02
1.259236405998650186e-02
1.257333929611204222e-02
1.255427410813699830e-02
1.253498901267374559e-02
1.251573018902467534e-02
1.249623320599043547e-02
1.247660626421829427e-02
1.245684328242080072e-02
1.243705609420640498e-02
1.241708628481507336e-02
1.239717480804521793e-02
1.237719725288753507e-02
1.235683483569175768e-02
1.233653586052606277e-02
1.231607200556249573e-02
1.229556017070944536e-02
1.227495339554558924e-02
1.225410466178026431e-02
1.223322260384352052e-02
1.221218299737302469e-02
1.219096875778961225e-02
1.216975327665449115e-02
1.214844946225228373e-02
1.212710073265893529e-02
1.210562829338242274e-02
1.208407236876107502e-02
1.206232730935855209e-02
1.204055225634395251e-02
1.201861899125074643e-02
1.199658275651220747e-02
1.197450647025673394e-02
1.195223995908939810e-02
1.192986547108448522e-02
1.190727883272922269e-02
1.188461026707838403e-02
1.186194121399922197e-02
1.183907741000200971e-02
1.181625082752312678e-02
1.179332090446587149e-02
1.177034759653035161e-02
1.174723410318800204e-02
1.172409058659308265e-02
1.170097355612136243e-02
1.167781238360104945e-02
1.165456614840276912e-02
1.163121286113011181e-02
1.160774896471036474e-02
1.158429336444796731e-02
1.156073247709706389e-02
1.153712495186475992e-02
1.151342339712397959e-02
1.148952268245002906e-02
1.146555632684941040e-02
1.144146159482450908e-02
1.141729488183434484e-02
1.139308434935003278e-02
1.136886338201069206e-02
1.134475232569866383e-02
1.132035031497831065e-02
1.129597283566256306e-02
1.127147104128085366e-02
1.124687923101112992e-02
1.122229181511043630e-02
1.119765516592026097e-02
1.117289705075982451e-02
1.114817967895994841e-02
1.112337019136928201e-02
1.109845589649988314e-02
1.107350410620196700e-02
1.104842505258647224e-02
1.102318991750367988e-02
1.099795555510948465e-02
1.097258065238192193e-02
1.094697791556249050e-02
1.092132069501399599e-02
1.089549838179753975e-02
1.086974034359986657e-02
1.084384196955621993e-02
1.081780866218772473e-02
1.079168740479463304e-02
1.076539641235889876e-02
1.073898936857194987e-02
1.071255831506350877e-02
1.068586060429452256e-02
1.065905989965008210e-02
1.063217594787850030e-02
1.060521306498239495e-02
1.057803558153746180e-02
1.055079956684725796e-02
1.052346617161543409e-02
1.049602252009883968e-02
1.046851247963042145e-02
1.044079274055968905e-02
1.041298892758635818e-02
1.038505287734537222e-02
1.035700409382975251e-02
1.032881962703580819e-02
1.030047537835396439e-02
1.027203228031614915e-02
1.024340459463084566e-02
1.021459776149863732e-02
1.018567731700670796e-02
1.015667744745145894e-02
1.012739261733479508e-02
1.009808352558523407e-02
1.006868292418947215e-02
1.003919020693833444e-02
1.000946651797739693e-02
9.979609405042711573e-03
9.949663631754935775e-03
9.919434407477884311e-03
9.889227048954393057e-03
9.858963990535629315e-03
9.828566825670723150e-03
9.797947249460028582e-03
9.767036793644351400e-03
9.735977673889371214e-03
9.704747430422882779e-03
9.673367992403376914e-03
9.641998117857146500e-03
9.610448654870699936e-03
9.578705364518002446e-03
9.546789179018393828e-03
9.514773211826218699e-03
9.482461832517470948e-03
9.449923916615855096e-03
9.417308688901587788e-03
9.384527058436271593e-03
9.351425666184472185e-03
9.318186599405085466e-03
9.284737975069387583e-03
9.251060004032835016e-03
9.217108742501449112e-03
9.183119381698096745e-03
9.148779074345147339e-03
9.114177978043440723e-03
9.079489169473207652e-03
9.044568372424895836e-03
9.009361393196255521e-03
8.973775983315297050e-03
8.937993980963662710e-03
8.902024454806096998e-03
8.865792535364069860e-03
8.829296167393640982e-03
8.792424861048296972e-03
8.755273029437411758e-03
8.718022166232743467e-03
8.680473911112367158e-03
8.642671827712186325e-03
8.604627249235486525e-03
8.566371178326856461e-03
8.527685433906098678e-03
8.488716714006824468e-03
8.449462996283095551e-03
8.409810213685912916e-03
8.369756441561492996e-03
8.329223360966940548e-03
8.288282345644736038e-03
8.246832597349250740e-03
8.204984189392349261e-03
8.162577813650340533e-03
8.119681581935839915e-03
8.076237542448199205e-03
8.032289628099747308e-03
7.987975058975681567e-03
7.943073895904911169e-03
7.897596293129546460e-03
7.851725084239508101e-03
7.805388645468648058e-03
7.758636421074374331e-03
7.711202251421964311e-03
7.663140564115126716e-03
7.614592588597517836e-03
