1.069573911209627422e-02
1.073207833155513484e-02
1.076793071019334531e-02
1.080340121675860132e-02
1.083868997720605944e-02
1.087371518174495497e-02
1.090812621772477634e-02
1.094184134514179438e-02
1.097480894485216608e-02
1.100687709952631078e-02
1.103869594001652063e-02
1.107015856421575059e-02
1.110093408723451455e-02
1.113141646851876707e-02
1.116156640245935180e-02
1.119123891812141662e-02
1.122024919746525407e-02
1.124865388171655302e-02
1.127635973927308514e-02
1.130348660869049879e-02
1.132997133528646644e-02
1.135645867760390858e-02
1.138248599024581711e-02
1.140815764877008490e-02
1.143346602312751183e-02
1.145850563727282730e-02
1.148297674425785564e-02
1.150709277609916585e-02
1.153074165998733448e-02
1.155391784914539498e-02
1.157694359037867923e-02
1.159984431072276674e-02
1.162217891475870318e-02
1.164410241758503071e-02
1.166592032616504959e-02
1.168744056977677991e-02
1.170853846741973410e-02
1.172909958903351271e-02
1.174916690275427424e-02
1.176892530545523008e-02
1.178844858012572522e-02
1.180746998262355817e-02
1.182653547501952805e-02
1.184556943659902627e-02
1.186447252422482071e-02
1.188332592348141821e-02
1.190200929567275176e-02
1.192066058909015125e-02
1.193923159381568740e-02
1.195774601417904509e-02
1.197608017721469263e-02
1.199425474246981239e-02
1.201227598043876771e-02
1.202992517596793848e-02
1.204739013113897278e-02
1.206468418819915331e-02
1.208197445091237394e-02
1.209910990271875243e-02
1.211590365393751256e-02
1.213270683157545958e-02
1.214963119827741980e-02
1.216673716376899354e-02
1.218383741964718971e-02
1.220085002817834427e-02
1.221773484372417305e-02
1.223439922270284225e-02
1.225096701900923665e-02
1.226755601248145401e-02
1.228402965056887494e-02
1.230045302648258461e-02
1.231671343416042459e-02
1.233286107115848587e-02
1.234896618975905684e-02
1.236504142658495682e-02
1.238106546298922347e-02
1.239695430639770925e-02
1.241265659613706787e-02
1.242798939195578940e-02
1.244328091003542823e-02
1.245846247217904587e-02
1.247349524836321132e-02
1.248837890774568034e-02
1.250319994231035431e-02
1.251781018901168552e-02
1.253236062305427938e-02
1.254678317364687004e-02
1.256083738826666886e-02
1.257483074859160575e-02
1.258868158828204374e-02
1.260247900211983359e-02
1.261625874949884839e-02
1.262993846879380440e-02
1.264357122658335206e-02
1.265706512109599641e-02
1.267059720720993370e-02
1.268387174039270482e-02
1.269699343738326346e-02
1.270972729421698984e-02
1.272243119690430468e-02
1.273509800132054462e-02
1.274758414002568480e-02
1.276001747320737803e-02
1.277223822990986024e-02
1.278427608771610761e-02
1.279634363861356303e-02
1.280841405853358310e-02
1.282027367508203203e-02
1.283182162273042472e-02
1.284318033120118371e-02
1.285450525757740256e-02
1.286560121785991495e-02
1.287669128243028836e-02
1.288765209107229845e-02
1.289852311740092433e-02
1.290916382583512032e-02
1.291966513078906739e-02
1.293001654869922225e-02
1.294030653334059429e-02
1.295038049350626629e-02
1.296027743756431559e-02
1.297018709837103809e-02
1.297988979667783968e-02
1.298957683167225284e-02
1.299915906204773992e-02
1.300872848262517659e-02
1.301822235227503843e-02
1.302761600774207836e-02
1.303670265711691020e-02
1.304553978423905400e-02
1.305431036554589343e-02
1.306295971901814436e-02
1.307174089761554449e-02
1.308027122025246999e-02
1.308867454082380220e-02
1.309685262503076410e-02
1.310484619231615244e-02
1.311243919752662704e-02
1.311992827174846867e-02
1.312735631591550878e-02
1.313477426422476196e-02
1.314218416376260017e-02
1.314936625256987214e-02
1.315611966288108246e-02
1.316272472146328212e-02
1.316911081934488484e-02
1.317534030478025205e-02
1.318151894389857186e-02
1.318766875321716187e-02
1.319377850477743835e-02
1.319975154612008754e-02
1.320555379015538044e-02
1.321128014208203770e-02
1.321684964376959592e-02
1.322231326043153167e-02
1.322760605393906094e-02
1.323269886365020971e-02
1.323771969966552539e-02
1.324244990111019156e-02
1.324697167711190102e-02
1.325121098104139854e-02
1.325532443568374144e-02
1.325926762029855030e-02
1.326275311051880457e-02
1.326598256502973562e-02
1.326888874531509561e-02
1.327161824550448545e-02
1.327429776783771442e-02
1.327705857397424097e-02
1.327977265381351420e-02
1.328240890301539238e-02
1.328478489309995077e-02
1.328703169445847806e-02
1.328907503817708391e-02
1.329106870386531115e-02
1.329298957392151259e-02
1.329489578870027972e-02
1.329659426039821353e-02
1.329817139570394977e-02
1.329951805803295320e-02
1.330071248640601368e-02
1.330202086408434348e-02
1.330318861830165345e-02
1.330399167581083203e-02
1.330458476739286577e-02
1.330486739971678892e-02
1.330509233108596867e-02
1.330524718076338611e-02
1.330519362567548526e-02
1.330515996764678778e-02
1.330503425276429244e-02
1.330475679501980785e-02
1.330434952822008750e-02
1.330376844517755161e-02
1.330297307975049706e-02
1.330217328930845613e-02
1.330145221347292690e-02
1.330077889264724526e-02
1.330020038397090529e-02
1.329955369594569212e-02
1.329874273440857964e-02
1.329791047490214671e-02
1.329716796669263776e-02
1.329629123475172675e-02
1.329502386600315764e-02
1.329370510298008047e-02
1.329228600170834045e-02
1.329081120521294866e-02
1.328900897828632320e-02
1.328717186301141273e-02
1.328521595469403516e-02
1.328295322638321091e-02
1.328037402679041294e-02
1.327759640973247279e-02
1.327465837037310539e-02
1.327157720555826453e-02
1.326841961618555749e-02
1.326519808121079044e-02
1.326196652791938879e-02
1.325861263020083197e-02
1.325519131303667594e-02
1.325179308762712040e-02
1.324834280108916178e-02
1.324485420922288936e-02
1.324118335946722694e-02
1.323727558014170698e-02
1.323307365104671798e-02
1.322885238835822160e-02
1.322459555495931680e-02
1.322021658390965665e-02
1.321582218217105982e-02
1.321133636458551169e-02
1.320676346828802625e-02
1.320222121108378076e-02
1.319772083127018075e-02
1.319305198555314855e-02
1.318821109670094069e-02
1.318313087967262244e-02
1.317797479638271874e-02
1.317278678164706708e-02
1.316770429007833691e-02
1.316268651952316911e-02
1.315773032439556019e-02
1.315281881364824268e-02
1.314796282753404565e-02
1.314311443269847515e-02
1.313825684665187454e-02
1.313343777012528427e-02
1.312869683698539638e-02
1.312395509741754590e-02
1.311916592075856175e-02
1.311435967212295876e-02
1.310942851761753153e-02
1.310442891753861409e-02
1.309951590249297873e-02
1.309462194447741368e-02
1.308985158447093650e-02
1.308510998706186035e-02
1.308031015107939850e-02
1.307542358790488024e-02
1.307038135311675009e-02
1.306533517148406216e-02
1.306028172683028343e-02
1.305507938507473667e-02
1.304980283643822347e-02
1.304438851010091341e-02
1.303888102324076738e-02
1.303321585128180277e-02
1.302742338518557939e-02
1.302157968248185589e-02
1.301569806474027306e-02
1.300973273357268131e-02
1.300365873623687135e-02
1.299741370121613830e-02
1.299106278116978277e-02
1.298477432052010105e-02
1.297848728145817830e-02
1.297211288970558443e-02
1.296588024576069212e-02
1.295957139954256182e-02
1.295319313848656249e-02
1.294689221180459621e-02
1.294040681214104170e-02
1.293378098286934556e-02
1.292712825457256395e-02
1.292051876063655784e-02
1.291382068110559327e-02
1.290721523223293567e-02
1.290071473789209701e-02
1.289433677149246817e-02
1.288784917741435734e-02
1.288134930340272162e-02
1.287486791778605540e-02
1.286835498584468565e-02
1.286178778285212813e-02
1.285524351653186820e-02
1.284881079315650966e-02
1.284237538685734439e-02
1.283582292443748510e-02
1.282921418782004969e-02
1.282263228561007426e-02
1.281607144874596753e-02
1.280943727863118921e-02
1.280266730553024541e-02
1.279584032417550345e-02
1.278905301804273212e-02
1.278246451966556091e-02
1.277583938826421829e-02
1.276916564114625834e-02
1.276270343404079834e-02
1.275617066448844414e-02
1.274964063989281367e-02
1.274312651123302338e-02
1.273671586123848766e-02
1.273032254944518951e-02
1.272386928024966946e-02
1.271741905325195210e-02
1.271106162750307474e-02
1.270471554085509519e-02
1.269844833940415862e-02
1.269221071214799747e-02
1.268602094845929298e-02
1.267984492506244766e-02
1.267365639169333071e-02
1.266757305323359777e-02
1.266165596300039727e-02
1.265573175965899709e-02
1.264974756014479972e-02
1.264378617582176574e-02
1.263774405048349002e-02
1.263168909725422527e-02
1.262573187430626569e-02
1.261985005237298632e-02
1.261398219301619605e-02
1.260820563577933796e-02
1.260234821087669044e-02
1.259644450683075970e-02
1.259048705384405338e-02
1.258454376245612093e-02
1.257875585061013317e-02
1.257290857325937296e-02
1.256709495135260694e-02
1.256136616721852985e-02
1.255563212320975029e-02
1.254989718230832899e-02
1.254423094286619307e-02
1.253862177371077753e-02
1.253299328647008298e-02
1.252741197785001842e-02
1.252195686228287433e-02
1.251652462135510908e-02
1.251113692523356420e-02
1.250567354377978523e-02
1.250007632888506040e-02
1.249454372127687882e-02
1.248899435961079232e-02
1.248335943645461146e-02
1.247758304463887462e-02
1.247183176581705653e-02
1.246614248631442226e-02
1.246042903206578782e-02
1.245468705559731742e-02
1.244884437385207314e-02
1.244294488029061042e-02
1.243705377926633028e-02
1.243108600038309031e-02
1.242495485521940939e-02
1.241885185490863332e-02
1.241277726050596386e-02
1.240678165727324318e-02
1.240069379299503158e-02
1.239458760315826670e-02
1.238848285558689921e-02
1.238225357175852352e-02
1.237597112830211669e-02
1.236961294523466863e-02
1.236322130833021962e-02
1.235682511717553500e-02
1.235030435099326862e-02
1.234375055745032430e-02
1.233716989589875648e-02
1.233063884259053174e-02
1.232393386965129241e-02
1.231721222794941381e-02
1.231047261220886632e-02
1.230372934428013154e-02
1.229696059891407026e-02
1.229006195661280082e-02
1.228304539231465584e-02
1.227611477979706316e-02
1.226911293797867952e-02
1.226201788394335954e-02
1.225494511523467570e-02
1.224786118835444367e-02
1.224083327461657905e-02
1.223373737538272117e-02
1.222656434079711328e-02
1.221935334723366420e-02
1.221219561151703874e-02
1.220502265447258317e-02
1.219780091370568399e-02
1.219048617008295331e-02
1.218314260958401618e-02
1.217578508392388667e-02
1.216831226232717618e-02
1.216072336679767558e-02
1.215308309767130709e-02
1.214530349743642677e-02
1.213755289500710599e-02
1.212975364584470590e-02
1.212194285080500644e-02
1.211395573494333452e-02
1.210590358014938459e-02
1.209786293504686201e-02
1.208988386537190006e-02
1.208175585207047972e-02
1.207362277274722992e-02
1.206547702061529573e-02
1.205728551145048878e-02
1.204901038707846365e-02
1.204072850628752980e-02
1.203236828825701883e-02
1.202398324155013777e-02
1.201555670774306916e-02
1.200704215309908625e-02
1.199839651384793961e-02
1.198966749201302827e-02
1.198076772844191597e-02
1.197169226825509254e-02
1.196252534181956907e-02
1.195327016450838456e-02
1.194392605266706049e-02
1.193446964314697455e-02
1.192492697297408560e-02
1.191528083705946893e-02
1.190561069052761822e-02
1.189598980588863972e-02
1.188625807617511507e-02
1.187650138854997109e-02
1.186663961586540555e-02
1.185671297483909155e-02
1.184680687575588066e-02
1.183704205535640770e-02
1.182719524552917033e-02
1.181736256111483828e-02
1.180758877825072856e-02
1.179787719243573403e-02
1.178815961527451654e-02
1.177851523308225123e-02
1.176886117246205878e-02
1.175924312970624309e-02
1.174969581998785463e-02
1.174010308666354092e-02
1.173046447870227868e-02
1.172077084495596125e-02
1.171091398450327739e-02
1.170096325014917046e-02
1.169075028842487748e-02
1.168046953505746423e-02
1.167017531020751731e-02
1.165985009862150271e-02
1.164932435528164521e-02
1.163864775434126503e-02
1.162783534912236773e-02
1.161691243096351668e-02
1.160587379943822661e-02
1.159475638610409434e-02
1.158350620939689428e-02
1.157216621935985151e-02
1.156080262579661441e-02
1.154919581278386967e-02
1.153725945505118707e-02
1.152527731443858325e-02
1.151325263604320408e-02
1.150123060309340799e-02
1.148922966262888243e-02
1.147724419420857213e-02
1.146522841236785259e-02
1.145324392742780133e-02
1.144125912456903441e-02
1.142909914074320341e-02
1.141686543079154133e-02
1.140453554138158576e-02
1.139227601927329629e-02
1.137999047435492121e-02
1.136761711279132489e-02
1.135512470229946801e-02
1.134267431006467930e-02
1.133023266834871749e-02
1.131774618329310644e-02
1.130515122075274360e-02
1.129251973633052519e-02
1.127982030776759036e-02
1.126699196187264974e-02
1.125408861688465684e-02
1.124114087183392466e-02
1.122807935840727453e-02
1.121498558010792894e-02
1.120195669987444041e-02
1.118886705968782230e-02
1.117585716669736856e-02
