1.627244056596179392e-02
1.619869190144517662e-02
1.612669542267508582e-02
1.605461299470907835e-02
1.598312798899880968e-02
1.591395990898821639e-02
1.584698333445108687e-02
1.578010004450270190e-02
1.571602252680610878e-02
1.565607717960399575e-02
1.559929068311303492e-02
1.554309934079915745e-02
1.548930880432450481e-02
1.543487240434504928e-02
1.538105146915469748e-02
1.532741523698481940e-02
1.527820145836041206e-02
1.523155666457653296e-02
1.518675635764766413e-02
1.514231464235395695e-02
1.509707753320083459e-02
1.505409516045234236e-02
1.501435104572251475e-02
1.497642336604415245e-02
1.494006570856451672e-02
1.490397919956462820e-02
1.486797521244180229e-02
1.483497859680792987e-02
1.480363945945172011e-02
1.477273444656536372e-02
1.474281600007555475e-02
1.471400059712914786e-02
1.468603843632512902e-02
1.465841413782203832e-02
1.463108968060908462e-02
1.460392739295827275e-02
1.457666422685537436e-02
1.454946806406061562e-02
1.452260292185260891e-02
1.449605465931020493e-02
1.447028055986021230e-02
1.444565550136409603e-02
1.442183784009748795e-02
1.439884705956680569e-02
1.437615232856400034e-02
1.435366619101013583e-02
1.433160842437276178e-02
1.430992824178300808e-02
1.428892540440515786e-02
1.426804276356468705e-02
1.424735384636519747e-02
1.422688054784288468e-02
1.420664010798020765e-02
1.418674774000327522e-02
1.416732527139833060e-02
1.414794615605062533e-02
1.412929189796243573e-02
1.411142622562064700e-02
1.409388727291646139e-02
1.407649861047016032e-02
1.405925075241433453e-02
1.404184502833022083e-02
1.402445009538955123e-02
1.400746924253133338e-02
1.399070194317098351e-02
1.397423538457811740e-02
1.395791426733652627e-02
1.394180432049477864e-02
1.392570397066275611e-02
1.390946983132967246e-02
1.389343929954955405e-02
1.387764563013714134e-02
1.386202444584459098e-02
1.384660418101178909e-02
1.383115492095811187e-02
1.381565494640730855e-02
1.380019608675920120e-02
1.378475207624141156e-02
1.376950510812584641e-02
1.375425769027160960e-02
1.373912172489768005e-02
1.372439708689536172e-02
1.370985619815736668e-02
1.369554470457428480e-02
1.368122008844383647e-02
1.366682077692311578e-02
1.365264327186338326e-02
1.363863773498250748e-02
1.362475335097986830e-02
1.361066425833992559e-02
1.359625573751523271e-02
1.358177340009997583e-02
1.356741228793469436e-02
1.355301583509772347e-02
1.353842006531811443e-02
1.352370424374460707e-02
1.350884390355951495e-02
1.349408547053910709e-02
1.347951837547695098e-02
1.346512863511890694e-02
1.345076664156921557e-02
1.343651445404273580e-02
1.342242557593331144e-02
1.340842982474562892e-02
1.339458686064087627e-02
1.338061973247654628e-02
1.336682846505682885e-02
1.335339073358926022e-02
1.334000753422812623e-02
1.332676534086446075e-02
1.331358924099277155e-02
1.330026566302225377e-02
1.328679312074752296e-02
1.327330238990359103e-02
1.325985950453421880e-02
1.324659714788672081e-02
1.323366849474977985e-02
1.322106406442539496e-02
1.320851891947997202e-02
1.319598219033408203e-02
1.318379962522366056e-02
1.317172850225472799e-02
1.315989529621314734e-02
1.314805969931942715e-02
1.313635066509154237e-02
1.312486708692812629e-02
1.311333638183814591e-02
1.310171859803616057e-02
1.309018302594663376e-02
1.307898792412539625e-02
1.306763669061293716e-02
1.305641152091824297e-02
1.304538814431359384e-02
1.303473784144631130e-02
1.302414938023125322e-02
1.301357421215409288e-02
1.300289904442455263e-02
1.299241997051049473e-02
1.298195907741152288e-02
1.297153736068648415e-02
1.296101120120114226e-02
1.295057424764003116e-02
1.294020189361139682e-02
1.293009612088874723e-02
1.291991246841924824e-02
1.290976131603062578e-02
1.289978389458968332e-02
1.288985244729686820e-02
1.288004416378279136e-02
1.287018933490077788e-02
1.286028242162797798e-02
1.285030080521079414e-02
1.284041141882271038e-02
1.283039649072727391e-02
1.282020493681453911e-02
1.280996069369004509e-02
1.279962608669346982e-02
1.278917949476735330e-02
1.277874546709232249e-02
1.276839345986157705e-02
1.275811932979297771e-02
1.274785045959908603e-02
1.273770738182893568e-02
1.272767054060436852e-02
1.271773438914842319e-02
1.270796005315003203e-02
1.269808717268818520e-02
1.268808923902823085e-02
1.267798278135875284e-02
1.266794908313548761e-02
1.265808218109634210e-02
1.264817649555842645e-02
1.263814550869072142e-02
1.262806222807112688e-02
1.261801286395075605e-02
1.260802286275049776e-02
1.259837679273854809e-02
1.258892344867144214e-02
1.257950252455935884e-02
1.257022109180760266e-02
1.256099304096855093e-02
1.255181335254506106e-02
1.254246001846915683e-02
1.253310860741378534e-02
1.252356054424664730e-02
1.251397854648735042e-02
1.250444416933327481e-02
1.249505636304656594e-02
1.248595480767101910e-02
1.247701126565194628e-02
1.246827924296789458e-02
1.245956388129237750e-02
1.245092722129990601e-02
1.244227708207077364e-02
1.243356105612606829e-02
1.242470243200560591e-02
1.241602008735196924e-02
1.240727612074603650e-02
1.239853780430526763e-02
1.239001982621303760e-02
1.238182427973278689e-02
1.237391037821935699e-02
1.236618656366695115e-02
1.235838492623120635e-02
1.235068074251339902e-02
1.234304663273329446e-02
1.233538590049152069e-02
1.232769258028889800e-02
1.232008605448072815e-02
1.231249878472493071e-02
1.230484497173848536e-02
1.229722477284077818e-02
1.228965967209990837e-02
1.228201362098262604e-02
1.227430280232704417e-02
1.226658951786287546e-02
1.225889885215230429e-02
1.225120676485397589e-02
1.224346504863462609e-02
1.223556965102440969e-02
1.222757120897930219e-02
1.221973340635096675e-02
1.221210632955321146e-02
1.220465963414914257e-02
1.219728808645872270e-02
1.218994878296338243e-02
1.218272097847304149e-02
1.217559035630661271e-02
1.216856222544820086e-02
1.216142297812113256e-02
1.215437294447241356e-02
1.214711758185718637e-02
1.214003495249350341e-02
1.213298294671485457e-02
1.212591648468104924e-02
1.211894502864953316e-02
1.211179477564850587e-02
1.210480027955647409e-02
1.209783623128953510e-02
1.209091217616331537e-02
1.208392584256972463e-02
1.207684274537443314e-02
1.206987410925608982e-02
1.206298851970992632e-02
1.205602651335994924e-02
1.204896360271083718e-02
1.204186172504889685e-02
1.203473066865202654e-02
1.202754404109730203e-02
1.202037204297297032e-02
1.201318453403383592e-02
1.200600639206567989e-02
1.199870547919394854e-02
1.199136187474946109e-02
1.198414420230278429e-02
1.197698572993980380e-02
1.196968589230535882e-02
1.196246945276297630e-02
1.195516680813888365e-02
1.194788712861886287e-02
1.194074197007142200e-02
1.193369811903710088e-02
1.192676472537165626e-02
1.191973344375782916e-02
1.191280156214482092e-02
1.190604333910775040e-02
1.189921696515351332e-02
1.189246501261081307e-02
1.188568522021038118e-02
1.187884651462850841e-02
1.187186044467482965e-02
1.186496071162281528e-02
1.185800601223392127e-02
1.185097996981716341e-02
1.184395397650979918e-02
1.183685993308876416e-02
1.182976524090676926e-02
1.182267727412722805e-02
1.181554845866960614e-02
1.180856482092334722e-02
1.180165158795703183e-02
1.179487632912919887e-02
1.178809667630283803e-02
1.178116897157313429e-02
1.177411866136097648e-02
1.176729325150170993e-02
1.176048354372541752e-02
1.175358507200945091e-02
1.174675512340817539e-02
1.173998626947937197e-02
1.173317048764629250e-02
1.172635054443813517e-02
1.171954392021492576e-02
1.171278999295759411e-02
1.170608055881241366e-02
1.169929302263575388e-02
1.169273669349222243e-02
1.168617628826888050e-02
1.167963479533214340e-02
1.167328186696517736e-02
1.166688835872945092e-02
1.166048008665867240e-02
1.165400707289664106e-02
1.164764814801403509e-02
1.164145648973186412e-02
1.163509321737542061e-02
1.162863790884275175e-02
1.162229075212208723e-02
1.161606580283930379e-02
1.160985906021865487e-02
1.160389150620022916e-02
1.159803351524274495e-02
1.159237439407392878e-02
1.158677625126586230e-02
1.158124730101108522e-02
1.157590338978843440e-02
1.157076610505420808e-02
1.156574992667352801e-02
1.156063557085750156e-02
1.155562751620468724e-02
1.155063870726542527e-02
1.154572059259306727e-02
1.154080919298434288e-02
1.153592867026174452e-02
1.153122297698645771e-02
1.152668447793986535e-02
1.152220603968373905e-02
1.151781729069168217e-02
1.151350872183394200e-02
1.150938320178546484e-02
1.150521305422017374e-02
1.150106556417905719e-02
1.149701914385819861e-02
1.149285922914006913e-02
1.148872603768710289e-02
1.148487028588589601e-02
1.148100821060386856e-02
1.147722974148265331e-02
1.147364473236250904e-02
1.147017452291566875e-02
1.146692740711291458e-02
1.146373002749643752e-02
1.146058634771138229e-02
1.145742293887293609e-02
1.145429353182898270e-02
1.145150888824835074e-02
1.144881556229594873e-02
1.144612859601024102e-02
1.144352951615685426e-02
1.144093479928553515e-02
1.143819958043422805e-02
1.143569726030548364e-02
1.143322087510687500e-02
1.143072868056003305e-02
1.142837755662828338e-02
1.142600221013347246e-02
1.142381123581689278e-02
1.142175939617134928e-02
1.141948365645375704e-02
1.141714130242612799e-02
1.141485495120208964e-02
1.141276444566185176e-02
1.141081053144291264e-02
1.140897627614271062e-02
1.140728314315170126e-02
1.140559978551506162e-02
1.140385900348707404e-02
1.140222915699839155e-02
1.140076167263237399e-02
1.139953954009768899e-02
1.139850562965935912e-02
1.139761293587195426e-02
1.139694168410212809e-02
1.139648329959098809e-02
1.139617108919499348e-02
1.139574181492410132e-02
1.139535969342682364e-02
1.139481993077059475e-02
1.139416108687719975e-02
1.139362154521324742e-02
1.139315924099694975e-02
1.139261810586235553e-02
1.139224569380947218e-02
1.139201550385776640e-02
1.139172856929212933e-02
1.139141330248245355e-02
1.139111034662277158e-02
1.139093450397109415e-02
1.139103138388452077e-02
1.139150303956356670e-02
1.139198206165191116e-02
1.139253506058253082e-02
1.139303106159812728e-02
1.139355592084523305e-02
1.139411200720599412e-02
1.139476477704260034e-02
1.139541129835482981e-02
1.139616821371066367e-02
1.139693176917368385e-02
1.139798694398018453e-02
1.139915823278249071e-02
1.140037350421770936e-02
1.140157780228778089e-02
1.140278415002893113e-02
1.140408072206808981e-02
1.140533375733595103e-02
1.140672451473355442e-02
1.140839982747583053e-02
1.141012227102172587e-02
1.141202735499349460e-02
1.141402109563967836e-02
1.141607863068272617e-02
1.141813832395446350e-02
1.142012940364683232e-02
1.142222896987050637e-02
1.142418560966088417e-02
1.142620356640836748e-02
1.142826948235743136e-02
1.143047040778832381e-02
1.143275894825751017e-02
1.143519432323397526e-02
1.143782321765972679e-02
1.144058670801450378e-02
1.144362040084699432e-02
1.144670999051017150e-02
1.144962460339784931e-02
1.145270116356303727e-02
1.145614464069824416e-02
1.145965778080305399e-02
1.146318540171771885e-02
1.146671905662624384e-02
1.147022898781977635e-02
1.147380321225823993e-02
1.147725514267120168e-02
1.148067597003634907e-02
1.148416665163927257e-02
1.148774401520197795e-02
1.149135311764993249e-02
1.149472284798161090e-02
1.149835633195198624e-02
1.150206161644301214e-02
1.150585099431174901e-02
1.150974315297546499e-02
1.151377062740855176e-02
1.151793300018115300e-02
1.152229716733615093e-02
1.152669664414637807e-02
1.153112838712167659e-02
1.153558502726804644e-02
1.154001467533993103e-02
1.154451095710713748e-02
1.154907044525081694e-02
1.155383264663952490e-02
1.155887915394886861e-02
1.156397027972855956e-02
1.156903977540431859e-02
1.157403801463983452e-02
1.157875430391333560e-02
1.158371229412233361e-02
1.158887689660387937e-02
1.159406818487236646e-02
1.159901403213719692e-02
1.160399782545637470e-02
1.160897858950127315e-02
1.161391593179424836e-02
1.161885848872959426e-02
1.162397503379076873e-02
1.162914852378051263e-02
1.163436062021673371e-02
1.163973797364523978e-02
1.164526694845471368e-02
1.165100180018815816e-02
1.165663360360965489e-02
1.166245649168831146e-02
1.166841631873109103e-02
1.167434426343749374e-02
1.168018678752015885e-02
1.168614395231677185e-02
1.169209382307582860e-02
1.169811102540056422e-02
1.170419640836657497e-02
1.171038085015234029e-02
1.171661674049145896e-02
1.172285155688564118e-02
1.172910769321915299e-02
1.173537932873629577e-02
1.174157954239207248e-02
1.174758668246017775e-02
1.175362824562969401e-02
1.175970104883638893e-02
1.176573210905706990e-02
1.177194003805731928e-02
1.177827144358561430e-02
1.178470595945877927e-02
1.179131161123578644e-02
1.179786251508348725e-02
1.180420976356118083e-02
1.181041714848102449e-02
1.181662330825069239e-02
1.182293950020526022e-02
