1.442163855475755117e-02
1.435754065001947077e-02
1.429607425931309246e-02
1.423771706714326360e-02
1.418085492909972219e-02
1.412507733716119283e-02
1.407000585561868529e-02
1.401624002360303371e-02
1.396385938024193203e-02
1.391321882750513189e-02
1.386584161606602660e-02
1.381904598264254748e-02
1.377270311199807300e-02
1.372718432931807446e-02
1.368291279217021504e-02
1.364015685755358594e-02
1.360066974639400489e-02
1.356294805467560607e-02
1.352685433941639738e-02
1.349088784721551477e-02
1.345574448922295593e-02
1.342144281069726323e-02
1.338766635198650537e-02
1.335455731322227058e-02
1.332131573853853265e-02
1.328844312532752141e-02
1.325641599239211522e-02
1.322473090381131970e-02
1.319333968197584223e-02
1.316230948398396453e-02
1.313197831817339983e-02
1.310242105440221662e-02
1.307375443862692985e-02
1.304541710910225513e-02
1.301785250557617804e-02
1.299142965284669562e-02
1.296616302138488795e-02
1.294179496262457679e-02
1.291804986429967265e-02
1.289488000629367657e-02
1.287243194267378467e-02
1.285043052642081095e-02
1.282891764138731523e-02
1.280767794028953889e-02
1.278666100457893744e-02
1.276610733201150039e-02
1.274567999724091939e-02
1.272592543404860860e-02
1.270657869724611463e-02
1.268763065377823476e-02
1.266937707273318482e-02
1.265214084450899841e-02
1.263526547470729053e-02
1.261856442387414290e-02
1.260261751113341683e-02
1.258780339447873077e-02
1.257332442489329967e-02
1.255879250762545647e-02
1.254434796889564510e-02
1.253009559135317627e-02
1.251626052865266459e-02
1.250256979975773383e-02
1.248914389715483075e-02
1.247640357334359185e-02
1.246406803630905995e-02
1.245171532390964599e-02
1.243930738153328601e-02
1.242682539511211041e-02
1.241441301608957500e-02
1.240187880182633783e-02
1.238937218575099190e-02
1.237694674621397234e-02
1.236479846201194235e-02
1.235347560594394350e-02
1.234260191086849860e-02
1.233155353238108397e-02
1.232075158096298390e-02
1.231003861189238283e-02
1.229992998174984573e-02
1.229016143029374765e-02
1.228054859697650693e-02
1.227122186724304877e-02
1.226210251485540699e-02
1.225295488191774709e-02
1.224375213014545702e-02
1.223477903199923084e-02
1.222615999450126813e-02
1.221744583339666977e-02
1.220869720266587466e-02
1.220032744575157146e-02
1.219218282827600787e-02
1.218380474344211983e-02
1.217540041997518252e-02
1.216714427247784537e-02
1.215901796892972751e-02
1.215098315360062936e-02
1.214309664347638235e-02
1.213529579306132748e-02
1.212770396386448138e-02
1.212026438542470642e-02
1.211297670234506157e-02
1.210576053934577477e-02
1.209859328801200437e-02
1.209137609888482311e-02
1.208426554822515826e-02
1.207735875503192224e-02
1.207059587692205574e-02
1.206389779090537122e-02
1.205731501504155902e-02
1.205085618095304290e-02
1.204455555407432307e-02
1.203835491134003753e-02
1.203236292796525976e-02
1.202658637200009276e-02
1.202104685287088900e-02
1.201540050529835077e-02
1.200999418377313513e-02
1.200474262275356800e-02
1.199959005722876088e-02
1.199445958963955491e-02
1.198948240668942788e-02
1.198456252794202932e-02
1.197966490608958975e-02
1.197480743375263675e-02
1.196992750937549491e-02
1.196511567646749846e-02
1.196048642324532008e-02
1.195612558776279824e-02
1.195192029207448742e-02
1.194777109223930760e-02
1.194370592891856424e-02
1.193960987191102462e-02
1.193536318475646452e-02
1.193114283445374443e-02
1.192711685655351364e-02
1.192315248638987392e-02
1.191917650314656442e-02
1.191534868165697661e-02
1.191159558786668293e-02
1.190801392334473428e-02
1.190450771023948522e-02
1.190117278682851186e-02
1.189800951626286858e-02
1.189492245184779230e-02
1.189190740377643954e-02
1.188923294487076628e-02
1.188663827710153068e-02
1.188406257460540398e-02
1.188155609438687130e-02
1.187922216132160716e-02
1.187709686306115398e-02
1.187501150753978406e-02
1.187295024276158704e-02
1.187099170837691182e-02
1.186900308802575979e-02
1.186711605175144908e-02
1.186553113647795255e-02
1.186413648651066244e-02
1.186280663897537439e-02
1.186166162498868484e-02
1.186064730919622612e-02
1.185967039925486972e-02
1.185873362590547306e-02
1.185780760492897642e-02
1.185697345212313909e-02
1.185616264308072230e-02
1.185540752538509837e-02
1.185473096462926097e-02
1.185411325502210879e-02
1.185338154053812258e-02
1.185278324594275789e-02
1.185219229061730550e-02
1.185154840311767287e-02
1.185088459658877567e-02
1.185020185580322634e-02
1.184970899132577887e-02
1.184921303295641618e-02
1.184877576806873251e-02
1.184851330548945120e-02
1.184832606558047612e-02
1.184818097574867439e-02
1.184798542989010453e-02
1.184772625505561318e-02
1.184750442145459867e-02
1.184719704704082638e-02
1.184686714304571294e-02
1.184677941428015011e-02
1.184683893099037870e-02
1.184695090041200556e-02
1.184708740902312880e-02
1.184718739833697139e-02
1.184745003796854740e-02
1.184774857139878762e-02
1.184831213789745534e-02
1.184897284278032398e-02
1.184954168983135513e-02
1.185018901628102223e-02
1.185091699328154335e-02
1.185177568656922871e-02
1.185267872047159748e-02
1.185347484838947946e-02
1.185425202266542251e-02
1.185490378446890994e-02
1.185544633473102974e-02
1.185613468303412833e-02
1.185680390710475499e-02
1.185743623968057818e-02
1.185782806286924014e-02
1.185825909603311148e-02
1.185885789464595670e-02
1.185940034151987572e-02
1.185988436889084778e-02
1.186042192550286131e-02
1.186099685178010864e-02
1.186167216283106653e-02
1.186233930104474074e-02
1.186304155506086484e-02
1.186383671888377456e-02
1.186468128417380100e-02
1.186561406027687726e-02
1.186669692244656481e-02
1.186792796575526429e-02
1.186909082454543768e-02
1.187021660574204447e-02
1.187143227264055717e-02
1.187264429510498723e-02
1.187384125649324287e-02
1.187512009358253524e-02
1.187675630749663799e-02
1.187843352000182706e-02
1.188015795765250474e-02
1.188186301001550350e-02
1.188359116964141614e-02
1.188520845059121839e-02
1.188674161748543533e-02
1.188832112297131746e-02
1.188997998924024892e-02
1.189167072750682737e-02
1.189343096073737678e-02
1.189524111496075703e-02
1.189704005931844707e-02
1.189892557578620287e-02
1.190077111720606179e-02
1.190254676561737501e-02
1.190425033435969088e-02
1.190597320567912329e-02
1.190773111009044843e-02
1.190956614726909092e-02
1.191148260007127493e-02
1.191335019936380635e-02
1.191530728372896392e-02
1.191741657103414891e-02
1.191945161527223178e-02
1.192149498226049119e-02
1.192368660534420637e-02
1.192602866342971218e-02
1.192843557951837885e-02
1.193077648999485429e-02
1.193318980322845453e-02
1.193569386545543717e-02
1.193827232324711808e-02
1.194090138697845825e-02
1.194361758370085340e-02
1.194633957274720756e-02
1.194906235529800270e-02
1.195184412857155411e-02
1.195470776462261714e-02
1.195762952552025318e-02
1.196060994112899470e-02
1.196362539241433050e-02
1.196669014953269904e-02
1.196979005863939120e-02
1.197285626577727913e-02
1.197602944093257259e-02
1.197930670732858319e-02
1.198260563096798653e-02
1.198592506682645727e-02
1.198924695815470169e-02
1.199242625647619666e-02
1.199566418883115521e-02
1.199901991136345658e-02
1.200235006340895534e-02
1.200575790134864908e-02
1.200939610629299208e-02
1.201319349029622043e-02
1.201697836432713377e-02
1.202082617592537504e-02
1.202478867088551881e-02
1.202874144993947708e-02
1.203278083470466810e-02
1.203681398516134003e-02
1.204077546174770440e-02
1.204473640330012800e-02
1.204859387135633932e-02
1.205245622450504261e-02
1.205631307740145756e-02
1.206023419381887715e-02
1.206416791584269572e-02
1.206817798488350746e-02
1.207238144930830766e-02
1.207660343314460351e-02
1.208074161050520963e-02
1.208496302570639946e-02
1.208924804015940394e-02
1.209364704010395392e-02
1.209821020500338046e-02
1.210302948056949345e-02
1.210790175551211718e-02
1.211282256346097111e-02
1.211780884198807723e-02
1.212292338650198392e-02
1.212818678417820761e-02
1.213355485206907280e-02
1.213902904794821221e-02
1.214462197483731978e-02
1.215044761047382946e-02
1.215616685965156124e-02
1.216187285963134246e-02
1.216767207958250989e-02
1.217356620214803294e-02
1.217944205084903718e-02
1.218523121112825153e-02
1.219107776995192842e-02
1.219698391139581103e-02
1.220288384696293325e-02
1.220885805919832111e-02
1.221490621209032207e-02
1.222096569115973738e-02
1.222716139193801878e-02
1.223331925005004608e-02
1.223938848121151717e-02
1.224543385037620696e-02
1.225149111952282717e-02
1.225748073143074698e-02
1.226339787337921150e-02
1.226942954102257233e-02
1.227536408578996062e-02
1.228128931269573815e-02
1.228722769058067724e-02
1.229312792855828673e-02
1.229905703252160039e-02
1.230490831360135477e-02
1.231067682984154574e-02
1.231639123269735910e-02
1.232224294283814671e-02
1.232815080052616571e-02
1.233412482407808715e-02
1.234012574665518946e-02
1.234618244458200037e-02
1.235223161843248575e-02
1.235824228276282376e-02
1.236439074547208972e-02
1.237057292307368675e-02
1.237674789710238241e-02
1.238305160753419565e-02
1.238938828070917410e-02
1.239576609204931165e-02
1.240225178897713838e-02
1.240890019050150568e-02
1.241560414250624141e-02
1.242220866607812377e-02
1.242890892453937975e-02
1.243554982783447171e-02
1.244245767429500403e-02
1.244961974200285010e-02
1.245691437923136108e-02
1.246438640993506250e-02
1.247177796067843944e-02
1.247935209239998608e-02
1.248707242796119957e-02
1.249489296219736395e-02
1.250286049119293287e-02
1.251085443587384230e-02
1.251888690299842767e-02
1.252704154912948238e-02
1.253520516418697023e-02
1.254333477228046154e-02
1.255153077886130529e-02
1.255984718617156673e-02
1.256813180419474006e-02
1.257637769558254265e-02
1.258450372644428009e-02
1.259243530477767437e-02
1.260021056532064157e-02
1.260804076376888933e-02
1.261594127394789766e-02
1.262380254571993966e-02
1.263190356180645887e-02
1.264012764862268087e-02
1.264843516971706980e-02
1.265678726146488714e-02
1.266517645406861625e-02
1.267356668572376319e-02
1.268194273768715082e-02
1.269042187802570457e-02
1.269898134582698665e-02
1.270756735854886021e-02
1.271626644177670414e-02
1.272503731777128479e-02
1.273388598563296448e-02
1.274280401663866261e-02
1.275187313399181628e-02
1.276113706314731255e-02
1.277044438433074837e-02
1.277984223222293318e-02
1.278935344010805053e-02
1.279892744081701297e-02
1.280858501537821340e-02
1.281830443159181002e-02
1.282811940951954395e-02
1.283793615021610462e-02
1.284773206852899384e-02
1.285770560777111347e-02
1.286779696045292111e-02
1.287777344108935636e-02
1.288759209188292988e-02
1.289749952729406755e-02
1.290750578114767400e-02
1.291734931748121477e-02
1.292714676077006894e-02
1.293701925872340133e-02
1.294700746358182566e-02
1.295716760818783723e-02
1.296737747734909643e-02
1.297767265469966340e-02
1.298794618773036098e-02
1.299843648963257964e-02
1.300887069309696227e-02
1.301936355902656370e-02
1.302988318440727496e-02
1.304022345193698099e-02
1.305064290707449830e-02
1.306097162097274826e-02
1.307129346214033934e-02
1.308179424243672423e-02
1.309263527588713609e-02
1.310351834439534881e-02
1.311452775328512087e-02
1.312560042799975832e-02
1.313671532387095976e-02
1.314782567841543334e-02
1.315915734057344737e-02
1.317051193681913895e-02
1.318191986328358378e-02
1.319337956138965338e-02
1.320494728207277993e-02
1.321661304061745590e-02
1.322840106604857534e-02
1.324034040786589705e-02
1.325248764267768740e-02
1.326485189707738571e-02
1.327717177467653033e-02
1.328932512748511215e-02
1.330140966510714139e-02
1.331346625689845513e-02
1.332556723712149428e-02
1.333785015602350493e-02
1.335032436119020643e-02
1.336286316588956510e-02
1.337537074347518173e-02
1.338789778905903616e-02
1.340074614966320875e-02
1.341367557824809861e-02
1.342650478101863575e-02
1.343928745780639290e-02
1.345216124932329532e-02
1.346517589304811226e-02
1.347838143274716037e-02
1.349150258958129942e-02
1.350467677034664776e-02
1.351807154922400958e-02
1.353176820484755863e-02
1.354553528463653574e-02
1.355936294603421292e-02
1.357301128188969502e-02
1.358669327060458773e-02
1.360026379262297899e-02
1.361374948591484446e-02
1.362725118628492146e-02
1.364072330212129716e-02
1.365409137324164780e-02
1.366758990605571739e-02
1.368120367148150870e-02
1.369502767164451976e-02
1.370891144957296637e-02
1.372272923481274685e-02
1.373646551525666178e-02
1.375019957414660987e-02
1.376378627254139057e-02
1.377743080758813722e-02
1.379123468969959548e-02
1.380524965691622488e-02
1.381921215074381759e-02
1.383319706947219382e-02
1.384713443996695575e-02
1.386081805575365908e-02
1.387480516114248698e-02
1.388892644890791540e-02
1.390308785517237015e-02
1.391745192815773552e-02
