2.250867441136359878e-02
2.230901403359224558e-02
2.211941308737782469e-02
2.193445704347391292e-02
2.175415977657705474e-02
2.157728656793019700e-02
2.141053103070611127e-02
2.125136749713300161e-02
2.109820136575812216e-02
2.094855023806404398e-02
2.080472681634486926e-02
2.066427596038230077e-02
2.052782743226190532e-02
2.039298425925948482e-02
2.026663141189155928e-02
2.014190810472647752e-02
2.002190145128323467e-02
1.990405921173008658e-02
1.978725478164387180e-02
1.967093320030228326e-02
1.955530959916582448e-02
1.944089401549122312e-02
1.932898814678903759e-02
1.921938356373888504e-02
1.911131259344184610e-02
1.900444163577521758e-02
1.889919434327692188e-02
1.879814755958578512e-02
1.870101237025182869e-02
1.860604776579119490e-02
1.851220909114571420e-02
1.841919326380483946e-02
1.832708337945023261e-02
1.823605144632385600e-02
1.814699446174790690e-02
1.805886474009757783e-02
1.797206592441688219e-02
1.788794735349930401e-02
1.780627095533493867e-02
1.772547124000367277e-02
1.764518018040429209e-02
1.756609214720137452e-02
1.748793000703041667e-02
1.741072498312804320e-02
1.733425088408097753e-02
1.725811623692877911e-02
1.718289575470951375e-02
1.710809398824158362e-02
1.703352305790185872e-02
1.695943029928302648e-02
1.688596763617670332e-02
1.681258380528111163e-02
1.673960517729902037e-02
1.666758407138420328e-02
1.659601487012551946e-02
1.652488409428630109e-02
1.645417611286294213e-02
1.638403317768087272e-02
1.631426564893283943e-02
1.624500088278925392e-02
1.617617747182827082e-02
1.610803332134631491e-02
1.604063472902713533e-02
1.597397978348135891e-02
1.590818619346792001e-02
1.584287107241645273e-02
1.577797749995302201e-02
1.571367919668667512e-02
1.565004947519057013e-02
1.558703885128711643e-02
1.552446169533889912e-02
1.546245847055547663e-02
1.540086882442216754e-02
1.533972274468660239e-02
1.527931552872780971e-02
1.521966695341624154e-02
1.516041719291971908e-02
1.510129444482783551e-02
1.504249878857141960e-02
1.498404391274825095e-02
1.492635106612058907e-02
1.486946185210042196e-02
1.481326849495021199e-02
1.475767749038118908e-02
1.470253269894784831e-02
1.464768969508783991e-02
1.459333469258191143e-02
1.453949350229438546e-02
1.448628698373960640e-02
1.443359650800365990e-02
1.438128963092430782e-02
1.432946133007218653e-02
1.427818485340283210e-02
1.422732023655475138e-02
1.417665855265184092e-02
1.412643971659867728e-02
1.407666562298404318e-02
1.402741757370431532e-02
1.397864635339122336e-02
1.393052149543167785e-02
1.388277095186829860e-02
1.383529317481029496e-02
1.378816117183563790e-02
1.374135139111219012e-02
1.369503368653028803e-02
1.364896474946765761e-02
1.360354685048995385e-02
1.355836175072391327e-02
1.351347158389349344e-02
1.346871055926464854e-02
1.342428382745945378e-02
1.338037590539981753e-02
1.333699191855579162e-02
1.329409019372835080e-02
1.325133367245947581e-02
1.320909013759574875e-02
1.316717977637840015e-02
1.312564933319769998e-02
1.308462706628610826e-02
1.304399119209723699e-02
1.300376750081776861e-02
1.296395443128587309e-02
1.292441780370988738e-02
1.288482387839303724e-02
1.284551750409427227e-02
1.280657659416168867e-02
1.276794917793146709e-02
1.272968782054958135e-02
1.269190819015034340e-02
1.265456728499634795e-02
1.261754761990565785e-02
1.258091980901939431e-02
1.254458429208492494e-02
1.250888401034889498e-02
1.247378423054525814e-02
1.243916003129573108e-02
1.240462073960608459e-02
1.237036532089928059e-02
1.233647808308363167e-02
1.230289296368355587e-02
1.226961944081235781e-02
1.223671347074899510e-02
1.220429582900489987e-02
1.217215175244003127e-02
1.214021425325440690e-02
1.210873327500808401e-02
1.207760381664436250e-02
1.204689395670874470e-02
1.201643608741955783e-02
1.198620500014875058e-02
1.195611755785938243e-02
1.192633678823582996e-02
1.189688453462020915e-02
1.186778019005428099e-02
1.183888108140569197e-02
1.181026834514969925e-02
1.178210050124512721e-02
1.175423918267818300e-02
1.172681451642305916e-02
1.169968336151579365e-02
1.167320158789753731e-02
1.164698904232348321e-02
1.162090891377226543e-02
1.159521318255149480e-02
1.156999598103326289e-02
1.154496960311718508e-02
1.152004231245271938e-02
1.149531269744341264e-02
1.147082075639943750e-02
1.144634245225914157e-02
1.142206180568107118e-02
1.139794159949765288e-02
1.137394440976491512e-02
1.135024553893137361e-02
1.132675924457742477e-02
1.130344283513026911e-02
1.128030457389185212e-02
1.125734042096823012e-02
1.123448365736874448e-02
1.121187370725153405e-02
1.118937241037921623e-02
1.116693208411359203e-02
1.114480489486103891e-02
1.112290003676482189e-02
1.110123470586743370e-02
1.107982793076722414e-02
1.105861382216384754e-02
1.103760738685464343e-02
1.101679398248568004e-02
1.099627248177805112e-02
1.097589599077611333e-02
1.095575925184233933e-02
1.093569209316768050e-02
1.091585272713106562e-02
1.089627624368783021e-02
1.087699407026630587e-02
1.085810831046886069e-02
1.083952692036506057e-02
1.082127440812789658e-02
1.080352295129751242e-02
1.078595679713936079e-02
1.076851503449496004e-02
1.075122509225397323e-02
1.073418388910050460e-02
1.071740076874319603e-02
1.070088071707803179e-02
1.068478919658151505e-02
1.066882565775402122e-02
1.065324248411714421e-02
1.063781460731193229e-02
1.062267938631721899e-02
1.060771492644429874e-02
1.059295553706759638e-02
1.057842027004781034e-02
1.056400243910056956e-02
1.054987211781613192e-02
1.053594448392988422e-02
1.052238824113842751e-02
1.050916754216785209e-02
1.049609340372597600e-02
1.048315835859999975e-02
1.047043595715594841e-02
1.045813478250416130e-02
1.044606551017139735e-02
1.043426315257184496e-02
1.042258656930322887e-02
1.041099190826019413e-02
1.039957526877535211e-02
1.038828104092021781e-02
1.037724241712912991e-02
1.036644409077896838e-02
1.035586444856636049e-02
1.034549408733444718e-02
1.033539435247215338e-02
1.032546274233253451e-02
1.031569756393380284e-02
1.030606636371973750e-02
1.029659148388052670e-02
1.028731636038401377e-02
1.027822562457415823e-02
1.026948299166686833e-02
1.026092148971791129e-02
1.025242881846361379e-02
1.024408836048789316e-02
1.023588705527628782e-02
1.022786092844735380e-02
1.022009268022288676e-02
1.021255997875151859e-02
1.020521430395062920e-02
1.019787762650791255e-02
1.019074342968698428e-02
1.018395632514896253e-02
1.017732774832387846e-02
1.017095123710167262e-02
1.016470659494483723e-02
1.015877187959743876e-02
1.015301434319439491e-02
1.014748557903259740e-02
1.014213608742622029e-02
1.013692564778046444e-02
1.013176415469365689e-02
1.012666963389859814e-02
1.012173243375923647e-02
1.011691639942176139e-02
1.011229783913245202e-02
1.010788161730615843e-02
1.010375302662380390e-02
1.009983336281755628e-02
1.009606843754668956e-02
1.009254017820619687e-02
1.008917177511702186e-02
1.008583114209857245e-02
1.008270624923866127e-02
1.007974464770303863e-02
1.007686137565302203e-02
1.007416057343853491e-02
1.007174849052880350e-02
1.006944029725260863e-02
1.006737690914289406e-02
1.006567686594124489e-02
1.006423151957218029e-02
1.006285360557236143e-02
1.006161561199404864e-02
1.006055705380757420e-02
1.005962828399893129e-02
1.005900237958561039e-02
1.005870930246819533e-02
1.005859151229106414e-02
1.005866889835933635e-02
1.005889905083306134e-02
1.005922131960896269e-02
1.005956886163054086e-02
1.006015950032857972e-02
1.006096995009556246e-02
1.006188703445281413e-02
1.006291581942217288e-02
1.006398570120133583e-02
1.006519460133995306e-02
1.006661574711592219e-02
1.006817945229722226e-02
1.007002502214556471e-02
1.007202712172986653e-02
1.007402295598920118e-02
1.007646109531023203e-02
1.007897473128016759e-02
1.008165218326951065e-02
1.008440393260462767e-02
1.008712460086189089e-02
1.008988818814599703e-02
1.009289137758537756e-02
1.009601197466554641e-02
1.009920423527707785e-02
1.010257815412676265e-02
1.010621191337202247e-02
1.011005924420830919e-02
1.011413429789560260e-02
1.011833819654339543e-02
1.012263289846321475e-02
1.012713733110240204e-02
1.013187774730983821e-02
1.013673914580510288e-02
1.014177848056329809e-02
1.014713865992492720e-02
1.015293707085314356e-02
1.015900972415329992e-02
1.016532967686027689e-02
1.017179581014431705e-02
1.017847169999477538e-02
1.018544333954763889e-02
1.019274885061723611e-02
1.020022704582916086e-02
1.020778230660593713e-02
1.021552830310489511e-02
1.022370528882697409e-02
1.023214141707427458e-02
1.024078513848989021e-02
1.024965739176918363e-02
1.025877193788167670e-02
1.026819285424949990e-02
1.027780749425850557e-02
1.028747264974240634e-02
1.029738361067362822e-02
1.030756175514738193e-02
1.031807061004363056e-02
1.032881663230302526e-02
1.033972728217920529e-02
1.035068824075387715e-02
1.036194409090888773e-02
1.037331538174416853e-02
1.038470013372318895e-02
1.039621977628774757e-02
1.040781941805735480e-02
1.041961635811518641e-02
1.043158954662356912e-02
1.044368837505822885e-02
1.045591513088310436e-02
1.046834019561586858e-02
1.048102433567152034e-02
1.049377415049700460e-02
1.050661482545802751e-02
1.051965098424435287e-02
1.053271992225972981e-02
1.054599990660932962e-02
1.055951769415951202e-02
1.057341139086885769e-02
1.058756952099459622e-02
1.060198548061540291e-02
1.061660960720904254e-02
1.063140002080009000e-02
1.064634344634356362e-02
1.066132025076765508e-02
1.067634353077269449e-02
1.069145159685647856e-02
1.070672756279360087e-02
1.072222186910250924e-02
1.073782609774647130e-02
1.075354556029430204e-02
1.076956938736636782e-02
1.078596503200955105e-02
1.080251511794703793e-02
1.081919075851553620e-02
1.083602365770680760e-02
1.085311573302446403e-02
1.087042732475469037e-02
1.088774304425883278e-02
1.090507656462644075e-02
1.092273673226025477e-02
1.094071083816569243e-02
1.095893896629570631e-02
1.097734116526229153e-02
1.099577016374286842e-02
1.101416245941217419e-02
1.103249315251440474e-02
1.105096189858876567e-02
1.106947621688967286e-02
1.108820476458903179e-02
1.110709091467693491e-02
1.112612342110184081e-02
1.114527927481966975e-02
1.116461791887645230e-02
1.118398045336172798e-02
1.120342959872748859e-02
1.122306157707983650e-02
1.124292026378647183e-02
1.126277423728350331e-02
1.128271062151536483e-02
1.130272227364973771e-02
1.132289375489602644e-02
1.134300834549249043e-02
1.136318750977444690e-02
1.138356356137653312e-02
1.140408691790236427e-02
1.142444649459465819e-02
1.144476059340213993e-02
1.146507273171086527e-02
1.148555701783562748e-02
1.150628591398163841e-02
1.152721831558497882e-02
1.154793769872416651e-02
1.156864875265143158e-02
1.158944274071629227e-02
1.161037519142902805e-02
1.163139532825953858e-02
1.165254261577640740e-02
1.167382983017654571e-02
1.169514086263343661e-02
1.171648730167203049e-02
1.173787390831897495e-02
1.175935956473930961e-02
1.178106245915474214e-02
1.180272547932584293e-02
1.182449858337606199e-02
1.184622555173404229e-02
1.186783851780009481e-02
1.188952011295381708e-02
1.191120738670446537e-02
1.193281252628372070e-02
1.195452629843022502e-02
1.197642452417336384e-02
1.199856108039690575e-02
1.202078641477609400e-02
1.204302788029930696e-02
1.206537473458496948e-02
1.208778898634635911e-02
1.210993779019463659e-02
1.213230229801558029e-02
1.215461161333789702e-02
1.217704559286034507e-02
1.219986479940355154e-02
1.222280072347130611e-02
1.224576546829237757e-02
1.226912759729426559e-02
1.229252415327465424e-02
1.231554055601023767e-02
1.233833470383828394e-02
1.236122779934387128e-02
1.238435701928413020e-02
1.240762330742390708e-02
1.243073599429851163e-02
1.245377217131984557e-02
1.247682515021615417e-02
1.249987244146907005e-02
1.252286221269648982e-02
1.254570470613956476e-02
1.256835590944123220e-02
1.259089500503975112e-02
1.261343340664497319e-02
1.263602818842077605e-02
1.265864562384372109e-02
1.268126321951837561e-02
1.270382903579738397e-02
1.272619437460099055e-02
1.274855436564991361e-02
1.277093663427139592e-02
1.279317413098005236e-02
1.281512008330136856e-02
1.283696774187551189e-02
1.285844058462071518e-02
1.287998198666655096e-02
1.290193576288996107e-02
1.292392125602865975e-02
1.294593701347842782e-02
1.296812062942625556e-02
1.299043038673313062e-02
1.301271300722201159e-02
1.303503444481086786e-02
1.305709429215885266e-02
1.307880753056377132e-02
1.310053587140011695e-02
1.312242411759717564e-02
1.314452302759211433e-02
1.316666532186080117e-02
1.318884118886298057e-02
1.321100473716103722e-02
1.323319639154147374e-02
1.325536036114645030e-02
1.327747519033960211e-02
1.329947480889123214e-02
1.332150784767875858e-02
1.334352243167244781e-02
