1.005112718574465401e-02
1.009986568346399154e-02
1.014870577333671850e-02
1.019779419375086219e-02
1.024650129683546407e-02
1.029495849448557911e-02
1.034302079508913307e-02
1.039053704380495970e-02
1.043645232446244360e-02
1.048072235379532945e-02
1.052267761324248221e-02
1.056399977569138886e-02
1.060494364475406646e-02
1.064525084394845472e-02
1.068462112408675134e-02
1.072257792388306256e-02
1.075945038209614665e-02
1.079563143995859557e-02
1.083116386739188183e-02
1.086596646524203014e-02
1.090030679990975498e-02
1.093396115386861128e-02
1.096738346173531560e-02
1.100041364820554708e-02
1.103301559509617044e-02
1.106427971289102724e-02
1.109461297211685772e-02
1.112465107773925876e-02
1.115415636968680561e-02
1.118322843405871077e-02
1.121136419098034583e-02
1.123887984841594884e-02
1.126595233556192642e-02
1.129271786411053212e-02
1.131894990114539444e-02
1.134427418202767039e-02
1.136869146149122045e-02
1.139286257074210648e-02
1.141654738325414975e-02
1.143968100774652927e-02
1.146248147797937836e-02
1.148520526615334422e-02
1.150774435550765140e-02
1.153012716164297444e-02
1.155244614236520390e-02
1.157446176918428341e-02
1.159600457300863363e-02
1.161705054935976283e-02
1.163720894285779663e-02
1.165676488006617793e-02
1.167602818408160041e-02
1.169508701596097371e-02
1.171357093319798370e-02
1.173207888689920680e-02
1.175043718779596354e-02
1.176849788834291415e-02
1.178652346016411528e-02
1.180459764414782363e-02
1.182253659927335644e-02
1.184012657399060101e-02
1.185753267667070260e-02
1.187464992435039064e-02
1.189128208493317809e-02
1.190766336370916237e-02
1.192390272150261991e-02
1.193971751694397274e-02
1.195541510376737192e-02
1.197117146161322254e-02
1.198678920108336814e-02
1.200217729015981387e-02
1.201729624747358005e-02
1.203235069765830681e-02
1.204739301653008458e-02
1.206233606915989125e-02
1.207723202846446887e-02
1.209208146760215423e-02
1.210675444569812680e-02
1.212097808704450455e-02
1.213484815883885369e-02
1.214864170268735444e-02
1.216237361553731446e-02
1.217599074163791192e-02
1.218948426779124967e-02
1.220272031080119578e-02
1.221571969757452060e-02
1.222859503272338659e-02
1.224143857729301753e-02
1.225426469125825805e-02
1.226708421874896440e-02
1.227971358173818653e-02
1.229197431151460122e-02
1.230384904984555515e-02
1.231571094930056405e-02
1.232753457444382694e-02
1.233915004424640700e-02
1.235061526967016002e-02
1.236198266982498420e-02
1.237325057563761974e-02
1.238445328872821508e-02
1.239549911410194223e-02
1.240640039372520667e-02
1.241715774921956297e-02
1.242788778438199716e-02
1.243846803653544941e-02
1.244894061698624543e-02
1.245940038311579498e-02
1.246977873103762187e-02
1.248003636548150434e-02
1.249020936892934232e-02
1.250029387853950069e-02
1.251019906777803455e-02
1.251989593883946934e-02
1.252940097180292763e-02
1.253872597489323615e-02
1.254810068056847784e-02
1.255740477339527782e-02
1.256660757938696943e-02
1.257577048787217149e-02
1.258479001113946109e-02
1.259378941635532628e-02
1.260277177802637816e-02
1.261170192348687498e-02
1.262058435787764832e-02
1.262939891274552674e-02
1.263816260061886680e-02
1.264700425482639251e-02
1.265568349134068432e-02
1.266428025121055408e-02
1.267282913717428412e-02
1.268136832144777133e-02
1.268975542426334716e-02
1.269805105436872493e-02
1.270622501982471633e-02
1.271444597909479439e-02
1.272247073340778724e-02
1.272991947199408370e-02
1.273725671674519680e-02
1.274440355144785056e-02
1.275135716523535107e-02
1.275811030930250681e-02
1.276471233600671995e-02
1.277129445789767365e-02
1.277764778428610963e-02
1.278384681024738803e-02
1.278997804973515222e-02
1.279614386611414682e-02
1.280229290388059001e-02
1.280843925226147172e-02
1.281465975712135948e-02
1.282085020961612996e-02
1.282694965464760070e-02
1.283294325342433130e-02
1.283897540953800147e-02
1.284498370107034319e-02
1.285100549122458399e-02
1.285709004060110044e-02
1.286321298447814544e-02
1.286930553351665896e-02
1.287555366111895611e-02
1.288190831346106013e-02
1.288805825587425492e-02
1.289409805496063294e-02
1.289996058722351138e-02
1.290581200008545162e-02
1.291147238903149301e-02
1.291704067718401835e-02
1.292248801794279763e-02
1.292780191555147236e-02
1.293288630169434419e-02
1.293792552787133114e-02
1.294278296657576377e-02
1.294764110831995822e-02
1.295239715680107997e-02
1.295707860294158242e-02
1.296175138256619799e-02
1.296634493064352696e-02
1.297095452715424369e-02
1.297548395386975868e-02
1.297985863171179609e-02
1.298401365356822122e-02
1.298817910212464455e-02
1.299232390922688135e-02
1.299630265678653092e-02
1.300006326299770268e-02
1.300369742027051786e-02
1.300737038947371964e-02
1.301102644695206062e-02
1.301462934480252312e-02
1.301824750275134591e-02
1.302181721298951642e-02
1.302536120282816144e-02
1.302869948633411830e-02
1.303179260023133550e-02
1.303478792439931831e-02
1.303754610705231375e-02
1.304023362387041717e-02
1.304277976249404621e-02
1.304509451832544346e-02
1.304726307031811930e-02
1.304946016262348296e-02
1.305153782863399496e-02
1.305362492881778462e-02
1.305554152635107767e-02
1.305726176384498782e-02
1.305869800687624836e-02
1.306016307195304385e-02
1.306163602038010879e-02
1.306296366186108886e-02
1.306419787917958986e-02
1.306538282426654256e-02
1.306658236259796400e-02
1.306768286795704018e-02
1.306872154975705427e-02
1.306962863388633905e-02
1.307036451491007389e-02
1.307110755039726617e-02
1.307178686256721747e-02
1.307236050424236302e-02
1.307284725071987917e-02
1.307335011800252363e-02
1.307388484952849532e-02
1.307441210608758543e-02
1.307499828358201638e-02
1.307553901162360373e-02
1.307585335827715113e-02
1.307613097885725051e-02
1.307634083364147756e-02
1.307634831377776745e-02
1.307621377471274160e-02
1.307579252982951461e-02
1.307537690926438220e-02
1.307489261308721409e-02
1.307446581108822128e-02
1.307394532387154418e-02
1.307339524178253651e-02
1.307281195140359842e-02
1.307213941633017691e-02
1.307140865819176635e-02
1.307070971260258264e-02
1.306990871252090153e-02
1.306901623455961232e-02
1.306805269271885811e-02
1.306711730865445058e-02
1.306622067965691920e-02
1.306520639488746756e-02
1.306419619912133588e-02
1.306312262121902233e-02
1.306202459200734266e-02
1.306082963118848812e-02
1.305955367605353412e-02
1.305816024090659944e-02
1.305678706984692017e-02
1.305541861328917384e-02
1.305401982263346486e-02
1.305253576772898334e-02
1.305103651475906026e-02
1.304954979243901081e-02
1.304792371316380352e-02
1.304615235278955981e-02
1.304442020239027222e-02
1.304274122971179999e-02
1.304118393977564926e-02
1.303966155369591477e-02
1.303796479307758362e-02
1.303618216338950885e-02
1.303428697496778789e-02
1.303242283919202153e-02
1.303058775550053512e-02
1.302876502669898101e-02
1.302681937966611303e-02
1.302467293724006783e-02
1.302268130830512398e-02
1.302079780791944551e-02
1.301892666759310938e-02
1.301696776619296579e-02
1.301503402431136019e-02
1.301314818218294450e-02
1.301137548810091769e-02
1.300963400691655496e-02
1.300779408465729467e-02
1.300593233714895415e-02
1.300405869482817132e-02
1.300230192252898806e-02
1.300042312630642245e-02
1.299838632706677537e-02
1.299640783877208799e-02
1.299460974737866141e-02
1.299276513129510834e-02
1.299093911991819512e-02
1.298917329598207708e-02
1.298726860101533966e-02
1.298526732079189998e-02
1.298307640076209329e-02
1.298078969156472688e-02
1.297832236318146801e-02
1.297581556635275107e-02
1.297342227942912402e-02
1.297103948123841562e-02
1.296863927764418944e-02
1.296626233122561735e-02
1.296387660714884080e-02
1.296139959129121409e-02
1.295901090514250086e-02
1.295655202357520394e-02
1.295409137923909416e-02
1.295152810660597266e-02
1.294886097535626057e-02
1.294617470178126457e-02
1.294357136622053574e-02
1.294096377106595565e-02
1.293838909988375384e-02
1.293581880202242414e-02
1.293322723720829667e-02
1.293054210090350577e-02
1.292768013975977189e-02
1.292469880659999348e-02
1.292164311147716085e-02
1.291861323238794115e-02
1.291551661104602816e-02
1.291240722643079153e-02
1.290924465375591947e-02
1.290613919789229160e-02
1.290301450148459254e-02
1.289984956121993480e-02
1.289657309610363171e-02
1.289330185726085369e-02
1.289001424689656047e-02
1.288675680520911040e-02
1.288346926721655773e-02
1.288019153042539201e-02
1.287692285044057111e-02
1.287387115127168122e-02
1.287075028539680192e-02
1.286761121802926407e-02
1.286442394074393571e-02
1.286106322458322251e-02
1.285753643595639872e-02
1.285394743864946496e-02
1.285029331194576484e-02
1.284657086114990819e-02
1.284266496867029171e-02
1.283864050026377324e-02
1.283471821041559137e-02
1.283080045930940286e-02
1.282649798003232706e-02
1.282188839127572366e-02
1.281733907267047605e-02
1.281280062016507647e-02
1.280853974429979267e-02
1.280429121298562456e-02
1.280008398008805788e-02
1.279582578714657214e-02
1.279133766401706861e-02
1.278675134277493936e-02
1.278220504827455063e-02
1.277757596050337410e-02
1.277286869574455544e-02
1.276823696123545286e-02
1.276361320312600217e-02
1.275894060443073796e-02
1.275409864552459228e-02
1.274929772656454782e-02
1.274460516877721876e-02
1.273988967431765804e-02
1.273517622177505228e-02
1.273031467597436454e-02
1.272533235724751695e-02
1.272033902767733850e-02
1.271544573652975442e-02
1.271051118315143572e-02
1.270551510862454048e-02
1.270049438118128933e-02
1.269556750954625203e-02
1.269052012345555681e-02
1.268547860464522802e-02
1.268023436742119793e-02
1.267485427293258728e-02
1.266939052705112756e-02
1.266384082938936534e-02
1.265830167732403221e-02
1.265261785931945382e-02
1.264690840104120556e-02
1.264110322079772808e-02
1.263525155204999265e-02
1.262945711384052400e-02
1.262386370364768085e-02
1.261826523260243561e-02
1.261259136571213531e-02
1.260686599082045355e-02
1.260123471469925920e-02
1.259561847639179520e-02
1.259011248609170214e-02
1.258471923028519485e-02
1.257941688372319657e-02
1.257428714893097689e-02
1.256917974599001779e-02
1.256407144357171712e-02
1.255909892087684644e-02
1.255398891772265164e-02
1.254873930431220537e-02
1.254345310698709061e-02
1.253828075040930648e-02
1.253306270141640692e-02
1.252781475772539455e-02
1.252261742772783210e-02
1.251737448285630480e-02
1.251217100126082553e-02
1.250700173599022733e-02
1.250171363115281861e-02
1.249646745023062083e-02
1.249120162038096227e-02
1.248589224859075406e-02
1.248074879935376705e-02
1.247543041211249433e-02
1.246993694212345481e-02
1.246423398696300429e-02
1.245833394804576888e-02
1.245237814670270907e-02
1.244638324394230396e-02
1.244033268214427695e-02
1.243412834590656296e-02
1.242775237491755905e-02
1.242130831245985209e-02
1.241481050364622724e-02
1.240825145283216621e-02
1.240177880870648938e-02
1.239531654992553217e-02
1.238880496980362955e-02
1.238236738978607844e-02
1.237597605531051519e-02
1.236961806352954163e-02
1.236308414121755836e-02
1.235643589740311431e-02
1.234979985856571316e-02
1.234327496204361448e-02
1.233678022902894890e-02
1.233020782821352482e-02
1.232347704184468158e-02
1.231684400126508913e-02
1.231017923860094378e-02
1.230353543789440736e-02
1.229697407635406935e-02
1.229062762011154213e-02
1.228430193714315742e-02
1.227799209841646394e-02
1.227161841747609686e-02
1.226524708344787704e-02
1.225894131304686510e-02
1.225247581046112408e-02
1.224595068906969043e-02
1.223931705659265026e-02
1.223251434046816570e-02
1.222573900929323047e-02
1.221901216718422785e-02
1.221225979852857448e-02
1.220549973520611634e-02
1.219858450687267420e-02
1.219158739249990610e-02
1.218466677764122943e-02
1.217775459925969639e-02
1.217079974998320178e-02
1.216377224464896059e-02
1.215662435667901574e-02
1.214945749180490822e-02
1.214216324232923576e-02
1.213492798357593792e-02
1.212770676494023814e-02
1.212040406089448692e-02
1.211300641287971214e-02
1.210554798035728616e-02
1.209807275500643028e-02
1.209052440835092432e-02
1.208285131866236942e-02
1.207501544683717634e-02
1.206702190283714428e-02
1.205896815588808693e-02
1.205090759565663298e-02
1.204278809639690133e-02
1.203458707554124971e-02
1.202612251299366858e-02
1.201770088498095926e-02
1.200925308424535126e-02
1.200090835637601140e-02
1.199250640055311151e-02
1.198406568449392542e-02
1.197570949862729155e-02
1.196730590410141626e-02
1.195883596278271739e-02
1.195030085846608345e-02
1.194161414569255841e-02
1.193308105227642267e-02
1.192473338818219458e-02
1.191609950936371905e-02
1.190726359449366216e-02
1.189838060697601813e-02
1.188954740863092281e-02
1.188065145364825860e-02
1.187179413225133290e-02
1.186299513989230205e-02
1.185427219989339774e-02
