1.616657812212512341e-02
1.609492304561568540e-02
1.601856381088542780e-02
1.593929156924796947e-02
1.586123425605657361e-02
1.578447579756761879e-02
1.570823250006572400e-02
1.562970301446601346e-02
1.555169796330931400e-02
1.547173354888995572e-02
1.539271096323328002e-02
1.531453442291442167e-02
1.523712528750459892e-02
1.515919946456070581e-02
1.508197042786904758e-02
1.500389801412534661e-02
1.492470535167964886e-02
1.484678047595606315e-02
1.476957901859851652e-02
1.469274916337893339e-02
1.461690918720929579e-02
1.454161426443898938e-02
1.446675716888354800e-02
1.439110239542720771e-02
1.431560596845126918e-02
1.424084645773074191e-02
1.416601976625568582e-02
1.408907777537495715e-02
1.401035960687305529e-02
1.393229334583268725e-02
1.385503928391881336e-02
1.377923942506636794e-02
1.370380862269731347e-02
1.362859349055187130e-02
1.355402684910900039e-02
1.348022967193360233e-02
1.340746087154776230e-02
1.333601306291037555e-02
1.326534728189551413e-02
1.319522051997919047e-02
1.312603809442216413e-02
1.305734752569545284e-02
1.298928515855063068e-02
1.292199327055218103e-02
1.285527535154439537e-02
1.278891356200000627e-02
1.272313609321106334e-02
1.265824479976311416e-02
1.259426704532850411e-02
1.253154091144085928e-02
1.246980701619660251e-02
1.240858113127181993e-02
1.234831940667418561e-02
1.228844829627924636e-02
1.222982435365009904e-02
1.217221064685016646e-02
1.211526486145508320e-02
1.205921728617328353e-02
1.200436481959835620e-02
1.195066056163912767e-02
1.189754528864962226e-02
1.184486845180232097e-02
1.179248252153443366e-02
1.173845720240646907e-02
1.168508596850101160e-02
1.163257447656986139e-02
1.158106944427268574e-02
1.153082681983945250e-02
1.148166761246146444e-02
1.143440292181307355e-02
1.138826495394833216e-02
1.134328871796063190e-02
1.129918035989308824e-02
1.125574221939390322e-02
1.121324987414243531e-02
1.117138705404409176e-02
1.113018686529432776e-02
1.108932311312863656e-02
1.104908122378037323e-02
1.100979151073091036e-02
1.097134309423174539e-02
1.093352928573752651e-02
1.089632935211805841e-02
1.085942879931682190e-02
1.082297524146984789e-02
1.078700475329337494e-02
1.075143476593154977e-02
1.071607474009952585e-02
1.068114087460367637e-02
1.064713525540789477e-02
1.061323989857595670e-02
1.057987259169310829e-02
1.054698466285876324e-02
1.051455050752400297e-02
1.048234916540894367e-02
1.045039366502146898e-02
1.041884672527857401e-02
1.038802517868691287e-02
1.035751749608111900e-02
1.032736231474665548e-02
1.029710603455908681e-02
1.026692826794043181e-02
1.023702715730996811e-02
1.020742800698160729e-02
1.017784235031395611e-02
1.014832795083108440e-02
1.011897720057086843e-02
1.008983954527905604e-02
1.006040064432903343e-02
1.003094809748646642e-02
1.000146257976562876e-02
9.972205012303099123e-03
9.942911678816659590e-03
9.913734244500621573e-03
9.884782663026496496e-03
9.855968407353553340e-03
9.827133625754852497e-03
9.798088954513608714e-03
9.768875644228449881e-03
9.739798226228025060e-03
9.710866891587958266e-03
9.681864075644022391e-03
9.652897304815690610e-03
9.623961855687417077e-03
9.595204327516331302e-03
9.566633391174037340e-03
9.538115484368609245e-03
9.509610132460910234e-03
9.481189032416573875e-03
9.452836861678540203e-03
9.424464962117552747e-03
9.396085313533296748e-03
9.367847109467090233e-03
9.339723261109626404e-03
9.311776494319926045e-03
9.283860539676502821e-03
9.256088647092959934e-03
9.228440480933337506e-03
9.200903627960084832e-03
9.173464180103608340e-03
9.146115917001982829e-03
9.118698081837418520e-03
9.091319494999987663e-03
9.063942975978315705e-03
9.036736552774647310e-03
9.009477102148442593e-03
8.982291849741497539e-03
8.955119710415675172e-03
8.928075084280668108e-03
8.901097099745776051e-03
8.874109429460380269e-03
8.847256194685629987e-03
8.820599634984412421e-03
8.794184292968789882e-03
8.767907790615375382e-03
8.741776365200740889e-03
8.715818061211830919e-03
8.689932234376709919e-03
8.664368043808370543e-03
8.639093956373647409e-03
8.614063562506170044e-03
8.589128140160440239e-03
8.564376034544718061e-03
8.539666737789605028e-03
8.515104560417059015e-03
8.490682709081443999e-03
8.466342999506810615e-03
8.442305681557814301e-03
8.418466892950672922e-03
8.394697720807422006e-03
8.371034622538220046e-03
8.347535363781466433e-03
8.324084269485850993e-03
8.300759838419971906e-03
8.277623770992299096e-03
8.254600252577490999e-03
8.231795449022995953e-03
8.209221951170171325e-03
8.186872986816690415e-03
8.164666544232923595e-03
8.142604560146111253e-03
8.120736792165827653e-03
8.099027331550821482e-03
8.077431750920070416e-03
8.055907395759133102e-03
8.034643547325888771e-03
8.013715863785178181e-03
7.993078996964811736e-03
7.972758872792029550e-03
7.952694159809125737e-03
7.932907330183583058e-03
7.913491944121178734e-03
7.894383605441361584e-03
7.875637461183538843e-03
7.857150310849546002e-03
7.838948109967257619e-03
7.820894044403602433e-03
7.803061793309569970e-03
7.785524436423296203e-03
7.768193628536520200e-03
7.750998515244526994e-03
7.733922093097075900e-03
7.717102470197834650e-03
7.700450054940391822e-03
7.684035450124069612e-03
7.667890950041203815e-03
7.651876271998651197e-03
7.635904766481647031e-03
7.620190955632047229e-03
7.604673427647572030e-03
7.589172564820370094e-03
7.573855959600489345e-03
7.558868280860821416e-03
7.544186535251283000e-03
7.529677472343777184e-03
7.515290699172246999e-03
7.501024136292113245e-03
7.486866659150596959e-03
7.472865534675310513e-03
7.458975556354241823e-03
7.445228339779464029e-03
7.431565735561492143e-03
7.418087405865491681e-03
7.404921719129181623e-03
7.391991163976562897e-03
7.379111639260809048e-03
7.366453898356876973e-03
7.354007904535310447e-03
7.341661644766163397e-03
7.329441124264086775e-03
7.317394630121419087e-03
7.305481573525147466e-03
7.293662864722964476e-03
7.282006329340369802e-03
7.270402335084169207e-03
7.258797137773606752e-03
7.247296876826992383e-03
7.236156758344094650e-03
7.225120545488762473e-03
7.214313045108076104e-03
7.203628124126719434e-03
7.193134329157073459e-03
7.182837492581320427e-03
7.172674998485647005e-03
7.162858210201336617e-03
7.153367359790310277e-03
7.144067531788774947e-03
7.134931234607355850e-03
7.125881275076874181e-03
7.117081348935266893e-03
7.108238690048968716e-03
7.099346456442726799e-03
7.090542351325814820e-03
7.081776252366549229e-03
7.073203941361777720e-03
7.064766242414295336e-03
7.056410906175389873e-03
7.048208291239149367e-03
7.040214085913723552e-03
7.032426841882349032e-03
7.024795218958663177e-03
7.017347347260014315e-03
7.010064936765723898e-03
7.002861147671231995e-03
6.995707500994567327e-03
6.988504488916733905e-03
6.981474621522264744e-03
6.974593922297143457e-03
6.967860609917466558e-03
6.961246862958218699e-03
6.954720637675291216e-03
6.948267698277777772e-03
6.941959945764259593e-03
6.935704679404529165e-03
6.929465296956752694e-03
6.923325418099312255e-03
6.917245550299837634e-03
6.911196207097617360e-03
6.905260693135708422e-03
6.899353960505109039e-03
6.893509175659711524e-03
6.887685836474072461e-03
6.881931313478025641e-03
6.876268338901768244e-03
6.870663757920229993e-03
6.865085226554296094e-03
6.859531191827815226e-03
6.854041561739206319e-03
6.848662995345904808e-03
6.843286293792582783e-03
6.837953957247516409e-03
6.832627420312498319e-03
6.827384304308744579e-03
6.822239429639694389e-03
6.817072808018710510e-03
6.811831211161810222e-03
6.806579644176881209e-03
6.801386028891484234e-03
6.796138760341563327e-03
6.790903881771549917e-03
6.785741946565320565e-03
6.780603927614674807e-03
6.775488771982750812e-03
6.770420667616672099e-03
6.765379080133356732e-03
6.760450678076550951e-03
6.755594300706692368e-03
6.750665969479975777e-03
6.745683382404389118e-03
6.740746298904324620e-03
6.735781886618375652e-03
6.730778505096990036e-03
6.725831773904380508e-03
6.720933476750116063e-03
6.715962960390449259e-03
6.710972183453570855e-03
6.706009628607442763e-03
6.701066059396906111e-03
6.696156836436982160e-03
6.691328489810913042e-03
6.686508077212080341e-03
6.681704877382259843e-03
6.676951581050859751e-03
6.672271837010585425e-03
6.667598514193685301e-03
6.662993706274203919e-03
6.658441070530349976e-03
6.653990025221569876e-03
6.649516676891792898e-03
6.644987731170099929e-03
6.640450007803085433e-03
6.635890892691754042e-03
6.631367394543990351e-03
6.626841605518542927e-03
6.622348992461476840e-03
6.617877026904201397e-03
6.613418435547932170e-03
6.608998638994788982e-03
6.604574182456027925e-03
6.600135549327631156e-03
6.595721709902198360e-03
6.591297594827900778e-03
6.586882711980099510e-03
6.582396929269464236e-03
6.577842648576059589e-03
6.573355205058390750e-03
6.568935854629097230e-03
6.564511960502394071e-03
6.560101384546924291e-03
6.555728685774908464e-03
6.551379231958367848e-03
6.547065385590906776e-03
6.542754793178919698e-03
6.538544313284608625e-03
6.534347250935089793e-03
6.530106111126338098e-03
6.525855567830276399e-03
6.521577738034951485e-03
6.517305790308585214e-03
6.513032485181690159e-03
6.508781398502550344e-03
6.504499035581471321e-03
6.500237619338026032e-03
6.496073969761964953e-03
6.491905684515093984e-03
6.487749978480758344e-03
6.483571890138011516e-03
6.479374261147773095e-03
6.475158065159489738e-03
6.471031476635099797e-03
6.466915896375279721e-03
6.462810782054117902e-03
6.458714247688324660e-03
6.454621947270443305e-03
6.450556617259334442e-03
6.446526127195136534e-03
6.442536699554106058e-03
6.438506178832108066e-03
6.434374679773873125e-03
6.430288404142296167e-03
6.426222418688564385e-03
6.422196578038327948e-03
6.418136941920714669e-03
6.414050669460634631e-03
6.410011534953971059e-03
6.405954012110234852e-03
6.401925412257988314e-03
6.397878068861054951e-03
6.393818231881992671e-03
6.389716929699700183e-03
6.385624391419576773e-03
6.381537713007936173e-03
6.377520105034194253e-03
6.373512328171215477e-03
6.369508474449486063e-03
6.365500285820536140e-03
6.361507200386803257e-03
6.357530676508123084e-03
6.353575273210804002e-03
6.349637611793842139e-03
6.345639549224835890e-03
6.341640072168363250e-03
6.337588505923755049e-03
6.333546225821083848e-03
6.329541520552526591e-03
6.325528767082857703e-03
6.321472436721829562e-03
6.317375084109923093e-03
6.313327821586151196e-03
6.309256833096590911e-03
6.305143837077887940e-03
6.301037150223013500e-03
6.296958269992838919e-03
6.292856945081487345e-03
6.288798166325111627e-03
6.284740435219767808e-03
6.280699224968604340e-03
6.276648076304377002e-03
6.272592647176955701e-03
6.268543843834436906e-03
6.264507624461697517e-03
6.260510281293828888e-03
6.256573276376655585e-03
6.252654407133994771e-03
6.248742838147840033e-03
6.244852983870070005e-03
6.240904397704613409e-03
6.236979538562110841e-03
6.233034772992847826e-03
6.229131182434880301e-03
6.225203303499066490e-03
6.221272356668911332e-03
6.217322089610276617e-03
6.213349886895663636e-03
6.209432783648005834e-03
6.205493315006585346e-03
6.201546009068575373e-03
6.197602031616207888e-03
6.193656114793691554e-03
6.189726417533182937e-03
6.185772349435916806e-03
6.181876156393682938e-03
6.177953870920641077e-03
6.173995688863750594e-03
6.170015682153261009e-03
6.166028980413526886e-03
6.161980229400700754e-03
6.157949569661437181e-03
6.153909196156783466e-03
6.149801076314045239e-03
6.145680459189100525e-03
6.141540728511534972e-03
6.137349824679759654e-03
6.133121513574604777e-03
6.128848552026504477e-03
6.124528637000369730e-03
6.120202119975557201e-03
6.115788259406814212e-03
6.111298459467198914e-03
6.106764624354971138e-03
6.102170382804871646e-03
6.097520261599661574e-03
6.092844983555130607e-03
6.088172918765201273e-03
6.083486020885845932e-03
6.078763974895829911e-03
6.074053349464938155e-03
6.069309655367965788e-03
6.064532088101951164e-03
6.059750231386835072e-03
6.054931415107938850e-03
6.050092577699821977e-03
6.045254431677956307e-03
6.040366986856347646e-03
6.035413600806783553e-03
6.030426184599096615e-03
6.025424324338896596e-03
6.020420788471344924e-03
6.015393900346017314e-03
6.010346449294139831e-03
6.005265222332448541e-03
6.000136995377440725e-03
5.994978872310080704e-03
5.989784563524101248e-03
5.984613233287887010e-03
5.979399317781572583e-03
5.974185668680969015e-03
5.968913272363779270e-03
5.963619305112715339e-03
5.958300868708502410e-03
5.952913588628394072e-03
5.947487260554018898e-03
5.942037531856543889e-03
5.936560229375075805e-03
5.931037556785232617e-03
5.925487193858897800e-03
5.919882264541320716e-03
5.914256096768426285e-03
5.908595962531632516e-03
5.902924555738887566e-03
