6.331902175484033918e-03
6.329569589454864427e-03
6.328249759534823257e-03
6.327437727971220623e-03
6.327114009089225034e-03
6.327473903118089119e-03
6.328607419244364034e-03
6.330193525900802524e-03
6.332154645110180981e-03
6.334554772915727133e-03
6.337169181300240581e-03
6.340002133283673125e-03
6.343143001110352133e-03
6.346667455630906549e-03
6.350537799380122708e-03
6.354612413936595872e-03
6.358764945291841587e-03
6.363058857734831507e-03
6.367437969261265096e-03
6.371925659615161608e-03
6.376573671762810272e-03
6.381437129485826795e-03
6.386503675576468871e-03
6.391746090665556025e-03
6.397086404567458272e-03
6.402600218359879268e-03
6.408267887264576523e-03
6.414079149375865457e-03
6.420027771117268155e-03
6.426181150490649016e-03
6.432454660867692811e-03
6.438945366429037892e-03
6.445585282974537235e-03
6.452373514027833282e-03
6.459339250571796524e-03
6.466574477106750048e-03
6.474011005399603509e-03
6.481740529230162022e-03
6.489686292567392774e-03
6.497805453778670616e-03
6.506117632270264420e-03
6.514618757426347134e-03
6.523325297242778091e-03
6.532368092338502498e-03
6.541580121661880187e-03
6.550984137529193910e-03
6.560552144083189700e-03
6.570320789552305633e-03
6.580392775452305679e-03
6.590759557771471225e-03
6.601488486939219823e-03
6.612397700885783332e-03
6.623568699672457809e-03
6.634977589244200544e-03
6.646737651757864476e-03
6.657580376864907952e-03
6.668272473857418843e-03
6.679488622069045499e-03
6.690981224878096538e-03
6.702655280633860839e-03
6.714776634220620891e-03
6.727238567422226360e-03
6.740093185284156893e-03
6.753295816220274833e-03
6.766909475752790233e-03
6.780944952255816421e-03
6.795200218227324604e-03
6.808619292174476582e-03
6.820886145037257341e-03
6.831808005326333103e-03
6.842944319040937008e-03
6.854356078288479683e-03
6.866269882269126178e-03
6.878484341480241467e-03
6.891215070643674952e-03
6.904130073271424160e-03
6.917429229762348149e-03
6.930979425005891030e-03
6.944950656503209516e-03
6.958800599929204633e-03
6.972682111374740171e-03
6.985849098918245695e-03
6.999406959140378783e-03
7.013437244960709673e-03
7.027746533675947697e-03
7.042349905223625924e-03
7.057294101119966981e-03
7.072523481158000426e-03
7.086997701437231477e-03
7.101742216738995972e-03
7.116813814294851645e-03
7.132209473254331154e-03
7.147905426422253815e-03
7.162677229808957560e-03
7.177265606520925011e-03
7.191462017973703283e-03
7.205853416206157991e-03
7.220516845326926253e-03
7.235553270985991062e-03
7.250878940302337393e-03
7.266497910677223102e-03
7.282355577397302618e-03
7.298430787637720518e-03
7.314888345045443899e-03
7.331482010399306692e-03
7.347718108545612213e-03
7.362305523236958513e-03
7.376041417532517089e-03
7.389645112222857984e-03
7.401709123566161015e-03
7.413705926668809863e-03
7.425662208617144801e-03
7.437629228195647563e-03
7.449614199501816345e-03
7.461461420026629758e-03
7.473330522820505022e-03
7.485258978058069272e-03
7.496870119779512794e-03
7.507969796365917409e-03
7.518989878960455862e-03
7.529988367892119158e-03
7.540493682766540896e-03
7.550572456726333155e-03
7.560822877365491052e-03
7.570962554630788002e-03
7.581219600526248673e-03
7.591534935356887906e-03
7.600696744032322399e-03
7.609956348975516205e-03
7.619131070927755330e-03
7.627800181270430642e-03
7.636529852396983266e-03
7.645396678063538093e-03
7.654366831087843631e-03
7.662660378094344853e-03
7.670865081967860252e-03
7.678910541827869626e-03
7.687162916466097444e-03
7.695449701841943976e-03
7.703441879502669586e-03
7.711586628348150729e-03
7.719238828978375322e-03
7.727104702845977863e-03
7.735079480619438952e-03
7.743302438569957778e-03
7.751763161502847610e-03
7.760600156072809501e-03
7.769590889995423542e-03
7.778918030900583425e-03
7.788423774634218796e-03
7.798263423039617816e-03
7.808182844097855298e-03
7.817821583482344877e-03
7.826998835231670226e-03
7.836011478909648414e-03
7.844843328255033180e-03
7.852182484203501164e-03
7.858431621100938833e-03
7.864054445572936716e-03
7.869699088884064136e-03
7.874832100028003254e-03
7.880223381993869264e-03
7.885902471986243681e-03
7.891226505539163799e-03
7.896432756053039723e-03
7.901876270452828921e-03
7.907448121575035710e-03
7.913239804980926398e-03
7.919212052257330534e-03
7.925146595725525434e-03
7.930716898100247797e-03
7.935869667667721367e-03
7.941186235517752254e-03
7.945980191479521532e-03
7.950851024517776797e-03
7.955241824066179926e-03
7.959228896331837361e-03
7.963307674534705199e-03
7.967566536654938081e-03
7.972019147614027232e-03
7.976331252818418677e-03
7.980435111216040850e-03
7.984784308129806371e-03
7.988840607822258327e-03
7.992781766332295382e-03
7.996972065982843950e-03
8.001298670212320108e-03
8.005769516219431170e-03
8.010429417250497508e-03
8.014765972578996589e-03
8.019343997197841620e-03
8.024035138527136485e-03
8.028890927042901110e-03
8.033998443583201948e-03
8.038912231370792805e-03
8.043746290906495996e-03
8.048117362689163889e-03
8.052118911779428470e-03
8.056183775569743591e-03
8.060969505726616260e-03
8.066171217828920284e-03
8.071000221999115321e-03
8.075937350944183482e-03
8.080609837530743425e-03
8.085390973246273094e-03
8.090449903516521574e-03
8.095479935110165559e-03
8.100959182761637012e-03
8.106193302272902274e-03
8.111039605899638197e-03
8.115674759743087691e-03
8.119636023426949137e-03
8.123739844823778256e-03
8.127592761728008250e-03
8.131121377252041940e-03
8.134787802758700753e-03
8.138486269895049349e-03
8.142251267628958580e-03
8.146266717388621695e-03
8.150638170808041302e-03
8.155366838341737007e-03
8.159785092478648999e-03
8.164249498233423427e-03
8.168484507528070079e-03
8.171877284683170400e-03
8.175314409931761644e-03
8.178720724091325528e-03
8.182554983081324548e-03
8.186589151013654031e-03
8.190844185137545128e-03
8.195253357165489458e-03
8.199720936531150126e-03
8.204337533948259653e-03
8.209121960620046829e-03
8.214240251791309413e-03
8.219074216182117171e-03
8.223469379709779856e-03
8.227996012341287288e-03
8.232761807527981882e-03
8.237803145506842825e-03
8.242943342204808732e-03
8.248173285912277497e-03
8.253010898581287363e-03
8.257669079604054718e-03
8.262646604957903443e-03
8.267893248709063878e-03
8.273191515966810128e-03
8.278728352709886426e-03
8.284355636306041035e-03
8.289693506041263468e-03
8.294865714768286449e-03
8.300011508100505614e-03
8.305071384533893250e-03
8.310066817214455462e-03
8.315133472193146288e-03
8.320272095828820658e-03
8.325601439524139488e-03
8.331139776385085988e-03
8.336631014407866122e-03
8.342078927673378386e-03
8.347529343249671108e-03
8.352901279086553596e-03
8.358295838265526398e-03
8.363256968039354741e-03
8.368276489293415693e-03
8.373321517837099132e-03
8.378541426929468974e-03
8.383861098617462551e-03
8.389388902938351919e-03
8.395090839334739749e-03
8.400559080836001238e-03
8.406080440675891413e-03
8.411730654192135434e-03
8.417473107514174616e-03
8.423423092999095599e-03
8.429611479880029859e-03
8.435987293750019794e-03
8.442573356698273440e-03
8.449115726995658215e-03
8.455719127458410575e-03
8.462421939537834170e-03
8.469034742430705739e-03
8.475795326491368173e-03
8.482688016069519360e-03
8.489617330089883895e-03
8.496877845609781751e-03
8.504329135104765625e-03
8.511904334970140859e-03
8.519416912578877191e-03
8.526656365132990328e-03
8.534165815646125100e-03
8.541718836178928409e-03
8.549106744372432509e-03
8.556098959741130147e-03
8.562934710384469475e-03
8.569757013882418548e-03
8.576817346654117338e-03
8.583952782578561577e-03
8.590669113690631992e-03
8.597039956768354543e-03
8.603530547098657902e-03
8.609761049339506936e-03
8.615935012254110834e-03
8.622094513144424807e-03
8.628281075357674759e-03
8.633936557786861879e-03
8.639102912988409766e-03
8.644282087379030755e-03
8.649417144138247734e-03
8.654511726258432014e-03
8.659839212513936041e-03
8.665225792207577674e-03
8.670599170018227983e-03
8.676118436670390843e-03
8.681574998607007043e-03
8.687071635574089221e-03
8.692538213096824562e-03
8.698015203699914488e-03
8.703540130416263787e-03
8.709096567008047657e-03
8.714697131802893668e-03
8.720208846064595246e-03
8.725799983057350162e-03
8.731744653114045102e-03
8.737749019193222916e-03
8.743844138703478139e-03
8.750019108039654853e-03
8.756309524079084264e-03
8.762970495661626461e-03
8.769914009529231752e-03
8.776856062394091176e-03
8.783377409897980340e-03
8.789560601867557610e-03
8.795671020677192295e-03
8.801762951776244057e-03
8.807891086565633118e-03
8.813496258487808072e-03
8.818961863418267599e-03
8.824459559665197642e-03
8.830051018036268878e-03
8.835752417392574165e-03
8.841688875387523211e-03
8.847832635083272348e-03
8.854197805410824254e-03
8.860731409691733826e-03
8.866797328176044546e-03
8.873070034578711685e-03
8.879437890106679776e-03
8.885815198808712581e-03
8.892350760960161457e-03
8.899047354792006745e-03
8.905869093763568375e-03
8.912651886757437178e-03
8.919628809169749192e-03
8.926849188343582639e-03
8.934307531246904813e-03
8.942151737450044352e-03
8.949807131777299737e-03
8.956999068970031286e-03
8.964255150737746036e-03
8.971589348579932580e-03
8.979035498136167526e-03
8.986726100303842057e-03
8.994723838655193510e-03
9.002830095046989237e-03
9.011235169844165893e-03
9.019765032459112555e-03
9.028459667006060591e-03
9.036821554477486931e-03
9.045244727948334451e-03
9.053872856212530698e-03
9.062739996914410609e-03
9.071165891529302597e-03
9.079555876345872176e-03
9.088185970937932845e-03
9.096992356337480282e-03
9.105874470731759041e-03
9.115018411195604381e-03
9.124345886165067393e-03
9.133206108775797014e-03
9.142448684896822483e-03
9.151980283727536788e-03
9.161723387549150846e-03
9.171723684941028923e-03
9.181968963527105745e-03
9.192435043817649698e-03
9.203077226740217359e-03
9.213845263103400199e-03
9.224155377650708823e-03
9.234495467069121777e-03
9.244995347055614057e-03
9.255605793869326262e-03
9.266652913471992714e-03
9.277645030867077286e-03
9.288246542517829274e-03
9.299100073970801086e-03
9.310316676235016672e-03
9.321811050853476971e-03
9.333562098916767247e-03
9.345447965184263892e-03
9.357460084500940703e-03
9.368998420290309409e-03
9.380591231818832115e-03
9.392458210767180848e-03
9.404317550637496248e-03
9.416297052169272930e-03
9.428495642797376369e-03
9.440950247199026910e-03
9.453741110580050205e-03
9.466615024884186130e-03
9.479681626632995711e-03
9.493044928227485288e-03
9.506108123788995640e-03
9.518612393826692691e-03
9.530703937988752386e-03
9.543068526860857062e-03
9.555495566728786083e-03
9.568090211732304881e-03
9.580888134864658581e-03
9.593828439163338065e-03
9.606963365519589904e-03
9.619325888690272164e-03
9.631775435612083269e-03
9.644495891769593390e-03
9.657350946240884568e-03
9.669761828391031794e-03
9.680718731602705115e-03
9.691783093574974847e-03
9.702876030731201473e-03
9.713953674931040741e-03
9.725231723883837401e-03
9.736654371936217037e-03
9.748311818564524278e-03
9.760163711760928493e-03
9.771991025859034369e-03
9.783988359658771922e-03
9.795751558782529039e-03
9.806999899269933096e-03
9.818421500728449075e-03
9.829962274341503756e-03
9.841558845150609469e-03
9.853299710595628605e-03
9.864336408660617089e-03
9.874144879140551653e-03
9.884070048007714132e-03
9.894240343957914560e-03
9.904477440082881667e-03
9.914902341662158378e-03
9.925512054802999862e-03
9.936149897003952042e-03
9.946884746827184751e-03
9.957643344816620098e-03
9.968650218128007751e-03
9.979774834306153961e-03
9.990845697846358758e-03
1.000100162057417433e-02
1.001139291486162833e-02
1.002191436102469260e-02
1.003256851951825172e-02
1.004322767417604838e-02
1.005413740666229877e-02
1.006434393590347268e-02
1.007415696488112196e-02
1.008404560867962908e-02
1.009420159695170564e-02
1.010443992361733517e-02
1.011492328644977151e-02
1.012571785343879815e-02
1.013688024636957147e-02
1.014826992354376893e-02
1.016009746176096441e-02
1.017212525672794333e-02
1.018450171334015636e-02
1.019726580294726646e-02
1.021040856078567725e-02
1.022396136352797004e-02
1.023784464043992100e-02
1.025113568688557249e-02
1.026389891384561943e-02
1.027683314789989283e-02
1.029016866718456512e-02
1.030388966284647573e-02
1.031806439817746848e-02
1.033276852182769476e-02
1.034784416938465054e-02
1.036084256704288692e-02
1.037011550284326622e-02
1.037973559911384118e-02
1.038960533444988760e-02
1.039971313288898420e-02
1.040941882785156869e-02
1.041684707325258794e-02
1.042427695514582843e-02
1.043162326599052225e-02
1.043905691139300658e-02
1.044679646455283668e-02
1.045467773286471586e-02
1.046270691131857833e-02
1.047106093347855045e-02
1.047969418899550968e-02
