8.953033856480099514e-03
8.968772526021814503e-03
8.984780019540505869e-03
9.000950410636893162e-03
9.017116768646823641e-03
9.033339673911795764e-03
9.049306040520291999e-03
9.064964823235214381e-03
9.080598929064005037e-03
9.096102375049028299e-03
9.111925322883103820e-03
9.128002442380057577e-03
9.143908571168684468e-03
9.158981384479521204e-03
9.173651864908542036e-03
9.188372468726325321e-03
9.202380510212005912e-03
9.214207014004225163e-03
9.225072264147513718e-03
9.235721950312688472e-03
9.246407079009061336e-03
9.256790261146992035e-03
9.266022608672012592e-03
9.274367090978447373e-03
9.282875102518977142e-03
9.291361621884500210e-03
9.299491568306287453e-03
9.307211546468296959e-03
9.314548764639492967e-03
9.321778194742929430e-03
9.328276580618072647e-03
9.332565575131237037e-03
9.336002874815476499e-03
9.339412537021545349e-03
9.342937907050860580e-03
9.346314208813223320e-03
9.349295601638624859e-03
9.351987017133595731e-03
9.353957981727358678e-03
9.354659939632137267e-03
9.354964629006517346e-03
9.355014712222992426e-03
9.355063384652081288e-03
9.355275743832925511e-03
9.355142270871710797e-03
9.354443176299740911e-03
9.353195848904058071e-03
9.351897478385612014e-03
9.350352158759114504e-03
9.348502642925950179e-03
9.346674640411101881e-03
9.345035567117696354e-03
9.343708694888267635e-03
9.342429429993666726e-03
9.341338663525558528e-03
9.340201346888140840e-03
9.339234118668280141e-03
9.337381238934433503e-03
9.335164443185155203e-03
9.332739351999290445e-03
9.330402985015376349e-03
9.328032403398014635e-03
9.324612329168745564e-03
9.320808578386160018e-03
9.316585612845580330e-03
9.312663704258657138e-03
9.308940782765924918e-03
9.305043337517700242e-03
9.301720356012633736e-03
9.298483046672663746e-03
9.295554281661139867e-03
9.292678365411088937e-03
9.290203885566495484e-03
9.288162422304332977e-03
9.286194232770057788e-03
9.285179367086150715e-03
9.285179362857489890e-03
9.284792699282997872e-03
9.284627646144809690e-03
9.283230258860915296e-03
9.281540154602146639e-03
9.280019819496948194e-03
9.278318864491289994e-03
9.276546234720592018e-03
9.274912514384791445e-03
9.273408597060106562e-03
9.271870367314164960e-03
9.270406077838968043e-03
9.268988602824461062e-03
9.267652538012259231e-03
9.266391664097614264e-03
9.265094280971762977e-03
9.263997760351732474e-03
9.263145307535131448e-03
9.262306567212479774e-03
9.261102195623340666e-03
9.260013390197271294e-03
9.259238507957808992e-03
9.256902120359166222e-03
9.254006584174244085e-03
9.251036777882932355e-03
9.247793128721343292e-03
9.244742844647713120e-03
9.241775452922448494e-03
9.238997370998210112e-03
9.236343311504028458e-03
9.232913015541355239e-03
9.229342745578104218e-03
9.225730273567326473e-03
9.221645777152205972e-03
9.217220461145335386e-03
9.213020847862492604e-03
9.208811734890295225e-03
9.204561385062686590e-03
9.199419838359363180e-03
9.194562128969135592e-03
9.189142388102256032e-03
9.182912651243194460e-03
9.176316410956092406e-03
9.169233520379687849e-03
9.162280990997792585e-03
9.155393156974179700e-03
9.148449554297929942e-03
9.141428707708685111e-03
9.134072586360838381e-03
9.126495670708471494e-03
9.118171128658059468e-03
9.110015508971636491e-03
9.101936179634909085e-03
9.094091676360641432e-03
9.086625285248979902e-03
9.079409955090655959e-03
9.072052954181097570e-03
9.064190359633298583e-03
9.056069337802823832e-03
9.047965081560319089e-03
9.039634614097170201e-03
9.030605696404438165e-03
9.020804093262191695e-03
9.011046443890738389e-03
9.001445387161823714e-03
8.992049307426933091e-03
8.982258016934327113e-03
8.972432973261021058e-03
8.962725126957180391e-03
8.953130986205093400e-03
8.943535406650734640e-03
8.933975083566442210e-03
8.924401316508239965e-03
8.914981953759953601e-03
8.905692557883437138e-03
8.896263938593862095e-03
8.886646699832344634e-03
8.877372039786000577e-03
8.868369895867207753e-03
8.859496278960748289e-03
8.850764707042116375e-03
8.841685679703769132e-03
8.832531114717576820e-03
8.823354351369811985e-03
8.814225486077392063e-03
8.805227837226387716e-03
8.796303448888700624e-03
8.787472379722893051e-03
8.778847203056449472e-03
8.770473602182950190e-03
8.762433808722313103e-03
8.754351501350317658e-03
8.746323992153012816e-03
8.738368266608797369e-03
8.730609574516890944e-03
8.722550248866119474e-03
8.714793708106046213e-03
8.707200879998282586e-03
8.699775111528862404e-03
8.692392716446367684e-03
8.685182205905646324e-03
8.678185410889129731e-03
8.671397623838760990e-03
8.664640496702780831e-03
8.658029480413217266e-03
8.651695807268964394e-03
8.645484037995067317e-03
8.639335764196585943e-03
8.633306582208179550e-03
8.627449234017601012e-03
8.621772179063338579e-03
8.616277859397739047e-03
8.610867867711277310e-03
8.605555520060837252e-03
8.600243045550532567e-03
8.595081574448668396e-03
8.589978429282829619e-03
8.585018024719731286e-03
8.580133262463866817e-03
8.575375461558201046e-03
8.570913362534253802e-03
8.566616866374566694e-03
8.562213723357296746e-03
8.557862468138041634e-03
8.553665895263233565e-03
8.549438486984558064e-03
8.545262717012837642e-03
8.541198642921217846e-03
8.537185775813018948e-03
8.533268952192243559e-03
8.529493120622438224e-03
8.525826515394081817e-03
8.522278471278708217e-03
8.518899761821878067e-03
8.515659266185032425e-03
8.512580347726148716e-03
8.509570813154622784e-03
8.506647388943303773e-03
8.503841050041901009e-03
8.500952592637295996e-03
8.498050514712141013e-03
8.495098210853166062e-03
8.492355616918243963e-03
8.489621408420218798e-03
8.487082564110152647e-03
8.484761753845436114e-03
8.482128198076499884e-03
8.479498667993861857e-03
8.476948708645523980e-03
8.474241637586379938e-03
8.471622575556713233e-03
8.469123630787672372e-03
8.466638653289473154e-03
8.464194664212785005e-03
8.461905196791384004e-03
8.459681907931487083e-03
8.457475155254643231e-03
8.455245741177728688e-03
8.453158183913178636e-03
8.451122004892864040e-03
8.449113367148656378e-03
8.447189203272430919e-03
8.445266768918994332e-03
8.443361166754955252e-03
8.441293934554677456e-03
8.439177975481288591e-03
8.437192942128794726e-03
8.435317972392841063e-03
8.433401475080960774e-03
8.431457250431840036e-03
8.429484674717825990e-03
8.427557085625318051e-03
8.425724575885279455e-03
8.423828156260939476e-03
8.421989990685373531e-03
8.420111473101937055e-03
8.418171282596437904e-03
8.416190911343884515e-03
8.414258732038692665e-03
8.412364132853376170e-03
8.410485027485911647e-03
8.408501823029766384e-03
8.406576149521179098e-03
8.404702266551379933e-03
8.402538978177692686e-03
8.400419414169881666e-03
8.398267335979361578e-03
8.396159861716429376e-03
8.394121441505215248e-03
8.392014271705952599e-03
8.389710477577434072e-03
8.387430778365430675e-03
8.385240447697761210e-03
8.382956530395335726e-03
8.380501438966365263e-03
8.377944775074306835e-03
8.375348260270833872e-03
8.372772239678116443e-03
8.370175659330380755e-03
8.367479872455988246e-03
8.364665488524986384e-03
8.361512382418622574e-03
8.358260826716115005e-03
8.354902089230273332e-03
8.351529460589509138e-03
8.348130700931440107e-03
8.344769117556020618e-03
8.341293753570094838e-03
8.337831248945546878e-03
8.334352666947781457e-03
8.330856870066700309e-03
8.327532365714701915e-03
8.324209855176874576e-03
8.320835621758851386e-03
8.317392044625759526e-03
8.313970247216693685e-03
8.310518677912276039e-03
8.307101472830227124e-03
8.302982157611564842e-03
8.298695875785123272e-03
8.294396437533794672e-03
8.289877184970382076e-03
8.284878206551816310e-03
8.279894288513238790e-03
8.274828286857920795e-03
8.269751716718905243e-03
8.264701814637278807e-03
8.259658764045382101e-03
8.254582701345816384e-03
8.249364598944250448e-03
8.244111514935653293e-03
8.238733703367598360e-03
8.233259448703554931e-03
8.227707414143596923e-03
8.222134272216881715e-03
8.216494526748123819e-03
8.210905028356495217e-03
8.205287977059938509e-03
8.199646259977487125e-03
8.193922824000398480e-03
8.188143077044761353e-03
8.182350134549112863e-03
8.176472749900447895e-03
8.170598641407728416e-03
8.164617714796613274e-03
8.158525999353412328e-03
8.152404683275672401e-03
8.146204697168651573e-03
8.140084085163147923e-03
8.134062961947494813e-03
8.128051838460487524e-03
8.122047805382618529e-03
8.115926381473995491e-03
8.109798993037512990e-03
8.103600861198814384e-03
8.097327538462558913e-03
8.090980423458729240e-03
8.084616413892735387e-03
8.078363746056395345e-03
8.072173393898752353e-03
8.065968615660432106e-03
8.059732930130993067e-03
8.053439175556747001e-03
8.047035567741899625e-03
8.040637261612131048e-03
8.034146394298160784e-03
8.027611585899381563e-03
8.020926416848801407e-03
8.014040668612757226e-03
8.007130252476487089e-03
8.000284487297545932e-03
7.993506337368051079e-03
7.985970784373788364e-03
7.978446876057721307e-03
7.970928347656981716e-03
7.963372136591309255e-03
7.955819510373910927e-03
7.948255642258381451e-03
7.940692705505675644e-03
7.933146149532688610e-03
7.925548878158248517e-03
7.917893094786647781e-03
7.910172368680036190e-03
7.902449870764013604e-03
7.894672064062354527e-03
7.886884295690007457e-03
7.879083697556918744e-03
7.871236277562983219e-03
7.863407637057331576e-03
7.855548289064841899e-03
7.847639875906274598e-03
7.839657116525398581e-03
7.831701678530204186e-03
7.823688388209133759e-03
7.815618629391852742e-03
7.807523693120564656e-03
7.799301060769041512e-03
7.791106680108855417e-03
7.782971020764601483e-03
7.774846018705946701e-03
7.766708226001674611e-03
7.758530191234746382e-03
7.750344873654556842e-03
7.742203193752670611e-03
7.733990889908270820e-03
7.725691868890658016e-03
7.717291868479813494e-03
7.708798759273026609e-03
7.700236952279302348e-03
7.691628857293317766e-03
7.682965368948456789e-03
7.674209641854875218e-03
7.665416513302388858e-03
7.656551854816538889e-03
7.647710643204740609e-03
7.638799156515049989e-03
7.629833627524016185e-03
7.620850614072458874e-03
7.611819756480997338e-03
7.602743193395477064e-03
7.593684894958633094e-03
7.584596910256842864e-03
7.575425013041961822e-03
7.566234068875921266e-03
7.556967010906826161e-03
7.547770938430851777e-03
7.538548612306372222e-03
7.529222725190461846e-03
7.519842645655703921e-03
7.510399421624481923e-03
7.500928143591875825e-03
7.491431777964331629e-03
7.481866771108206145e-03
7.472279099680513917e-03
7.462623297106602167e-03
7.452909880597640563e-03
7.443084281912438691e-03
7.433201611089514452e-03
7.423308170392863004e-03
7.413393832705392379e-03
7.403423060879590553e-03
7.393395116485343595e-03
7.383314500404847096e-03
7.373138239388329039e-03
7.362870206361667863e-03
7.352578899836099968e-03
7.342220858679964803e-03
7.331775255675366740e-03
7.321300095908598975e-03
7.310720527303653585e-03
7.300105713328879781e-03
7.289445044799708513e-03
7.278680993411497206e-03
7.267840686560051236e-03
7.257000455824521787e-03
7.246095985897633637e-03
7.235204569321994350e-03
7.224322494918048419e-03
7.213371862273013947e-03
7.202399211513127279e-03
7.191439900067762500e-03
7.180463835191831269e-03
7.169465640141503907e-03
7.158486423326577280e-03
7.147456755401575441e-03
7.136358864356954698e-03
7.125223006798459338e-03
7.114035100752788381e-03
7.102778541321132580e-03
7.091494516200704847e-03
7.080147217081035615e-03
7.068807303848266728e-03
7.057427093580235372e-03
7.045994660392718677e-03
7.034579507632779567e-03
7.023174169068938620e-03
7.011744811704499931e-03
7.000326949429334922e-03
6.988848180677110188e-03
6.977300969443421021e-03
6.965686262948572217e-03
6.954030172652308182e-03
6.942401478800474049e-03
6.930809770412914468e-03
6.919188182299118237e-03
6.907526985893396206e-03
6.895856767637132366e-03
6.884219939425210814e-03
6.872527288645211702e-03
6.860787261256758550e-03
6.848972907732143837e-03
6.837149563014788267e-03
6.825296368436121683e-03
6.813427553972618150e-03
6.801601193954910293e-03
6.789814656305146433e-03
6.778015107590754963e-03
6.766197224190471579e-03
6.754352800649827612e-03
6.742467038237301598e-03
6.730616345440836555e-03
6.718729193119944189e-03
6.706885010613039197e-03
6.695080804555952197e-03
6.683279412673477290e-03
6.671503479715328727e-03
6.659742210964388932e-03
6.647902581669374797e-03
6.636050731012374873e-03
6.624182230527030785e-03
6.612435558853289007e-03
6.600690279466536053e-03
6.588929116167856898e-03
6.577175794922999162e-03
6.565438424984370441e-03
6.553714008494848468e-03
6.542025476960294968e-03
6.530350176645088184e-03
6.518645224158524203e-03
6.506954665509087632e-03
6.495236655442612229e-03
6.483543764686039781e-03
6.471906208351367769e-03
6.460275092004746401e-03
