6.374619738082071795e-03
6.363344470520110666e-03
6.352203551781006145e-03
6.341238345712176677e-03
6.330457323777366301e-03
6.320239464222056694e-03
6.310479335268277465e-03
6.301068390992732061e-03
6.291847177270102828e-03
6.282715510884931930e-03
6.273846449700585387e-03
6.265215443558645736e-03
6.258634706207041529e-03
6.252456442208147690e-03
6.247277800623599400e-03
6.242222158132892593e-03
6.237244546879205410e-03
6.232242919203542092e-03
6.227328907291787563e-03
6.222487586609723974e-03
6.217781402338828402e-03
6.213325988036476864e-03
6.209049043888512087e-03
6.204790398218521484e-03
6.200740313862259691e-03
6.196903817113188877e-03
6.193180650357827007e-03
6.189635334522149319e-03
6.186266772268347522e-03
6.183100062820180015e-03
6.180178679202423184e-03
6.178125955013023113e-03
6.176546337501196034e-03
6.175428331049084146e-03
6.174588242840343272e-03
6.174312011304558361e-03
6.174364419756594828e-03
6.174805316979416897e-03
6.175516275591469602e-03
6.176270311584104201e-03
6.177248032171804050e-03
6.178648717812203033e-03
6.180267907936624026e-03
6.182230739227585758e-03
6.184472727759906911e-03
6.187165983780212354e-03
6.190065377033709612e-03
6.193263455490040717e-03
6.196896264194135667e-03
6.201008749066631680e-03
6.205452924906639314e-03
6.210224104770827730e-03
6.215634238646383300e-03
6.221600770892155539e-03
6.228241754653103708e-03
6.235309201098871573e-03
6.242592803535459457e-03
6.250494919688098783e-03
6.258909547570168895e-03
6.267690151354706786e-03
6.276868174844335742e-03
6.286505221188198357e-03
6.296619336730290180e-03
6.307276243336617030e-03
6.318483601228531976e-03
6.330040775190786013e-03
6.341435685874646441e-03
6.353202099322310427e-03
6.365555546211191032e-03
6.378318426434125867e-03
6.391444838921430185e-03
6.405103377258626780e-03
6.419214071102843575e-03
6.433859912704589963e-03
6.448703725464475893e-03
6.463492992183644641e-03
6.478840062774587211e-03
6.494788005631978861e-03
6.511344932386847924e-03
6.528520096408985292e-03
6.545276594342007079e-03
6.561790604934037395e-03
6.578252031055970873e-03
6.595361885506656821e-03
6.612857063045978791e-03
6.629727650281845054e-03
6.647171288887769938e-03
6.665104082208142024e-03
6.682908889256335659e-03
6.700546036196159717e-03
6.718369707834462995e-03
6.736604224651370626e-03
6.755056875151492675e-03
6.773848520311406655e-03
6.793213160283025770e-03
6.813109552925108829e-03
6.833801057197497197e-03
6.854547103017648128e-03
6.874964193286069343e-03
6.895396930397050886e-03
6.914687683220485485e-03
6.933104586725737269e-03
6.952036289930895244e-03
6.971495666204778272e-03
6.991262034095270701e-03
7.011432387217312635e-03
7.031850905716350957e-03
7.051523431666608353e-03
7.070866988321983584e-03
7.090631158893944894e-03
7.111077586034109631e-03
7.132050492438837992e-03
7.153250930463955770e-03
7.173232123638170754e-03
7.193562732745576588e-03
7.214375329513790687e-03
7.235526104545725312e-03
7.256796014202944629e-03
7.277539446974223662e-03
7.298875775169524731e-03
7.320340815909716359e-03
7.342185292383766708e-03
7.363410396723364150e-03
7.383541127546034040e-03
7.402648588218855956e-03
7.420761008232692850e-03
7.437279799327201416e-03
7.453124681761028915e-03
7.468736378324685940e-03
7.484497561264270848e-03
7.500230110875764390e-03
7.515436770328180922e-03
7.530508133737436050e-03
7.544689124860024486e-03
7.558470531202537979e-03
7.572172731532848464e-03
7.585295066532745170e-03
7.597962581968513082e-03
7.610787581237361994e-03
7.623749273065023695e-03
7.636745458089248297e-03
7.649452791135718729e-03
7.662140245241763972e-03
7.675036906589670187e-03
7.687820454927090513e-03
7.700697093560061011e-03
7.712865849404056812e-03
7.724980183952866175e-03
7.736885061768753076e-03
7.749064422568655366e-03
7.761245184112870732e-03
7.773364124731848603e-03
7.785683284042859385e-03
7.798294671918293459e-03
7.811123392409771021e-03
7.824101903212261899e-03
7.837263851261331085e-03
7.850577597707320346e-03
7.864232699199414159e-03
7.878024061398205061e-03
7.891991641460245274e-03
7.906267846723913015e-03
7.919916012153034590e-03
7.933077636180873790e-03
7.945046871590661502e-03
7.956457904048691923e-03
7.967260591665801736e-03
7.977743469270087012e-03
7.988223279508618532e-03
7.998233842516598580e-03
8.008262843548399901e-03
8.017922295458277879e-03
8.027622243679121902e-03
8.037523515858549863e-03
8.047131950017631305e-03
8.056903207224248853e-03
8.066657033357202064e-03
8.076478995922205598e-03
8.086461983824779973e-03
8.096593043615814972e-03
8.106552008489127312e-03
8.116609086779956808e-03
8.126791152164384788e-03
8.137176783226882093e-03
8.147918261489004582e-03
8.158744055572868248e-03
8.169269588748693731e-03
8.179937885256326549e-03
8.190747851458034245e-03
8.201721933620710614e-03
8.212702892116506212e-03
8.223797240600154088e-03
8.235111003787334849e-03
8.245591280764444711e-03
8.256272475219993828e-03
8.266967870579965821e-03
8.277680514652550545e-03
8.288488899863223971e-03
8.299527526209516184e-03
8.310792513893966449e-03
8.322145346747245043e-03
8.333082055994481957e-03
8.344192435336064348e-03
8.355350782505922141e-03
8.366678294130682272e-03
8.378049043825181591e-03
8.389360307873074477e-03
8.400846872164545454e-03
8.412488277375299028e-03
8.424285356551763915e-03
8.435760001302004124e-03
8.446834050093351628e-03
8.457209625397428543e-03
8.466639287052784082e-03
8.475875144896479266e-03
8.484517346156976794e-03
8.493072555381220995e-03
8.501474530577774608e-03
8.509859720100210190e-03
8.517858557911959366e-03
8.525766543976145972e-03
8.533831241085415922e-03
8.542021595002644713e-03
8.550408652536553231e-03
8.558483624237507581e-03
8.565794348784076112e-03
8.572673593338268547e-03
8.579613011753819962e-03
8.586789955175417113e-03
8.593920387542825640e-03
8.601134130896149685e-03
8.608215166147502664e-03
8.614590664988751659e-03
8.620860966346339041e-03
8.627258882382424568e-03
8.633584532697941016e-03
8.640050652824669136e-03
8.646548915011847969e-03
8.652993714224383945e-03
8.659488914860218739e-03
8.665821360635693818e-03
8.672171058295277679e-03
8.678221157361021634e-03
8.684397734652328504e-03
8.690566106224874646e-03
8.696585123567183995e-03
8.702058389781806153e-03
8.707599666625780513e-03
8.713194510046618282e-03
8.718935725433763981e-03
8.724800036116812235e-03
8.730789025729710981e-03
8.736410510778801208e-03
8.742181454717515288e-03
8.748113862717489531e-03
8.754105003662221440e-03
8.759711664079234197e-03
8.765356941695501281e-03
8.771188814311756121e-03
8.777036762186895408e-03
8.782888341425595241e-03
8.788838098568906715e-03
8.794551350870901188e-03
8.800170057689007605e-03
8.805814731663762912e-03
8.811626389160956419e-03
8.817561849197784810e-03
8.823280088149533865e-03
8.828964192283829393e-03
8.834712962175776327e-03
8.840596968909614911e-03
8.846023555980729938e-03
8.851411636854971537e-03
8.856766559732697983e-03
8.862209245320341530e-03
8.867234584161437852e-03
8.872409410435625962e-03
8.877701755457604454e-03
8.882689058540480659e-03
8.887550975449774043e-03
8.892365034476008151e-03
8.897074564147190376e-03
8.901277015919710836e-03
8.905651099571455787e-03
8.910033872066605923e-03
8.914404423728351790e-03
8.918812569253128930e-03
8.923331834502806759e-03
8.927963517676643437e-03
8.932641233008686843e-03
8.936999480320954176e-03
8.941368535036324158e-03
8.945817985075106560e-03
8.950340243160371384e-03
8.954963507068010656e-03
8.959706110162463794e-03
8.964075003131510844e-03
8.968021945398172573e-03
8.971995316802816589e-03
8.976033230276745170e-03
8.980250987691654543e-03
8.984617184888625541e-03
8.988544768340298724e-03
8.992712070416467723e-03
8.996955215661323058e-03
9.001311782080412272e-03
9.005757127145484764e-03
9.010332539513058597e-03
9.014889271765906542e-03
9.019701535725089050e-03
9.024582078833668503e-03
9.029314576482922253e-03
9.034130067968434291e-03
9.038668130678212745e-03
9.043370357449986505e-03
9.047621113229414175e-03
9.051945268010848367e-03
9.056416734578737540e-03
9.060972238405252607e-03
9.065620097268698233e-03
9.070426956997746162e-03
9.074947120838117165e-03
9.079331950577366334e-03
9.083348989260950704e-03
9.087427590921388562e-03
9.091623861447116831e-03
9.095767665905286903e-03
9.099791838341796460e-03
9.103940038494197015e-03
9.108051973640623675e-03
9.112248624745938885e-03
9.116011612812082582e-03
9.119798252842389527e-03
9.123634459135233563e-03
9.127592125288923677e-03
9.131569205230210401e-03
9.135721624530197815e-03
9.140055217685388173e-03
9.144458702167391345e-03
9.148551945570270946e-03
9.152847394079193302e-03
9.157191224296690885e-03
9.161700966599371776e-03
9.165780436192698388e-03
9.169792835505402237e-03
9.173614753149088308e-03
9.177432464859755848e-03
9.181265070975424408e-03
9.185333579348066435e-03
9.189550774879500297e-03
9.193755296582107467e-03
9.198107235259139064e-03
9.202687850995398475e-03
9.206991407963854845e-03
9.211205892394316516e-03
9.215570640217361081e-03
9.220070499608183298e-03
9.224758502746477698e-03
9.229401013409563315e-03
9.234112126186109354e-03
9.238813975021211572e-03
9.243621737041029379e-03
9.248704166520247197e-03
9.253883065524598842e-03
9.258993587591744442e-03
9.263844115128316847e-03
9.268813758261192429e-03
9.273930634421691938e-03
9.279131899348353960e-03
9.283754547457079634e-03
9.288540799330075731e-03
9.293318139297745278e-03
9.298168164152112794e-03
9.302986952936879647e-03
9.307234537748333009e-03
9.311632951007340828e-03
9.316162961815940488e-03
9.320886092450110516e-03
9.325688734088736359e-03
9.330156717296238938e-03
9.333766480320596082e-03
9.337402027083385736e-03
9.341083620804701074e-03
9.344733870625532637e-03
9.348505346673630784e-03
9.352386767935736561e-03
9.356412159812673227e-03
9.360380140730333379e-03
9.364350668359730859e-03
9.368246633576469279e-03
9.372195382010421391e-03
9.376206429737007908e-03
9.380264669332376987e-03
9.384400992230167160e-03
9.388520113987794055e-03
9.392684321211904400e-03
9.396885509143047821e-03
9.401024909449664027e-03
9.405156427530170574e-03
9.409319770521468868e-03
9.413579227301705279e-03
9.417855897908090912e-03
9.422115127926322317e-03
9.426375237506265381e-03
9.430750043202061617e-03
9.435199585742827522e-03
9.439703800655589380e-03
9.444264195986961860e-03
9.448064643127532941e-03
9.451902116433253537e-03
9.455934793766366045e-03
9.460088177201307624e-03
9.464309347675095921e-03
9.468563590514988623e-03
9.472889142340658319e-03
9.477124834568601691e-03
9.481572124289645159e-03
9.486143694389140638e-03
9.490753899131119595e-03
9.495498444767215898e-03
9.500249059326264928e-03
9.504450423011174057e-03
9.508745804918670649e-03
9.513198156083929255e-03
9.517676944844495265e-03
9.522032979773621328e-03
9.526373919964879755e-03
9.530762474626837746e-03
9.535196764912073908e-03
9.539717452577957391e-03
9.544252522980732970e-03
9.548860005785791277e-03
9.553634815692081672e-03
9.558514626713537563e-03
9.563481229966964287e-03
9.568511356710697469e-03
9.573592451518448190e-03
9.577741001328342677e-03
9.581728016511180737e-03
9.585816371316406917e-03
9.589875459022813992e-03
9.593926242958357442e-03
9.597921184503966502e-03
9.601909484142908541e-03
9.605850015229278754e-03
9.609928610546722774e-03
9.613939288793961133e-03
9.617936504038309894e-03
9.622029015618357994e-03
9.626188319180209105e-03
9.630324009893017831e-03
9.634517123986798687e-03
9.638748788942696696e-03
9.641962749725205978e-03
9.645132970812937689e-03
9.648331349504275789e-03
9.651475937763952934e-03
9.654613682462639609e-03
9.657697172105418268e-03
9.660709260524730224e-03
9.663743528540930453e-03
9.666831878766476982e-03
9.669830060437674749e-03
9.672667723417877061e-03
9.675424636131343958e-03
9.678129748791531109e-03
9.680844895273953143e-03
9.683635764936774845e-03
9.686604236556801625e-03
9.689740679091859640e-03
9.692959092391244952e-03
9.696299647951819173e-03
9.699796408968069591e-03
9.703311265222221843e-03
9.706715330794240398e-03
9.710198240827857402e-03
9.713622150718130566e-03
9.717146318486177825e-03
9.720672399988104784e-03
9.724352822898607238e-03
9.728138892059534637e-03
9.731954623963475631e-03
9.735768875042814796e-03
9.739704071407683655e-03
9.743703439041030354e-03
9.747807847961831654e-03
9.752082055901141813e-03
9.755879394446503525e-03
9.758721145221478654e-03
9.761671053014986041e-03
9.764666425004524600e-03
9.767670635954970107e-03
9.770751282615376676e-03
9.773911591983491451e-03
9.777019860793167289e-03
9.780256035530444231e-03
9.783528503024288558e-03
9.786908446193488820e-03
9.790409251660725162e-03
9.794098254790873509e-03
