6.719988234925262059e-03
6.709083727453196873e-03
6.698489642893156425e-03
6.688607104730184653e-03
6.679142875863547379e-03
6.669909566833109003e-03
6.660694573195318456e-03
6.652110140732712951e-03
6.643956482605095984e-03
6.636180908625746895e-03
6.629838693046325934e-03
6.623872502256738203e-03
6.618115981219217792e-03
6.612627302580875548e-03
6.607521996561318590e-03
6.602303809578950224e-03
6.597129292518496592e-03
6.592119967613736115e-03
6.587440055485250905e-03
6.582827185094013329e-03
6.578396992376183208e-03
6.574400138676895697e-03
6.570697714561051297e-03
6.567411917262614383e-03
6.564629763132765090e-03
6.562158857561212373e-03
6.560005094245733442e-03
6.557781036294698523e-03
6.555060477385334962e-03
6.552507917406122373e-03
6.550423616208351368e-03
6.548636474723981520e-03
6.547428428954331359e-03
6.546462771681032730e-03
6.545812539298419969e-03
6.545619510388816197e-03
6.545300007482133392e-03
6.545172236871544223e-03
6.545242041510881265e-03
6.545859717952698387e-03
6.546410674035585929e-03
6.546858647925015741e-03
6.547419980087489100e-03
6.548111278593339059e-03
6.549053158628326612e-03
6.550081959341015614e-03
6.550960154139283571e-03
6.552123393534084635e-03
6.553562538329490983e-03
6.555255218903082576e-03
6.557208464876990335e-03
6.559359896085330786e-03
6.561281358906439695e-03
6.563360167072164117e-03
6.565815864260535553e-03
6.568664597617717565e-03
6.571887386793951250e-03
6.575613364557598636e-03
6.579769627188598001e-03
6.584192855828559926e-03
6.588825387912735330e-03
6.593899439890835851e-03
6.599227600630834176e-03
6.604356481970087567e-03
6.609699457299111035e-03
6.615242529746411144e-03
6.620866954780614370e-03
6.626950371483304562e-03
6.633010859323013736e-03
6.639903511388468849e-03
6.647360559282076975e-03
6.654994577212445389e-03
6.662806574772647296e-03
6.670187780026046523e-03
6.677554440267627518e-03
6.685112726031584678e-03
6.692828799563927712e-03
6.700643397751311105e-03
6.708961638578698865e-03
6.717472211115030345e-03
6.726154905527043787e-03
6.735336227385832139e-03
6.744837030479409849e-03
6.754518128923893416e-03
6.764251339285558620e-03
6.774071130974792208e-03
6.783914854777085314e-03
6.793607316165169684e-03
6.802987093892762412e-03
6.812585083798412995e-03
6.822614352835589153e-03
6.832968899017521913e-03
6.843804007801809752e-03
6.854676584646485389e-03
6.865696705854233695e-03
6.876201166564336296e-03
6.886712249887844486e-03
6.897113917637117189e-03
6.907585091905050351e-03
6.917826814739691695e-03
6.928322162154423348e-03
6.939085865750775975e-03
6.950219112655153970e-03
6.961070870739228741e-03
6.971761234006159866e-03
6.982731508802438383e-03
6.993343224240451683e-03
7.003156597349226471e-03
7.013072396582394931e-03
7.023150367120782264e-03
7.033212663594574747e-03
7.043604868126688776e-03
7.053689750413250775e-03
7.063740303892438767e-03
7.073866352732962465e-03
7.083557893329877828e-03
7.092778451358387401e-03
7.101961099959903587e-03
7.111014250013788021e-03
7.120149617415970876e-03
7.129615143953284793e-03
7.139355080530576138e-03
7.149400643131340917e-03
7.159469426372769459e-03
7.169039093228370650e-03
7.178779910953122546e-03
7.188799455124673249e-03
7.198950586802925662e-03
7.209297824799613084e-03
7.220062407957679104e-03
7.230917664202462028e-03
7.241695272696909574e-03
7.252416635228406579e-03
7.262911500575660283e-03
7.272780276029299634e-03
7.282881705070591918e-03
7.292976140433382430e-03
7.302996601167439580e-03
7.312808691934437333e-03
7.322557879238618048e-03
7.332365261918968695e-03
7.342042953647561973e-03
7.351786939168797330e-03
7.361229990367140243e-03
7.370433176523229213e-03
7.379775578692418514e-03
7.389191406821435729e-03
7.398698197171939793e-03
7.408557841358393188e-03
7.418381486944533240e-03
7.427842918022620200e-03
7.437674758755876726e-03
7.447616251339862770e-03
7.457811299788179478e-03
7.467731521673304403e-03
7.477222931851229375e-03
7.486890456819009221e-03
7.496374487453017280e-03
7.505977222974690409e-03
7.515734295147907459e-03
7.525648368558363749e-03
7.535590494384496012e-03
7.545163634557415858e-03
7.554904686444331371e-03
7.564631922235055296e-03
7.574440397495971894e-03
7.584419271452772816e-03
7.594618452889692790e-03
7.604988701151105084e-03
7.614992844006765634e-03
7.624680778612089732e-03
7.634298866291456404e-03
7.643928389858843479e-03
7.653696384666221382e-03
7.663394872954938826e-03
7.673115397330354699e-03
7.682983770003930409e-03
7.692903242358700884e-03
7.702778904717125404e-03
7.712329676853373235e-03
7.721968285172663322e-03
7.731947624282292826e-03
7.741860546968079050e-03
7.751817347308806103e-03
7.761941737985209901e-03
7.772172385425273229e-03
7.782498225863237508e-03
7.792425822006452882e-03
7.802267514465197756e-03
7.812140216760164041e-03
7.822100189654618632e-03
7.832157059169210511e-03
7.842314206647858082e-03
7.852588686284744934e-03
7.863160856332122514e-03
7.873706931834367762e-03
7.884249377030213765e-03
7.894750414109778444e-03
7.905322420296500077e-03
7.916088849794148188e-03
7.926730231411006564e-03
7.937065336847595048e-03
7.947353229800608113e-03
7.957666011601475381e-03
7.968133735809731361e-03
7.978752799605279972e-03
7.989398570044797809e-03
7.999992983383314923e-03
8.010522403242780268e-03
8.020700222536022994e-03
8.030834287334106744e-03
8.041017324267776822e-03
8.051246961057601306e-03
8.061412148808618644e-03
8.071339992328565097e-03
8.081216813868983065e-03
8.091221613753014560e-03
8.101247992499657768e-03
8.111323099176647941e-03
8.121575260992225029e-03
8.131884870239365626e-03
8.142263059928170343e-03
8.152612289624699277e-03
8.162936215007321819e-03
8.172879391655982900e-03
8.182902571419759311e-03
8.192844499555939491e-03
8.202726581551987584e-03
8.212278135462137973e-03
8.221867325521993800e-03
8.231483212182746576e-03
8.241166516403089851e-03
8.250683017876066921e-03
8.260167283200820984e-03
8.269555416236107695e-03
8.278894974630045256e-03
8.288313209396370312e-03
8.297481582034695394e-03
8.306357765751897979e-03
8.315214535681476199e-03
8.323931120177171725e-03
8.332619141117662137e-03
8.341464750550838317e-03
8.350234839250706906e-03
8.358897634107539595e-03
8.367572920432166453e-03
8.376267567686140891e-03
8.384921564811510103e-03
8.393613316489124260e-03
8.402440813505432024e-03
8.411366747432041588e-03
8.420264804961035549e-03
8.429155466560044746e-03
8.437916259603488178e-03
8.446820821871930604e-03
8.455787132121275057e-03
8.464899961283137847e-03
8.474103479389200402e-03
8.483398852493032397e-03
8.492417578066062400e-03
8.501301794126892020e-03
8.510094610828291758e-03
8.518921393200708583e-03
8.527865279912191440e-03
8.536845457001672119e-03
8.545871105951698826e-03
8.554937231655184923e-03
8.564010570399018321e-03
8.573196900050879254e-03
8.582506983612932586e-03
8.591887350710303989e-03
8.601041057291357664e-03
8.609941996653561191e-03
8.618966047169319272e-03
8.627987747606124733e-03
8.637236859146767143e-03
8.646653776684854256e-03
8.656048388030452775e-03
8.665540596896928807e-03
8.675207328990568179e-03
8.684920135529098847e-03
8.694601287360442451e-03
8.704304866958308476e-03
8.714025896130260518e-03
8.723893126007907159e-03
8.733778930283755612e-03
8.743778636744307248e-03
8.753952224732552620e-03
8.763923720731182920e-03
8.773488791559683544e-03
8.783023240531706577e-03
8.792667973010858187e-03
8.802199239914666393e-03
8.811680701636457821e-03
8.821259371842216437e-03
8.830814164907522731e-03
8.840454634895295385e-03
8.850176441083905041e-03
8.859872029567597909e-03
8.868914131184624239e-03
8.878000595695564531e-03
8.887114294904650824e-03
8.896297851611350074e-03
8.905270482653344227e-03
8.914323862112145599e-03
8.923549166285260972e-03
8.932781439293487752e-03
8.942089132604299356e-03
8.951323202793912484e-03
8.960311530629557972e-03
8.969394597410513745e-03
8.978576094758779214e-03
8.987802432839774036e-03
8.997120264367927667e-03
9.006436226827443589e-03
9.015654264044768371e-03
9.024423712102330394e-03
9.032716093075331826e-03
9.041055124648434901e-03
9.049537471922526957e-03
9.058198497084278197e-03
9.066907314584891908e-03
9.075667558959431627e-03
9.084518465849032720e-03
9.093350168269781833e-03
9.102164402087466882e-03
9.110457011408220479e-03
9.118634522890065042e-03
9.126741868181966269e-03
9.134673497763994357e-03
9.142118296280714665e-03
9.149566318095105413e-03
9.157087713539631413e-03
9.164610719047247209e-03
9.172171921002293324e-03
9.179723714184203839e-03
9.187322146337394829e-03
9.194998701965405308e-03
9.202754502720853283e-03
9.210495264239603255e-03
9.218158283920287188e-03
9.225917759383086073e-03
9.233710857995272928e-03
9.241442230827031853e-03
9.248758544617851837e-03
9.256148258467945464e-03
9.263404925922917588e-03
9.270553268798472149e-03
9.277802753870896188e-03
9.285176805813798520e-03
9.292620070383346420e-03
9.299830818796758075e-03
9.306664984765525284e-03
9.313409268407383049e-03
9.319570605609114183e-03
9.325787447172179806e-03
9.332178218892553390e-03
9.338694651649718376e-03
9.345297840695347344e-03
9.351931355591104264e-03
9.358601012861686788e-03
9.365300867008203092e-03
9.372019754362756819e-03
9.378666346396004674e-03
9.385411809834584562e-03
9.391863898212327727e-03
9.398204785463272828e-03
9.404398703449187366e-03
9.410621307621507350e-03
9.416854174756704443e-03
9.423197441687236608e-03
9.429610993210249884e-03
9.436118772010462785e-03
9.442690604469580404e-03
9.449325993719805833e-03
9.456018662312278000e-03
9.462796581789511413e-03
9.469591884239401611e-03
9.476527748474100621e-03
9.483405103883053508e-03
9.490239721261495981e-03
9.497015441834446778e-03
9.503788711897720454e-03
9.510650041734541871e-03
9.517472198302992861e-03
9.524158480558554338e-03
9.530919918825318457e-03
9.537761520896357800e-03
9.544507820552864188e-03
9.551283467124227142e-03
9.558025442973754407e-03
9.564833129060555661e-03
9.571565306042870494e-03
9.577904972267637859e-03
9.584330114553422583e-03
9.590826924204190820e-03
9.597395342018675418e-03
9.604066553322573169e-03
9.610831797385211914e-03
9.617637150307709049e-03
9.624405652554483478e-03
9.631088247416708104e-03
9.637862575702668341e-03
9.644826886675781849e-03
9.651784045924149957e-03
9.657821698460028123e-03
9.663171445991377423e-03
9.668322910500485798e-03
9.672386104507699200e-03
9.676486801990343695e-03
9.680648394321316949e-03
9.684864758397920478e-03
9.689108999400725467e-03
9.693397432565212246e-03
9.697667752784248224e-03
9.702033995445396783e-03
9.706519687767319049e-03
9.710979667709444818e-03
9.715475668980943016e-03
9.719950425454135234e-03
9.724548646174169253e-03
9.729206899624047791e-03
9.733833138401877527e-03
9.738602102453754530e-03
9.743464329647873526e-03
9.748555376090303759e-03
9.753837864636891175e-03
9.759113123757063440e-03
9.764464733485479428e-03
9.769853542754239339e-03
9.775218992365069040e-03
9.780649316523830350e-03
9.786114405042158071e-03
9.791683021251355520e-03
9.797324523208797084e-03
9.803123624230580813e-03
9.808950520248237159e-03
9.814951684187583902e-03
9.821129045375694144e-03
9.827316057956426987e-03
9.832644203896108090e-03
9.837910750386641770e-03
9.843273116245648130e-03
9.848694579243014516e-03
9.854172204687254577e-03
9.859831967593319160e-03
9.865697959177683121e-03
9.871751663714827679e-03
9.878042982060250901e-03
9.884433395401513375e-03
9.889621861761012725e-03
9.894090292948604093e-03
9.898240477142151300e-03
9.902045740998399737e-03
9.904590794045249266e-03
9.907134950087154515e-03
9.909712020713256839e-03
9.912353156627085049e-03
9.914892976440315558e-03
9.917486873970012343e-03
9.920177625040351582e-03
9.922267087055904392e-03
9.923678166221064703e-03
9.924968203634174785e-03
9.926180108322267548e-03
9.927377465355628414e-03
9.928473709792755980e-03
9.929557881399635882e-03
9.930638454150790204e-03
9.931731119025464030e-03
9.932761891087557929e-03
9.933759828910032966e-03
9.934711909270839761e-03
9.935421817854225152e-03
9.936114214755051646e-03
9.936737003385036349e-03
9.937201816599754503e-03
9.937591407466132842e-03
9.938032845958313238e-03
9.938518538984940365e-03
9.938907239717950648e-03
9.939045102823475947e-03
9.938901043406542235e-03
9.938657267116152161e-03
9.938296845825114051e-03
9.937974121470799158e-03
9.937585950642006602e-03
9.937111039117941733e-03
9.936554421120817257e-03
9.936068856804090507e-03
9.935596717960896995e-03
9.933685085193382988e-03
9.931334091263937375e-03
9.928921558672362119e-03
9.926134668705271363e-03
9.923255463212680635e-03
9.920232889028679849e-03
9.917327076794262009e-03
9.914145756653475194e-03
9.910887468784074228e-03
