8.165348777081131437e-03
8.159190269258436920e-03
8.152960892891542716e-03
8.146497438869255980e-03
8.139831938646088089e-03
8.132784618780759811e-03
8.125465581674594026e-03
8.118731885950242547e-03
8.112173819908698527e-03
8.105154804262625079e-03
8.098118134679177169e-03
8.090764937780017124e-03
8.083257697725084248e-03
8.075398006350412508e-03
8.067080869214178843e-03
8.058245750111532255e-03
8.048715157096533387e-03
8.038330895194045408e-03
8.027585129595622704e-03
8.016773130727364305e-03
8.006006679571221751e-03
7.994841939059145475e-03
7.983240062190519182e-03
7.971212826714252700e-03
7.959224932331334518e-03
7.947578757716674408e-03
7.935323141583926210e-03
7.922004715725008625e-03
7.907502269109393037e-03
7.892478603552618988e-03
7.876542268238204483e-03
7.860273847237057507e-03
7.843798031372155657e-03
7.826814908071456217e-03
7.809211682134841598e-03
7.791308335100284588e-03
7.773075472480517334e-03
7.754773992286231876e-03
7.736457557032071046e-03
7.717503266954300369e-03
7.697113068859443540e-03
7.676784977653106773e-03
7.656006812234303176e-03
7.634909527396006694e-03
7.613581853683179176e-03
7.592095005465292375e-03
7.570861204614805044e-03
7.549541824101187355e-03
7.527867934759438842e-03
7.506455908488357011e-03
7.484524091374586928e-03
7.460510709538587665e-03
7.436067527810452660e-03
7.410417353779611381e-03
7.384531486810536928e-03
7.358579513960073794e-03
7.331922843031661238e-03
7.305499122225542208e-03
7.279387289033887980e-03
7.253614831081662065e-03
7.228110784547621577e-03
7.202797501945820344e-03
7.177012711100644489e-03
7.150721032646527482e-03
7.124470434323041008e-03
7.098162320380884890e-03
7.071790156479984026e-03
7.045407526640440517e-03
7.019196934103123960e-03
6.993858986244005232e-03
6.968699091223210483e-03
6.943819919105949715e-03
6.919304961653454170e-03
6.894941503684346752e-03
6.870882471326886405e-03
6.847169052278292110e-03
6.823608778455510226e-03
6.800396270859174717e-03
6.777413118758074916e-03
6.755375442903596706e-03
6.733720012200400742e-03
6.712787846308880188e-03
6.692639803869368000e-03
6.673024703940188748e-03
6.654232417870991657e-03
6.636677449690300302e-03
6.619604046568570467e-03
6.603297518979108112e-03
6.587843853593769797e-03
6.572970107718660408e-03
6.558492047004373451e-03
6.544583283665468369e-03
6.531682875456825549e-03
6.518967026411696258e-03
6.506740372781956785e-03
6.495309807074991365e-03
6.484787394914566863e-03
6.474585600441466228e-03
6.464677046240233267e-03
6.455317736570227033e-03
6.446313638479129332e-03
6.437709384173716937e-03
6.429640623847618017e-03
6.421846922132200611e-03
6.414496287207604487e-03
6.407726725425112214e-03
6.401529893105859653e-03
6.395576089396380094e-03
6.390027744607240830e-03
6.384758329504624033e-03
6.380218977845138195e-03
6.376178996554875654e-03
6.372877753279414421e-03
6.369822532770767418e-03
6.366977688200493347e-03
6.364443553298005513e-03
6.362405435700002783e-03
6.360628391734316107e-03
6.359190077608507970e-03
6.358085183444465646e-03
6.357335455665506611e-03
6.357004571579530534e-03
6.356901262193472534e-03
6.356900079225256094e-03
6.357208475022010918e-03
6.357751901178508580e-03
6.358732604823152251e-03
6.360114549562006191e-03
6.361975927056968266e-03
6.364230253768388482e-03
6.367053636557160404e-03
6.370344127402123580e-03
6.373929620813874666e-03
6.377871573788431933e-03
6.381021507606006449e-03
6.384382169398072036e-03
6.388176539423198567e-03
6.392587973261955325e-03
6.396663127241924811e-03
6.401122781571520585e-03
6.404856225826303408e-03
6.408844941724739334e-03
6.413076560165959818e-03
6.417542639154708364e-03
6.422243486061861122e-03
6.426540283250309175e-03
6.430904454918770496e-03
6.435387239765640380e-03
6.439681776734208253e-03
6.444172891781081020e-03
6.448924529941324306e-03
6.453895653370930567e-03
6.459206561163020020e-03
6.464902176773469795e-03
6.470869855780393351e-03
6.477214437552645393e-03
6.483804032498641061e-03
6.490513257351985046e-03
6.497475375490854507e-03
6.504774476503581877e-03
6.512325312677008649e-03
6.520310495875761107e-03
6.528539898845534331e-03
6.537011650667652260e-03
6.545549177478350057e-03
6.553281523421349876e-03
6.561287708270311173e-03
6.569087972604982159e-03
6.576785928425051171e-03
6.584816498118176327e-03
6.593148910767583810e-03
6.601814849888182520e-03
6.610706768974513453e-03
6.620044138231329436e-03
6.629516334678418020e-03
6.638819251175246197e-03
6.647927564114669563e-03
6.655980746842546716e-03
6.664013337571854032e-03
6.672207861215352816e-03
6.679910455349138444e-03
6.687782239309823448e-03
6.695905666457807603e-03
6.704452919191284353e-03
6.712765653761713046e-03
6.720987477119003475e-03
6.729439182175666299e-03
6.738152188683814957e-03
6.746430019877452423e-03
6.754048753563532230e-03
6.761934309748021329e-03
6.770005411695746017e-03
6.778174162965337063e-03
6.786524718425098433e-03
6.795401182015825547e-03
6.804540725474732786e-03
6.814051210078314776e-03
6.823743335011409408e-03
6.833737514598182961e-03
6.843276532627716804e-03
6.853080523116002014e-03
6.863089259343395018e-03
6.873325003101404991e-03
6.883914798727749397e-03
6.894893269186064960e-03
6.906106391538867698e-03
6.917506169942992320e-03
6.929114765230639378e-03
6.940522752525022515e-03
6.951866311131113182e-03
6.963373000684221041e-03
6.975046256179408787e-03
6.986286861928513343e-03
6.997698660304594101e-03
7.009253161225484363e-03
7.021129690885377639e-03
7.033277794209816074e-03
7.045618673781059611e-03
7.058134941604935278e-03
7.070944547488489454e-03
7.083337440131873101e-03
7.095817246845565612e-03
7.108401580271411953e-03
7.120050998798467708e-03
7.131069591859742936e-03
7.142410643133513537e-03
7.153694951048026295e-03
7.164952308113368626e-03
7.176538065190007573e-03
7.188416093117732698e-03
7.200481028966464539e-03
7.212747227986791160e-03
7.225349573927340383e-03
7.238278905391721564e-03
7.251145294278239437e-03
7.264144698901913062e-03
7.277323399326269572e-03
7.290900659608787193e-03
7.304081795742500133e-03
7.316846378532327992e-03
7.329852968181454695e-03
7.343059466244562794e-03
7.356616075855823209e-03
7.370560965976315389e-03
7.384722165376659229e-03
7.399198726237365444e-03
7.413938106903533894e-03
7.428449020886376993e-03
7.441992380513599500e-03
7.455635029126410004e-03
7.468926973121211080e-03
7.481346962238315766e-03
7.493547758128032282e-03
7.505946274099105711e-03
7.518536394977588105e-03
7.531315086698439458e-03
7.544277229409047589e-03
7.557354356841712063e-03
7.570776473855586261e-03
7.584295324157405357e-03
7.597988980477946193e-03
7.611866895462702370e-03
7.625787358188119980e-03
7.639637692253055563e-03
7.653214832547286517e-03
7.666777264497645628e-03
7.680373242952850434e-03
7.694026638710331663e-03
7.707810789985086730e-03
7.721752949975626071e-03
7.735952789304288528e-03
7.750380380672384530e-03
7.765170506340652624e-03
7.779624560676032252e-03
7.792918299209302541e-03
7.805009998260325002e-03
7.816929071696508344e-03
7.829030862449579478e-03
7.841475074928813682e-03
7.852529347326371242e-03
7.863667160114773402e-03
7.874886966660865281e-03
7.886183044527688563e-03
7.897569993171069808e-03
7.909110377760777966e-03
7.920726439544199110e-03
7.932553036897984841e-03
7.944430668917222549e-03
7.956398917993292436e-03
7.968457321087696332e-03
7.980681327046393325e-03
7.992939961518844699e-03
8.005346982915105200e-03
8.017991023992325841e-03
8.030758179394444432e-03
8.043435978938197686e-03
8.055592377047594843e-03
8.067940467809137789e-03
8.080406257036624670e-03
8.093058604263330541e-03
8.105805411343532801e-03
8.118711154802260230e-03
8.131744336392862996e-03
8.143794918576753930e-03
8.155812464338161802e-03
8.168114343223353141e-03
8.180480051648278059e-03
8.192940996943355245e-03
8.205492669240477266e-03
8.218240504942729910e-03
8.231066595208228615e-03
8.243962957380135750e-03
8.257038232130227765e-03
8.270347670100043971e-03
8.283713318617696303e-03
8.297254948193546684e-03
8.310815649035368027e-03
8.324538115230645588e-03
8.338390180404118071e-03
8.352638531472720770e-03
8.367092919872405263e-03
8.381825301574252415e-03
8.396202101424965827e-03
8.410884747717783938e-03
8.425974810801484249e-03
8.440732197639362611e-03
8.455465297156596755e-03
8.470604144200359620e-03
8.485904958516192476e-03
8.501368811012767826e-03
8.516492857739258598e-03
8.531124681856893169e-03
8.545320565800765961e-03
8.559763610814424828e-03
8.574468851905891337e-03
8.589435713977119913e-03
8.604452521833314688e-03
8.619189998015799534e-03
8.634042082569414606e-03
8.649057276133862229e-03
8.664313693726541366e-03
8.679215142624086693e-03
8.694398575623632844e-03
8.709789110519937719e-03
8.725365449656446309e-03
8.741334638900144505e-03
8.757589686757471723e-03
8.774166837091094268e-03
8.791055087979454327e-03
8.808246084643450713e-03
8.824977258707431688e-03
8.841909099701656879e-03
8.859087228546948592e-03
8.876690540906844937e-03
8.894532706072710848e-03
8.912678870812519583e-03
8.931174661332924244e-03
8.950049270202578913e-03
8.969283320634678300e-03
8.989029921911405666e-03
9.009239223392691981e-03
9.029667940634707179e-03
9.050015883030877381e-03
9.070782140537268778e-03
9.092151439085259176e-03
9.113975824131736667e-03
9.135685065881330932e-03
9.157494846186156265e-03
9.178657427645635705e-03
9.200494688968139517e-03
9.222780891485966512e-03
9.245720952991910019e-03
9.268074365864801406e-03
9.290522987064375390e-03
9.312328375903632799e-03
9.332099993945212543e-03
9.351855195263441764e-03
9.372017025784240910e-03
9.392568587773948013e-03
9.413437996091572266e-03
9.434936374549488317e-03
9.455886361080171124e-03
9.476070016783119665e-03
9.496529925693785595e-03
9.517299142206468721e-03
9.538531693223020053e-03
9.559511841743136701e-03
9.580490804123542592e-03
9.602069644506310703e-03
9.624095200750982723e-03
9.646511100563397861e-03
9.669072790901105802e-03
9.691519169852613746e-03
9.714173409745723020e-03
9.737443834419332381e-03
9.761071816786431529e-03
9.785335584839927395e-03
9.809855656330622800e-03
9.834846831434590833e-03
9.859397789073104379e-03
9.884149702248046232e-03
9.909368801180843886e-03
9.935020167694392362e-03
9.960295066994803020e-03
9.985358035266364216e-03
1.001013949938907126e-02
1.003492951598083070e-02
1.006024805084522467e-02
1.008605674896004105e-02
1.011116006606798193e-02
1.013628982817139229e-02
1.016184103459496363e-02
1.018723683504426172e-02
1.021213365759703583e-02
1.023717150603010474e-02
1.026128182227978823e-02
1.028603124900142815e-02
1.031106435551856076e-02
1.033542164307682185e-02
1.036022807110610622e-02
1.038548996779921178e-02
1.041129311685221569e-02
1.043754620400762743e-02
1.046408657959303073e-02
1.049111281523660948e-02
1.051868333836229394e-02
1.054692211695614119e-02
1.057557412622264423e-02
1.060444448351270316e-02
1.063279489719965755e-02
1.066178383621745052e-02
1.069108671322223543e-02
1.072042091351277891e-02
1.074945699841266082e-02
1.077908919780565765e-02
1.080882565856226309e-02
1.083826283311739407e-02
1.086844001402165888e-02
1.089868633619381182e-02
1.092947072601473460e-02
1.096037802454186312e-02
1.099117591912371523e-02
1.102099447724023094e-02
1.105111234534444237e-02
1.108151895706698670e-02
1.111230178334010610e-02
1.114336305485364928e-02
1.117407899743584794e-02
1.120499755001851463e-02
1.123617921629865846e-02
1.126657203676841718e-02
1.129742916697723878e-02
1.132873188610951896e-02
1.136022320885629773e-02
1.139123103113834183e-02
1.142188492761903908e-02
1.145284522819665224e-02
1.148398111868122011e-02
1.151561743855056968e-02
1.154755664797006524e-02
1.157993040157625705e-02
1.161270297880340717e-02
1.164601900518040523e-02
1.167990727631025225e-02
1.171428233410385343e-02
1.174895648410905456e-02
1.178393441696926579e-02
1.181925291358724116e-02
1.185481218070943803e-02
1.189057593324373448e-02
1.192709095781152237e-02
1.196347646374569355e-02
1.199898737505986600e-02
1.203466815965844629e-02
1.207060273322603863e-02
1.210736660768553172e-02
1.214453911520483806e-02
1.218241242937581625e-02
1.222107794162904069e-02
1.226006499711800035e-02
1.229958973756181510e-02
1.233844889769481618e-02
1.237795798627453099e-02
1.241666274156900431e-02
1.245508477538852590e-02
1.249406536736750138e-02
1.253229759874682596e-02
1.256981674978279936e-02
1.260753829462888873e-02
1.264564802959656023e-02
1.268424318748446328e-02
1.272353661112671230e-02
1.276340677353243573e-02
1.280374542835259651e-02
1.284463566985419303e-02
1.288609693772537791e-02
1.292792464903053280e-02
1.296893976424474439e-02
1.301077779612828424e-02
1.305289281568528491e-02
