8.164901118433686919e-03
8.153107972962026634e-03
8.141684283846270867e-03
8.130522786315508635e-03
8.119443457239082160e-03
8.108510562766121227e-03
8.097920334224744873e-03
8.087685481915999133e-03
8.077586417496767507e-03
8.067619690378790426e-03
8.058088323050945079e-03
8.048580206757253303e-03
8.039206772161505005e-03
8.030193957339367208e-03
8.021227610359808399e-03
8.012749112627760850e-03
8.004414518777067805e-03
7.996641163000724542e-03
7.989073300247477236e-03
7.981783210773968698e-03
7.975177475814108560e-03
7.968756824371958300e-03
7.962413834555388120e-03
7.956146674164403867e-03
7.950335438736556848e-03
7.944906849390222930e-03
7.939855066343069062e-03
7.934909253831935044e-03
7.930065038759500848e-03
7.925397313770558838e-03
7.920731102114057093e-03
7.916016866070895233e-03
7.910680463011510871e-03
7.906411492002963018e-03
7.902358052993435980e-03
7.898648564768039060e-03
7.895235398187866807e-03
7.891931254973444734e-03
7.889031099501616490e-03
7.886374576413352627e-03
7.883896759888235281e-03
7.881813974799428343e-03
7.879148932146383399e-03
7.876254694554990846e-03
7.873241079190162681e-03
7.870458098887410728e-03
7.868024473202488850e-03
7.866050031061274511e-03
7.864238723038661019e-03
7.862952315932850503e-03
7.861676670375596782e-03
7.860893549380366593e-03
7.860649566546435568e-03
7.860034157328653695e-03
7.859467686549272483e-03
7.859122261547826435e-03
7.858609492398239277e-03
7.858336033278840241e-03
7.858030403819793799e-03
7.857743595078498997e-03
7.856952955257798590e-03
7.856398354332876088e-03
7.855939244790756393e-03
7.855735049306190182e-03
7.855881648563184383e-03
7.856446334847168658e-03
7.857476502474152955e-03
7.856487768335395847e-03
7.855601044854909967e-03
7.853890854185705331e-03
7.851075236540437305e-03
7.849007369775010817e-03
7.847794891575473122e-03
7.846650642045725765e-03
7.845298805380131191e-03
7.843936579684681470e-03
7.842601734311907546e-03
7.841535320179320728e-03
7.841075714297988247e-03
7.840968722275784564e-03
7.841646430654098179e-03
7.843194145290237687e-03
7.844464685663049552e-03
7.846068039713381334e-03
7.848078886935026810e-03
7.850479135525860117e-03
7.852583486130547061e-03
7.854106635411497311e-03
7.854926546031116077e-03
7.856272281794493204e-03
7.857760479861893368e-03
7.858549196434222450e-03
7.859087547932228079e-03
7.859852801508712336e-03
7.860516918702807956e-03
7.860534399991847554e-03
7.860474736212810440e-03
7.860928545919887087e-03
7.861538210368087046e-03
7.861840200534831943e-03
7.861616130602780417e-03
7.861351019919493935e-03
7.860731297334245041e-03
7.859512958473357028e-03
7.857929776462603891e-03
7.856319517535676270e-03
7.854427392380554027e-03
7.852803594863394868e-03
7.851350280615241109e-03
7.849590193319239129e-03
7.847458097141187319e-03
7.845212256824754884e-03
7.842568723525671082e-03
7.839513562480925762e-03
7.836351205381031707e-03
7.832711687373469789e-03
7.828854195314538522e-03
7.825227161903185874e-03
7.821720333761581628e-03
7.818305804362908965e-03
7.815092174735293121e-03
7.812088221995463697e-03
7.809251830254851541e-03
7.806620139059632091e-03
7.804338080516774745e-03
7.802285409448533188e-03
7.800533269394328145e-03
7.798669434781395175e-03
7.796876540996392976e-03
7.795235257961532528e-03
7.793701943505524678e-03
7.792140396915721995e-03
7.790441311506014072e-03
7.788413841942313717e-03
7.786406711450344874e-03
7.784661394870989216e-03
7.783305812139374759e-03
7.782033592194843342e-03
7.780913363844332679e-03
7.779788754864198214e-03
7.778639815748202881e-03
7.777182623552631076e-03
7.775403821784010808e-03
7.773710697202087377e-03
7.771999587591754688e-03
7.770598829798846911e-03
7.769390293240950769e-03
7.768393950681945666e-03
7.767465556908157050e-03
7.766659477713619940e-03
7.765385433629983132e-03
7.763948458667816084e-03
7.762578978173984533e-03
7.761164376005717964e-03
7.759638625569006444e-03
7.758051858181391584e-03
7.756192446748994863e-03
7.754640036183615276e-03
7.752637485068388824e-03
7.750520506357272410e-03
7.748755902057294712e-03
7.747287703182910608e-03
7.745889519323752997e-03
7.744777065104185496e-03
7.744040090176779016e-03
7.743602025628666327e-03
7.743517510531166929e-03
7.743125035717522697e-03
7.742017681793006076e-03
7.741395924164131380e-03
7.740584352994717664e-03
7.739709606142409701e-03
7.739033985401706610e-03
7.738591644090481864e-03
7.738212804069132845e-03
7.738066681065205142e-03
7.737874576118400870e-03
7.737392212634918408e-03
7.737146134631072217e-03
7.737044480237579083e-03
7.737246784717320344e-03
7.737781050799173894e-03
7.738694636855523133e-03
7.739991942809261970e-03
7.741879016563239617e-03
7.744076871079552150e-03
7.746042937826934892e-03
7.748089024075442699e-03
7.750357720839000722e-03
7.752696449003851353e-03
7.754813086779086678e-03
7.756756538113081939e-03
7.758352555698996844e-03
7.760197975545736135e-03
7.762314055137577856e-03
7.764654758087619763e-03
7.767311789804645129e-03
7.770139611368678464e-03
7.773139888343993942e-03
7.776492070877540248e-03
7.779644906880469647e-03
7.782600369552226255e-03
7.785801632193297891e-03
7.789107865027514871e-03
7.792574531715305494e-03
7.796072359413964113e-03
7.799463154389546689e-03
7.803348559053995687e-03
7.807684871241876885e-03
7.812136931425382042e-03
7.816698196807105731e-03
7.821246646171231554e-03
7.825966062457587885e-03
7.830827987827542261e-03
7.835893939799868160e-03
7.841220871052630506e-03
7.846919799822913572e-03
7.852777982121465772e-03
7.858783579808794120e-03
7.864964378366262263e-03
7.871545333102041367e-03
7.878308499829688588e-03
7.884476669487853681e-03
7.890287896194085257e-03
7.895797842884509990e-03
7.901410668694684031e-03
7.907232266194667153e-03
7.913321271598612594e-03
7.919454739798581153e-03
7.925737450697927303e-03
7.932067101332112083e-03
7.938263627341022102e-03
7.944367446805399025e-03
7.950666853519803776e-03
7.956912305677561401e-03
7.963227526002397694e-03
7.969708436936355847e-03
7.975890066954503810e-03
7.981557697810982843e-03
7.987011384795345351e-03
7.992582461553383866e-03
7.998099320520563049e-03
8.003196411303281979e-03
8.008286871015277142e-03
8.013306858487959095e-03
8.018315892140106399e-03
8.023304101217255263e-03
8.028369303394938122e-03
8.033436457364460243e-03
8.038560524368338830e-03
8.043415467424323145e-03
8.048153888639525411e-03
8.052970637098146381e-03
8.057840132830389190e-03
8.062683833459651297e-03
8.067685422552204819e-03
8.072745218649708676e-03
8.077267365207111902e-03
8.081899221230690045e-03
8.086582186449914680e-03
8.091349263457994420e-03
8.096127816526375864e-03
8.100858301335726180e-03
8.105297352040342213e-03
8.109828054766881483e-03
8.114226271924703665e-03
8.118540337385671962e-03
8.122937923944261590e-03
8.127397933219602036e-03
8.131893652753336907e-03
8.136004291024782897e-03
8.140116438664298654e-03
8.144043208101215195e-03
8.147607230351057092e-03
8.151093803069152724e-03
8.154548931191728939e-03
8.157975716838856972e-03
8.161419246534221475e-03
8.164872100825910223e-03
8.168365920017208598e-03
8.171922287199373525e-03
8.175387104772523228e-03
8.178885078756460009e-03
8.182344095133818607e-03
8.186106654125488435e-03
8.190034604548436167e-03
8.193873892745695900e-03
8.197741208515222158e-03
8.201609326276941558e-03
8.205573521355452593e-03
8.209587300271914065e-03
8.213637040259286551e-03
8.217861419365469350e-03
8.222116434467694260e-03
8.226433041354574288e-03
8.230820130259549477e-03
8.235209788737466244e-03
8.239433846993913374e-03
8.243545149826034951e-03
8.247724777067496835e-03
8.251924759172099208e-03
8.256023581834892253e-03
8.260231281908520656e-03
8.264556662079904081e-03
8.268936507683172579e-03
8.272941354013498005e-03
8.277009678706422763e-03
8.281115166599599051e-03
8.285215292284969085e-03
8.289300185008067340e-03
8.293410559186351061e-03
8.297603126530215742e-03
8.301924613028845157e-03
8.306164932274958182e-03
8.310302199158323827e-03
8.314519916073471670e-03
8.318746167155499638e-03
8.323017545131717806e-03
8.327297014388532898e-03
8.331585853898010319e-03
8.335889118629225339e-03
8.340292664297704536e-03
8.344844910471794011e-03
8.349430711938438457e-03
8.353964572550531473e-03
8.358488661847797777e-03
8.362996784972433553e-03
8.367567527942152902e-03
8.372192277104449284e-03
8.376985667887340906e-03
8.381873440392640512e-03
8.386879490723688976e-03
8.391847830044525322e-03
8.396925361976705082e-03
8.402210504104151018e-03
8.407637771167675647e-03
8.413266965534104899e-03
8.419009605984309474e-03
8.424862063037805854e-03
8.430782719887258692e-03
8.436714848469242453e-03
8.442700469031883675e-03
8.448804620644453228e-03
8.455052545743618059e-03
8.461512892033151365e-03
8.468092469480477044e-03
8.474779903711400844e-03
8.481550401155129107e-03
8.488467064451023919e-03
8.495380625032191227e-03
8.502546195472047985e-03
8.509807462962953872e-03
8.517171136921511052e-03
8.524524918338088203e-03
8.532051138581664071e-03
8.539700898048155700e-03
8.547601559529943369e-03
8.555711605345477436e-03
8.564049509429186996e-03
8.572512005144085692e-03
8.581229975296854676e-03
8.590179986987835081e-03
8.598574899895005189e-03
8.605645584707900461e-03
8.611945195587396296e-03
8.618020202434999860e-03
8.623790080787865214e-03
8.629240002726782169e-03
8.634618320565515259e-03
8.640113562265256536e-03
8.645592170473151775e-03
8.651059025313012976e-03
8.656573799731484900e-03
8.662154821642007937e-03
8.667846948163342863e-03
8.673717930390758418e-03
8.679644688951817719e-03
8.685656707185268610e-03
8.691691523490486723e-03
8.697710247820376189e-03
8.703663397725771092e-03
8.709659153928907618e-03
8.715732880070038019e-03
8.721823846937237432e-03
8.727999248714278513e-03
8.734219140492839248e-03
8.739704266167460517e-03
8.745149353663677141e-03
8.750464550841677291e-03
8.755894907182364129e-03
8.761514864994535828e-03
8.767124585959131314e-03
8.772867828712872795e-03
8.778834162298212312e-03
8.784782053631055854e-03
8.790851999150067070e-03
8.797161329906681357e-03
8.803613365264700494e-03
8.809913936389112896e-03
8.815684732477277463e-03
8.821560674520615569e-03
8.827546593666442745e-03
8.833521522123088249e-03
8.839643476345200590e-03
8.846002009782040140e-03
8.852375892320692163e-03
8.858972566653505049e-03
8.865738528477232205e-03
8.872684149056396172e-03
8.879709355731860154e-03
8.886644824284462701e-03
8.892973486501922278e-03
8.899572142681461823e-03
8.906350224994597983e-03
8.913323556809895840e-03
8.920378187242913523e-03
8.927568009745303831e-03
8.935037285945714863e-03
8.942791479073201530e-03
8.950911750433727943e-03
8.959147955714733685e-03
8.967536485501918092e-03
8.976053573917388770e-03
8.984729818234369475e-03
8.993703116742080006e-03
9.002896939783181646e-03
9.012425895146600197e-03
9.022136770843958153e-03
9.031980263570219686e-03
9.042025123665062974e-03
9.052337318847462899e-03
9.062848897755363189e-03
9.073516752131484051e-03
9.084259311934987299e-03
9.094553160302986175e-03
9.104982962077103059e-03
9.115681234751630072e-03
9.126672456147627219e-03
9.137900609554305484e-03
9.149306938884854690e-03
9.160153086187467625e-03
9.171332266946531642e-03
9.182855578695149276e-03
9.194479294458223623e-03
9.206365690206438218e-03
9.217752983366011080e-03
9.229227121337144762e-03
9.241064658339070981e-03
9.253279712280466918e-03
9.265710451412839319e-03
9.278303397595725338e-03
9.290989707023213778e-03
9.304004203443324086e-03
9.317217294433455949e-03
9.330768058358291858e-03
9.344703811103312330e-03
9.358958481289505332e-03
9.373347309829218460e-03
9.387941710206605672e-03
9.402830893665210452e-03
9.417985508382221982e-03
9.433553577521611166e-03
9.449527843726738749e-03
9.465792040381766290e-03
9.482310165219363235e-03
9.499240438890244401e-03
9.516481857907224673e-03
9.533996651808986436e-03
9.551763825191255178e-03
9.569924293080688676e-03
9.588518392086084821e-03
9.607553395427759560e-03
9.626795249866175117e-03
9.645338334973612912e-03
9.663713629724405424e-03
9.681886500909477750e-03
9.700281991863927630e-03
9.717515886534225725e-03
9.735252357417102653e-03
9.753398047185602576e-03
9.771884933752880351e-03
9.790554809423665170e-03
9.809443966434223602e-03
9.828676489186905993e-03
9.848241666532281391e-03
9.867877717885291736e-03
9.887220138644042811e-03
9.906790157132317962e-03
9.926396858623025635e-03
9.945373344553653377e-03
9.964879005614196011e-03
9.984752379686238563e-03
1.000498470607834485e-02
1.002577993902763892e-02
1.004692823900905571e-02
1.006860726523101275e-02
1.009074217043560116e-02
1.011333135542045666e-02
1.013635305503576139e-02
1.015992102546167154e-02
