7.810749494424179193e-03
7.781813745093010999e-03
7.753515279452016969e-03
7.725885089365577482e-03
7.698774677964616113e-03
7.672468555976827941e-03
7.647080752446681895e-03
7.622600225280322384e-03
7.598962871132121204e-03
7.576589898574486413e-03
7.554817599007908509e-03
7.533641228930699693e-03
7.512901848792777164e-03
7.492737271748475467e-03
7.473162563463617118e-03
7.454403637038298919e-03
7.436166942979629407e-03
7.418610193468522414e-03
7.401848749578002033e-03
7.385674621392194703e-03
7.369888467666346407e-03
7.354566179141630231e-03
7.339809894921912707e-03
7.325672845405448858e-03
7.312054549123908793e-03
7.298575347281312936e-03
7.285441082690361642e-03
7.272787092623742185e-03
7.260305284162506777e-03
7.247808320176379014e-03
7.234338329416957133e-03
7.221227307667125485e-03
7.208616030259004659e-03
7.197104406910146378e-03
7.186289662843312574e-03
7.175923219329662789e-03
7.165916867535386016e-03
7.156411354249132308e-03
7.147086018968255329e-03
7.137824639029832600e-03
7.128573414223393460e-03
7.119539217040856890e-03
7.110324870396412394e-03
7.101161271925583544e-03
7.091213995597721309e-03
7.081554986106647180e-03
7.072351574782339938e-03
7.063581936442642380e-03
7.055214922762678524e-03
7.047119679908730137e-03
7.039240921824189458e-03
7.031864055713113459e-03
7.024768592791687943e-03
7.017959762329156227e-03
7.011827135105412959e-03
7.006026362181424008e-03
7.000203243949842079e-03
6.994010635797416608e-03
6.988248091035791608e-03
6.982570706771200168e-03
6.977103638715208452e-03
6.972103723645116380e-03
6.967929981843041208e-03
6.964362897646030406e-03
6.961335031822659010e-03
6.958368601587725313e-03
6.955917170592953655e-03
6.953993636786269875e-03
6.952695681204542483e-03
6.952212403272968987e-03
6.952548487291968296e-03
6.953579964218271729e-03
6.955624932513890420e-03
6.958465482878878859e-03
6.961031407013780654e-03
6.964093588429926505e-03
6.967889395672985375e-03
6.972302330688417288e-03
6.977147625786741386e-03
6.982390171972461222e-03
6.987612727686783043e-03
6.992594358022044716e-03
6.997983105441914903e-03
7.003852639582811707e-03
7.009839028571610703e-03
7.015870759918139271e-03
7.022320219119599499e-03
7.029152861706883249e-03
7.036320470889211726e-03
7.042599956904058676e-03
7.048660459538792430e-03
7.054956626039795772e-03
7.061138913085251295e-03
7.067122712547109324e-03
7.073485996901218709e-03
7.080125663965925256e-03
7.087220406429049248e-03
7.094450115628344981e-03
7.101962292054386609e-03
7.109712107660470619e-03
7.117082301999951358e-03
7.124642079417855579e-03
7.132353039433840004e-03
7.140418839699477424e-03
7.148698905744095382e-03
7.157595361130971584e-03
7.166188855080333348e-03
7.174922917157373729e-03
7.183975320844493764e-03
7.192190891335077142e-03
7.199885974310702048e-03
7.207084503998737596e-03
7.213981900088442534e-03
7.220710499616758531e-03
7.227707754504304402e-03
7.235011741210189973e-03
7.242178604562244174e-03
7.248703395792900628e-03
7.255268107707918586e-03
7.262008907454916250e-03
7.268676745337813126e-03
7.275525650302288282e-03
7.281510823550739475e-03
7.286937430710790226e-03
7.292402005441902917e-03
7.297918083162813034e-03
7.303488723310532470e-03
7.309115744209757765e-03
7.314801546154800320e-03
7.320526519782433184e-03
7.326510621065047101e-03
7.332622340197721134e-03
7.338379561602371287e-03
7.344076070519798931e-03
7.350040282290322587e-03
7.356467987668298056e-03
7.363342759887296467e-03
7.370718116894593025e-03
7.378195833953349672e-03
7.385264383554970662e-03
7.392061808258708344e-03
7.398835184032617578e-03
7.405581406510149817e-03
7.412316985973809932e-03
7.419348269433691592e-03
7.426741822902498472e-03
7.434238456881067832e-03
7.441650951055911282e-03
7.448888364877515218e-03
7.456303631468934497e-03
7.463987376344359374e-03
7.472359010366228307e-03
7.481165074929660257e-03
7.489555050773298063e-03
7.497689165074828029e-03
7.505952646306771753e-03
7.514576675953591953e-03
7.523645643838659282e-03
7.532517800276061423e-03
7.541360614027294712e-03
7.550302984227028925e-03
7.559282577224717310e-03
7.568456484116531033e-03
7.577129592144027544e-03
7.585896459652896433e-03
7.594800938926068480e-03
7.603825287026039909e-03
7.612903470751527027e-03
7.621435085102932702e-03
7.630190194816890287e-03
7.639219105114662678e-03
7.648037103491065435e-03
7.657118278994973909e-03
7.666291771477903687e-03
7.675512577403674139e-03
7.684805086637993936e-03
7.694196860543131913e-03
7.703901220320676611e-03
7.712895289614411440e-03
7.721225865970402988e-03
7.729713459949561979e-03
7.738421148389795778e-03
7.747324158731477492e-03
7.756379263476500911e-03
7.765542522597197565e-03
7.774853622087184689e-03
7.784372717836037479e-03
7.793556355936460955e-03
7.802221372947650870e-03
7.811113735518217249e-03
7.820329509336112345e-03
7.829721549646961182e-03
7.839431656176272176e-03
7.849458421836737546e-03
7.859756106247811624e-03
7.870299400866946279e-03
7.881106607343622145e-03
7.891945957995095615e-03
7.902864155222536977e-03
7.913960511269210393e-03
7.924683916235129508e-03
7.935264434709383974e-03
7.945919049914923829e-03
7.956859577649641815e-03
7.967750422833586726e-03
7.978633407991892607e-03
7.989099348752774429e-03
7.998921524341678566e-03
8.008842983630380663e-03
8.018905570287320622e-03
8.029036144316008608e-03
8.039305736667721677e-03
8.049779580798031159e-03
8.060362289719241388e-03
8.070753179128373547e-03
8.080923425407523716e-03
8.090694502901027083e-03
8.099787215252252440e-03
8.108894118993417721e-03
8.117948814615385394e-03
8.126708764033093585e-03
8.135239738799359202e-03
8.143709794402542723e-03
8.152144410646005104e-03
8.160546510592408057e-03
8.168973984625618398e-03
8.177554485482159755e-03
8.186277300903816237e-03
8.194594394170768431e-03
8.202762897538075706e-03
8.211163152730646328e-03
8.219547806274474927e-03
8.227911395795321076e-03
8.236215202606018623e-03
8.244631892493761716e-03
8.253190379992681944e-03
8.261810371267216263e-03
8.270603570654852868e-03
8.279387262952971061e-03
8.287673115921646155e-03
8.295681406911585218e-03
8.303407914660870109e-03
8.311427524722031154e-03
8.319805743299341777e-03
8.328343405694686383e-03
8.336771584857297773e-03
8.345153516199913662e-03
8.353524406505838731e-03
8.361969223339402874e-03
8.370583171855825594e-03
8.379322604862288540e-03
8.388101853893726798e-03
8.396999169284753359e-03
8.405805120202891612e-03
8.414047641014072570e-03
8.422192287327094629e-03
8.430125548108593353e-03
8.438201052625120616e-03
8.446477067611467618e-03
8.454903578566888567e-03
8.463136351254811271e-03
8.471422363855478019e-03
8.479802874367635412e-03
8.488290198769586625e-03
8.496602024180751819e-03
8.505003738261740498e-03
8.513427218323616624e-03
8.521500763912434606e-03
8.529248554517965958e-03
8.536993344887751703e-03
8.544722852872782201e-03
8.552438027807694396e-03
8.560315187986552304e-03
8.568292628772291100e-03
8.576267502760148015e-03
8.584199322625043690e-03
8.591836408971667560e-03
8.599325322999026508e-03
8.606852294985102222e-03
8.614441806769001023e-03
8.621959803419811802e-03
8.629548850050881154e-03
8.637238646670323400e-03
8.644998894914341508e-03
8.652891140845166487e-03
8.660851339261277718e-03
8.668753924270886785e-03
8.676681925653925362e-03
8.684764562866214774e-03
8.692328907767747290e-03
8.699883048907681993e-03
8.707493088731645473e-03
8.715012419525342696e-03
8.722546381489833939e-03
8.730172094849794270e-03
8.737789875239694234e-03
8.745122817180586358e-03
8.752403537259128424e-03
8.759853257932005352e-03
8.767326196074029174e-03
8.774894408087033013e-03
8.782477242813509222e-03
8.790107975595356365e-03
8.797917028942763701e-03
8.805870571444761666e-03
8.813927900114504679e-03
8.821910271520228691e-03
8.829411446553287954e-03
8.836757827182269501e-03
8.844319273335945683e-03
8.852117234902718429e-03
8.859770347878622929e-03
8.866489806096687631e-03
8.872504098969382844e-03
8.878509391134842971e-03
8.884264555823974743e-03
8.889899294560077436e-03
8.895575990081332207e-03
8.901245090925491432e-03
8.906966976044056877e-03
8.912267111321470897e-03
8.917641914199551587e-03
8.923108106922494204e-03
8.928578982888688356e-03
8.934119507033660632e-03
8.939682612234139264e-03
8.945318173445016008e-03
8.951003360119724750e-03
8.956840019584451015e-03
8.962769360750301798e-03
8.968614164618193829e-03
8.974413368708550331e-03
8.980360696488555797e-03
8.986412956403731431e-03
8.992423424451577441e-03
8.998493199485086205e-03
9.004583409528093760e-03
9.010775578956829041e-03
9.016967577124749764e-03
9.023059571663154255e-03
9.029109943480710665e-03
9.035184993770163306e-03
9.041012333263665976e-03
9.045921287698099889e-03
9.050826789429944688e-03
9.055818361349755874e-03
9.060956661500727677e-03
9.066095010281313704e-03
9.071273089456467764e-03
9.076404513802899254e-03
9.081692314073026850e-03
9.086903778535297335e-03
9.092150909647876353e-03
9.097399556735811035e-03
9.102678168123242222e-03
9.107454998011002903e-03
9.112117569449379451e-03
9.116629837322805935e-03
9.121374988188600194e-03
9.126451919881144181e-03
9.131528392763854293e-03
9.136735505932844226e-03
9.142047295402948998e-03
9.147322828324384175e-03
9.152672100655161874e-03
9.158072040814972670e-03
9.163470828664369711e-03
9.168992222342095197e-03
9.174629804853446161e-03
9.180379844404137554e-03
9.186277707409469181e-03
9.191614551702394567e-03
9.196801773244963826e-03
9.202208337603922164e-03
9.207703445918162879e-03
9.212719472190778955e-03
9.217274878760407450e-03
9.221574935456038763e-03
9.225956038689085356e-03
9.230477871796134368e-03
9.234798207040768869e-03
9.238767256754810281e-03
9.242808085893320161e-03
9.246910103772118181e-03
9.251175481210037466e-03
9.255546389138809629e-03
9.260075958583132566e-03
9.264848646496388548e-03
9.269586221714067042e-03
9.274332837811271463e-03
9.279263590998725053e-03
9.284199750530646236e-03
9.289189609842313580e-03
9.294226181069641102e-03
9.299503741634544338e-03
9.304789748951951614e-03
9.310227207916061884e-03
9.315767199249614175e-03
9.321369933356768098e-03
9.327037067873061166e-03
9.332284641937993799e-03
9.336993122903401027e-03
9.341418910408639739e-03
9.345350806040486624e-03
9.349402483811559972e-03
9.353556046966774937e-03
9.357692507298209436e-03
9.361829863048841058e-03
9.365981532820609468e-03
9.370093424625362127e-03
9.374164970765217278e-03
9.378181312778790038e-03
9.382131019535314490e-03
9.386069316304384083e-03
9.389987149520485216e-03
9.393994513027296989e-03
9.397835747201327070e-03
9.401665318725341280e-03
9.405470722388406882e-03
9.409258172209448295e-03
9.413034076725846841e-03
9.416869916184228764e-03
9.420704816879628407e-03
9.424583742175937293e-03
9.428390528611503563e-03
9.432337237246613687e-03
9.436292902188008966e-03
9.440177032967338178e-03
9.444088743080747764e-03
9.447892792514782367e-03
9.451490135431886083e-03
9.454934577328355169e-03
9.458266500869885393e-03
9.461657736682905703e-03
9.464990857992969589e-03
9.468319015910917763e-03
9.471686435899106735e-03
9.474999160257631392e-03
9.478372943325085245e-03
9.481782499816564236e-03
9.485188149024282797e-03
9.488498608934263848e-03
9.491647935675707679e-03
9.494931361749014281e-03
9.498212784493659938e-03
9.501612728179068684e-03
9.505032395401579598e-03
9.508497087303582201e-03
9.511978239272729160e-03
9.515616642498623060e-03
9.519346901779371373e-03
9.522169732464497507e-03
9.524876324629220903e-03
9.527549618194398190e-03
9.530141840907356554e-03
9.532610667032172941e-03
9.535092418062636813e-03
9.537583806213979776e-03
9.540097421270377076e-03
9.541685919237673230e-03
9.542899977106580195e-03
9.544127829928356413e-03
9.545369628877670154e-03
9.546521882735954298e-03
9.547680341098676443e-03
9.548865737624591746e-03
9.550036357619452743e-03
9.551189803431860831e-03
9.552382464799228506e-03
9.553535075979460722e-03
9.554782194585668270e-03
9.554495411480687719e-03
9.553745331929625051e-03
9.552940028166133704e-03
9.552080124975039985e-03
9.551214424288235333e-03
9.550299977170727955e-03
9.549353908646772415e-03
9.548299180422025953e-03
9.547181360030470784e-03
9.546135498781520290e-03
9.545161292211506651e-03
9.544192537972661164e-03
9.543127261878938880e-03
9.542153890998267621e-03
9.541223729643890164e-03
9.540101467042821567e-03
9.536585551242720074e-03
9.533025163660694898e-03
9.529516581946386941e-03
9.526038212436888086e-03
9.522522480583587093e-03
9.519029477260380553e-03
9.515620338349279825e-03
9.512157678847990225e-03
9.508653615987697205e-03
9.504762850966148174e-03
9.500415995667282898e-03
9.496088810518664089e-03
9.491720457230368516e-03
