7.726081811453558087e-03
7.749137075202129805e-03
7.772779915675983448e-03
7.796477144573792616e-03
7.819393852022014577e-03
7.842624624184949683e-03
7.865900931572232871e-03
7.889165139237635377e-03
7.912681152976424465e-03
7.934643635323937461e-03
7.956322307282973419e-03
7.976531865209933458e-03
7.995617620923300625e-03
8.012521710447546158e-03
8.024845315604108020e-03
8.035216120599155201e-03
8.045828126744713343e-03
8.056156087612832001e-03
8.066137005917330127e-03
8.077165937661192480e-03
8.087533161078568067e-03
8.098288286044381251e-03
8.109584104245172800e-03
8.121439017331666746e-03
8.132358307069788989e-03
8.142087952161878098e-03
8.151575174383512284e-03
8.160419474721116936e-03
8.168191896025162047e-03
8.174452942329135316e-03
8.178197703474813021e-03
8.182661235520669735e-03
8.186601535732650897e-03
8.191126864801903662e-03
8.195993759441921184e-03
8.200853719224793573e-03
8.205872833410067860e-03
8.210758997567627754e-03
8.214667138424587914e-03
8.218609344276527409e-03
8.222796917188374827e-03
8.226832117943210648e-03
8.231180070941769220e-03
8.234820224369982997e-03
8.238416751814777242e-03
8.242133047589531719e-03
8.246218354719385413e-03
8.250622509345946487e-03
8.255149319454537296e-03
8.259901706484509831e-03
8.264261438256103459e-03
8.267162568036591497e-03
8.270652222059995257e-03
8.274126211698495242e-03
8.277063980952813205e-03
8.279604466545961022e-03
8.282462708046342895e-03
8.285297594976433200e-03
8.288684689937002650e-03
8.292703008287076114e-03
8.297221833591461940e-03
8.301486600217476697e-03
8.305808732410730616e-03
8.309761282676832173e-03
8.313394213054671120e-03
8.315491391550050571e-03
8.317429453783579604e-03
8.319354580870175903e-03
8.321330107992548977e-03
8.323378844851275077e-03
8.324877780713264494e-03
8.325994551669432114e-03
8.327429131820584737e-03
8.328954158032047042e-03
8.331330805434442738e-03
8.334148127030843733e-03
8.336862102735936517e-03
8.342782537247180746e-03
8.348385030781151767e-03
8.353406496763268393e-03
8.357956652786609208e-03
8.362463309488173471e-03
8.366743311488109014e-03
8.370890196626396343e-03
8.374658371114162073e-03
8.378329571015951868e-03
8.381576852037381578e-03
8.382674654173525794e-03
8.380073670862958971e-03
8.380529167673822152e-03
8.381289279824514354e-03
8.382370698901419476e-03
8.380581819637338697e-03
8.377345578132919593e-03
8.373427979608929692e-03
8.369417158808867621e-03
8.365354564186433875e-03
8.360398508834196787e-03
8.355058424264743405e-03
8.350882629052249970e-03
8.346180720982067369e-03
8.342513256376421146e-03
8.340904254354063532e-03
8.341395397035314060e-03
8.340478119159229486e-03
8.339648779482551275e-03
8.338605478424562789e-03
8.337896578906532977e-03
8.337323483730082682e-03
8.336575109288153762e-03
8.334845044899166430e-03
8.333157053352269542e-03
8.331359533279743268e-03
8.331497671446351852e-03
8.332377125261608564e-03
8.333180969376562455e-03
8.333845816014521027e-03
8.334099843935982924e-03
8.333583779139229139e-03
8.333868357261128151e-03
8.333308776657423478e-03
8.332359030287993587e-03
8.331006524404294469e-03
8.328686324057484047e-03
8.325279640843967835e-03
8.321701338040745494e-03
8.318760539808995810e-03
8.317227744686348997e-03
8.315348792475312986e-03
8.313085990500910030e-03
8.309396717925091047e-03
8.305595193036681076e-03
8.301680498149938484e-03
8.297686318720900664e-03
8.293539595527154445e-03
8.289047237616933850e-03
8.284902443816334616e-03
8.280724995329113991e-03
8.276392007730832071e-03
8.270087260219504549e-03
8.264473685212268481e-03
8.260053081255406757e-03
8.255768550094095409e-03
8.251530632399887641e-03
8.247722898943564418e-03
8.244075698185707179e-03
8.240235863766237623e-03
8.236543451342753785e-03
8.232918146927498473e-03
8.229265953441183140e-03
8.225649132250640802e-03
8.221956310109444083e-03
8.218693135364265809e-03
8.215384240456848064e-03
8.210638144288516169e-03
8.205668797161166234e-03
8.201605755853264360e-03
8.197621906417991433e-03
8.194076199496557952e-03
8.192038349559607399e-03
8.190339055096302126e-03
8.190174455416011912e-03
8.190570008959735179e-03
8.190884915376421202e-03
8.192524933577955901e-03
8.194092383180986983e-03
8.195692925302347845e-03
8.197468807311021274e-03
8.198830932442892697e-03
8.200158549247511114e-03
8.201472589800383461e-03
8.202850721211093696e-03
8.204298908271793339e-03
8.205745987290881394e-03
8.207397918558508726e-03
8.209110594028302607e-03
8.210919378397659243e-03
8.212617626399245155e-03
8.214150292019115410e-03
8.215654442383065262e-03
8.215579626184596126e-03
8.214688491218933089e-03
8.213617206857499325e-03
8.212547260735466800e-03
8.211597276206466720e-03
8.210841401009994281e-03
8.210439415274812733e-03
8.212324542389648832e-03
8.215058691158440285e-03
8.217738542981131017e-03
8.221345484167020407e-03
8.225032955993522368e-03
8.228841469571927109e-03
8.232760891177854159e-03
8.236726660109465123e-03
8.240830704308841487e-03
8.246207371628585733e-03
8.251861127581106362e-03
8.257587583749234975e-03
8.263557413163102189e-03
8.269693749714221095e-03
8.275879075051222056e-03
8.281944555347689127e-03
8.288234417175625868e-03
8.294476832754320642e-03
8.300760217064830429e-03
8.306962098010302331e-03
8.313099731439222567e-03
8.319133177770408893e-03
8.325333410066254256e-03
8.331702589437372033e-03
8.338471436443976523e-03
8.345339625823030780e-03
8.352149398746245776e-03
8.358762150110216407e-03
8.365397006408764255e-03
8.372019729222206566e-03
8.378736874359769826e-03
8.385289536435613575e-03
8.391768802945226771e-03
8.398119764711529239e-03
8.404542139594420314e-03
8.410654195828617258e-03
8.417467125712365522e-03
8.424159379755626759e-03
8.430612319408017918e-03
8.437239552882440374e-03
8.443868442142357655e-03
8.450397397545718683e-03
8.456767830186558838e-03
8.463083392765441415e-03
8.469328847298566304e-03
8.475564370290220029e-03
8.481748688941356112e-03
8.487947004992550670e-03
8.494122816632750789e-03
8.500271588357583355e-03
8.506165945799993439e-03
8.512010509160689714e-03
8.520079608572804844e-03
8.528132331698150617e-03
8.536325228628387912e-03
8.544825681437379430e-03
8.552683628951628786e-03
8.559399215562923935e-03
8.565776741255817783e-03
8.572215068502106114e-03
8.578966199132499054e-03
8.585781264490596754e-03
8.592622725950257653e-03
8.599412794101065141e-03
8.606021738347709518e-03
8.612368269533317994e-03
8.618589526869160564e-03
8.624684853062574222e-03
8.630570805774813795e-03
8.636355022956159616e-03
8.642022163284884817e-03
8.647633292870056387e-03
8.653314556401539917e-03
8.659080093996738767e-03
8.664895618077778777e-03
8.670647371820352362e-03
8.676183990265380619e-03
8.681168084323145212e-03
8.686036918795818351e-03
8.690726487068438713e-03
8.695226234400457721e-03
8.699254424595188884e-03
8.703146113578042950e-03
8.707023350051081370e-03
8.710819379297574105e-03
8.715298919967855162e-03
8.720273650710614471e-03
8.724935004292683899e-03
8.728798925766003206e-03
8.732432959196952810e-03
8.735724412855484441e-03
8.739008166648956286e-03
8.742267701308958569e-03
8.744531579510897434e-03
8.746487335721944006e-03
8.748197349579324780e-03
8.749806644106166570e-03
8.751466341113480624e-03
8.752780611401635852e-03
8.754000390649909619e-03
8.755130057637885641e-03
8.755937747423673395e-03
8.756418880366238430e-03
8.756787592741713602e-03
8.757798080174851799e-03
8.758868573380039144e-03
8.760048018063666328e-03
8.761292386981924321e-03
8.762588570225205570e-03
8.763798819654904440e-03
8.765676338217349983e-03
8.767348221171608266e-03
8.768960236578207668e-03
8.770415718807791222e-03
8.771606163562940470e-03
8.771982729356768774e-03
8.771736941544984803e-03
8.771168247018228115e-03
8.772049379678402078e-03
8.773294234099924399e-03
8.774449342833291407e-03
8.775566095751573606e-03
8.776525975349835917e-03
8.777380851190001720e-03
8.777785398569383848e-03
8.777761324003300128e-03
8.777139172052009566e-03
8.776673542706078454e-03
8.776090921873641940e-03
8.775330492408113872e-03
8.774578062778362261e-03
8.773690013877068553e-03
8.772873249118172748e-03
8.771891163229589977e-03
8.770650445761037084e-03
8.769313859765931127e-03
8.767978333314968564e-03
8.766319861298199276e-03
8.764448677800127860e-03
8.762351271716834616e-03
8.760142563811862057e-03
8.757851426068420653e-03
8.755325906007695516e-03
8.752473941163293331e-03
8.749475305439010503e-03
8.746192976968950039e-03
8.742686574338295186e-03
8.738912550256381848e-03
8.734881102934684977e-03
8.730830033035199764e-03
8.726659015021542495e-03
8.722225177731000173e-03
8.717454082174974639e-03
8.712566451035073586e-03
8.707728289955658091e-03
8.702660547940454377e-03
8.697472837724934056e-03
8.692292621491490984e-03
8.688377871764284624e-03
8.685593497061662796e-03
8.682599657433049886e-03
8.679600639807723284e-03
8.676582958453731703e-03
8.673450428752034827e-03
8.670260165391279611e-03
8.666590319685483004e-03
8.662189039657153256e-03
8.657716653090233999e-03
8.653239523021627813e-03
8.648645612899621624e-03
8.643869869515390450e-03
8.639248931899712325e-03
8.634573063435058843e-03
8.630862531657080769e-03
8.627102233812272702e-03
8.622960329608438459e-03
8.618744612390141432e-03
8.614563390879180146e-03
8.610194491698567112e-03
8.605492963183842756e-03
8.600209334490700047e-03
8.594590227930954535e-03
8.588413083337180509e-03
8.582102595681375193e-03
8.575584096570021755e-03
8.568704099841426697e-03
8.561617145387015460e-03
8.554631293749934140e-03
8.547572240668641075e-03
8.540394243383984604e-03
8.533223947946573171e-03
8.526069938804716961e-03
8.519546962597390055e-03
8.513090554649219849e-03
8.506400340803264848e-03
8.499649437199168975e-03
8.492111820748250717e-03
8.484404829202173148e-03
8.476622486069361473e-03
8.468717611374141155e-03
8.460641883269925598e-03
8.452365957616954362e-03
8.443838696940427629e-03
8.435268186565333601e-03
8.426818350709268032e-03
8.418413444387781372e-03
8.409918802421211675e-03
8.401371853886924201e-03
8.392671152917377531e-03
8.383852458004119670e-03
8.375005147866728880e-03
8.366031935658957766e-03
8.357130854118875393e-03
8.347885438175902881e-03
8.338679051858892063e-03
8.329495253997534071e-03
8.320260393191546491e-03
8.311077604262532420e-03
8.302726586292672253e-03
8.294569715977591351e-03
8.286385118985994946e-03
8.278235525934058564e-03
8.270074698252001880e-03
8.261790064462355351e-03
8.253438587946951635e-03
8.244905102151263432e-03
8.236314848285072182e-03
8.227674874867333885e-03
8.218841921698425215e-03
8.209874323171710564e-03
8.200791909598001764e-03
8.191237976284234529e-03
8.181618094210302630e-03
8.171905896875275577e-03
8.162184627276124552e-03
8.152279263666283374e-03
8.142466716810431437e-03
8.133217192457960903e-03
8.124491767095898265e-03
8.115695081113373857e-03
8.107117261495877525e-03
8.098623697045264497e-03
8.090481268998710521e-03
8.082494858298467852e-03
8.074620159732271915e-03
8.066737502229389192e-03
8.058818898786295967e-03
8.050939213570345449e-03
8.042881061767910220e-03
8.034888271338049698e-03
8.026931079173090997e-03
8.018772144279824599e-03
8.010441991387604044e-03
8.001705622512376298e-03
7.992710790873295765e-03
7.983451829534596311e-03
7.974268913943937526e-03
7.965032210366302864e-03
7.955618038166436395e-03
7.946009186887899658e-03
7.936414483060852745e-03
7.927094774414562839e-03
7.917767710340951892e-03
7.908422644918948127e-03
7.899123725168308296e-03
7.889909727788137553e-03
7.880696481259778091e-03
7.871428960844742070e-03
7.862222204321579061e-03
7.852906843136343504e-03
7.843541154529384829e-03
7.834106001426182492e-03
7.824536076699965814e-03
7.814937099545598426e-03
7.805282809244774682e-03
7.795460141614822015e-03
7.785471930586132863e-03
7.775569109062930098e-03
7.765691900215568669e-03
7.755972711646743137e-03
7.746125149552773349e-03
7.736274337137341063e-03
7.726470923266556996e-03
7.716721548855997280e-03
7.706828878302185090e-03
7.696718288471504459e-03
7.686379940126246077e-03
7.675750011721489512e-03
7.665241591212556063e-03
7.654873588911966474e-03
7.644526988464808714e-03
7.634293241361876127e-03
7.623986786048519808e-03
7.613746978942464647e-03
7.603365710602135244e-03
7.593091854639392839e-03
7.582932467435862280e-03
7.572791690574136661e-03
7.562701934965077380e-03
7.552544212334730105e-03
7.542417069340271417e-03
7.532299072016868276e-03
7.522294128766993278e-03
7.512302997120338770e-03
7.502340912285643433e-03
7.492513399831296668e-03
7.482745069881353156e-03
7.473036484253214526e-03
7.463188258688771733e-03
7.453326380591482510e-03
7.443464536554745409e-03
7.433791686821243465e-03
7.424170679559798092e-03
