2.192575550804433393e-02
2.174748064334050546e-02
2.156864791450489524e-02
2.138891900954138781e-02
2.120819107047332980e-02
2.102810426846524194e-02
2.084962496697838341e-02
2.066993794268420781e-02
2.048992468979583814e-02
2.030997708265774165e-02
2.012987841079516907e-02
1.995008981403761233e-02
1.976918677030110177e-02
1.958710137150114841e-02
1.940528326220318858e-02
1.922495814971440439e-02
1.904450075621814953e-02
1.886460004494262127e-02
1.868536897190954671e-02
1.850682531441435325e-02
1.832875466660312952e-02
1.815113440936235931e-02
1.797459515038342046e-02
1.779789459331774723e-02
1.762330824889412478e-02
1.745065938863785832e-02
1.727916297834673764e-02
1.710821294079817659e-02
1.693884026609612792e-02
1.677064658044250325e-02
1.660424506098353778e-02
1.643964615251458997e-02
1.627767841485675687e-02
1.611578131699912056e-02
1.595351112851402242e-02
1.579094002843465724e-02
1.563020305556386130e-02
1.547085077078015278e-02
1.531328868374890254e-02
1.515662602257236355e-02
1.500087599759090430e-02
1.484647386499336058e-02
1.469514500559968885e-02
1.454499285177690907e-02
1.439648311030956342e-02
1.425104753852245339e-02
1.410803346990841846e-02
1.396767877093863658e-02
1.382926054548596836e-02
1.369170352512572020e-02
1.355433168210701950e-02
1.341812551207981902e-02
1.328328926576602051e-02
1.315108197021573611e-02
1.302157073429632134e-02
1.289342904785371370e-02
1.276648734153813629e-02
1.264034359221610955e-02
1.251563924352560968e-02
1.239328710080819795e-02
1.227280667810533125e-02
1.215493461046727140e-02
1.203896035580317818e-02
1.192590200045464711e-02
1.181578653174313043e-02
1.170752075171667232e-02
1.160126750615232856e-02
1.149804821463458471e-02
1.139782139187401830e-02
1.129976017585736583e-02
1.120312595569199904e-02
1.110914955008040356e-02
1.101795032569603122e-02
1.092920489243411411e-02
1.084221087163597490e-02
1.075898507822692363e-02
1.067849588780368786e-02
1.059986637522253132e-02
1.052437304247965007e-02
1.045121807001301271e-02
1.038010418604924656e-02
1.031061755680165622e-02
1.024318822663305463e-02
1.017881734820770372e-02
1.011574123114144901e-02
1.005464439010997704e-02
9.995825299941023256e-03
9.939280933969698445e-03
9.885424154447583489e-03
9.832714931271411760e-03
9.781642631647284938e-03
9.733313928158900813e-03
9.686200302178373314e-03
9.640284700568659340e-03
9.595516491444236115e-03
9.551543276078404074e-03
9.508678953343870435e-03
9.466763920847404840e-03
9.425753363228185633e-03
9.384926890898528593e-03
9.344975915481985515e-03
9.305321486623267802e-03
9.266765035161829769e-03
9.229020103070428166e-03
9.192507029932383764e-03
9.156837205930360574e-03
9.121691613396194429e-03
9.087059476641717176e-03
9.052862453358732561e-03
9.019070027407273191e-03
8.985668379519634943e-03
8.953094066198244785e-03
8.921176745305334221e-03
8.889602836175014566e-03
8.858186512366110141e-03
8.827388761476272910e-03
8.797345940943227666e-03
8.767498440197751819e-03
8.738363868622868805e-03
8.709609063675724516e-03
8.681127762249513796e-03
8.653274119022870414e-03
8.625598986651987488e-03
8.598291674938442902e-03
8.571475184033588990e-03
8.544860982808591063e-03
8.518451796636164822e-03
8.492095910635042919e-03
8.466538810445241314e-03
8.441207607498573198e-03
8.415802436794642127e-03
8.390376603790578036e-03
8.365029791794974592e-03
8.340607037610751201e-03
8.316612832957294421e-03
8.292982758396334406e-03
8.269761481285522325e-03
8.246885231286220017e-03
8.224349143322696315e-03
8.202537270828881219e-03
8.180751142429863038e-03
8.159203223552237774e-03
8.137736198980376895e-03
8.116387879296351957e-03
8.095258251743845529e-03
8.074285057730916024e-03
8.053747430713489169e-03
8.033480714518554527e-03
8.013462239817232755e-03
7.994075312627432414e-03
7.974960034690241686e-03
7.955951635658771448e-03
7.937515784259604329e-03
7.919654288774370665e-03
7.902443347579581751e-03
7.885851388426916644e-03
7.869896302257092108e-03
7.854261611770690932e-03
7.838834189685173204e-03
7.823505207681595575e-03
7.808348626381353581e-03
7.793318875078860536e-03
7.778393155999627911e-03
7.763579191209214747e-03
7.748922244042330716e-03
7.734219198379973549e-03
7.719776124519865147e-03
7.705607000040249656e-03
7.691640999608380033e-03
7.677821340749721446e-03
7.664382656330410992e-03
7.651197979449763688e-03
7.638251658243640566e-03
7.625268316686674430e-03
7.612367062182475407e-03
7.599524688097787813e-03
7.586677318906008376e-03
7.573791219926736401e-03
7.560985271008703427e-03
7.548416263806307161e-03
7.535909755965296795e-03
7.523561212439542310e-03
7.511240029150378916e-03
7.498913648306924917e-03
7.487179421287551775e-03
7.475629876327678953e-03
7.463991960258884242e-03
7.452364668967878872e-03
7.440827257625287974e-03
7.429475614051188857e-03
7.418322557963286448e-03
7.407327470947883130e-03
7.396446208415683246e-03
7.385677579469725022e-03
7.374931465506477483e-03
7.364178182903823033e-03
7.353336358988597776e-03
7.342485702455433388e-03
7.331848895707111964e-03
7.321431929172064583e-03
7.311239151500668540e-03
7.301036206011278680e-03
7.290738556462905001e-03
7.280624789228314075e-03
7.270524532040514507e-03
7.260484754763663236e-03
7.250571846863976440e-03
7.240757593650830326e-03
7.231004081997098425e-03
7.221062876419293355e-03
7.211144972355349077e-03
7.201300214631056740e-03
7.191575617511524951e-03
7.181864448508457413e-03
7.172153875218162389e-03
7.162509059209101227e-03
7.152921896250381655e-03
7.143617748659383294e-03
7.134439014200042416e-03
7.125232881181861426e-03
7.116133177774053471e-03
7.107074338570927054e-03
7.098162528362893242e-03
7.089400667041124635e-03
7.080755472920647296e-03
7.072160043281383764e-03
7.063579326214694531e-03
7.055063627470539375e-03
7.046734448139562595e-03
7.038293936593100972e-03
7.030106810707685387e-03
7.021853765794709538e-03
7.013668504749275175e-03
7.005431643983280228e-03
6.997359618579853009e-03
6.989334625413345936e-03
6.981301388470096889e-03
6.973220402531702007e-03
6.965150226639355534e-03
6.957245378220127015e-03
6.949417624125193635e-03
6.941495881143753231e-03
6.933626224707595438e-03
6.926047289847234167e-03
6.918530146311651155e-03
6.911075898310234389e-03
6.903662922579390133e-03
6.896213941905187522e-03
6.888694741125498539e-03
6.881174892831926765e-03
6.873587432460210450e-03
6.865959945158907340e-03
6.858393144972993634e-03
6.850847987608234962e-03
6.843242835571503729e-03
6.835567100821510721e-03
6.827934211404388699e-03
6.820341259586366889e-03
6.812759887430894223e-03
6.805194052965685310e-03
6.797732685483058243e-03
6.790502714618612892e-03
6.783366735283589098e-03
6.776201184914575765e-03
6.768972578850819544e-03
6.761736938936261168e-03
6.754603016845343345e-03
6.747453957201312615e-03
6.740413192536219393e-03
6.733452983883925734e-03
6.726547029494818301e-03
6.719639427513243897e-03
6.712847524369344038e-03
6.706244099566333570e-03
6.699596071892772488e-03
6.693000155607884381e-03
6.686280985451918159e-03
6.679598836703959722e-03
6.673000273805186101e-03
6.666419747207389529e-03
6.659864806129562990e-03
6.653320235845509682e-03
6.646912224917799275e-03
6.640596384023315230e-03
6.634378450399346962e-03
6.628103046086090445e-03
6.621794267057295839e-03
6.615493497114497204e-03
6.609188097315294060e-03
6.602862709158978209e-03
6.596608719847706949e-03
6.590292653776966790e-03
6.583903223590476320e-03
6.577483894648683549e-03
6.571003360051812757e-03
6.564488014580040567e-03
6.557920034951245092e-03
6.551380431759398076e-03
6.544901964978288786e-03
6.538387153903688943e-03
6.531869560898016444e-03
6.525364448259917544e-03
6.518810078580055539e-03
6.512211709671156430e-03
6.505595926074607925e-03
6.499049008354512193e-03
6.492485024282808499e-03
6.486043492222134076e-03
6.479626242196340723e-03
6.473193491481077540e-03
6.466715295862924921e-03
6.460235234876207829e-03
6.453752477588826225e-03
6.447298608935089596e-03
6.440821181876271208e-03
6.434388986701489697e-03
6.428080454520843784e-03
6.421717779079390807e-03
6.415368247905459467e-03
6.408889764738284929e-03
6.402391449145911767e-03
6.395867870469052266e-03
6.389368360808221278e-03
6.382856251320113278e-03
6.376345583277195049e-03
6.369854232819865264e-03
6.363367017994058482e-03
6.356859867669415777e-03
6.350359491661439724e-03
6.343874206691293635e-03
6.337409824526438022e-03
6.330949359688424656e-03
6.324522755333508370e-03
6.318091194458040454e-03
6.311785441565552664e-03
6.305475968507592323e-03
6.299207343268247404e-03
6.293034443309780679e-03
6.286883159743331465e-03
6.280742668779698903e-03
6.274625808108403799e-03
6.268509689567305400e-03
6.262375203303839621e-03
6.256272070455434244e-03
6.250218910878432670e-03
6.244181691771759357e-03
6.238165319969185205e-03
6.232216926552609434e-03
6.226284424448163581e-03
6.220414013903504714e-03
6.214570720447366685e-03
6.208747874158177839e-03
6.202955466307290104e-03
6.197229014749046881e-03
6.191568833990190868e-03
6.185921918280016737e-03
6.180369800980849149e-03
6.174949049976687608e-03
6.169590618880064353e-03
6.164261764367550030e-03
6.158946105923668486e-03
6.153668358492581265e-03
6.148316774921337192e-03
6.143077891273471952e-03
6.137854560380478879e-03
6.132696978839980405e-03
6.127569834680615668e-03
6.122418483941559700e-03
6.117344440413506265e-03
6.112288119076122669e-03
6.107248087998709031e-03
6.102261024349750831e-03
6.097378722368262949e-03
6.092685263714063201e-03
6.088101876209024016e-03
6.083587311897379994e-03
6.079137705451617343e-03
6.075009807821003804e-03
6.070932525359485320e-03
6.066905353733034224e-03
6.062949722347516640e-03
6.059033281012930067e-03
6.055188983692935678e-03
6.051447898896485621e-03
6.047788727645509940e-03
6.044214462511312246e-03
6.040720772418892159e-03
6.037348751109995922e-03
6.034090838133245732e-03
6.030877973886604633e-03
6.027734009345713309e-03
6.024663152029351328e-03
6.021632836217895128e-03
6.018684337617705334e-03
6.015833123088956506e-03
6.013053778636784363e-03
6.010324789885643053e-03
6.007672901008918008e-03
6.005133718398563032e-03
6.002698712050272799e-03
6.000399166399054268e-03
5.998195609791512860e-03
5.996079441393248853e-03
5.994052131457212884e-03
5.992079762677662326e-03
5.990123447485149605e-03
5.988277674012601991e-03
5.986528697786772449e-03
5.984927498500641069e-03
5.983437207242328637e-03
5.982131839077254633e-03
5.981003745677156667e-03
5.980018555419409389e-03
5.979256172574266143e-03
5.978627396422161837e-03
5.976824854147900351e-03
5.975085105391331718e-03
5.973472409165854480e-03
5.971990516559033332e-03
5.970577272316859516e-03
5.969198363225101250e-03
5.967831540442468385e-03
5.966489675487776125e-03
5.965239628794484147e-03
5.964070734619636091e-03
5.962965961498086637e-03
5.961917641015427108e-03
5.960984943783106255e-03
5.960138174814477371e-03
5.959359458497723305e-03
5.958654177919684054e-03
5.958016397360243674e-03
5.957478420097682761e-03
5.957021698427205671e-03
5.956640017272705860e-03
5.956319622646447272e-03
5.956052207341755618e-03
5.955864614509136234e-03
5.955808264283155191e-03
5.955835424583316891e-03
5.955965603681441338e-03
5.956184817656289682e-03
5.956525831899622814e-03
5.956936051501688680e-03
5.957484061793638652e-03
5.958119070993662773e-03
5.958871570926920457e-03
5.959753245254618623e-03
5.960755318445757484e-03
5.961887740410085589e-03
5.963133133989331584e-03
5.964505477026030809e-03
5.965985059197603455e-03
5.967579206132534418e-03
5.969281042422705866e-03
5.971092291247918037e-03
5.973000501709086613e-03
5.974997024738636607e-03
5.977028613552123719e-03
5.979137412185240620e-03
5.981378469228917742e-03
5.983835202178731071e-03
5.986391763400961130e-03
5.989198492008094253e-03
5.992171466633038762e-03
5.995268569140657991e-03
5.998470920140470432e-03
6.001789465788586950e-03
6.005361335782148473e-03
6.009093046031184146e-03
6.012937822643596789e-03
6.016963830991536172e-03
6.021097937157044236e-03
6.025350948675400019e-03
6.029789962124410332e-03
6.034407899252320490e-03
6.039207006403719998e-03
6.044186888198702957e-03
6.049390693244499108e-03
6.054767090472736035e-03
6.060355682361045181e-03
6.066110631533835201e-03
6.072107811949954519e-03
6.078323933460071452e-03
6.084803516475827123e-03
6.091525198060637747e-03
6.098468209933526410e-03
6.105621021457996282e-03
6.112994818634583799e-03
6.120646167483182257e-03
6.128555344995225036e-03
6.136721952751456217e-03
6.144464962608082309e-03
6.152266314258387526e-03
6.160347535283964768e-03
6.168767671022149651e-03
6.177439488666993869e-03
6.186350615285372313e-03
6.195573614586587577e-03
6.205092498527865416e-03
