1.610695317265279855e-02
1.597127089605049691e-02
1.583799673080270656e-02
1.570710484488828731e-02
1.557791132167598777e-02
1.544879838306920453e-02
1.532194515404341692e-02
1.519702954432964638e-02
1.507374540880382884e-02
1.495105141343079126e-02
1.482916269254977958e-02
1.470824583208972525e-02
1.458937664464719786e-02
1.447216549931659539e-02
1.435589566514808464e-02
1.424109860222453998e-02
1.412975713121618696e-02
1.401959151900120451e-02
1.391136394486792820e-02
1.380518066757847016e-02
1.370019870025964391e-02
1.359703898328427571e-02
1.349520188666697082e-02
1.339414595366860902e-02
1.329408074668890494e-02
1.319589168405345229e-02
1.309861462369022768e-02
1.300280612184996978e-02
1.290724660426027098e-02
1.281275760337996159e-02
1.271946089405553808e-02
1.262867375754624447e-02
1.253926210693894275e-02
1.245221234246313494e-02
1.236687563033468835e-02
1.228291409533330963e-02
1.220016692342254690e-02
1.211906129236016774e-02
1.203860409038574886e-02
1.195976896142455191e-02
1.188359048326603079e-02
1.180869946990529412e-02
1.173472778723681949e-02
1.166158218034465607e-02
1.158921921789603064e-02
1.151785132610250000e-02
1.144720705356761653e-02
1.137773553081794162e-02
1.130992266003254774e-02
1.124312441868668272e-02
1.117688041796959832e-02
1.111161700794453984e-02
1.104832049642161945e-02
1.098596310513480848e-02
1.092455471673166312e-02
1.086406389461153262e-02
1.080436337672681379e-02
1.074571393786205413e-02
1.068786693995536774e-02
1.063147487864706323e-02
1.057753441866568847e-02
1.052483883272806002e-02
1.047342837412917893e-02
1.042258272900357420e-02
1.037259293250766302e-02
1.032353881933668720e-02
1.027554700316542398e-02
1.022879679433038279e-02
1.018305831985405994e-02
1.013784156270578808e-02
1.009273457349797384e-02
1.004788863975215364e-02
1.000355208826104146e-02
9.960304966054812220e-03
9.917855664927269221e-03
9.875999619980905045e-03
9.834747345982186931e-03
9.794438570668792532e-03
9.754966094021376086e-03
9.715836028395943846e-03
9.677062418764986393e-03
9.638472417244808507e-03
9.600618243494084270e-03
9.563394916483893352e-03
9.526241473796727074e-03
9.490089503694740594e-03
9.454201976675577837e-03
9.418686590551393276e-03
9.383837259536747036e-03
9.349705431780897316e-03
9.315980696794247048e-03
9.282431938901226573e-03
9.249423863423145153e-03
9.217229891156693972e-03
9.185698471346129615e-03
9.154491769835432224e-03
9.123999178082219802e-03
9.093771193801065966e-03
9.064182953101159249e-03
9.035182378159027639e-03
9.006528748818222463e-03
8.978531488968622201e-03
8.950996192478698904e-03
8.923585116372962853e-03
8.896453502500569280e-03
8.869576027518690994e-03
8.842729902515967036e-03
8.816308934598234004e-03
8.790491003228475750e-03
8.764827453439431176e-03
8.739148039560329373e-03
8.713919361678808956e-03
8.689032713843245978e-03
8.664472219277597267e-03
8.640090675347890034e-03
8.616311136436903204e-03
8.593144876422011830e-03
8.570551249931956245e-03
8.548409014617810303e-03
8.526377785118872607e-03
8.505073773965553252e-03
8.484350184211149684e-03
8.463957879208084192e-03
8.443837503341168269e-03
8.423983743296508883e-03
8.404541741028188212e-03
8.385469437998937028e-03
8.366955097415746181e-03
8.349000338856191888e-03
8.331164406229475683e-03
8.313243428336891672e-03
8.296087405898849854e-03
8.279672186911920043e-03
8.264394414064152317e-03
8.250075401539566297e-03
8.236084438575541622e-03
8.223019626078539521e-03
8.210253460726122873e-03
8.198034289727514426e-03
8.185771639625470317e-03
8.173643916615690869e-03
8.161683089912030384e-03
8.149913620738835282e-03
8.138837267865970185e-03
8.127728181448580849e-03
8.117238929674957387e-03
8.107059856078810064e-03
8.097192168471743084e-03
8.087730122674200231e-03
8.078654410615157544e-03
8.070541575481824173e-03
8.062778442773197926e-03
8.055121124404211047e-03
8.048576612289068399e-03
8.042371844628033728e-03
8.036258291322248559e-03
8.030474556743520329e-03
8.025094342243120973e-03
8.020449854156432024e-03
8.016186120617219135e-03
8.012196411780504735e-03
8.008956247567989781e-03
8.006359593749606124e-03
8.003958739671196074e-03
8.001723414455309130e-03
7.999474200727423739e-03
7.997543240335826947e-03
7.995431490897450186e-03
7.993856312160872377e-03
7.992560519013137271e-03
7.991911765078034760e-03
7.991471670244268063e-03
7.991386488075466824e-03
7.991377126874803227e-03
7.991387321121895537e-03
7.991729912522744367e-03
7.992659972916435832e-03
7.993676993631329900e-03
7.995071662412825408e-03
7.996616974109180265e-03
7.998334204176449358e-03
8.000308135174868940e-03
8.002204633027735006e-03
8.004303894169844877e-03
8.006779222916104305e-03
8.009526384860741685e-03
8.012528893507502026e-03
8.015545791234130954e-03
8.018425305015831200e-03
8.021366301429744272e-03
8.024591957631270478e-03
8.027756691498307007e-03
8.031021126645374042e-03
8.034249090639225543e-03
8.037488618966682347e-03
8.040783939204366321e-03
8.044201646436936054e-03
8.047764596582896585e-03
8.051509753434597794e-03
8.055657701977586224e-03
8.059533260195967871e-03
8.063699014577780516e-03
8.067998570170580724e-03
8.072156530071025737e-03
8.076115910943352030e-03
8.079841473232171264e-03
8.083650703828769088e-03
8.087301292996196614e-03
8.091022771454618734e-03
8.094845239877837897e-03
8.098661328307152352e-03
8.102225607310171995e-03
8.105558795216719417e-03
8.108362277654344863e-03
8.110918954230071642e-03
8.113782432925190427e-03
8.116769809304721570e-03
8.119903165442010282e-03
8.122843845763434364e-03
8.125731774582659050e-03
8.128507499025270852e-03
8.131002266931081426e-03
8.133979791585147640e-03
8.136721881249628363e-03
8.139811205385916876e-03
8.142746849370809115e-03
8.144764264758493424e-03
8.147096975533342847e-03
8.149406155918087133e-03
8.151612091403982394e-03
8.153896084820254006e-03
8.156360402130474405e-03
8.158821931695224572e-03
8.161367293428407541e-03
8.163623593336761727e-03
8.165640150306043704e-03
8.167635968859353335e-03
8.169828633746500229e-03
8.172089680328030459e-03
8.174136141338328443e-03
8.176168923683984485e-03
8.177931931132528115e-03
8.179732047205092588e-03
8.181589802056044372e-03
8.182996738186214952e-03
8.184175820260730996e-03
8.185393755282375713e-03
8.186567618130729390e-03
8.187692211780102022e-03
8.188891833523474426e-03
8.190089359964788235e-03
8.191631654510754187e-03
8.193360520798881677e-03
8.195076891390585400e-03
8.197009656363721947e-03
8.198723165208367594e-03
8.200666822157838889e-03
8.202128348201042154e-03
8.203441289630649877e-03
8.204254507862598564e-03
8.205401958487642741e-03
8.206789115050964339e-03
8.208428641338309101e-03
8.210007413380482691e-03
8.211239429846830390e-03
8.212119405966928840e-03
8.212516000553947079e-03
8.212697985254927696e-03
8.212355955208968522e-03
8.212224574907018432e-03
8.212130155225918701e-03
8.211981632985088098e-03
8.211828489873777837e-03
8.211479526936351150e-03
8.211129577663494467e-03
8.210755167694877218e-03
8.210307278379744625e-03
8.209734870824041131e-03
8.208831909811245206e-03
8.207601566837911811e-03
8.206172173340638143e-03
8.204495007732180364e-03
8.202649981154068806e-03
8.200527039504350302e-03
8.198103207404817266e-03
8.195527112812850401e-03
8.192535491913763984e-03
8.189260678572804139e-03
8.185895344377174671e-03
8.182329554684631898e-03
8.178979593789969735e-03
8.175552337181273346e-03
8.171993079714466590e-03
8.167822054305379567e-03
8.163217149138608103e-03
8.157967464979083358e-03
8.152812065183472068e-03
8.147875288274208927e-03
8.142687428211357881e-03
8.137270313348543560e-03
8.131377382029099724e-03
8.125427877554110279e-03
8.119443605019557517e-03
8.113371630033604578e-03
8.106643492496599240e-03
8.099777932956703924e-03
8.092930352630780394e-03
8.086133912686803427e-03
8.079004218227834114e-03
8.071865567462593524e-03
8.064466826493551718e-03
8.056737200117446498e-03
8.048368925251426012e-03
8.039511135177991250e-03
8.030265413988957671e-03
8.021174699694044730e-03
8.011992158945047127e-03
8.002291507718532065e-03
7.992303452302717062e-03
7.982088029127389767e-03
7.971787304323556950e-03
7.961110758235138279e-03
7.949979801177505662e-03
7.938781695080481676e-03
7.927268566344996409e-03
7.915663717929143084e-03
7.903727031600093350e-03
7.891479861044150765e-03
7.879153090153342975e-03
7.866651424970687659e-03
7.854257363380310122e-03
7.841840595988931045e-03
7.829623347974400127e-03
7.817505314415178555e-03
7.804817408383166177e-03
7.791917022125050690e-03
7.778996244201252797e-03
7.766449294805037942e-03
7.753938220320686324e-03
7.741314130613768073e-03
7.728950590977651421e-03
7.716453216301251937e-03
7.703328285444138550e-03
7.689687658675549604e-03
7.676040986505944935e-03
7.662312114431466155e-03
7.648747673881701320e-03
7.635091542195038966e-03
7.621011812742523907e-03
7.606997779255393610e-03
7.592925460004579068e-03
7.578871082438357401e-03
7.564506085856639861e-03
7.549783223946664179e-03
7.535040338264607958e-03
7.520156257027345650e-03
7.504900923574868606e-03
7.489538908378444958e-03
7.474114763564511550e-03
7.458742860170412305e-03
7.443245810050841751e-03
7.427761023051282843e-03
7.412223047411584977e-03
7.396543648926096233e-03
7.380687027741704258e-03
7.364568779234846943e-03
7.348097129809716410e-03
7.331540030752908138e-03
7.315209510281555326e-03
7.298548563212972108e-03
7.281954104455330874e-03
7.265336688291293595e-03
7.248668434094648894e-03
7.231714777980196955e-03
7.214615910667319075e-03
7.197545545593979355e-03
7.180346490176351543e-03
7.163269867740309181e-03
7.145824836335713630e-03
7.127964457284969094e-03
7.109733682851662392e-03
7.091486835273816403e-03
7.073230398676136170e-03
7.054905621613525614e-03
7.036604545673253233e-03
7.018151013779257499e-03
6.999633164992294897e-03
6.980989893559660237e-03
6.962414533118462673e-03
6.943658184354786767e-03
6.924985510506174481e-03
6.906404602060337884e-03
6.888020204562575986e-03
6.869595512936792908e-03
6.851212190312072278e-03
6.832633567722377205e-03
6.813953391170081766e-03
6.795236188981256496e-03
6.776619873683589236e-03
6.757870036530923274e-03
6.739000628936602649e-03
6.720072195298442894e-03
6.701351202906943340e-03
6.682685874508644160e-03
6.663695044847263785e-03
6.644735743561717978e-03
6.625602911727842929e-03
6.606444243561574933e-03
6.587212503850391372e-03
6.568480065263533098e-03
6.549781351842457258e-03
6.531114043901724460e-03
6.512576503028361975e-03
6.493828565602132070e-03
6.475263799545176793e-03
6.456645632093521193e-03
6.438102179814871560e-03
6.419686595141445642e-03
6.401633314041414724e-03
6.383978070559335506e-03
6.366477112984491281e-03
6.349212728966494718e-03
6.332107743836763031e-03
6.315071746157256867e-03
6.298137867231030571e-03
6.281255162780338165e-03
6.264586790181154823e-03
6.247938158826568840e-03
6.231500322576248758e-03
6.215095968872224978e-03
6.198570119892428919e-03
6.182275683783856890e-03
6.166127669460375570e-03
6.149992804293755687e-03
6.134116724524397296e-03
6.118282760643539535e-03
6.102597842036150411e-03
6.087120791506000182e-03
6.071685394750872891e-03
6.056439713351723445e-03
6.041273067100324211e-03
6.026249232810206892e-03
6.011397123429714287e-03
5.996674762087612215e-03
5.982074012177343754e-03
5.967580211738188721e-03
5.953275253832730936e-03
5.939105239141311866e-03
5.925229896784274183e-03
5.911420542831034158e-03
5.897756461127528181e-03
5.884275377021714638e-03
5.870923163374765219e-03
5.857540114984707141e-03
5.844191845886598062e-03
5.830912517855579326e-03
5.817646201946341696e-03
5.804557966890115835e-03
5.791580856844511307e-03
5.778636393127275714e-03
5.765766232817076675e-03
5.752960728089246550e-03
5.740171742101222996e-03
5.727545021637912501e-03
5.714918955163620327e-03
5.702377842113940873e-03
5.689971372836166719e-03
5.677622285577705805e-03
5.665380924410576974e-03
5.653212026786045945e-03
5.641274402024379873e-03
5.629392826460600033e-03
5.617685954370292729e-03
5.606146316284415544e-03
5.594680592304371661e-03
5.583298225759371694e-03
5.572039513618569535e-03
5.560914529612187573e-03
5.549832188557389523e-03
5.538946320194490167e-03
5.528131438646104179e-03
5.517508175087336951e-03
5.506994434536992625e-03
5.496568908832957963e-03
5.486301058969538305e-03
5.476058930802125274e-03
5.465941828116514800e-03
5.455919933096751821e-03
5.446023143110496033e-03
5.436246732429660805e-03
5.426570194157524611e-03
5.416980196181516403e-03
5.407440108178936632e-03
5.397924465080710180e-03
5.388541478943942829e-03
5.379276120707190446e-03
5.370106629543278109e-03
5.361002232553279713e-03
5.351966269389140871e-03
5.342956956839135969e-03
