1.111998795768158639e-02
1.117172306822405460e-02
1.122200793584958271e-02
1.127088246485644096e-02
1.131764671626169991e-02
1.136228081086064837e-02
1.140370933619288402e-02
1.144262249527548680e-02
1.147943935512757072e-02
1.151376853378064009e-02
1.154561394168995142e-02
1.157294244235755262e-02
1.159573895320298136e-02
1.161636869363579655e-02
1.163435869520284410e-02
1.165110885093459218e-02
1.166652590376763068e-02
1.168046528790295420e-02
1.169248482007591294e-02
1.170327427435867602e-02
1.171198358712871590e-02
1.171805631878639585e-02
1.172187413568479691e-02
1.172346895761531595e-02
1.172313632259901726e-02
1.172194933847546527e-02
1.171866927524756706e-02
1.171318919850871700e-02
1.170655489180559908e-02
1.169855724409842555e-02
1.168791519648271215e-02
1.167527263728984632e-02
1.166126437247795231e-02
1.164510678603462857e-02
1.162750594718135917e-02
1.160881802396748416e-02
1.158718925683315665e-02
1.156356128530684063e-02
1.153859481484471525e-02
1.151398036834309566e-02
1.148862984841251579e-02
1.146287871930849918e-02
1.143598930969640277e-02
1.140848807611169816e-02
1.137989500515021284e-02
1.135042959080288273e-02
1.131979637010739441e-02
1.128902740460198915e-02
1.125708815528103125e-02
1.122432044630780612e-02
1.119081934038442493e-02
1.115716407092057910e-02
1.112239251395582239e-02
1.108735428593167135e-02
1.105203158312361572e-02
1.101741793576534352e-02
1.098301280109117289e-02
1.094906927324802888e-02
1.091488895142881006e-02
1.088053852110588970e-02
1.084598172070908376e-02
1.081125827402565180e-02
1.077678162871138941e-02
1.074206125097946010e-02
1.070781156165894962e-02
1.067401925500033842e-02
1.064019688202577814e-02
1.060693595142238321e-02
1.057398405937231591e-02
1.054178971640800169e-02
1.050957128923097478e-02
1.047793017208312021e-02
1.044603634559659010e-02
1.041471602334336465e-02
1.038336745878114774e-02
1.035233909657228522e-02
1.032165208755946896e-02
1.029124554469105363e-02
1.026167026719219423e-02
1.023190100497423614e-02
1.020227055057114016e-02
1.017280766972097732e-02
1.014335037427268812e-02
1.011450012678748178e-02
1.008600610205993321e-02
1.005804959459424656e-02
1.003061438548917203e-02
1.000353602974098609e-02
9.976759706445939915e-03
9.951012234606036386e-03
9.926014681891897479e-03
9.902145487658857090e-03
9.879047058534163803e-03
9.856637092332103459e-03
9.834549783618173543e-03
9.813361664744158636e-03
9.791837343184509740e-03
9.770264971337679419e-03
9.749226328796510577e-03
9.728218870788118977e-03
9.708430825455582891e-03
9.690437892897132630e-03
9.673113035031403670e-03
9.655999503231515665e-03
9.639358616656421019e-03
9.622240258631644533e-03
9.605585138379998250e-03
9.589164425024682831e-03
9.572557482448663252e-03
9.556355107602368740e-03
9.540592773146215969e-03
9.525378985491932127e-03
9.509740907627996231e-03
9.493355435413847535e-03
9.477269848813960063e-03
9.461152399509615077e-03
9.444378772853301990e-03
9.427690629129457586e-03
9.410674271719805459e-03
9.393376996623931108e-03
9.376991270161474240e-03
9.361236138702586085e-03
9.345532804654062276e-03
9.329710369016681534e-03
9.315138816022625057e-03
9.300698024360225247e-03
9.287287664351129637e-03
9.273967157068175454e-03
9.261006295909120570e-03
9.248400284514004741e-03
9.235814127744504387e-03
9.222968840148676115e-03
9.209757626865763130e-03
9.195203585554241263e-03
9.179722564164214879e-03
9.164419883690081217e-03
9.149603207577116162e-03
9.134650744896196176e-03
9.119781765254875508e-03
9.105393969828538478e-03
9.090987147801477680e-03
9.076354529491240802e-03
9.062440136220210191e-03
9.047909591205226948e-03
9.033174489155224723e-03
9.018846375743985039e-03
9.004469007405455777e-03
8.989855123389676669e-03
8.975673871412371066e-03
8.961379063472232898e-03
8.947581124383305329e-03
8.934305367445364091e-03
8.920777783373376110e-03
8.908027572222811455e-03
8.895202347249915945e-03
8.882471272909579774e-03
8.869544836495621074e-03
8.856658441811450164e-03
8.843845854195170678e-03
8.831564890803713860e-03
8.819361201983049597e-03
8.807336741304440386e-03
8.795356819537740456e-03
8.783359904892483125e-03
8.771978615787040870e-03
8.760439764089696102e-03
8.748252564936801964e-03
8.736145719349278776e-03
8.724209377645359559e-03
8.712178367826358891e-03
8.700546526792776042e-03
8.688833193626559204e-03
8.677163702700175715e-03
8.665986512612791279e-03
8.655098382236171492e-03
8.644337883452687943e-03
8.633509368225444208e-03
8.622846293587553557e-03
8.611991920091710551e-03
8.601474897098964137e-03
8.590571519224059552e-03
8.579529742525201716e-03
8.568650383979475524e-03
8.557620144127930234e-03
8.546596492003316614e-03
8.535446622244449028e-03
8.524150428620312289e-03
8.512716722076929532e-03
8.501648377222824696e-03
8.490787364198938009e-03
8.479533880061779563e-03
8.468310463826319093e-03
8.457351262326169572e-03
8.446807570218869271e-03
8.436461491419168512e-03
8.425656323692418473e-03
8.414916587639733464e-03
8.404155073977351981e-03
8.393380254301162358e-03
8.382640585907071354e-03
8.372011001215663370e-03
8.361600280973123522e-03
8.351468907733135966e-03
8.341625306047725438e-03
8.331680433191398713e-03
8.321933808470564908e-03
8.311998267214276009e-03
8.302357362745446320e-03
8.292535413395618268e-03
8.282756519225891942e-03
8.273242304944306014e-03
8.263835750284867845e-03
8.254508753673745619e-03
8.245254168143447554e-03
8.235912060936977433e-03
8.226458460826185232e-03
8.217092885073769976e-03
8.207670601377154915e-03
8.198449068126814968e-03
8.189242267535153108e-03
8.180086995833812588e-03
8.171092030068896617e-03
8.162399127679211691e-03
8.153976316807958619e-03
8.145747934004595944e-03
8.137294906699888558e-03
8.128858830515700573e-03
8.120471517676836060e-03
8.112119435671773932e-03
8.104088271853271408e-03
8.095972889207969300e-03
8.087794887477463626e-03
8.079458368006012248e-03
8.070938230512686787e-03
8.062339098704558379e-03
8.053819170530007038e-03
8.045505193263212396e-03
8.037399055530374328e-03
8.029049879144743024e-03
8.020717455661094050e-03
8.012155770505697411e-03
8.003731717464960746e-03
7.995072864526610659e-03
7.986394396674924637e-03
7.977793748098567853e-03
7.969226908732682246e-03
7.960953863593335511e-03
7.952863394639242411e-03
7.944822067760020506e-03
7.936912832655261540e-03
7.928943914478240457e-03
7.921151675617204083e-03
7.913388601309931034e-03
7.905460629003510306e-03
7.897801711136145930e-03
7.890015823461259473e-03
7.882515209523119001e-03
7.874959491625161540e-03
7.867531513415517222e-03
7.860117096260861927e-03
7.852557698634023489e-03
7.844795954769554977e-03
7.836949723029664958e-03
7.828947632848689414e-03
7.821037737279771390e-03
7.813469551171681182e-03
7.805982734829314089e-03
7.798595388379964653e-03
7.791262525466417094e-03
7.783924721625524318e-03
7.776301014902255865e-03
7.768803992419675425e-03
7.761203629628966524e-03
7.753476594754972299e-03
7.745881846702482032e-03
7.738093897951269472e-03
7.730336547402408970e-03
7.722637246605084521e-03
7.715012741457557936e-03
7.707519809412662244e-03
7.700013731910972277e-03
7.692533422025939899e-03
7.685269883005608517e-03
7.678119109981174951e-03
7.671046997867969619e-03
7.663867974341511541e-03
7.656582475350431211e-03
7.649526094653026111e-03
7.642524368355800221e-03
7.635566431175838838e-03
7.628557463955534801e-03
7.621477877946399374e-03
7.614209175068943972e-03
7.606977062936585640e-03
7.599791986608947156e-03
7.592767379814097106e-03
7.585776271555200873e-03
7.579067977933906693e-03
7.572528784412555121e-03
7.566100353162005798e-03
7.559940872484001949e-03
7.553924436806335081e-03
7.547974989412887387e-03
7.541801357252951067e-03
7.535974418098171507e-03
7.530090592800728344e-03
7.524017663453096312e-03
7.518102564887044724e-03
7.512025769881545967e-03
7.505678926172818129e-03
7.499407656452001733e-03
7.493097324267030540e-03
7.486994768384305256e-03
7.480888382258757408e-03
7.474567934519442403e-03
7.468017080924923418e-03
7.461532362614195502e-03
7.455049250666474607e-03
7.448567899163633863e-03
7.441896464675334597e-03
7.435260814777350583e-03
7.428659784010771885e-03
7.422174313658923619e-03
7.415426067638326499e-03
7.408623242210228901e-03
7.401700754433040985e-03
7.394805403830441264e-03
7.387777727687651341e-03
7.380535090745748289e-03
7.373233577745309797e-03
7.365949898202161193e-03
7.358787905215781119e-03
7.351729773257620684e-03
7.344568879591235021e-03
7.337513096588785082e-03
7.330595252609359291e-03
7.323676259028503825e-03
7.316559892711278421e-03
7.309563438035987515e-03
7.302589568380558720e-03
7.295679874882994402e-03
7.288639207299212053e-03
7.281638365122724589e-03
7.274536960538729134e-03
7.267421909269336511e-03
7.260298411445664096e-03
7.253268464247048138e-03
7.246282852191686732e-03
7.239375915583578722e-03
7.232131313437047300e-03
7.224737320125568588e-03
7.217145609706051602e-03
7.209174479211962264e-03
7.201184890938271306e-03
7.193173662288182384e-03
7.185293206664646048e-03
7.177167493265743277e-03
7.169130770672721073e-03
7.161039608218047227e-03
7.152996930149145213e-03
7.144727395460051880e-03
7.136540613771691702e-03
7.128573825452826779e-03
7.120548934458077739e-03
7.112685379475405627e-03
7.104819273089825991e-03
7.097001434238941163e-03
7.089275072779383131e-03
7.081498835572084920e-03
7.073749093047029118e-03
7.066106140162973191e-03
7.058453468690225642e-03
7.050695232269696584e-03
7.042667035815696613e-03
7.034522808277056047e-03
7.026573556847516382e-03
7.018623719913461186e-03
7.010796591088430500e-03
7.002922942851000365e-03
6.995213684975050764e-03
6.987458977108733545e-03
6.979801388858264920e-03
6.972249999821854456e-03
6.964494764000469552e-03
6.956875555615594717e-03
6.949299239442150063e-03
6.941639457738411727e-03
6.934173797821890223e-03
6.926488379986455238e-03
6.918828997825210610e-03
6.911289631370630404e-03
6.903734307993630512e-03
6.895853420220651210e-03
6.887898883525134935e-03
6.880036677122264473e-03
6.872075804899864700e-03
6.863940498781040574e-03
6.856008989793447098e-03
6.848039802237436413e-03
6.840115802296526000e-03
6.832464502727295455e-03
6.824723138536307847e-03
6.816886099544371309e-03
6.808872327783517010e-03
6.800773569264222974e-03
6.792789001634764838e-03
6.784763329394697361e-03
6.776905008504583924e-03
6.769055346659019583e-03
6.761227847429620262e-03
6.753498869518439161e-03
6.745725119689461625e-03
6.737997416620787258e-03
6.730377614802655027e-03
6.722759595167370275e-03
6.715024035112411235e-03
6.707283175883141900e-03
6.699679945729179915e-03
6.692283764085075852e-03
6.684889229240559977e-03
6.677662734687552122e-03
6.670371218772846653e-03
6.663195438960566042e-03
6.656031191403533401e-03
6.649100469628408012e-03
6.642153333046046937e-03
6.635255268583930763e-03
6.628390226024784455e-03
6.621543838208390417e-03
6.614427538674293519e-03
6.607226139958810932e-03
6.599896039104919017e-03
6.592546381812160357e-03
6.585281724360263732e-03
6.578165294282743540e-03
6.571066602236805970e-03
6.564014687617728341e-03
6.556984451664261623e-03
6.550052855348959847e-03
6.543048497056473331e-03
6.535844602554899928e-03
6.528663633612631634e-03
6.521444809654413331e-03
6.514006627881395450e-03
6.506701091540246021e-03
6.499586878751774377e-03
6.492627673088817268e-03
6.485640975274912894e-03
6.478609107883794536e-03
6.471657993484911976e-03
6.464457538620019955e-03
6.457197982834182552e-03
6.449741245295534040e-03
6.442156272836081082e-03
6.434516673908744280e-03
6.427124773809770805e-03
6.419713502837514317e-03
6.412432763527707233e-03
6.405201285744215739e-03
6.398042827233825329e-03
6.390902865452979635e-03
6.383658196894980742e-03
6.376346087561142115e-03
6.369086522103892603e-03
6.361609051369007846e-03
6.354159081886604117e-03
6.346744290850496982e-03
6.339445078390891844e-03
6.332446163352814170e-03
6.325296195310369657e-03
6.318075443776009249e-03
6.310837008142024945e-03
6.303644134260625795e-03
6.296599561292678081e-03
6.289570516888638198e-03
6.282680257933801610e-03
6.275790465387178288e-03
6.268856683406943617e-03
6.261862538555720836e-03
6.254835151960656120e-03
6.247751912560927171e-03
6.240796117388267353e-03
6.233959261009231444e-03
6.227237925971095857e-03
6.220690941808854936e-03
6.214258511730619966e-03
6.207705834723798756e-03
6.201207322310897836e-03
6.194738133480838342e-03
6.188177410139477502e-03
6.181653951180645160e-03
6.175140324720089328e-03
6.168292214442440934e-03
6.161408830557081606e-03
6.154594742327056806e-03
6.147751424767103345e-03
6.140929175260564574e-03
6.134215041377915137e-03
6.127454030116709534e-03
6.120756764334048076e-03
