1.562122052071540645e-02
1.551030991623539995e-02
1.540070313090036863e-02
1.529152474709019605e-02
1.518511332487049344e-02
1.508078434111261891e-02
1.497904241051777573e-02
1.487963054037779766e-02
1.478158489597751132e-02
1.468451594565372935e-02
1.458863444592363445e-02
1.449443320506395468e-02
1.440203560697634125e-02
1.431117204908235498e-02
1.422174714968052305e-02
1.413409006782576603e-02
1.404769306383561213e-02
1.396223936017766155e-02
1.387762952409218008e-02
1.379387803451806969e-02
1.371132033430207814e-02
1.362961015945124074e-02
1.354911072243606546e-02
1.346967715352296452e-02
1.339104822288438371e-02
1.331356933609488535e-02
1.323759644924088312e-02
1.316284244885433490e-02
1.308978003169520600e-02
1.301831447573330129e-02
1.294833053724143979e-02
1.287989377739623409e-02
1.281301422235543372e-02
1.274700440161293663e-02
1.268285990290734556e-02
1.262096062078100524e-02
1.256115338463669427e-02
1.250254785390588277e-02
1.244491310135335295e-02
1.238887432620767656e-02
1.233404780698734229e-02
1.228079149993591655e-02
1.222874069986518326e-02
1.217768758917809474e-02
1.212837042461211920e-02
1.208123990542716783e-02
1.203580601426347541e-02
1.199195569361214547e-02
1.194909483759674929e-02
1.190736432409388902e-02
1.186670227509160902e-02
1.182699700739618491e-02
1.178846630133248245e-02
1.175100721435125804e-02
1.171448500436456097e-02
1.167879351503998443e-02
1.164361717824247307e-02
1.160935790292906555e-02
1.157561112031428759e-02
1.154260446773426943e-02
1.151003547744902829e-02
1.147772937462686847e-02
1.144573106765889303e-02
1.141389762353873724e-02
1.138229119937005096e-02
1.135143665245933429e-02
1.132082934273340863e-02
1.129042485232597398e-02
1.126024597795420405e-02
1.123036634908192687e-02
1.120082956321500657e-02
1.117144019696489875e-02
1.114254068738539799e-02
1.111385903424668212e-02
1.108526378535988274e-02
1.105676157549577432e-02
1.102837169581068720e-02
1.100041863268796417e-02
1.097275456055923221e-02
1.094550872848042491e-02
1.091850144368587162e-02
1.089166521672905660e-02
1.086498459607880725e-02
1.083857833948047647e-02
1.081218039220309922e-02
1.078594728663023056e-02
1.075985053849421932e-02
1.073388586838905888e-02
1.070809234915220433e-02
1.068239384372322506e-02
1.065685721993531003e-02
1.063141748325256535e-02
1.060612048928639105e-02
1.058097014532053542e-02
1.055594467374537486e-02
1.053107428835134592e-02
1.050637960809466462e-02
1.048178749826496337e-02
1.045723260066140983e-02
1.043279354302638698e-02
1.040860924113730206e-02
1.038449244138071534e-02
1.036043712214185231e-02
1.033648938852317449e-02
1.031264737991337624e-02
1.028878128907313380e-02
1.026500857131988804e-02
1.024131664638400045e-02
1.021754410623456136e-02
1.019353836382971487e-02
1.016946456956630170e-02
1.014512754531817808e-02
1.012059860747102288e-02
1.009581753141974847e-02
1.007066550021772956e-02
1.004543317940913456e-02
1.002023525876641688e-02
9.995040277043832494e-03
9.969748670393125192e-03
9.944009455634473041e-03
9.918076022655965274e-03
9.892164659064761265e-03
9.866355789784621647e-03
9.840442447179570742e-03
9.814393258805773068e-03
9.788425544063927494e-03
9.762719765336201963e-03
9.737110937143574757e-03
9.711763981535137882e-03
9.686494511930326609e-03
9.661372140564011488e-03
9.636698502129750071e-03
9.612183079086547913e-03
9.587848279114668387e-03
9.563611025919240352e-03
9.539579501361800454e-03
9.515676358984570191e-03
9.491956842028727304e-03
9.468435581665008566e-03
9.445150678138595005e-03
9.421941970873880939e-03
9.399098573496057762e-03
9.376370956885496377e-03
9.353907855772914184e-03
9.331619652123222808e-03
9.309456401208808171e-03
9.287428404050451433e-03
9.265487682248397736e-03
9.243694591496260174e-03
9.222051973454941862e-03
9.200410395664493368e-03
9.178796583269142537e-03
9.157286106688608193e-03
9.135817007566351261e-03
9.114412843778721060e-03
9.093126888010378758e-03
9.071832857611827200e-03
9.050760398533681458e-03
9.029815856482915903e-03
9.009021332561801751e-03
8.988375376339247796e-03
8.967776387866220264e-03
8.947271924790597963e-03
8.926799345826927010e-03
8.906528268953512600e-03
8.886340963989880493e-03
8.866276598918382962e-03
8.846127260997076885e-03
8.826144824138702771e-03
8.806312815590199711e-03
8.786672016568493684e-03
8.767163418208837045e-03
8.747861643710644688e-03
8.728498331607791039e-03
8.709173500329703624e-03
8.689891253792913703e-03
8.670518131194075023e-03
8.651086170991303254e-03
8.631713786293996118e-03
8.612368999959636381e-03
8.593042219268338250e-03
8.573792015418324822e-03
8.554546038116041251e-03
8.535289487044272691e-03
8.516092439590712201e-03
8.496893172089568444e-03
8.477637065027314803e-03
8.458470155248271755e-03
8.439390730144302397e-03
8.420340180459224069e-03
8.401291030461287973e-03
8.382316146340820437e-03
8.363398036237198324e-03
8.344475105458827938e-03
8.325593283618691956e-03
8.306841611539508841e-03
8.288103849644179455e-03
8.269421149157560325e-03
8.250763313203866856e-03
8.232082699561975997e-03
8.213437255702457987e-03
8.194855112799678473e-03
8.176364564831497747e-03
8.157698588703334031e-03
8.139082364898665711e-03
8.120531332262677718e-03
8.102086646248892604e-03
8.083597430309260104e-03
8.065142993000760582e-03
8.046720993758938248e-03
8.028304785669810456e-03
8.009937040162246752e-03
7.991583557931818821e-03
7.973313418401975494e-03
7.955098319137533097e-03
7.936968330154416801e-03
7.918868250498065781e-03
7.900823680488605963e-03
7.882770911103407011e-03
7.864721283614119901e-03
7.846705491764324400e-03
7.828725518796526492e-03
7.810798596508629690e-03
7.792927033750120594e-03
7.775044878193145860e-03
7.757124647762961983e-03
7.739201713103389946e-03
7.721380904861283034e-03
7.703629324045795437e-03
7.685837279163034753e-03
7.668027114463337249e-03
7.650248043115783630e-03
7.632569380291730904e-03
7.614952330131090352e-03
7.597389277870653101e-03
7.579796529830883783e-03
7.562209845692511971e-03
7.544706204019716901e-03
7.527245363807151188e-03
7.509817759821227866e-03
7.492487437263210814e-03
7.475241631916666220e-03
7.458086260736983275e-03
7.440957616815864657e-03
7.424092768463006961e-03
7.407274109785854169e-03
7.390582135481092198e-03
7.373964345652052332e-03
7.357309179736210535e-03
7.340733161688187472e-03
7.324257648365727243e-03
7.307929857009416892e-03
7.291668663909089444e-03
7.275602526303705415e-03
7.259662964182663457e-03
7.243815817356659588e-03
7.227981981301662834e-03
7.212222489354380706e-03
7.196575203897754777e-03
7.180918288720446532e-03
7.165505569262741077e-03
7.150346315809043979e-03
7.135242043419478923e-03
7.120214949398377333e-03
7.105295171420255781e-03
7.090553127280105165e-03
7.075910922908408042e-03
7.061455885462576861e-03
7.047162797316403916e-03
7.033018576046635127e-03
7.018949129150946036e-03
7.004875697798428232e-03
6.990917863266374321e-03
6.977081864945656325e-03
6.963324827374460513e-03
6.949780757910702968e-03
6.936313787527995448e-03
6.923104574184122360e-03
6.910218274161305727e-03
6.897342854485974915e-03
6.884580493376705329e-03
6.871950455560685463e-03
6.859475231177093388e-03
6.847092206426775782e-03
6.835006987316518713e-03
6.823053546002105438e-03
6.811481942300254624e-03
6.799962148165989567e-03
6.788712070784037184e-03
6.777736165049881231e-03
6.766764090483553575e-03
6.755798405425602303e-03
6.744897969680435472e-03
6.734191119970146279e-03
6.723630976289945126e-03
6.713295163132144278e-03
6.703485292989826323e-03
6.693956166893314311e-03
6.684647552837359383e-03
6.675663023441851841e-03
6.666919683187219788e-03
6.658183233537419247e-03
6.649770535540927736e-03
6.641703213518365852e-03
6.633808148159239804e-03
6.626262802667146241e-03
6.618880342066192808e-03
6.611871612732626857e-03
6.605144383318210799e-03
6.598736998273359820e-03
6.592303431467349574e-03
6.585874953856131475e-03
6.579621243676447850e-03
6.573656488547128737e-03
6.567926185242855749e-03
6.562331290040807584e-03
6.556789379974398667e-03
6.551291372934685622e-03
6.545814935242985112e-03
6.540410138486777575e-03
6.535020656887394197e-03
6.529589417250145598e-03
6.524244882099821362e-03
6.519119670736014775e-03
6.514079479794465319e-03
6.509169924910003166e-03
6.504363122284990278e-03
6.499651666474990166e-03
6.495131635853553312e-03
6.490757461301131619e-03
6.486568968357026357e-03
6.482421874014509568e-03
6.478457706306976413e-03
6.474590399275474348e-03
6.470771122444840019e-03
6.467054560872862769e-03
6.463388400724003925e-03
6.459872408822298247e-03
6.456476831244310419e-03
6.453292259674565066e-03
6.450322011498447680e-03
6.447402822302401165e-03
6.444587774481291484e-03
6.441843893985522811e-03
6.439231493164923950e-03
6.436660651635071721e-03
6.434084544363786323e-03
6.431518103813975429e-03
6.429051497746790696e-03
6.426727210472805984e-03
6.424400806753459425e-03
6.422077520615217597e-03
6.419834030387256210e-03
6.417658996912252965e-03
6.415515444769137425e-03
6.413398272077132367e-03
6.411313430678088759e-03
6.409293648302036989e-03
6.407261574262536862e-03
6.405251804829666280e-03
6.403108692467405702e-03
6.400965572176403259e-03
6.398861874644641914e-03
6.396763679659388420e-03
6.394652019028381103e-03
6.392706878880720540e-03
6.390771197192927737e-03
6.388823227013182629e-03
6.386885466409404286e-03
6.385029140322452841e-03
6.383238193579646516e-03
6.381456962716510438e-03
6.379739663409343675e-03
6.377816507018579592e-03
6.375892187217165573e-03
6.373893105727656931e-03
6.371852703866807618e-03
6.369825884468501877e-03
6.367801770885334056e-03
6.365780011609768405e-03
6.363643610662783785e-03
6.361453425363029074e-03
6.359214405888032572e-03
6.357087753064265441e-03
6.355036727747151275e-03
6.352790987342388923e-03
6.350389578258296835e-03
6.347837853981045005e-03
6.345104213190459926e-03
6.342363760553875254e-03
6.339562989753052928e-03
6.336802326226143207e-03
6.334097509581922136e-03
6.331289098117336665e-03
6.328376592850262078e-03
6.325457059018256903e-03
6.322515129134805185e-03
6.319597463842849261e-03
6.316746021513118363e-03
6.313878640298909578e-03
6.311013092738287401e-03
6.308171341444838119e-03
6.305316260879985195e-03
6.302507963060692553e-03
6.299763078786267331e-03
6.297093086759877195e-03
6.294475474113285854e-03
6.291983963869468739e-03
6.289570295894057923e-03
6.287172462672322056e-03
6.284960203756602762e-03
6.282809721364950722e-03
6.280722087463198010e-03
6.278668817255110210e-03
6.276746113331187031e-03
6.274909618612141936e-03
6.273080372877037729e-03
6.271232319638829142e-03
6.269406133340727286e-03
6.267583272356753651e-03
6.265741712757724388e-03
6.263974490394834393e-03
6.262265360334189936e-03
6.260612775942641338e-03
6.258986949467456283e-03
6.257457284881896842e-03
6.255924271724566839e-03
6.254377861108658537e-03
6.252888905852771115e-03
6.251405244881786533e-03
6.249926152980160056e-03
6.248502885232164877e-03
6.247103880489917466e-03
6.245696625627986283e-03
6.244299933963886294e-03
6.242889187812839663e-03
6.241472232928721095e-03
6.240049124812718437e-03
6.238621548058082174e-03
6.237175265816813190e-03
6.235726429992241929e-03
6.234280205366492938e-03
6.232842914846516841e-03
6.231378717878421729e-03
6.229922683813855083e-03
6.228466376472002221e-03
6.227044761073707684e-03
6.225582066337810583e-03
6.224076092831454590e-03
6.222529026244343585e-03
6.220987096424472444e-03
6.219435482439896780e-03
6.217850616899776514e-03
6.216268864183517769e-03
6.214674206647810735e-03
6.213044120324181206e-03
6.211363628348769844e-03
6.209653548424909526e-03
6.207915009605369933e-03
6.206161342218721212e-03
6.204322534950111080e-03
6.202396754145954663e-03
6.200460220382755967e-03
6.198527536816366215e-03
6.196532683460337192e-03
6.194467188190227666e-03
6.192363673548100314e-03
6.190226065318096479e-03
6.188044909797593349e-03
6.185857540786772468e-03
6.183622642142954859e-03
6.181359762970854883e-03
6.179123161233391996e-03
6.176878125958028959e-03
6.174612072646468164e-03
6.172327269975906236e-03
6.170010679924040758e-03
6.167640194517026025e-03
6.165184258421389958e-03
6.162663036012175528e-03
6.160103485010029641e-03
6.157528844027314839e-03
6.154933909695362894e-03
6.152323526475150274e-03
6.149701633893969038e-03
6.147090834150542929e-03
6.144411720900084216e-03
6.141684183126020977e-03
6.138909213506770976e-03
6.136124896958615633e-03
6.133289755592552170e-03
6.130379339813118653e-03
6.127391799580664093e-03
6.124371769480420336e-03
6.121284037971978266e-03
6.118139129666627131e-03
6.114985492874197050e-03
6.111823757136752334e-03
6.108618844116738868e-03
6.105362403263749245e-03
