1.719349751788353323e-02
1.713003836666915358e-02
1.706382495675530866e-02
1.699632580522221145e-02
1.692598991070716832e-02
1.685120842375026351e-02
1.677443055582603440e-02
1.669456855550235236e-02
1.661254858011872171e-02
1.652879380034654247e-02
1.644401587887011490e-02
1.635845134590272962e-02
1.627131618635194871e-02
1.618288096270346227e-02
1.609381073355681258e-02
1.600388067363534006e-02
1.591293740090817324e-02
1.582128634317983215e-02
1.572940363088557586e-02
1.563658289985468339e-02
1.554326302600951212e-02
1.545010969802025451e-02
1.535677911297404254e-02
1.526299001409878696e-02
1.516723834663817778e-02
1.507039477942794144e-02
1.497339467137626633e-02
1.487666900772206813e-02
1.478005026155983399e-02
1.468298172952708404e-02
1.458605570763500323e-02
1.448933685212674960e-02
1.439263069951937819e-02
1.429603755367735846e-02
1.419976707589514810e-02
1.410382155387892786e-02
1.400751075157514840e-02
1.391174453328833036e-02
1.381607417031347970e-02
1.372040058086946603e-02
1.362510182426064469e-02
1.352985996852873636e-02
1.343502466905492458e-02
1.334071388013919474e-02
1.324713412118007534e-02
1.315417115064288975e-02
1.306182626672689438e-02
1.297000648115300900e-02
1.287893753258890529e-02
1.278905664777873000e-02
1.270034080588612960e-02
1.261244113383240724e-02
1.252532400952538483e-02
1.243975747640083812e-02
1.235551880236983140e-02
1.227217182208240054e-02
1.219001824212043693e-02
1.210879656624974481e-02
1.202829239707434161e-02
1.194909588244507347e-02
1.187079408082410484e-02
1.179339325485997264e-02
1.171690782429036203e-02
1.164189321965046139e-02
1.156776451971575428e-02
1.149467295412811077e-02
1.142294160535622417e-02
1.135394646735405667e-02
1.128681827520169011e-02
1.122142053614459505e-02
1.115812154973505436e-02
1.109635240023451423e-02
1.103597782542910591e-02
1.097725731293854382e-02
1.092021991367129671e-02
1.086472008553598760e-02
1.081141786348161458e-02
1.075958654347286894e-02
1.070845075380259803e-02
1.065777058978516906e-02
1.060769653258926588e-02
1.055929434460421354e-02
1.051246475164475599e-02
1.046621387857687990e-02
1.042024616940768512e-02
1.037442536607338650e-02
1.032914219483559506e-02
1.028448039588942750e-02
1.024043512107381329e-02
1.019706518684958436e-02
1.015424975285488841e-02
1.011195518008290231e-02
1.006975067569883080e-02
1.002791047055271757e-02
9.986538978768576269e-03
9.945780127088870229e-03
9.905438206689667902e-03
9.865560107090411840e-03
9.826195973880349002e-03
9.787184652747712640e-03
9.748765158244765763e-03
9.710751727360784555e-03
9.673142175991805355e-03
9.635847602860646288e-03
9.598736466976070733e-03
9.562045643187327970e-03
9.525476171428549910e-03
9.489177909140760619e-03
9.452964522443855003e-03
9.417178236959750440e-03
9.381825059502926778e-03
9.346642675593073296e-03
9.311785964207433888e-03
9.277082129527543936e-03
9.242924642216701278e-03
9.209278391693682259e-03
9.176206511883295419e-03
9.143445660740349631e-03
9.110911988124513819e-03
9.078749841530127374e-03
9.047013603665833917e-03
9.015812953339934557e-03
8.985013011032478777e-03
8.954486056348416601e-03
8.924425370859644796e-03
8.894925422876970994e-03
8.865955015445920601e-03
8.837607113587929789e-03
8.809772550162811577e-03
8.782273550102507112e-03
8.754983788470447822e-03
8.728105858352428956e-03
8.701723252566833516e-03
8.676003726366929986e-03
8.650897087648191930e-03
8.626411697532712641e-03
8.602879879172988659e-03
8.579594625641666361e-03
8.556719561846332436e-03
8.534061849167438527e-03
8.511832281123713276e-03
8.490202285561437856e-03
8.468905900779260740e-03
8.448086199329907231e-03
8.427533938556464391e-03
8.407216667706154598e-03
8.387300952721034319e-03
8.367853625490907082e-03
8.348708250105070158e-03
8.329821766097592756e-03
8.311141152389017392e-03
8.293078696131720579e-03
8.275352775831515059e-03
8.257894507640325607e-03
8.240688212736336712e-03
8.223734311871424424e-03
8.207103397273140047e-03
8.190893388897713817e-03
8.175364674012711164e-03
8.160373612367526758e-03
8.145880725173007889e-03
8.131587021705478577e-03
8.117449847450570327e-03
8.103481448613655824e-03
8.089966995593573379e-03
8.076906093010418827e-03
8.064191171101103839e-03
8.051916832436457547e-03
8.039794136765398766e-03
8.028020399803447588e-03
8.016700857092226920e-03
8.005441970309843183e-03
7.994418297569680365e-03
7.983670324082467462e-03
7.973251506479855227e-03
7.963267736803251659e-03
7.953578566384752677e-03
7.944053021931003419e-03
7.934674794549536475e-03
7.925540100045763356e-03
7.916749759238096706e-03
7.908158646558374749e-03
7.899850857409327493e-03
7.891739879707846544e-03
7.883793158041765489e-03
7.876032294531307154e-03
7.868333250888920674e-03
7.860791718565920960e-03
7.853695342785625352e-03
7.846870206076952958e-03
7.840216565930322248e-03
7.833589085344467781e-03
7.827022822042341635e-03
7.820518953706329449e-03
7.814092160136835996e-03
7.807818733797892465e-03
7.801648377925586228e-03
7.795855975641086989e-03
7.790211758361762287e-03
7.784601702329028636e-03
7.779175650183595483e-03
7.773901654383469015e-03
7.768668456715064480e-03
7.763502271711764449e-03
7.758379312092217664e-03
7.753181091802185260e-03
7.747853030443069798e-03
7.742363939517719201e-03
7.736706137661471076e-03
7.731275780738043786e-03
7.726019675350000518e-03
7.720841667007531661e-03
7.715596747487849308e-03
7.710493775696776464e-03
7.705512207736777731e-03
7.700695908576745546e-03
7.695887712590419177e-03
7.691041118238100757e-03
7.686143529392625538e-03
7.681398814081403723e-03
7.676864053956651036e-03
7.672355433306528305e-03
7.667816883243388192e-03
7.663291011766321451e-03
7.658805692101410337e-03
7.654557538006269944e-03
7.650041580627443480e-03
7.645400690599039872e-03
7.640457249313495867e-03
7.635405193785330287e-03
7.630515847659409719e-03
7.625717703202841181e-03
7.621185610306693142e-03
7.616822046508974278e-03
7.612486860205289717e-03
7.608152135882937685e-03
7.603901140126881168e-03
7.599621915937128207e-03
7.595145902500283902e-03
7.590698701052503265e-03
7.586304690887827294e-03
7.582127281252074719e-03
7.578040127122534150e-03
7.573857615605985270e-03
7.569701965608116763e-03
7.565598603016834151e-03
7.561473938540336573e-03
7.557448628593676707e-03
7.553300502442809351e-03
7.549063799564574226e-03
7.544736186794670681e-03
7.540465923139859361e-03
7.536133089029455230e-03
7.531869631406257204e-03
7.527655712559294839e-03
7.523474007660037148e-03
7.519173324067407113e-03
7.514769739154622194e-03
7.510257813805086904e-03
7.505755387087742307e-03
7.501191044300261311e-03
7.496644758957016381e-03
7.492066973252792944e-03
7.487328867340397112e-03
7.482467098434214363e-03
7.477738680386637922e-03
7.472954747406146056e-03
7.468217887891898110e-03
7.463419445314652990e-03
7.458543925856559592e-03
7.453515840499379264e-03
7.448458265510037382e-03
7.443292789864800960e-03
7.438021615639445194e-03
7.432777747999453830e-03
7.427422823007326716e-03
7.421992219764333119e-03
7.416426992835446937e-03
7.410708257015829852e-03
7.404940823923731805e-03
7.399032666243528060e-03
7.393011399252915998e-03
7.386866387866770564e-03
7.380687294521447520e-03
7.374347351328028148e-03
7.367946256395143181e-03
7.361500426446143143e-03
7.354979038763145675e-03
7.348352892320175918e-03
7.341767242716755459e-03
7.335258282014437727e-03
7.328688654811628400e-03
7.322048533697659255e-03
7.315325925129713414e-03
7.308510744805902550e-03
7.301703869574412142e-03
7.294830887668667281e-03
7.287933537040536085e-03
7.280924420759371171e-03
7.273840820824376517e-03
7.266734113365460636e-03
7.259495858572312561e-03
7.252140954021431968e-03
7.244690389734204788e-03
7.237213269449131563e-03
7.229606915965148747e-03
7.221902456463807386e-03
7.214121253088755237e-03
7.206189212280241126e-03
7.198204870321990405e-03
7.190224462076635903e-03
7.182186214191388710e-03
7.174114434073033258e-03
7.165914447263488189e-03
7.157811161498326899e-03
7.149713857175673572e-03
7.141560770457227453e-03
7.133281790125746945e-03
7.124873200244432464e-03
7.116334931040358726e-03
7.107664095394493169e-03
7.098858510260037773e-03
7.090009650055048400e-03
7.081183785314435451e-03
7.072376103820755822e-03
7.063534987353195516e-03
7.054634112490324946e-03
7.045719728109282702e-03
7.036697009634482192e-03
7.027669219936686328e-03
7.018553460853112907e-03
7.009442064163054487e-03
7.000259195683732234e-03
6.990963007518061906e-03
6.981600763950665013e-03
6.972227310200101828e-03
6.962901860221439726e-03
6.953516319368910521e-03
6.944103646363328393e-03
6.934647470996625762e-03
6.925139951214981208e-03
6.915531785575817006e-03
6.905806928420881417e-03
6.895944457915964901e-03
6.885937724489950632e-03
6.875928580726551817e-03
6.865934803392559696e-03
6.855832415516026172e-03
6.845629796190856077e-03
6.835387811193243714e-03
6.825140899275728909e-03
6.814825831897183134e-03
6.804505903142995908e-03
6.794170005903639974e-03
6.783790253738463012e-03
6.773415073285575169e-03
6.762978807166065975e-03
6.752563363507208330e-03
6.742121472738554257e-03
6.731584031121600614e-03
6.721013732800307054e-03
6.710329914988382924e-03
6.699589143441270732e-03
6.688870911191613887e-03
6.678133005091641677e-03
6.667433618931697080e-03
6.656721155105695641e-03
6.645970544519095788e-03
6.635239079728632791e-03
6.624452277609061031e-03
6.613604333793096819e-03
6.602733122821217125e-03
6.591765856733086681e-03
6.580759321703157430e-03
6.569763869996533313e-03
6.558699762261004616e-03
6.547599375776350442e-03
6.536471008234730033e-03
6.525266846682618166e-03
6.513979387359160843e-03
6.502751117147381396e-03
6.491488126448450788e-03
6.480127590029886517e-03
6.468689500477408337e-03
6.457186682794512078e-03
6.445670068044423093e-03
6.434170564575430150e-03
6.422744558953420203e-03
6.411273669254956460e-03
6.399801646275055274e-03
6.388297007095969891e-03
6.376727253921052156e-03
6.365046147916235755e-03
6.353307904758014046e-03
6.341517264247992919e-03
6.329750081183679877e-03
6.317995125824345595e-03
6.306156476256595186e-03
6.294244440637115391e-03
6.282387868413732805e-03
6.270468780443073410e-03
6.258572194504785115e-03
6.246692642410217773e-03
6.234791335170719248e-03
6.222827525134222784e-03
6.210820489449680147e-03
6.198776866059387859e-03
6.186711136280920696e-03
6.174528957077586762e-03
6.162327088695037855e-03
6.150118157918237072e-03
6.137931299436022968e-03
6.125706891756019581e-03
6.113480292836185985e-03
6.101274689223565653e-03
6.089092809462365134e-03
6.076920968544935638e-03
6.064806276409732619e-03
6.052728550445535781e-03
6.040712882211653721e-03
6.028696218392143834e-03
6.016705351525636521e-03
6.004736336534704719e-03
5.992836328287338803e-03
5.980934707069680834e-03
5.969024759616393082e-03
5.957186301131310591e-03
5.945363014557177896e-03
5.933538058982982047e-03
5.921741366993236479e-03
5.909941699611136537e-03
5.898179903598018380e-03
5.886462079327510998e-03
5.874770357002258997e-03
5.863111769151586883e-03
5.851433867679751467e-03
5.839798540642000997e-03
5.828165230147478934e-03
5.816539718627285194e-03
5.804969016646313769e-03
5.793451510177109569e-03
5.781976545105568625e-03
5.770545543055022146e-03
5.759122544011749043e-03
5.747777586512860769e-03
5.736469290192725869e-03
5.725218020023616246e-03
5.713995912558232464e-03
5.702802957224917257e-03
5.691653560546786582e-03
5.680605537056051570e-03
5.669582250181303892e-03
5.658589308185622314e-03
5.647643536518976749e-03
5.636765578848898679e-03
5.625938811511888536e-03
5.615154966812857008e-03
5.604424409598992955e-03
5.593757984934920498e-03
5.583143649062463111e-03
5.572580005465967677e-03
5.562067243510208925e-03
5.551563205284315398e-03
5.541085303757993866e-03
5.530662699388491123e-03
5.520274591915632321e-03
5.509969166415205379e-03
5.499702380446655492e-03
5.489472265435639195e-03
5.479288260020206448e-03
5.469160491581738677e-03
5.459081563265243651e-03
5.449113661510939129e-03
5.439175936678529964e-03
5.429275596390379689e-03
5.419473250852918471e-03
5.409732787820586974e-03
5.400058907451284369e-03
5.390404044036073081e-03
5.380810757076573067e-03
5.371271638617555917e-03
5.361780525251896683e-03
5.352339848724581295e-03
5.342941140082635952e-03
5.333607286563114142e-03
5.324381499542329803e-03
5.315232903972706181e-03
5.306109201215275170e-03
5.297023689090812719e-03
5.288006908186150892e-03
5.279064287971253593e-03
5.270196660171090966e-03
5.261389376435937973e-03
5.252627177902978103e-03
5.243934802377510362e-03
5.235300673764951840e-03
5.226734380820855126e-03
5.218257459460451039e-03
5.209867754651827110e-03
5.201554716609903956e-03
