2.019833302179777773e-02
2.008215969448479132e-02
1.996894767808759727e-02
1.985566507051986229e-02
1.973964353737546126e-02
1.962562792295001815e-02
1.951105069145555454e-02
1.939711992302054280e-02
1.928410867292755862e-02
1.917103989400121417e-02
1.905713526926955392e-02
1.894560822248195220e-02
1.883233255837736542e-02
1.871870168877185284e-02
1.860678016701286172e-02
1.849655045261005756e-02
1.838619340684883793e-02
1.827516510326802554e-02
1.816454333903153723e-02
1.805369583401255848e-02
1.794363667000902288e-02
1.783295149909887994e-02
1.772391025017545571e-02
1.761546620885550210e-02
1.750771557720148461e-02
1.740051003066205373e-02
1.729354265294298643e-02
1.718714690999342126e-02
1.707902149201868600e-02
1.697318062565077168e-02
1.686682334026854899e-02
1.676100822433840981e-02
1.665804284607491637e-02
1.655382141139724941e-02
1.645069202236040112e-02
1.634851014117992898e-02
1.624568844651113828e-02
1.614367200539180286e-02
1.604152440174620026e-02
1.594047416128399272e-02
1.583944011448324557e-02
1.573880297624891816e-02
1.563810467464617562e-02
1.553763221108515023e-02
1.543680943669956118e-02
1.533569447233545935e-02
1.523664132326010313e-02
1.513649366957692602e-02
1.503745655981686413e-02
1.493955110768971535e-02
1.484169839120744704e-02
1.474535042509964207e-02
1.464892451629226135e-02
1.455333817239850593e-02
1.445852887264943015e-02
1.436487294048441853e-02
1.427375304903216215e-02
1.418135105472161615e-02
1.409105244556245647e-02
1.400338678113642599e-02
1.391554190389684455e-02
1.382895969669893470e-02
1.374225535305398371e-02
1.365769432581650199e-02
1.357395045369792080e-02
1.349216265705828303e-02
1.341163551973149903e-02
1.333269085558832535e-02
1.325299591473148159e-02
1.317491225270438215e-02
1.309667628906924924e-02
1.302103454196552532e-02
1.294633304421970513e-02
1.287271926619338799e-02
1.280143432655192828e-02
1.273097895315258854e-02
1.266222681506872644e-02
1.259431234322921228e-02
1.252594559695057938e-02
1.245917371806413466e-02
1.239257282301482223e-02
1.232866637436002416e-02
1.226552078041710445e-02
1.220162825886088667e-02
1.213873889223976953e-02
1.207603893162216384e-02
1.201432872108084554e-02
1.195333134879341709e-02
1.189300186408190005e-02
1.183304857594990461e-02
1.177345907115988008e-02
1.171457941707398052e-02
1.165548408219269430e-02
1.159668758474672462e-02
1.153789791024702888e-02
1.147892517485128369e-02
1.142096638805061536e-02
1.136388020047179002e-02
1.130639220542151678e-02
1.124927131109861728e-02
1.119335878656754248e-02
1.113699523293833031e-02
1.108089535964784829e-02
1.102533318822795406e-02
1.096987982451220513e-02
1.091526237848903201e-02
1.086078779570011713e-02
1.080699518827485557e-02
1.075395229303687666e-02
1.070133318162721017e-02
1.064918256791875725e-02
1.059747571423831289e-02
1.054610067521446516e-02
1.049470146938679196e-02
1.044364068761455613e-02
1.039305685875337518e-02
1.034294358060885120e-02
1.029357524260644807e-02
1.024445861994339665e-02
1.019673415529809973e-02
1.014841028837371040e-02
1.010115169543047108e-02
1.005415332800903457e-02
1.000783627416563550e-02
9.961364863584426521e-03
9.915378645462349233e-03
9.870700487840779538e-03
9.826891436566172894e-03
9.783922081293717002e-03
9.741395570543927990e-03
9.699098729003706107e-03
9.657527527991840305e-03
9.616441927504998030e-03
9.575836658630217102e-03
9.535417994270316278e-03
9.495430150232440220e-03
9.456089255550154810e-03
9.417279611914445084e-03
9.377900101089986853e-03
9.339022822118535350e-03
9.300502370339920610e-03
9.262305673387965371e-03
9.224291066854111570e-03
9.187001033111439133e-03
9.150090731109792111e-03
9.113483667523526385e-03
9.077688898209092597e-03
9.041992863925712651e-03
9.006903758939938803e-03
8.971587188934711243e-03
8.936716151824069740e-03
8.901743358303314257e-03
8.867220710090314983e-03
8.833163907150238386e-03
8.798802636311277639e-03
8.764720795462987296e-03
8.731064533510064438e-03
8.697737463386078297e-03
8.665040407883191353e-03
8.632716733728043948e-03
8.600403108988345646e-03
8.568546523332771017e-03
8.536972985288281829e-03
8.505468722243256924e-03
8.474724558036765554e-03
8.444003828018390237e-03
8.413531225319589510e-03
8.383465819522067930e-03
8.353871236132742392e-03
8.324608627032006880e-03
8.295935140332829499e-03
8.266947762161309943e-03
8.238704948838149883e-03
8.210481979568994004e-03
8.182490857270382015e-03
8.154597712543728422e-03
8.126680371412614914e-03
8.098888193393433479e-03
8.071260098034858249e-03
8.043561304732025491e-03
8.016054169195267060e-03
7.989118072715236524e-03
7.962464695067814763e-03
7.935785523638830968e-03
7.909454744807567841e-03
7.883125762100528025e-03
7.857056415016928225e-03
7.831345367229156779e-03
7.805472463699946427e-03
7.779690801483992585e-03
7.754313554238247835e-03
7.729151708167607097e-03
7.703865282540404980e-03
7.679115566105366823e-03
7.654824234526163423e-03
7.630413622432574185e-03
7.606133537508772031e-03
7.582052743086108854e-03
7.558078445932342460e-03
7.534580826298014310e-03
7.511040905771086684e-03
7.487909190152762517e-03
7.464708061046290873e-03
7.442114380305694596e-03
7.419650080238877031e-03
7.397487929178370863e-03
7.375601816192956829e-03
7.353719819281501029e-03
7.332298661435639013e-03
7.311153275787740657e-03
7.290135259556214734e-03
7.269222081900884175e-03
7.248334860037730643e-03
7.227513976103932571e-03
7.206715848715150932e-03
7.186248113566756808e-03
7.166086170152768942e-03
7.145972827016431467e-03
7.126100818118317679e-03
7.106743897527412201e-03
7.087258489567593855e-03
7.068176957687859370e-03
7.049094915197178131e-03
7.030286630475559954e-03
7.011509103720500909e-03
6.992860859851409740e-03
6.974269720099424488e-03
6.956156797364166679e-03
6.938233787807579836e-03
6.920205629396718357e-03
6.902347804930485629e-03
6.884651006859336328e-03
6.867027667784495609e-03
6.849649955568478700e-03
6.832608831904262055e-03
6.815694013619320694e-03
6.799118776986062124e-03
6.782758316214502342e-03
6.766561727199028355e-03
6.750377486669721129e-03
6.734088084864443650e-03
6.718207075350359110e-03
6.702301610161971214e-03
6.686775156520599270e-03
6.671372746717161260e-03
6.656310440805173097e-03
6.641301186894847317e-03
6.626349313021828204e-03
6.611450398384196778e-03
6.596638997229899506e-03
6.581954004528516554e-03
6.567347571382792064e-03
6.552689599303559466e-03
6.538067235994881460e-03
6.523754187424710832e-03
6.509391895820252835e-03
6.495292197259784628e-03
6.481522716771682784e-03
6.467741715293726101e-03
6.454292096091666237e-03
6.440860682469200585e-03
6.427584813045715030e-03
6.414394863824977172e-03
6.401659469877972117e-03
6.388712885974716718e-03
6.375910004034415421e-03
6.363390309779629918e-03
6.350908620096762727e-03
6.338754261102931206e-03
6.326528804820566627e-03
6.314524724152106513e-03
6.302431083592153864e-03
6.290183526868123320e-03
6.278114366958007821e-03
6.266101104674847398e-03
6.254195115620077468e-03
6.242605386617000596e-03
6.231089306239297361e-03
6.219819687616889338e-03
6.208598033254924924e-03
6.197596569424315520e-03
6.186165416835226472e-03
6.174769659072820716e-03
6.163525097651897412e-03
6.152463667296386059e-03
6.141609316769722562e-03
6.130979543879182952e-03
6.120609566376225379e-03
6.110284390358761489e-03
6.100095998345224022e-03
6.090055497841601745e-03
6.080126544025846007e-03
6.070383099897926245e-03
6.060567151262018747e-03
6.050937526463544790e-03
6.041342724433061175e-03
6.031725566655436917e-03
6.022319524964622924e-03
6.012839165726951117e-03
6.003638880624115673e-03
5.994434804459646340e-03
5.985475538559709499e-03
5.976660525405962619e-03
5.967795938325120425e-03
5.959149410067430923e-03
5.950427246439989395e-03
5.941969803203930520e-03
5.933641203865856403e-03
5.925436588503718918e-03
5.917296555977951018e-03
5.909228856435064237e-03
5.901184389029535439e-03
5.893178933542520849e-03
5.885166563730485738e-03
5.877243973964663137e-03
5.869250782588792716e-03
5.861329347842375755e-03
5.853517311557411736e-03
5.845611427781890329e-03
5.837702406008736349e-03
5.829987310480646417e-03
5.822179124194293981e-03
5.814315001165862133e-03
5.806584051062153688e-03
5.798840434199383463e-03
5.791092738858103460e-03
5.783433478518129785e-03
5.775807299133802787e-03
5.768259364468027346e-03
5.760698029964974806e-03
5.753131408378929501e-03
5.745498971367589587e-03
5.737956071320464944e-03
5.730544990894049714e-03
5.723285507012339929e-03
5.716209095655500755e-03
5.709127069923831954e-03
5.702075033665461937e-03
5.694930882313495660e-03
5.687768596872754510e-03
5.680645719721526959e-03
5.673584706971603400e-03
5.666562944762274477e-03
5.659660461580691589e-03
5.652818612986547364e-03
5.646061876590328064e-03
5.639337820649206051e-03
5.632698675515977575e-03
5.626091639803282134e-03
5.619517614249181121e-03
5.612993966662626830e-03
5.606526022481899720e-03
5.599998549343687855e-03
5.593462482143550345e-03
5.586985852059642502e-03
5.580478304278072184e-03
5.573813990841870736e-03
5.567028770904638643e-03
5.560251058956941321e-03
5.553631718200975100e-03
5.546852167479034666e-03
5.540223560336907452e-03
5.533586536208079734e-03
5.526912044811709175e-03
5.520172153654311770e-03
5.513588024505029772e-03
5.507082239480893399e-03
5.500662449222711893e-03
5.494226371083192444e-03
5.487574148416024533e-03
5.481030314088653974e-03
5.474429575283278754e-03
5.468043785384383952e-03
5.461651138660361497e-03
5.455131734585766563e-03
5.448600889502495589e-03
5.442183583269443771e-03
5.435747314476729701e-03
5.429270749705829464e-03
5.422836762986595234e-03
5.416540158478307804e-03
5.410245964274373182e-03
5.404077723810032062e-03
5.397799902837031698e-03
5.391655176541988032e-03
5.385556784622443950e-03
5.379423659182805927e-03
5.373392487545907564e-03
5.367349114401887694e-03
5.361217562107136597e-03
5.355161905756920630e-03
5.349194562090656829e-03
5.343245545528465222e-03
5.337262334551041119e-03
5.331335772052382509e-03
5.325426188111029649e-03
5.319435153894008610e-03
5.313346268370235798e-03
5.307359803652073049e-03
5.301290202016725565e-03
5.295288513057885664e-03
5.289302895410115044e-03
5.283382504131707395e-03
5.277477617143730253e-03
5.271641978478306713e-03
5.265945304749280673e-03
5.260264988344151051e-03
5.254518499406517565e-03
5.248910492280636254e-03
5.243255171546654970e-03
5.237622104518562145e-03
5.232038983407683030e-03
5.226444123894253592e-03
5.220879022136653939e-03
5.215372770619755745e-03
5.209859421656946182e-03
5.204425224295523497e-03
5.198957087378349926e-03
5.193492010624996616e-03
5.187969966219740242e-03
5.182505097447185315e-03
5.177088388915391040e-03
5.171660913020614640e-03
5.166177273745640834e-03
5.160774586400160117e-03
5.155373630617471857e-03
5.149959714456257137e-03
5.144577079921936261e-03
5.139182831904036929e-03
5.133823083937834146e-03
5.128383716186323167e-03
5.122975122556182315e-03
5.117676842694617902e-03
5.112402776515560451e-03
5.107080122174961073e-03
5.101891029325227034e-03
5.096728803362649864e-03
5.091547681293175608e-03
5.086405379650722758e-03
5.081275199976076178e-03
5.076196053575324565e-03
5.071122843596709805e-03
5.065990144481887641e-03
5.060921400779828071e-03
5.055883116390939153e-03
5.050848235612519221e-03
5.045798407269332618e-03
5.040900755309620472e-03
5.035972083470591221e-03
5.031116828679871658e-03
5.026255783785332082e-03
5.021414779222443600e-03
5.016581290540665303e-03
5.011742819144585082e-03
5.006843962102898622e-03
5.002069671399076572e-03
4.997392988073450122e-03
4.992669214294562924e-03
4.987953028773392354e-03
4.983391045018237611e-03
4.978758689662931593e-03
4.974155037158865464e-03
4.969517677051898605e-03
4.964946615569203713e-03
4.960341667426199433e-03
4.955779803058481259e-03
4.951241285410822035e-03
4.946705309106486093e-03
4.942147484397416309e-03
4.937592460780541523e-03
4.933075012088650700e-03
4.928577677544169165e-03
4.924119093308965828e-03
4.919695634973642213e-03
4.915363439389115220e-03
4.911051860137623064e-03
4.906806391893460927e-03
4.902558147100068674e-03
4.898322396218141722e-03
4.894177399314748357e-03
4.889991416819527460e-03
4.885913508249243448e-03
4.881850490912497363e-03
4.877832434852225757e-03
4.873873137486665202e-03
4.869927275677981768e-03
4.866035293957797665e-03
4.862196575650699903e-03
4.858402702044866198e-03
4.854583095977201002e-03
4.850822068412757523e-03
4.847099494863210851e-03
4.843418361195016113e-03
4.839786206162875401e-03
4.836172830510144724e-03
4.832570717329002195e-03
4.829003177329807203e-03
4.825493047305628308e-03
4.822031280327130492e-03
4.818632682783091127e-03
