8.524125651161588643e-03
8.479812609931542539e-03
8.435756434550717442e-03
8.392180275217006255e-03
8.350092039086638371e-03
8.308367177174393742e-03
8.267226365514418127e-03
8.226538549411611945e-03
8.187313863602099437e-03
8.149386098144310170e-03
8.112644527636084582e-03
8.076251443812559189e-03
8.040060234202268605e-03
8.004576757924179373e-03
7.969787330763512812e-03
7.935453171669448053e-03
7.902464008321971253e-03
7.870341776597955530e-03
7.839109759775088684e-03
7.809031996042055390e-03
7.779240387457538042e-03
7.750330170538599454e-03
7.722089661104567480e-03
7.694111614946889423e-03
7.666929923117581785e-03
7.640711289518803580e-03
7.615102871943914969e-03
7.589619637038247379e-03
7.564725340321771206e-03
7.540042782229992857e-03
7.515717581763075965e-03
7.491704547209403729e-03
7.467849750512117225e-03
7.444138328452600505e-03
7.420661715012324793e-03
7.397443311871518268e-03
7.374326039562911599e-03
7.351945427938754232e-03
7.330133157483684908e-03
7.308675424928746424e-03
7.288132320266148788e-03
7.267966262407628449e-03
7.248319922711591624e-03
7.229775302775675976e-03
7.211657251505423916e-03
7.193931275704270809e-03
7.176459103672411417e-03
7.159292713331224210e-03
7.142174797464885191e-03
7.124934545876069475e-03
7.107864215144085035e-03
7.091160851407243317e-03
7.074602459949561224e-03
7.058250128551988786e-03
7.042106994881787430e-03
7.026346698375504282e-03
7.011187682201558587e-03
6.996615233787419411e-03
6.982395423018390897e-03
6.968540041518675281e-03
6.954841398550348774e-03
6.941445685304414859e-03
6.928447292918595533e-03
6.915700559841813852e-03
6.903124128730034510e-03
6.890870310705451279e-03
6.879267443935131385e-03
6.867952532666205499e-03
6.856837361721914749e-03
6.845876658517478265e-03
6.835052260420691403e-03
6.824398488310137734e-03
6.814164489669581951e-03
6.804398025122854014e-03
6.795369803044483230e-03
6.786702381514781064e-03
6.778346911558013298e-03
6.770194720787456842e-03
6.762326228841331228e-03
6.754996674062538516e-03
6.748004078107040088e-03
6.741235624499276012e-03
6.734840749928395175e-03
6.728530079648292229e-03
6.722365247994492241e-03
6.716353371276687773e-03
6.710453216868129261e-03
6.704751332795551647e-03
6.699246029708455161e-03
6.694184250371913031e-03
6.689269218824019092e-03
6.684682846292927180e-03
6.680475993011770856e-03
6.676478790981993892e-03
6.672707868888631128e-03
6.669159106957655431e-03
6.665782843253047554e-03
6.662684539021266304e-03
6.659916965322121817e-03
6.657449064218405078e-03
6.655275630755680752e-03
6.653301283232136015e-03
6.651580789164663991e-03
6.650007765458472962e-03
6.648820875686872571e-03
6.647717601893437904e-03
6.646612470131604312e-03
6.645737238040923429e-03
6.645149352524297448e-03
6.644997125446761195e-03
6.645266708997178175e-03
6.645973217470978189e-03
6.647195548716613653e-03
6.648623658287748303e-03
6.650291500226531219e-03
6.652077880549246529e-03
6.654192898216869552e-03
6.656608802105936848e-03
6.658553721841503452e-03
6.660675948320802543e-03
6.662897908323776527e-03
6.664682184358525739e-03
6.666115918578806136e-03
6.667715305878717594e-03
6.669348377643570351e-03
6.671062466873743831e-03
6.672686971369228698e-03
6.674413737071144270e-03
6.676428344629160155e-03
6.677942473115687332e-03
6.678997718293831418e-03
6.680259562686499848e-03
6.681720686479636524e-03
6.683368005664193368e-03
6.685206770124138900e-03
6.687459858894411087e-03
6.689807178113247980e-03
6.691939922860881511e-03
6.694386369847549374e-03
6.697018692961650629e-03
6.699672712283703639e-03
6.702710383844290298e-03
6.705602899707500085e-03
6.708243132005433512e-03
6.711037778656362036e-03
6.714040269334214765e-03
6.717165049219261247e-03
6.720480613122663781e-03
6.724062811084684926e-03
6.727931606618990645e-03
6.732000835449929860e-03
6.736140832526479015e-03
6.740844457928231968e-03
6.745502729872039985e-03
6.750181972808255021e-03
6.755167588126376015e-03
6.760322524888480802e-03
6.765428454100022755e-03
6.769959506745237658e-03
6.774663142190062888e-03
6.779583940575864207e-03
6.784670258838440722e-03
6.789573067967182365e-03
6.794703993328847155e-03
6.799921835668011789e-03
6.805091790523483571e-03
6.810520358194195253e-03
6.816539909405086757e-03
6.822636654313616288e-03
6.828891539555012775e-03
6.835349434933996916e-03
6.841589051533798413e-03
6.847770325811503196e-03
6.854154247090438710e-03
6.860552480804757783e-03
6.866605032494500598e-03
6.872315894545250742e-03
6.878394328818402542e-03
6.884531023483323950e-03
6.891210982294048229e-03
6.898466380083158322e-03
6.905863966106031912e-03
6.913165962694066587e-03
6.920103905835130360e-03
6.927259595472538313e-03
6.934597323726542778e-03
6.941777369928932642e-03
6.948115412867243365e-03
6.954564136278182200e-03
6.961099880797424685e-03
6.967971470416087047e-03
6.975004724428875320e-03
6.982226271249473634e-03
6.989705507451230912e-03
6.997748897389454228e-03
7.005962830326417992e-03
7.014330146879995190e-03
7.022759251586679387e-03
7.031252441667144686e-03
7.040056860747911580e-03
7.048834598556719296e-03
7.057734334852203660e-03
7.066613438448247561e-03
7.075574190108844738e-03
7.084677596741782886e-03
7.093767275023287085e-03
7.102561601344840533e-03
7.111209441526211705e-03
7.119956171084589405e-03
7.128937370440660906e-03
7.137994018642680218e-03
7.147199050596989185e-03
7.156724487219725227e-03
7.166634558716343875e-03
7.176613787866905486e-03
7.186723208008335279e-03
7.196877223620032175e-03
7.207136799323162618e-03
7.216906438009362650e-03
7.226372658562699169e-03
7.235816007340026106e-03
7.245518039234100614e-03
7.255248740399893037e-03
7.265135206447632249e-03
7.275195868000980046e-03
7.285324367865702450e-03
7.295749662721309065e-03
7.306339526533306775e-03
7.316719548275548400e-03
7.327365135282068280e-03
7.338233637267155274e-03
7.348937424407010234e-03
7.359237111084273968e-03
7.369534702459479107e-03
7.379906218247953009e-03
7.390400203490341859e-03
7.401030315707990415e-03
7.411777590408646921e-03
7.422511489851153256e-03
7.433421850304977423e-03
7.444531808894675091e-03
7.455869218760183097e-03
7.467484413666206251e-03
7.479297014146815865e-03
7.490600780776837317e-03
7.501907804533823609e-03
7.513446172050062578e-03
7.525071096050359870e-03
7.536643000028367921e-03
7.548391837570680996e-03
7.560263897268758651e-03
7.572319280039539399e-03
7.584528554394966669e-03
7.596863375613135787e-03
7.609490210262545226e-03
7.621746249391884304e-03
7.633856585740689954e-03
7.646198336678838338e-03
7.658714704931638730e-03
7.671220087120361568e-03
7.683862213669008338e-03
7.696597366554691448e-03
7.709435423932023759e-03
7.722322954541329006e-03
7.735331455543843771e-03
7.748458083164320651e-03
7.761404733640962610e-03
7.774336653573257760e-03
7.787345255006497026e-03
7.800391945056230590e-03
7.813682155297669435e-03
7.826995317659696944e-03
7.839933011830058085e-03
7.853163920371690129e-03
7.866379424954541774e-03
7.879385766167899124e-03
7.892068929767674657e-03
7.904632819724899048e-03
7.917076711881191470e-03
7.929813005448470634e-03
7.942697670082052644e-03
7.955598013537451899e-03
7.968813422975406374e-03
7.982079780391232102e-03
7.995407225059425471e-03
8.008838378722227952e-03
8.022391752347883889e-03
8.036129464982307360e-03
8.050044421987699247e-03
8.064087008471904766e-03
8.078242825840553296e-03
8.092489933680457187e-03
8.106658910645488797e-03
8.120905069150755745e-03
8.135351377632295961e-03
8.150028801525337555e-03
8.165028442068504588e-03
8.180253472414720367e-03
8.195261441307850198e-03
8.210371855882792752e-03
8.225574165627667217e-03
8.240885457508763390e-03
8.256374638631791898e-03
8.271890227749493368e-03
8.287498238505554629e-03
8.302740139099127475e-03
8.317985598111837797e-03
8.333597619753880040e-03
8.349137404218821140e-03
8.364760888706588085e-03
8.380228897975763175e-03
8.396000199575101922e-03
8.412136302566016258e-03
8.428365488980908010e-03
8.444820104313969372e-03
8.461337660110554090e-03
8.476722095159599721e-03
8.492181758106998740e-03
8.507728396176000851e-03
8.523386076796821489e-03
8.539228619723343225e-03
8.554927095304388010e-03
8.570371401865452612e-03
8.585717403662042682e-03
8.601336994609203382e-03
8.616961059480839763e-03
8.632585345300071433e-03
8.647580940070797445e-03
8.662546686830250794e-03
8.677619609030051348e-03
8.692980647948989059e-03
8.708531525251724317e-03
8.724215392919624362e-03
8.740091665769202101e-03
8.756057590483480937e-03
8.772038483604348638e-03
8.788135707218959480e-03
8.804295177796513799e-03
8.820482980409985116e-03
8.836415299946736093e-03
8.852212706134243020e-03
8.867676800719499070e-03
8.883459379103432474e-03
8.899561538623854129e-03
8.915838929672093363e-03
8.932318978293218859e-03
8.948728231711014502e-03
8.964730004908052011e-03
8.981056912532051073e-03
8.997544220708798141e-03
9.014206261431238071e-03
9.030225347827986263e-03
9.046382243150335317e-03
9.062665848217497239e-03
9.079110357048194441e-03
9.095621560337174144e-03
9.111989677330281298e-03
9.128611919999581742e-03
9.145500327346010525e-03
9.162630317099745500e-03
9.179954396099832339e-03
9.197417435278770759e-03
9.214570408868060988e-03
9.231728498081298237e-03
9.248896306874322334e-03
9.265618263509734637e-03
9.282359323126080156e-03
9.299256929926858276e-03
9.316230014117051275e-03
9.333382878818293621e-03
9.350568469135350433e-03
9.367858358345377418e-03
9.385339579714083516e-03
9.402834487147600576e-03
9.420467456169277776e-03
9.438283775749962967e-03
9.455789727391659960e-03
9.473488347449252056e-03
9.491180412023458857e-03
9.508956987466446117e-03
9.527035994706865157e-03
9.544927048489606353e-03
9.563061861383457055e-03
9.581639392996320684e-03
9.600364916153066724e-03
9.619485464006418893e-03
9.638843987218327289e-03
9.658343113444304087e-03
9.678166191129024265e-03
9.698162942079585971e-03
9.718496634938796064e-03
9.737499012830400091e-03
9.756486754265389708e-03
9.775708275168987563e-03
9.795034706007225977e-03
9.814395482038855076e-03
9.833519524881415008e-03
9.852160094217028707e-03
9.870627367694890034e-03
9.889248672303245849e-03
9.908008139987651078e-03
9.926900582179737365e-03
9.945887668172104928e-03
9.965037868461108089e-03
9.984323711543565197e-03
1.000330867369040450e-02
1.002136723852117654e-02
1.003950232944956014e-02
1.005784875199391623e-02
1.007647469544457018e-02
1.009520880172816611e-02
1.011394270080732093e-02
1.013297134397625303e-02
1.015236554652443855e-02
1.017194661787847870e-02
1.019178616197332667e-02
1.021104499236243253e-02
1.022916366233880478e-02
1.024701658521843042e-02
1.026513026114488948e-02
1.028340465477375204e-02
1.030169220799899941e-02
1.031989953610448416e-02
1.033843263505057099e-02
1.035726712554321804e-02
1.037638957840883794e-02
1.039583091256736889e-02
1.041538292772711122e-02
1.043515810101348917e-02
1.045518951113560274e-02
1.047545705186244021e-02
1.049584338522151737e-02
1.051635744320430707e-02
1.053712287929010546e-02
1.055776632270363606e-02
1.057781662014491836e-02
1.059800743708419306e-02
1.061853751746759215e-02
1.063932561389629647e-02
1.066036201841934206e-02
1.068155466460598245e-02
1.070294544052559013e-02
1.072484540021757110e-02
1.074700872944104983e-02
1.076932493537027281e-02
1.079123773116599100e-02
1.081238884871953652e-02
1.083386533010496054e-02
1.085561197753900226e-02
1.087765741694959355e-02
1.089999026054976061e-02
1.092251749574561781e-02
1.094524274015757324e-02
1.096813394581290860e-02
1.099047785899322921e-02
1.101224555247842969e-02
1.103408717671989017e-02
1.105617184648573746e-02
1.107847392234063109e-02
1.110097030416080759e-02
1.112377109679226969e-02
1.114693397601425502e-02
1.117034955585331259e-02
1.119418742785921635e-02
1.121827134033942346e-02
1.124289987806603892e-02
1.126783912731043648e-02
1.129311436172868340e-02
1.131864694300646103e-02
1.134404009578106332e-02
1.136907431971854836e-02
1.139436138593328748e-02
1.141994228707545606e-02
1.144578239885996745e-02
1.147201070288033330e-02
1.149874504877715191e-02
1.152590521777365103e-02
1.155326169500692744e-02
1.158098066478228591e-02
1.160847371088600914e-02
1.163538578850709972e-02
1.166120968654404087e-02
1.168733609460866248e-02
1.171371164487122057e-02
1.174038165484603095e-02
1.176750574912634878e-02
1.179512685497525332e-02
1.182188134727537275e-02
1.184817606454799388e-02
1.187494330837860802e-02
1.190215164289333202e-02
1.192947233295944993e-02
1.195596932193954132e-02
1.198275952740523488e-02
1.200979211238103680e-02
1.203721818810627592e-02
1.206490575160838741e-02
1.209298471267220877e-02
1.212115797078601974e-02
1.214978408689333829e-02
