1.107805592224459824e-02
1.097676579502665159e-02
1.087752206645348739e-02
1.078150416218259453e-02
1.068812530566246380e-02
1.059753064466210752e-02
1.050840499761352374e-02
1.042182988078937771e-02
1.033793522194666019e-02
1.025596928865446684e-02
1.017611596322653446e-02
1.009881496731876091e-02
1.002408284240006477e-02
9.953004905253168971e-03
9.885054231809757910e-03
9.818831368552242631e-03
9.755279799765412263e-03
9.693213089727197029e-03
9.632160720492881356e-03
9.572091011983266395e-03
9.513732395643983292e-03
9.457400271522703114e-03
9.402902567444387794e-03
9.350105678830366099e-03
9.298053213404825629e-03
9.246737638863425368e-03
9.196528816192867453e-03
9.147201493021039562e-03
9.098627361168535807e-03
9.050651904265490447e-03
9.003255964358310159e-03
8.956684438068837628e-03
8.910785807148628376e-03
8.866362093392466531e-03
8.822954997574739000e-03
8.780831497333543498e-03
8.740110045951293705e-03
8.700992227978392515e-03
8.662747684756461758e-03
8.625181857657157961e-03
8.588632077098321341e-03
8.552947564847375450e-03
8.517945870521282520e-03
8.484098005232474857e-03
8.450714444398030323e-03
8.417716473058925800e-03
8.385994716695261211e-03
8.355381897892154991e-03
8.325315540104792286e-03
8.295678357690076249e-03
8.266849305901113193e-03
8.238783354772495626e-03
8.211282787922463688e-03
8.184978000551963728e-03
8.159371891232058971e-03
8.134097973448394664e-03
8.109333332468982719e-03
8.085075999323038110e-03
8.061727257656657597e-03
8.039025106967020301e-03
8.016872170680727772e-03
7.994967210010858055e-03
7.973317520456678353e-03
7.951848238841749406e-03
7.930918935703579198e-03
7.910488671778745720e-03
7.890578578220286410e-03
7.870951312382598250e-03
7.851923098902459375e-03
7.833165826373961887e-03
7.815014073413093648e-03
7.797334888240890077e-03
7.780018468888989791e-03
7.763305182024969608e-03
7.746900492877068292e-03
7.730836666665600806e-03
7.714980539121334135e-03
7.699637263715113610e-03
7.684727722707855938e-03
7.670064288248378166e-03
7.655596276121476133e-03
7.641287791329013680e-03
7.627143938923297041e-03
7.613183951916668683e-03
7.599397390271015948e-03
7.585690434774920027e-03
7.572106829351935540e-03
7.558585868914871955e-03
7.545141440390028265e-03
7.531784092703564144e-03
7.518589231886419789e-03
7.505432628832352758e-03
7.492313418251381890e-03
7.479280308516352699e-03
7.466380199718485565e-03
7.453610166680779692e-03
7.440868605224912509e-03
7.428245534580834447e-03
7.415680460565877985e-03
7.403219656372107653e-03
7.390772043489721686e-03
7.378470713243532632e-03
7.366209884594240170e-03
7.354031307122642011e-03
7.341846342785542101e-03
7.329548416083750753e-03
7.317438148948106347e-03
7.305463666795026199e-03
7.293466243092951336e-03
7.281345320257428047e-03
7.269232511167286054e-03
7.257099579988597442e-03
7.245136133057818346e-03
7.233050383704961450e-03
7.220714069737317088e-03
7.208398745791112436e-03
7.196255064824813412e-03
7.184200926835395719e-03
7.172286038688540158e-03
7.160469969617439326e-03
7.148776905454906280e-03
7.136982797411777282e-03
7.125121829992372459e-03
7.113255974768177385e-03
7.101434307477054453e-03
7.089682593357107300e-03
7.078082968883569158e-03
7.066659257281480283e-03
7.055428561903239089e-03
7.044236449895054097e-03
7.033064807782873039e-03
7.022042900480901691e-03
7.011150095289645813e-03
7.000423951185772049e-03
6.989750731959429135e-03
6.979201054153155032e-03
6.968796214366392884e-03
6.958421892833920736e-03
6.948145568431009916e-03
6.938049805784930919e-03
6.928233058720750272e-03
6.918815144264404277e-03
6.909507077763121091e-03
6.900331320812748762e-03
6.891340325737826608e-03
6.882504275184806591e-03
6.873773287327114047e-03
6.865344210085031623e-03
6.857099725043332844e-03
6.849084194567403062e-03
6.841273275835347764e-03
6.833592776442250216e-03
6.826053131140393145e-03
6.818696734910125769e-03
6.811458470055369030e-03
6.804489591590353464e-03
6.797759084392993902e-03
6.791362824390231000e-03
6.785090880709865845e-03
6.778922151270913923e-03
6.772831053196324072e-03
6.767108915403411903e-03
6.761510166798735504e-03
6.755937915519285436e-03
6.750580154666931121e-03
6.745407084331355406e-03
6.740389218051817330e-03
6.735536039660215517e-03
6.730850213742247019e-03
6.726554556960660791e-03
6.722575210446259109e-03
6.718751768360052903e-03
6.715132803229119027e-03
6.711885503666433980e-03
6.709063015497121300e-03
6.706505356805568356e-03
6.704178533377246757e-03
6.702178238778045555e-03
6.700377996896406986e-03
6.698818717923700136e-03
6.697944058285896021e-03
6.697303583011697883e-03
6.696934816191309724e-03
6.697117187815515571e-03
6.697558588250260292e-03
6.698167045152293025e-03
6.698962144627240017e-03
6.699991888332795104e-03
6.701010366882547212e-03
6.701980245418921039e-03
6.703350764316172265e-03
6.705016452284498323e-03
6.707018532436265570e-03
6.709426628635589869e-03
6.712195352537947413e-03
6.715317633820328848e-03
6.718615887704009956e-03
6.722011298270662467e-03
6.725665336982121489e-03
6.730008576783855050e-03
6.734759971278995484e-03
6.739862321469810083e-03
6.745105131957708153e-03
6.750728434288799477e-03
6.756744838333430744e-03
6.762957357154053724e-03
6.769466438389910336e-03
6.776239381797072997e-03
6.783475967344397908e-03
6.790933098762929124e-03
6.798723552356225434e-03
6.806603407266223829e-03
6.814598393844563569e-03
6.822959772849530001e-03
6.831660368784212185e-03
6.840597871283719128e-03
6.849734535310252406e-03
6.858996153129993945e-03
6.868410050357356446e-03
6.878124581144376762e-03
6.888072806827367361e-03
6.898002863006530254e-03
6.907808095423844698e-03
6.917689783108877527e-03
6.927399963659775124e-03
6.937193805118590205e-03
6.946989514588882558e-03
6.956900324012550534e-03
6.966799243495593562e-03
6.976884236796499980e-03
6.987192538342120590e-03
6.997842851963098805e-03
7.008857535653058649e-03
7.019905602515873026e-03
7.030959212097519923e-03
7.042095110386235694e-03
7.053433675762848902e-03
7.064943430066775339e-03
7.076128406207686516e-03
7.086985257199538216e-03
7.097798099447872461e-03
7.108608817850674104e-03
7.119754708467903974e-03
7.130982169976813993e-03
7.142298845684128678e-03
7.153664801162251674e-03
7.165362156888221805e-03
7.177153792749777633e-03
7.189149141235932385e-03
7.201174457193140407e-03
7.213180332933563123e-03
7.225292122916142021e-03
7.237343773923668455e-03
7.249012551294081556e-03
7.260514843066588793e-03
7.271943890183067347e-03
7.283303302863774510e-03
7.294609669092917865e-03
7.305969387294461957e-03
7.317369797911279367e-03
7.328958457992605646e-03
7.340649604985464809e-03
7.352470852053292344e-03
7.364350184023562423e-03
7.376333582310655966e-03
7.388252118207145995e-03
7.400250031376856552e-03
7.412311132386985475e-03
7.424454555933479409e-03
7.436659332081044932e-03
7.448930736085636328e-03
7.461211119654172566e-03
7.473122812518238033e-03
7.484921196267320387e-03
7.496763399527291497e-03
7.508746334775886870e-03
7.520979188182551692e-03
7.533351707954994737e-03
7.545853180777814528e-03
7.558387146640119930e-03
7.570900100280508922e-03
7.583508023328405269e-03
7.596206877411512681e-03
7.608927693051174314e-03
7.621705570257053704e-03
7.634568096820613589e-03
7.647403946869389853e-03
7.660182153910912416e-03
7.672584502665724671e-03
7.685020448140827271e-03
7.697500961600007435e-03
7.710064735301371854e-03
7.722768594006060999e-03
7.735426265149092026e-03
7.747945811273676715e-03
7.760200607207916844e-03
7.772550438093926185e-03
7.784995963602989351e-03
7.797437865148642774e-03
7.809956726229969233e-03
7.822631335278995568e-03
7.835435724081836126e-03
7.848361001876451998e-03
7.861251033772564262e-03
7.874271631953639120e-03
7.887405562507337695e-03
7.900662109461276117e-03
7.914128199307667033e-03
7.927624274596924495e-03
7.941214014751432973e-03
7.954908763157245849e-03
7.968045776405608197e-03
7.981211597414444511e-03
7.994494421274598098e-03
8.007747693129748864e-03
8.020981405308410042e-03
8.034258983513243788e-03
8.047628401915637303e-03
8.061089859262710045e-03
8.074653823607462824e-03
8.087801340852450796e-03
8.101050751939115405e-03
8.114371251064142129e-03
8.127699203206099898e-03
8.141152414662100253e-03
8.154767192724834621e-03
8.168452593673101655e-03
8.182325732417764300e-03
8.196331429147232783e-03
8.210469605631261908e-03
8.224784690308078669e-03
8.239228683634320510e-03
8.253920819080554777e-03
8.268779401009573177e-03
8.283738147257470666e-03
8.298844917821764436e-03
8.314087948564521588e-03
8.328917629702498396e-03
8.343792179059559763e-03
8.358884713832932453e-03
8.374192810999240774e-03
8.389454657173960397e-03
8.404473742201195446e-03
8.419461410383443853e-03
8.434185575830666429e-03
8.449020952976475304e-03
8.464020596729758539e-03
8.479144191026168065e-03
8.494305141323465688e-03
8.509294589772455411e-03
8.523637234754430012e-03
8.538053318910891060e-03
8.552519506370101846e-03
8.567029974264369144e-03
8.581680129667723991e-03
8.596473218078321335e-03
8.611242695754146859e-03
8.626026147043844294e-03
8.641007563149196574e-03
8.656038454600981438e-03
8.671059491155768892e-03
8.686083324970526875e-03
8.701077245229674878e-03
8.716299350438090274e-03
8.731668494684633255e-03
8.746897427067990352e-03
8.762010458166505367e-03
8.777281414993693548e-03
8.792610537067905088e-03
8.808150840641126855e-03
8.823767539223634215e-03
8.839470724517498393e-03
8.855232337235433362e-03
8.871141669806093324e-03
8.887110956347839610e-03
8.903140245490284710e-03
8.919082849174255270e-03
8.934882570594928838e-03
8.950761025475021185e-03
8.966646719824607897e-03
8.981533206694744531e-03
8.996080567551400023e-03
9.010816630339407024e-03
9.025633219539556593e-03
9.040576404310971675e-03
9.055621127716444868e-03
9.070750367276742693e-03
9.086046609388888709e-03
9.101537534874908075e-03
9.117210931358692150e-03
9.132661777585440732e-03
9.147767907507427937e-03
9.162629001261723624e-03
9.177686820833684880e-03
9.192920047423391861e-03
9.208378196549567990e-03
9.224246881105905432e-03
9.240005455530131764e-03
9.255460583277244288e-03
9.270690056929348222e-03
9.285916094793504605e-03
9.301384840946872248e-03
9.316993887765330842e-03
9.332845740132227411e-03
9.348875638202013352e-03
9.365142897417797971e-03
9.381598558329927104e-03
9.398195306438294691e-03
9.415057094400360038e-03
9.431276438646024607e-03
9.447550842186408157e-03
9.464114904851165383e-03
9.480965036506186147e-03
9.497992647223374094e-03
9.515237537170305807e-03
9.532752896573057355e-03
9.550010051754376228e-03
9.567193313180035602e-03
9.584665394340644365e-03
9.602440182162502377e-03
9.620450282343576479e-03
9.638454115647437231e-03
9.655532863575257835e-03
9.672977340029755358e-03
9.690661105900165093e-03
9.708492587394637260e-03
9.726503040668996874e-03
9.744626236417619145e-03
9.763016510235063630e-03
9.780811348258212565e-03
9.798725704129453845e-03
9.816941566779074230e-03
9.835400683215313536e-03
9.854134215506266115e-03
9.873233872760968019e-03
9.892563887440085010e-03
9.911696522973245660e-03
9.931203334842771124e-03
9.950956619567930331e-03
9.970368578318155803e-03
9.989836476981980157e-03
1.000973575626573110e-02
1.002924056163509610e-02
1.004896839827180803e-02
1.006898876846594980e-02
1.008949080970106618e-02
1.011040206490944511e-02
1.013178999605170681e-02
1.015363294074913929e-02
1.017601152690177958e-02
1.019876320579612278e-02
1.022203443185776620e-02
1.024580156369413707e-02
1.027003053203196133e-02
1.029460195434032943e-02
1.031962291408646502e-02
1.034492392015088323e-02
1.037016730329419142e-02
1.039514458307528796e-02
1.042051652177473919e-02
1.044642882534494756e-02
1.047298710145006841e-02
1.049997646534026746e-02
1.052762849969480011e-02
1.055599893087982855e-02
1.058487217641627259e-02
1.061422726002584499e-02
1.064389422755056096e-02
1.067394080947108720e-02
1.070465055555224615e-02
1.073605704982834134e-02
1.076795949956594473e-02
1.080068518101020072e-02
1.083435870966135278e-02
1.086869897252110487e-02
1.090383428622619146e-02
1.093932173330934045e-02
1.097494874738470794e-02
1.101125593012813181e-02
1.104824326568212486e-02
1.108531635427460228e-02
1.112314613128995155e-02
1.116060553353615328e-02
1.119842525162155836e-02
1.123638820929220676e-02
1.127525909348530732e-02
1.131477707398026965e-02
1.135431603498218180e-02
1.139323488488934791e-02
1.143278013391178620e-02
1.147214051428505424e-02
1.151214541676214183e-02
1.155318006823061010e-02
1.159506711965965081e-02
1.163776923936318472e-02
1.168127923015833784e-02
1.172514573416831227e-02
1.176869295833315142e-02
1.181297360059338844e-02
1.185757321400643036e-02
