5.860909889862095552e-03
5.869798615372139386e-03
5.878467654487362810e-03
5.887035910049374064e-03
5.895470423998127284e-03
5.903723132039049443e-03
5.911753599837550784e-03
5.919529129528446759e-03
5.927200170961718396e-03
5.934677527778961341e-03
5.941893072666255132e-03
5.948888025564314820e-03
5.955760646572262791e-03
5.962372671654898003e-03
5.968707780423098720e-03
5.974867440680456561e-03
5.980862447144078692e-03
5.986653513957563774e-03
5.992216601969903474e-03
5.997584972515503272e-03
6.002906228629748507e-03
6.008211124314727196e-03
6.013383678998613160e-03
6.018336452407072740e-03
6.023173829856238136e-03
6.027993308964599284e-03
6.032915940205515679e-03
6.037625637960649175e-03
6.042570069276005651e-03
6.047402478311527003e-03
6.052034948804106002e-03
6.056519221341403331e-03
6.060909635552507065e-03
6.065166162922238507e-03
6.069168074091265894e-03
6.072931465461767382e-03
6.076468260275038301e-03
6.079815865275771739e-03
6.082917680879294103e-03
6.085688995355473946e-03
6.088254490805515562e-03
6.091113366072898119e-03
6.094083045501147260e-03
6.097035058636422755e-03
6.099920965626102511e-03
6.102751992510824404e-03
6.105569349188231208e-03
6.108346170439594471e-03
6.110805934537509414e-03
6.113266259461730759e-03
6.115513699265493104e-03
6.117685595078496338e-03
6.119636655357760593e-03
6.121710244292069038e-03
6.124093875029449664e-03
6.126438874824466883e-03
6.128751117817322729e-03
6.131232150499712867e-03
6.133760841260825145e-03
6.136190572872119234e-03
6.138494033462432893e-03
6.140801133345043759e-03
6.143186828198097908e-03
6.145497653531993912e-03
6.147822974719474240e-03
6.150537279430759105e-03
6.153392266971948604e-03
6.156244334621976781e-03
6.159768061283696361e-03
6.163844175957604310e-03
6.168518693358626161e-03
6.173416421215723905e-03
6.178657890141112455e-03
6.184273987339735691e-03
6.189790043379632054e-03
6.195913937348890288e-03
6.202328134783830806e-03
6.209154321778580926e-03
6.216494253157171801e-03
6.224403348178976850e-03
6.232565238433880953e-03
6.240844127311004352e-03
6.249497577331352555e-03
6.258135492304411386e-03
6.266989750914922844e-03
6.276404429881230623e-03
6.285995483699665341e-03
6.296348184044440500e-03
6.307008934492449800e-03
6.317549800256374616e-03
6.328795783263473085e-03
6.340419628413124405e-03
6.352480678634524203e-03
6.365060196655298458e-03
6.378321470675627110e-03
6.392184937361451887e-03
6.405301684698052125e-03
6.418886399565810509e-03
6.433223342672308130e-03
6.447727580107715656e-03
6.462901785618566791e-03
6.478384500571070063e-03
6.493982113557909309e-03
6.510146939188997915e-03
6.526982983522338841e-03
6.542730312818434424e-03
6.558375976620985440e-03
6.573770083659839954e-03
6.589760194717248463e-03
6.606263712394114425e-03
6.621849527413770607e-03
6.637195112669675920e-03
6.652730216516595380e-03
6.668089735214028854e-03
6.683994846463701608e-03
6.699232929086653375e-03
6.714895128543655993e-03
6.730185883381381573e-03
6.744492445136637121e-03
6.758993011036200198e-03
6.773818878923087115e-03
6.789015870579515402e-03
6.804661647498776861e-03
6.820660018718960500e-03
6.836872052076259886e-03
6.852860393438591283e-03
6.867758808251992961e-03
6.882912993162262211e-03
6.898451113630986453e-03
6.913698939619935917e-03
6.928567727898275568e-03
6.943355620285421130e-03
6.958215581760267797e-03
6.972692328134959261e-03
6.987389437490403379e-03
7.001129095293739946e-03
7.014467959977270343e-03
7.027694885632749557e-03
7.041091115288789122e-03
7.054601258758065943e-03
7.067418801295321552e-03
7.080195225379750518e-03
7.093460749734044161e-03
7.106804596310078125e-03
7.120140084406943737e-03
7.133678305663799027e-03
7.147431127292167355e-03
7.161389774289666013e-03
7.175671675544881105e-03
7.190237178893559185e-03
7.204762655312807462e-03
7.218794749941841865e-03
7.231884716104372036e-03
7.245242374547900335e-03
7.258823637770242185e-03
7.272590215236332013e-03
7.286754518456478591e-03
7.301132971695627714e-03
7.315753532224487932e-03
7.330573514870935767e-03
7.345550300007108735e-03
7.360702038107786241e-03
7.375844445137018715e-03
7.390555007980846060e-03
7.405050202422411125e-03
7.419911036587392358e-03
7.434767735649449455e-03
7.448195856817673571e-03
7.461719749253096536e-03
7.475134726153850190e-03
7.488651164515205093e-03
7.502355103338599444e-03
7.516251396070925891e-03
7.529514178137866609e-03
7.542848813102158087e-03
7.556365453910710017e-03
7.569852088133195364e-03
7.582082968294998407e-03
7.594406510071629625e-03
7.606967846431241138e-03
7.618989212244838514e-03
7.630948213221609884e-03
7.642940860605324828e-03
7.655138957535828972e-03
7.667407561063398214e-03
7.679757439475998725e-03
7.692500691292217599e-03
7.705458296103218432e-03
7.718087542132799801e-03
7.729681611158468850e-03
7.740898034760515176e-03
7.752133367882184378e-03
7.763567876273291639e-03
7.774776268060314133e-03
7.785755109569649467e-03
7.796838748425376740e-03
7.808248677189605011e-03
7.820087640193292347e-03
7.831255195262098664e-03
7.842628460997575976e-03
7.854056506407289251e-03
7.865583812258993349e-03
7.877393751840546313e-03
7.889643433162505867e-03
7.901844842721160098e-03
7.914172529643787729e-03
7.926197949687147776e-03
7.938354315537406863e-03
7.950092215631894901e-03
7.961283431650744216e-03
7.972233985525146310e-03
7.982323716475874659e-03
7.992578661782354793e-03
8.002998204059925957e-03
8.013714810905250840e-03
8.024521366150099561e-03
8.035560003055469691e-03
8.046746345541281806e-03
8.057865941767775736e-03
8.069440492346483668e-03
8.080502456666176919e-03
8.091570361727497968e-03
8.101922087365666034e-03
8.111848082406619351e-03
8.121875357075702961e-03
8.132272983783500261e-03
8.142654356042874908e-03
8.152547502308267469e-03
8.162698861780039172e-03
8.172943598039111510e-03
8.183026980182321955e-03
8.193233921188373264e-03
8.203977042273474102e-03
8.214479302995592383e-03
8.224526530078083222e-03
8.234653545670886712e-03
8.245030735254888637e-03
8.255584711456986913e-03
8.265844791944971029e-03
8.276239181611952378e-03
8.286760629888223831e-03
8.297376473530772290e-03
8.307435563067542411e-03
8.317746268569275320e-03
8.328510605909158690e-03
8.339617368674846418e-03
8.350089043484195186e-03
8.360392155366011199e-03
8.370421797557274848e-03
8.380391686639121485e-03
8.390634973524269125e-03
8.401124280797294536e-03
8.411311479765877508e-03
8.421041299244549916e-03
8.430870416166007936e-03
8.440330091796845527e-03
8.450044802265932811e-03
8.459839815027776419e-03
8.469800675916098684e-03
8.480235756941038525e-03
8.490986083666310705e-03
8.502356915806766335e-03
8.513927948667211754e-03
8.525795962579336626e-03
8.537909578241792766e-03
8.550299827691197618e-03
8.562871920181373483e-03
8.575768385938965788e-03
8.588864077709942521e-03
8.601777789008632422e-03
8.614680169607298252e-03
8.627557385437970711e-03
8.639923272508011690e-03
8.652528204787842542e-03
8.664735242167133367e-03
8.676909685019169871e-03
8.689373836681285254e-03
8.701560817516365912e-03
8.713124433303538058e-03
8.724763845744026858e-03
8.736201999241841043e-03
8.747698271471178802e-03
8.758952868262916830e-03
8.770369254722713490e-03
8.781921068314041748e-03
8.793182333705868575e-03
8.804231502094131065e-03
8.815408352819338253e-03
8.826681833758728141e-03
8.838027630105382837e-03
8.849113987462240913e-03
8.860610693129440663e-03
8.872321277124103900e-03
8.884420770112404914e-03
8.896657450412822146e-03
8.908291867746238185e-03
8.920004127348248740e-03
8.931913933127633848e-03
8.944081181968320179e-03
8.956351550962304842e-03
8.968194152729704396e-03
8.980095102633544463e-03
8.991647276718313375e-03
9.002936650026938104e-03
9.014466095053066605e-03
9.026142974496683888e-03
9.037867938056725822e-03
9.049779068464505749e-03
9.061724933102548521e-03
9.073403011371860769e-03
9.085065853771728470e-03
9.096955530062483808e-03
9.108908887889718975e-03
9.120427232677908586e-03
9.131356173860457476e-03
9.142352705977572699e-03
9.153527799693689584e-03
9.164942601462373536e-03
9.176468179377037654e-03
9.188137671348014374e-03
9.199841381652478986e-03
9.211118838591382876e-03
9.222479189992891652e-03
9.233617955273143094e-03
9.244514741709293493e-03
9.255610607212820876e-03
9.266841868132914134e-03
9.278166857347842911e-03
9.289620871499924479e-03
9.301196960783044559e-03
9.312397337669690855e-03
9.323661544095990933e-03
9.335027984770883844e-03
9.346553275136526909e-03
9.357537738652088252e-03
9.368073040025308787e-03
9.378671399207352821e-03
9.389364848313420248e-03
9.400207554390326015e-03
9.411286405872005753e-03
9.421917716903248710e-03
9.432514727142092548e-03
9.443310038374490983e-03
9.454251625370968873e-03
9.465386297306335045e-03
9.476596531204271867e-03
9.487883261599100795e-03
9.498784526188385965e-03
9.509895830537139910e-03
9.520523813611332306e-03
9.531137438263458800e-03
9.541901438367542121e-03
9.552863553404048261e-03
9.564038488545336530e-03
9.575297823552928952e-03
9.586575014086121116e-03
9.597802769445357152e-03
9.608502675718407979e-03
9.618498025574594157e-03
9.628676666788309538e-03
9.639024293795763268e-03
9.649436397328165979e-03
9.659995410923957401e-03
9.670169798103627617e-03
9.680166169181703834e-03
9.689609380516762266e-03
9.699189023290595568e-03
9.708858034608665658e-03
9.718654091850041643e-03
9.728445368588942849e-03
9.738246718000900803e-03
9.748128113871559752e-03
9.758037932694337349e-03
9.767895677658025577e-03
9.777737723713769355e-03
9.787685784441998299e-03
9.797863514379038033e-03
9.808066036961805845e-03
9.818338973111075466e-03
9.828686147651685689e-03
9.839043042829237126e-03
9.849309484810726822e-03
9.859109001097677086e-03
9.868862396424569333e-03
9.878222564236684156e-03
9.887007185768769899e-03
9.895771074170714096e-03
9.904513435511214103e-03
9.913214260818507470e-03
9.921996307095391418e-03
9.930725536325823652e-03
9.939327943752044800e-03
9.947307182763140410e-03
9.955342396574088509e-03
9.963439365765944591e-03
9.971567673572417217e-03
9.979736380959164724e-03
9.987801535811918416e-03
9.995922577719784305e-03
1.000407386090446278e-02
1.001227545036748566e-02
1.002052301490172562e-02
1.002887211595531770e-02
1.003726401001191725e-02
1.004573514179559444e-02
1.005433601844614444e-02
1.006300110627309820e-02
1.007179787780848254e-02
1.008067338914598807e-02
1.008946482833849960e-02
1.009831025380252510e-02
1.010727451418527538e-02
1.011569094188205335e-02
1.012398803250648405e-02
1.013215903605673741e-02
1.014040608046554333e-02
1.014870676650990108e-02
1.015709205116768245e-02
1.016538470275410271e-02
1.017306443725943081e-02
1.018075942454885370e-02
1.018842262815697342e-02
1.019609128145334068e-02
1.020381198006532764e-02
1.021154016235201883e-02
1.021906109368187800e-02
1.022669385620890610e-02
1.023430256187740292e-02
1.024184049031446123e-02
1.024905151621560186e-02
1.025574638316685896e-02
1.026245939953573071e-02
1.026922377987704756e-02
1.027611689919224504e-02
1.028320986824848154e-02
1.029047964506612546e-02
1.029786647072135179e-02
1.030527669990681690e-02
1.031237727844045403e-02
1.031870231453559800e-02
1.032509511864053084e-02
1.033139858168753006e-02
1.033768631728311516e-02
1.034390658510391837e-02
1.035004179021563851e-02
1.035616427392609465e-02
1.036230648857378207e-02
1.036850009415163712e-02
1.037483124964938205e-02
1.038122021412915368e-02
1.038761993421090726e-02
1.039409461948529768e-02
1.040054152932144704e-02
1.040636574170971350e-02
1.041189531836800297e-02
1.041721434201296585e-02
1.042253898132116004e-02
1.042795555385713988e-02
1.043341345627905176e-02
1.043890756556279178e-02
1.044428197093775178e-02
1.044966521263069464e-02
1.045508986878280859e-02
1.046039861096452472e-02
1.046574568596792681e-02
1.047108021241663009e-02
1.047647239059398827e-02
1.048195866971702792e-02
1.048749959002561946e-02
1.049309657948608449e-02
1.049879328053392701e-02
1.050463027141039160e-02
1.051053543254812719e-02
1.051635830312905827e-02
1.052227424312641643e-02
1.052817434017702843e-02
1.053318386038045937e-02
1.053821759073142288e-02
1.054329170427659342e-02
1.054836692916701589e-02
1.055347114550031495e-02
1.055850612912099737e-02
1.056370749632249730e-02
1.056911525632671899e-02
1.057470333071037008e-02
1.058025604713610374e-02
1.058578603423890492e-02
1.059123685999483790e-02
1.059672645703185583e-02
1.060221216158543575e-02
1.060757344806489803e-02
1.061282128403391069e-02
1.061780670773510710e-02
1.062299241170799879e-02
1.062818761061298974e-02
1.063315879958048361e-02
1.063828126919790992e-02
1.064333479999473447e-02
1.064841352886026701e-02
1.065353603389273748e-02
