6.379805783904926759e-03
6.366361892945238653e-03
6.353389505208657979e-03
6.340700361716139141e-03
6.328683419563892187e-03
6.317271191419305057e-03
6.306042740929116222e-03
6.295133727801809770e-03
6.284759509868848536e-03
6.274820542838904433e-03
6.265217302506793061e-03
6.255917505680377508e-03
6.247288562308193210e-03
6.239028410071300462e-03
6.231118069148494990e-03
6.224131580418387766e-03
6.217729530846972247e-03
6.211726525845181514e-03
6.205906242389432059e-03
6.200354621693694723e-03
6.195189493841336999e-03
6.190436409465867144e-03
6.186458594783267491e-03
6.182870354052963195e-03
6.179630880685790979e-03
6.176588074992230525e-03
6.173787756111766972e-03
6.171530292784173366e-03
6.169694933977743975e-03
6.168087538644465885e-03
6.166740384690647808e-03
6.165792698701248568e-03
6.165204306800670456e-03
6.165107030129386365e-03
6.165332333774083823e-03
6.165793220412433238e-03
6.166620079254209359e-03
6.167846545606252284e-03
6.169110678237272119e-03
6.170529567743354184e-03
6.172057245924674612e-03
6.173499019892818122e-03
6.175237110485288540e-03
6.177286421621618409e-03
6.179846322033330681e-03
6.182730741074007712e-03
6.186049297822406381e-03
6.190003553571341022e-03
6.194261206310688536e-03
6.198922462645977023e-03
6.203909997790825297e-03
6.208973406762375094e-03
6.214112387739869660e-03
6.219373855086275486e-03
6.224958264299270023e-03
6.230954698488756771e-03
6.237082501880455293e-03
6.243200679251490089e-03
6.249660908870260934e-03
6.256598151658842102e-03
6.263784905596832438e-03
6.270924653198456031e-03
6.278335583842696750e-03
6.285996365515062086e-03
6.293937271736031562e-03
6.302193955941428651e-03
6.310710689650743388e-03
6.319679104729623333e-03
6.328977918920686459e-03
6.338296095098289694e-03
6.347757847039809699e-03
6.357210254695277313e-03
6.367040668797894695e-03
6.377055350551129320e-03
6.387350297455982560e-03
6.397896925342480730e-03
6.408574125856969159e-03
6.419398710045584600e-03
6.430532373489296002e-03
6.441955117787915783e-03
6.453671395722625041e-03
6.465527208406041115e-03
6.477661822595410200e-03
6.489601860184571365e-03
6.501948925000216629e-03
6.514476504528876090e-03
6.527229258199455583e-03
6.540268092489191776e-03
6.553588983297524949e-03
6.566997975637573967e-03
6.580722860135924945e-03
6.594722865089881585e-03
6.608976215004014505e-03
6.623513070282091054e-03
6.638350810725299721e-03
6.653141608262073091e-03
6.667823595980297904e-03
6.682177990832217571e-03
6.696797854218523166e-03
6.711741771080964938e-03
6.726409176786557649e-03
6.740993913205471123e-03
6.755873702935912516e-03
6.771110710482089283e-03
6.786418023764162304e-03
6.801784509772014486e-03
6.817461136429146980e-03
6.833421964065136862e-03
6.849503827638941597e-03
6.865626291126048289e-03
6.881892385349677212e-03
6.898468166698576431e-03
6.915185452295550747e-03
6.932147123903481707e-03
6.949461466986820400e-03
6.966673753424966128e-03
6.983960969112419648e-03
7.000696608688608893e-03
7.017268497025472111e-03
7.033101414504839242e-03
7.048599269714904934e-03
7.064390997911191433e-03
7.080333320921879635e-03
7.096540130888766111e-03
7.113056285459292902e-03
7.128930264304712133e-03
7.144701608235398509e-03
7.160420254050545164e-03
7.175971800583157666e-03
7.191654378025014518e-03
7.207091416616911647e-03
7.222374272374626480e-03
7.237405722013731495e-03
7.252762384310968737e-03
7.268231678080117227e-03
7.283826498626219496e-03
7.299976620734885922e-03
7.316535148085295641e-03
7.332891623618088828e-03
7.349566015252577932e-03
7.365953915030521576e-03
7.382262755742045011e-03
7.398293529149071145e-03
7.414765020590611926e-03
7.431590568394394122e-03
7.448434297859411919e-03
7.464603404546528431e-03
7.480726584791859077e-03
7.496881223111636315e-03
7.513195403566212856e-03
7.529138684897447240e-03
7.545247986673800540e-03
7.561805582132802468e-03
7.577995572067646422e-03
7.593789595898865069e-03
7.608861419217850287e-03
7.623460242367348719e-03
7.637717904988229785e-03
7.652128143023117016e-03
7.666726843012831860e-03
7.679724636551244626e-03
7.692118766375943134e-03
7.704438870827856091e-03
7.716606997692865809e-03
7.728431061052733198e-03
7.739635277080488679e-03
7.750703698611155316e-03
7.761862193815819745e-03
7.773200335800602677e-03
7.784530631502879945e-03
7.795777404257318854e-03
7.807174863799558849e-03
7.818686150467917678e-03
7.830175750442751326e-03
7.841551631650931636e-03
7.852907832665749835e-03
7.864491940066782594e-03
7.876366764814950183e-03
7.888152516496289152e-03
7.900002839847731009e-03
7.910990065780457159e-03
7.921814452279119650e-03
7.932785209687339897e-03
7.943816453878083800e-03
7.955095698528705933e-03
7.966311324015361642e-03
7.977498843699439707e-03
7.988958339300277975e-03
8.000317682211028833e-03
8.011988628888140618e-03
8.023903075671502683e-03
8.035929921350363006e-03
8.047969083007557728e-03
8.060167038326361208e-03
8.072685730264473475e-03
8.085141490196210562e-03
8.097437212182517080e-03
8.109830891126120975e-03
8.122448985166799695e-03
8.134699584157117219e-03
8.146957682679650467e-03
8.159325078374038420e-03
8.171863901915193268e-03
8.184203994195636545e-03
8.196397761024641973e-03
8.208627041215036182e-03
8.221095401502632669e-03
8.233906447280111424e-03
8.246843566389119862e-03
8.259431258463708139e-03
8.272227532467344574e-03
8.285006291352607979e-03
8.297405164150423174e-03
8.309876237124749418e-03
8.322251164066317083e-03
8.334482469785853276e-03
8.346817222323244315e-03
8.359368163095615839e-03
8.372256392527878052e-03
8.385303342677329422e-03
8.398528017151398947e-03
8.411375703228715292e-03
8.424393955562898412e-03
8.437547571599219448e-03
8.450669111119262292e-03
8.464009262954829554e-03
8.477381749255061619e-03
8.490324029446149126e-03
8.503237802111762722e-03
8.516161891655708860e-03
8.528968712999761281e-03
8.541847857151525086e-03
8.554964097100804798e-03
8.568236558627978852e-03
8.581604132280028566e-03
8.594614392442861614e-03
8.606559536141495520e-03
8.618582584481799397e-03
8.630675404689409566e-03
8.642847176132556833e-03
8.655031097579053007e-03
8.666956157247093784e-03
8.678553487145895112e-03
8.690033711648293899e-03
8.701654437677269066e-03
8.713320081612121668e-03
8.725062990603504182e-03
8.736957729707199236e-03
8.748508021026085713e-03
8.760170568523123827e-03
8.772050432250754273e-03
8.784024956693585115e-03
8.796097850388264264e-03
8.808123410553848898e-03
8.819269222943742700e-03
8.828709609570056446e-03
8.837510994610742535e-03
8.845881779219544674e-03
8.854183044623599799e-03
8.862459453951894786e-03
8.870803160323008363e-03
8.879098278309550951e-03
8.886905099998664362e-03
8.893865402738782358e-03
8.900941460874932723e-03
8.908158358830626025e-03
8.915431384875395146e-03
8.922147575410427703e-03
8.928885830047075464e-03
8.935660185829145258e-03
8.942398734357807910e-03
8.948694188872443819e-03
8.954716545817703252e-03
8.960500552109972039e-03
8.966383166573497696e-03
8.972402992664496590e-03
8.978530568237025333e-03
8.984546582189150560e-03
8.990556010000072193e-03
8.996640271386819460e-03
9.002984994043458991e-03
9.009405787159585621e-03
9.015807280661937081e-03
9.022158514401025856e-03
9.028434639701253886e-03
9.034735945627056161e-03
9.041017709848178652e-03
9.047307275950855140e-03
9.053628717708360821e-03
9.059985276390186346e-03
9.066453344891305111e-03
9.072847923473976312e-03
9.079375043126839545e-03
9.085961448622194986e-03
9.092600179582242467e-03
9.099278146183484295e-03
9.105899419112094620e-03
9.112444628981376457e-03
9.119037153350774763e-03
9.125768092402009035e-03
9.132556871093298195e-03
9.139398609548593858e-03
9.146180721754101212e-03
9.152450527318833906e-03
9.158880685864323121e-03
9.165364081151185227e-03
9.171863536896661395e-03
9.178377934619629669e-03
9.184915101573617666e-03
9.191646461376727986e-03
9.198334896030972360e-03
9.204603189849010214e-03
9.210798907139609165e-03
9.216961702181513533e-03
9.223061340040784872e-03
9.228842648446639388e-03
9.234525251422008585e-03
9.240171917112611696e-03
9.245849786100771711e-03
9.251612205073074177e-03
9.257055577833739335e-03
9.262439203827743661e-03
9.267783082512441248e-03
9.273203351977779216e-03
9.278683985594442241e-03
9.284088008540034367e-03
9.289618432538468071e-03
9.295362175624653431e-03
9.300757859648605547e-03
9.306046319602292657e-03
9.311447881466549531e-03
9.316956225505882566e-03
9.322667699671665850e-03
9.328455177695508735e-03
9.334396849653774433e-03
9.340573383618806444e-03
9.346747801138463596e-03
9.353042900445484448e-03
9.359500902616500403e-03
9.366004703312271959e-03
9.372674903975588070e-03
9.379370717645177380e-03
9.385335795248106808e-03
9.391315036754704221e-03
9.396916095267509109e-03
9.401942602290753667e-03
9.405734158151475219e-03
9.409419694053459265e-03
9.413010199232314107e-03
9.416703046491050819e-03
9.420557672846833347e-03
9.424456511979088791e-03
9.428366963017440622e-03
9.431407657551453549e-03
9.434370431586312777e-03
9.437448749584097241e-03
9.440570801462376191e-03
9.443872825199171872e-03
9.447268083534875183e-03
9.450759207754474631e-03
9.454321035204204041e-03
9.458128814327030828e-03
9.462056597594121696e-03
9.466110874944618295e-03
9.470241721736730178e-03
9.474407754168920684e-03
9.478698434873516349e-03
9.483126701442178355e-03
9.487695511824037128e-03
9.492251662648765881e-03
9.496341471332468004e-03
9.500536374955072597e-03
9.504791791789340971e-03
9.509044471622070741e-03
9.513296707445282122e-03
9.517606836823991681e-03
9.521946747612629672e-03
9.526400435840605765e-03
9.530942252558018482e-03
9.535633116928088696e-03
9.539457753612333446e-03
9.543155523033744134e-03
9.546843558075022995e-03
9.550542101341595244e-03
9.553852437570892545e-03
9.557035237351577811e-03
9.560265301945602284e-03
9.563608064612965504e-03
9.567005620169349855e-03
9.570406037472802691e-03
9.573835682231451177e-03
9.577441966662891132e-03
9.581161378376872734e-03
9.584825843912831919e-03
9.588498931690793078e-03
9.592232771599823113e-03
9.595918670109582563e-03
9.599754568778135974e-03
9.603572037880139453e-03
9.606709276998311176e-03
9.609618905208032122e-03
9.612529856988988319e-03
9.615453426040454152e-03
9.618060449076738794e-03
9.620009428862008952e-03
9.622042554794194014e-03
9.624061179586907572e-03
9.626116266018487286e-03
9.628128278240858859e-03
9.630217852583273022e-03
9.632250233213764459e-03
9.634309639223665941e-03
9.636378640067850415e-03
9.638394923238933001e-03
9.640545464317017491e-03
9.642695469412182474e-03
9.644783523550574944e-03
9.646753915166334306e-03
9.648725988732438294e-03
9.650643937538132613e-03
9.652614154721581366e-03
9.654641198780514882e-03
9.656692959369361437e-03
9.658676591983286763e-03
9.660645499338652714e-03
9.662721342158096111e-03
9.664815559571484846e-03
9.666856145920759563e-03
9.668863827993152971e-03
9.670886689905280539e-03
9.672936804487407281e-03
9.675008777023874629e-03
9.677156150834054574e-03
9.679260826785954230e-03
9.681455745558334089e-03
9.683621354416607069e-03
9.685877356212867217e-03
9.688209675845346411e-03
9.690599140031551720e-03
9.692919696054682135e-03
9.695278550541771775e-03
9.697630693613543823e-03
9.700068942288524176e-03
9.702566857914166065e-03
9.705160879400275692e-03
9.707805590387431557e-03
9.710493700662192057e-03
9.712084167603961260e-03
9.713584553471576663e-03
9.714922810320358523e-03
9.715153766100518770e-03
9.715336297356767445e-03
9.715413933478394409e-03
9.715374883369747722e-03
9.715259114759148759e-03
9.715051073041682667e-03
9.714733199226607135e-03
9.714154518977100028e-03
9.713499138197452185e-03
9.712815239320675767e-03
9.712100545740816673e-03
9.711265236975019643e-03
9.710409982138732896e-03
9.709651383946148878e-03
9.708805778388165594e-03
9.707835376554604934e-03
9.706940694201580608e-03
9.706032329483782126e-03
9.704976167740138326e-03
9.703811863777972446e-03
9.702636179428960131e-03
9.701481556460065173e-03
9.700331661135385558e-03
9.699116352108265102e-03
9.697939810398013491e-03
9.696851007611704057e-03
9.695714028206792179e-03
9.694592395145187544e-03
9.693440922529548628e-03
9.692246698668770255e-03
9.690943112620458572e-03
9.689489399024905913e-03
9.688017403865977276e-03
9.686567054171115604e-03
9.685065647610190814e-03
9.683509340857942432e-03
9.681924754399391653e-03
9.680274043294584060e-03
9.678573754826861816e-03
9.676825071435857240e-03
9.674934513788846155e-03
9.672996501567287381e-03
9.671062417244226384e-03
9.669134297449040460e-03
9.667238313371403352e-03
9.665381542205902371e-03
9.663447711602567158e-03
9.661436063045134026e-03
9.659342350956867315e-03
9.657226380777110888e-03
