7.693140690508973138e-03
7.657013810647561938e-03
7.621813682251699432e-03
7.587591523933576512e-03
7.554211535382221974e-03
7.521540013703051884e-03
7.489745504908963507e-03
7.458353394540559976e-03
7.427800125981873398e-03
7.398458937862098864e-03
7.369742039810121652e-03
7.341336561576497499e-03
7.313305109560379845e-03
7.285899840995501732e-03
7.259194838869883343e-03
7.233307978195969989e-03
7.208066006459975736e-03
7.183989789112720480e-03
7.160748452375985396e-03
7.138007413934913288e-03
7.115884648175508330e-03
7.094326767181936659e-03
7.073185580663350798e-03
7.052472844300315159e-03
7.032383260494978576e-03
7.013020109032643175e-03
6.994141735618996866e-03
6.975689664200568005e-03
6.957467175303396964e-03
6.939691367909718751e-03
6.922318964306132562e-03
6.905041821887392128e-03
6.888844577745578679e-03
6.873451305337445472e-03
6.858447400732820345e-03
6.843741815551446228e-03
6.829261578414846066e-03
6.814909791645952855e-03
6.801252135527652287e-03
6.787273755477271804e-03
6.773386659555058302e-03
6.759570784873805173e-03
6.745644889391324769e-03
6.731740620343850887e-03
6.718124228038638984e-03
6.704717395011186749e-03
6.691437737409826510e-03
6.678433487812025261e-03
6.665723231187590907e-03
6.653619254230603089e-03
6.641893113515650281e-03
6.630105604342365067e-03
6.618089197162495274e-03
6.606348081697976243e-03
6.594894072830639539e-03
6.583832115910061462e-03
6.573591322877403789e-03
6.564294166886535005e-03
6.555291424620910030e-03
6.546184186301055342e-03
6.537077043654680210e-03
6.528853042281896994e-03
6.521181759285579749e-03
6.513770294801506447e-03
6.506790492670408953e-03
6.500315087994272024e-03
6.494866653546226866e-03
6.489748958087797510e-03
6.484968120493002537e-03
6.480604461026419350e-03
6.476817178243434066e-03
6.473508083139298611e-03
6.470546701931504871e-03
6.468754398840838998e-03
6.468438189534106257e-03
6.468913857458943005e-03
6.470152633970103692e-03
6.472084306362531174e-03
6.474749338175016765e-03
6.478010227060105285e-03
6.482107074864541622e-03
6.486791902272721379e-03
6.491486794425216887e-03
6.496513173511932020e-03
6.501728313202002549e-03
6.507178467658345823e-03
6.512945041797360730e-03
6.519130046805725678e-03
6.525620519261993852e-03
6.532256749999832378e-03
6.539055207015101456e-03
6.546010066382962171e-03
6.553423405221499645e-03
6.561179203843752090e-03
6.569252781663532763e-03
6.577809933949061751e-03
6.586293906594506073e-03
6.595140374424567943e-03
6.604378883629732043e-03
6.613696092993315810e-03
6.623072642643185008e-03
6.632738252532114145e-03
6.642622534994153082e-03
6.653011151481221137e-03
6.663661942902473524e-03
6.674349410567048668e-03
6.684931912795903826e-03
6.695723859071477796e-03
6.706627707902901823e-03
6.717929824285747385e-03
6.729280882146258629e-03
6.740240945754113686e-03
6.751110939388399804e-03
6.761962699560411169e-03
6.773085322452835136e-03
6.784205140156556249e-03
6.795399715319896776e-03
6.806753658185107567e-03
6.818403276502607926e-03
6.830002571098528659e-03
6.842027689850851448e-03
6.854403936086973792e-03
6.867064185082316641e-03
6.880038540682177628e-03
6.893053706571120737e-03
6.906399129382202566e-03
6.920158887603417887e-03
6.934111275125201881e-03
6.948425354385808286e-03
6.962861288358454179e-03
6.977015659509895086e-03
6.991286799350065508e-03
7.005830745509454734e-03
7.020532753771298318e-03
7.035459879615833280e-03
7.050542195244109862e-03
7.065422788891195446e-03
7.080622699911637286e-03
7.095747558523280915e-03
7.111076746086282194e-03
7.126595736089256714e-03
7.142389406765913343e-03
7.158577879605422523e-03
7.174364253197089945e-03
7.189968643144956269e-03
7.205605243868996521e-03
7.221427194780430381e-03
7.237397059005344462e-03
7.253507984525430982e-03
7.269878037171512847e-03
7.286382596157972916e-03
7.302443563735748662e-03
7.318540585943522983e-03
7.334634128490994352e-03
7.350962817421845437e-03
7.367515990164660161e-03
7.384272005484114783e-03
7.401267854130274756e-03
7.418489781851164873e-03
7.435899042473377400e-03
7.453380385397866299e-03
7.470971742252006248e-03
7.488667231495439204e-03
7.505956426658252391e-03
7.522818813443566538e-03
7.539524502927109385e-03
7.556274132438251315e-03
7.572881462184815650e-03
7.589543009193563255e-03
7.606151194715614523e-03
7.622622181296711923e-03
7.639304679211700311e-03
7.656229844185563974e-03
7.673323692603844191e-03
7.690542041290872495e-03
7.707972938391162952e-03
7.725424497791507500e-03
7.742766920709579642e-03
7.760254378279425429e-03
7.777408702908340452e-03
7.794825251101052295e-03
7.812053815178483102e-03
7.829176810707265399e-03
7.845377475836697034e-03
7.861778188397137990e-03
7.878279460656001376e-03
7.894889390501157872e-03
7.911232672544822597e-03
7.927454099347865449e-03
7.943778388355828696e-03
7.960152002592542353e-03
7.976564205485000766e-03
7.993117077992807629e-03
8.009453786581280724e-03
8.025579830625443126e-03
8.041981981988154116e-03
8.058293837672458534e-03
8.074419871144966274e-03
8.089549459515137445e-03
8.104428707919102137e-03
8.119465249866187825e-03
8.134472830763904080e-03
8.148758098035478042e-03
8.163143395365548768e-03
8.177661160820880182e-03
8.192332590570108528e-03
8.207142205595719872e-03
8.221212097593435381e-03
8.235311583882666542e-03
8.249201470193265676e-03
8.262580130288240537e-03
8.275734540204830389e-03
8.288295999725411173e-03
8.300693348042443437e-03
8.313192781547740218e-03
8.325773554425172293e-03
8.338417343881979193e-03
8.351052442381061772e-03
8.363606571515939600e-03
8.376031553082452161e-03
8.388165035000469047e-03
8.400074073278814002e-03
8.411993690612499033e-03
8.423881732526486768e-03
8.435684744503513244e-03
8.447330210274857712e-03
8.458721962664826968e-03
8.469726786132140625e-03
8.480725246520199809e-03
8.491499780222523316e-03
8.502491636497589919e-03
8.513612092729282849e-03
8.524805754501617316e-03
8.535925899926648588e-03
8.546957230762165444e-03
8.557969589705291882e-03
8.569050753209003779e-03
8.580227355501370695e-03
8.590892157537236007e-03
8.601391506826507743e-03
8.611948073085122501e-03
8.622466676529978377e-03
8.633023826343958623e-03
8.643631892420792356e-03
8.654184744856940545e-03
8.664427924969337821e-03
8.674453849110419501e-03
8.683817806861801256e-03
8.693035142098801474e-03
8.702297978796871142e-03
8.711603140173626234e-03
8.721019459333125348e-03
8.730588438479279859e-03
8.740202377817758717e-03
8.749835440223296262e-03
8.759541823400513599e-03
8.769242603600485575e-03
8.779036009471666985e-03
8.788414655480757814e-03
8.797116315949631699e-03
8.805610820606551634e-03
8.814182669607114815e-03
8.822658948730500994e-03
8.830941876509269817e-03
8.838891596288353525e-03
8.846663841234574457e-03
8.854480112895964788e-03
8.862324915340360348e-03
8.870222273711328431e-03
8.878191345962391234e-03
8.885927144070203745e-03
8.893064550551086495e-03
8.900123020597054679e-03
8.906804554048845801e-03
8.913131996253306766e-03
8.919437806736933011e-03
8.925618478423838487e-03
8.931874870648151901e-03
8.938038496598242275e-03
8.944194500384947816e-03
8.950360244894735653e-03
8.956545652683164244e-03
8.962722186624231049e-03
8.968876985242244318e-03
8.974915015700111326e-03
8.980989038415208500e-03
8.987094000136362434e-03
8.993228864841365869e-03
8.999372324302029949e-03
9.005478816798855035e-03
9.011614106484395342e-03
9.017489278479850351e-03
9.023017524695857439e-03
9.028536353681429830e-03
9.034073171395458693e-03
9.039651812691718719e-03
9.045286735365837272e-03
9.050996475758011500e-03
9.056738398382889119e-03
9.062461023508397440e-03
9.068144235389057409e-03
9.073807777648084522e-03
9.079342980013201461e-03
9.084501636935382943e-03
9.089657486025947905e-03
9.094784455468884685e-03
9.100003072704927753e-03
9.105182160407914241e-03
9.110384463465678179e-03
9.115600359557676780e-03
9.120803518919513506e-03
9.125975859792160791e-03
9.131147111784325768e-03
9.136322027912176583e-03
9.141541087043405026e-03
9.146726137159914491e-03
9.151795603141655439e-03
9.156826632699484672e-03
9.161890582391552310e-03
9.166750642913114658e-03
9.171554329026254324e-03
9.176350997674685706e-03
9.181068194962449525e-03
9.185356301452360026e-03
9.189620816236566958e-03
9.193869568682897994e-03
9.198162536019861488e-03
9.202355281951367372e-03
9.206548345032530486e-03
9.210820875245695136e-03
9.215117601863241636e-03
9.219388049460337103e-03
9.223607042697330033e-03
9.227881435636138552e-03
9.232209270406223356e-03
9.236522213942818804e-03
9.240889861566320418e-03
9.245138404693877335e-03
9.249397807025638504e-03
9.253642113033798758e-03
9.257841157557462897e-03
9.262025112100519958e-03
9.266213362964244304e-03
9.270482558877364554e-03
9.274878079726919800e-03
9.279294860175044471e-03
9.283756506727761093e-03
9.288244787508543807e-03
9.292779864778156346e-03
9.297343462259119451e-03
9.301918210721966951e-03
9.306403013428195606e-03
9.310831881506855673e-03
9.315269299940226455e-03
9.319198445878430423e-03
9.323020154199350776e-03
9.326898915628958203e-03
9.330832708866780220e-03
9.334775784017852393e-03
9.338728215083760831e-03
9.342719317264325252e-03
9.346713146931926244e-03
9.350732697436584667e-03
9.354817242477303507e-03
9.358901474597027675e-03
9.362986000608766735e-03
9.367069735860699201e-03
9.371140239629004165e-03
9.375209400797101036e-03
9.379383957138703182e-03
9.383476481664751456e-03
9.387021789832274837e-03
9.390488138307243049e-03
9.393949361643779555e-03
9.397486098313281161e-03
9.401005691986739216e-03
9.404464779848929756e-03
9.407898998949467892e-03
9.411393277737427343e-03
9.414903477438091306e-03
9.418516955866890888e-03
9.422180571427555065e-03
9.425873662877200590e-03
9.429597661617933682e-03
9.433356897799722099e-03
9.437115508139521172e-03
9.440903122872480041e-03
9.444345558263426629e-03
9.447671783677618826e-03
9.451152243197924463e-03
9.454572082733083901e-03
9.457948058356563381e-03
9.461416075038720300e-03
9.464885142543401700e-03
9.468281439002470060e-03
9.471225188275169543e-03
9.474099955383473437e-03
9.476963341047809491e-03
9.479799134692120863e-03
9.482720569315060410e-03
9.485698092911734602e-03
9.488675567878796305e-03
9.491573383309727385e-03
9.494400322135658488e-03
9.497217260175785936e-03
9.499968852700902203e-03
9.502687719610236963e-03
9.505376615877131688e-03
9.508042884573273540e-03
9.510781960258653245e-03
9.513570352715459977e-03
9.516284217117561631e-03
9.518193751935456054e-03
9.519837409625520747e-03
9.521589107517214323e-03
9.523290535074186575e-03
9.524912470127183672e-03
9.526531303456549360e-03
9.528057209822533846e-03
9.529518711550818977e-03
9.530972134420213210e-03
9.532321418028739946e-03
9.533740047466600712e-03
9.535103905158961307e-03
9.536424967733979699e-03
9.537723465111011892e-03
9.539062959366840372e-03
9.540316461665088177e-03
9.541630946556252379e-03
9.542345943539842432e-03
9.542800046873856079e-03
9.543240752749258468e-03
9.543652095852391687e-03
9.544045530571646646e-03
9.544385890296061548e-03
9.544705714580284384e-03
9.544890991294673402e-03
9.545097363746979369e-03
9.545351670198211694e-03
9.545617827474902131e-03
9.545802796554125544e-03
9.545969621501559921e-03
9.546042324888578956e-03
9.546058756412227619e-03
9.546093892365391936e-03
9.546142051540572673e-03
9.546111474085124809e-03
9.545254632975294987e-03
9.544417612661766290e-03
9.543476930926183752e-03
9.542422073200305249e-03
9.541389330319900719e-03
9.540259669676283763e-03
9.539100460199267592e-03
9.537907675145394434e-03
9.536658573827199240e-03
9.535427220203724144e-03
9.534189115521250757e-03
9.532958736604384489e-03
9.531705630743205621e-03
9.530418047542984009e-03
9.529104258266730965e-03
9.527744370230890533e-03
9.526370715785671336e-03
9.524901753640324306e-03
9.523309947804597594e-03
9.521719722431319297e-03
9.520144615582117747e-03
9.518589111753119822e-03
9.517135644482773923e-03
9.515610750881354357e-03
9.514016858729476556e-03
9.512318724771677211e-03
9.510661297500737701e-03
9.509061753213416193e-03
9.507385198118173050e-03
9.504598603371331583e-03
9.501693581243060918e-03
9.498734206006838321e-03
9.495605361323636653e-03
9.492346247948035831e-03
9.489064859566385263e-03
9.485755235879489780e-03
9.482445178226151655e-03
9.478111856238443864e-03
9.473091745086086035e-03
9.467981839880360018e-03
9.462821015768866847e-03
9.457588628951948961e-03
9.452361407445753622e-03
9.447016657677404644e-03
9.441571277380541444e-03
9.436068052686600455e-03
9.430442599572610995e-03
9.424794115579225237e-03
9.419030918555459236e-03
9.413205977779601219e-03
9.407321395953868390e-03
9.401314551350207702e-03
9.395246096197309993e-03
