4.940154103330490418e-03
4.946115674460518745e-03
4.952316214390784649e-03
4.958683342931568747e-03
4.965302872582601224e-03
4.972071539633534688e-03
4.978808866129326612e-03
4.985499797522064021e-03
4.992242499381880499e-03
4.999232186821436948e-03
5.006487399112572421e-03
5.013961844571540247e-03
5.021537496428621697e-03
5.029215581638480509e-03
5.037231373497243203e-03
5.045337813224567113e-03
5.053608995218057502e-03
5.062040411446946248e-03
5.070493642580654187e-03
5.078845232992692214e-03
5.087277920471993189e-03
5.095858455706786527e-03
5.104608909616294675e-03
5.113351944738889036e-03
5.122252791720119901e-03
5.131476638599035897e-03
5.140967830021356093e-03
5.150650486433317778e-03
5.160667788582959208e-03
5.170769193904484889e-03
5.180775035280262529e-03
5.190712003525814293e-03
5.200830272951611002e-03
5.211061574989301302e-03
5.221473169165127132e-03
5.232088949093239953e-03
5.242703460586348174e-03
5.253734884592442186e-03
5.264979795706999782e-03
5.276491618918344000e-03
5.288365630625251404e-03
5.300427003958963282e-03
5.312477318934413946e-03
5.324600487651154346e-03
5.336951212068504619e-03
5.349613208709027949e-03
5.362541302855050249e-03
5.375720392659809679e-03
5.389096606799022825e-03
5.402622213414071291e-03
5.416141519522133831e-03
5.429637929796525542e-03
5.443312538671906189e-03
5.457177107232292178e-03
5.471161675037013693e-03
5.485507262004644252e-03
5.500145443405554148e-03
5.514788553459136662e-03
5.529476403906836979e-03
5.544231742867269594e-03
5.559098586987085838e-03
5.573983529861286160e-03
5.588917513195589860e-03
5.603980702720403294e-03
5.618995668816418806e-03
5.633943598178787517e-03
5.648896434421343121e-03
5.663922482712737891e-03
5.679063103268636517e-03
5.694449581364267356e-03
5.710114526365165505e-03
5.725825351437206084e-03
5.741591378958280437e-03
5.757516538576495750e-03
5.773735784981750933e-03
5.790192242997467195e-03
5.806812552672055427e-03
5.823557187558716861e-03
5.840348231250081998e-03
5.857136029527175609e-03
5.873935826320998872e-03
5.890750792531367942e-03
5.907508956953451060e-03
5.924247512624169348e-03
5.941045321552481523e-03
5.957796904302199541e-03
5.974589231256382735e-03
5.991579035784835514e-03
6.008719568981605794e-03
6.025881506972143378e-03
6.043067126858174196e-03
6.060213762732618442e-03
6.077478998218395836e-03
6.094907487182761249e-03
6.112457371458280761e-03
6.130201394985343964e-03
6.148053162662526355e-03
6.165945254860737482e-03
6.183708950391991234e-03
6.201580676494172252e-03
6.219526301041583549e-03
6.237555418943576541e-03
6.255537241750529567e-03
6.273600327733799137e-03
6.291699265306077878e-03
6.309777947897083662e-03
6.327840299997419642e-03
6.346047724987444703e-03
6.364197067366387031e-03
6.382356872551019772e-03
6.400644407526377699e-03
6.419081294623395217e-03
6.437616561449221488e-03
6.456124135549782053e-03
6.474540645476833424e-03
6.493019664211217325e-03
6.511388745405210544e-03
6.529740357182282039e-03
6.548101868308122200e-03
6.566224617472342200e-03
6.584144052159104400e-03
6.602139666522086579e-03
6.620287622969678321e-03
6.638492374823963711e-03
6.656865859315558472e-03
6.675374507400299272e-03
6.693828827501632078e-03
6.712259973043933556e-03
6.730572873340880287e-03
6.748840052543370570e-03
6.767194393388947966e-03
6.785617194813679809e-03
6.803839377795341779e-03
6.822014347141093157e-03
6.840183119211471971e-03
6.858227777225354115e-03
6.876298263413847464e-03
6.894484870904145010e-03
6.912599949771698962e-03
6.930616528410995202e-03
6.948359742226811568e-03
6.965943275128683339e-03
6.983599856598055565e-03
7.001274084291950195e-03
7.018810763930092254e-03
7.036271537174252320e-03
7.053711026311786786e-03
7.071054006652757566e-03
7.088211693753095413e-03
7.105343473472021214e-03
7.122548423384058094e-03
7.139699036678768748e-03
7.156895838425610980e-03
7.174098279997104775e-03
7.191211374793769241e-03
7.208446093700383688e-03
7.225540405223213405e-03
7.242522375973660560e-03
7.259630631272227623e-03
7.276650299580650176e-03
7.293629536007165126e-03
7.310563267937920072e-03
7.327500647886245333e-03
7.344434459399190943e-03
7.361369196242791534e-03
7.378215546928661682e-03
7.395044311076650473e-03
7.411907600381247886e-03
7.428945958867358944e-03
7.446157935661561374e-03
7.463277760784117060e-03
7.480355178734740713e-03
7.497487439700684445e-03
7.514665729954378426e-03
7.532042378441862127e-03
7.549377516183217174e-03
7.566678166682121523e-03
7.583911460617065795e-03
7.600969605037531315e-03
7.617871997727001729e-03
7.634750785287761944e-03
7.651511434964045413e-03
7.668399267115803657e-03
7.685222516067854483e-03
7.702178595578560057e-03
7.719186312669100956e-03
7.736168439956215420e-03
7.753252248506870871e-03
7.770228736720109081e-03
7.787176618139056254e-03
7.804063200249807160e-03
7.820716640703429673e-03
7.837426096132740425e-03
7.854064882201727479e-03
7.870797921362649927e-03
7.887481653725901543e-03
7.904085923272198208e-03
7.920586148864833947e-03
7.937188961906893950e-03
7.953722440842643515e-03
7.970297135845185246e-03
7.986914127280289946e-03
8.003476995693663623e-03
8.020281628044013261e-03
8.037214784130051679e-03
8.054196223331531665e-03
8.071170614253745865e-03
8.088147814202042984e-03
8.104925803411107410e-03
8.121628698189763476e-03
8.138267814599918146e-03
8.154784421360561017e-03
8.171309675176640155e-03
8.187621909992703548e-03
8.203869814995748758e-03
8.219999989785351305e-03
8.236146808138958275e-03
8.252252454721520705e-03
8.268248592081044526e-03
8.284166877787577793e-03
8.300052954104162467e-03
8.315941834191402024e-03
8.331841809987977285e-03
8.347750529314622650e-03
8.363590962617389185e-03
8.379415602609269209e-03
8.395309903294749868e-03
8.411105154184394736e-03
8.426998748390241920e-03
8.442878915729199948e-03
8.458728122593054191e-03
8.474521287828693655e-03
8.490235469992845480e-03
8.505883393977417203e-03
8.521580110103135763e-03
8.537216169584383244e-03
8.552850081848044697e-03
8.568420314094781637e-03
8.584027276525416431e-03
8.599733472691854438e-03
8.615447961172360489e-03
8.631023809218936471e-03
8.646553820927034215e-03
8.662010587739871897e-03
8.677302921230610477e-03
8.692490195719373633e-03
8.707759971413056577e-03
8.723114094468313942e-03
8.738422563623513342e-03
8.753652467889108321e-03
8.768874462736079775e-03
8.784137202162903627e-03
8.799589130228418349e-03
8.815020380438427089e-03
8.830448520936812207e-03
8.845823397675889668e-03
8.861039522960943021e-03
8.876161016763270059e-03
8.891300609507674785e-03
8.906449910528512273e-03
8.921493063923074257e-03
8.936415871027383537e-03
8.951440174704490202e-03
8.966381709900644176e-03
8.981242526983406957e-03
8.995986016643716873e-03
9.010713893179230286e-03
9.025473548535015156e-03
9.040190785832624698e-03
9.054798909190435799e-03
9.069385828399199184e-03
9.084062717526356426e-03
9.098767110558771132e-03
9.113508396693340702e-03
9.128210906781104514e-03
9.142940320904596740e-03
9.157831913020945264e-03
9.172714242821436784e-03
9.187621859487489842e-03
9.202469065012619867e-03
9.217294545350588481e-03
9.232097618046577331e-03
9.246870189741991999e-03
9.261578697023487017e-03
9.276288042921082208e-03
9.290889508402826874e-03
9.305450989089400493e-03
9.320077341273429183e-03
9.334596426425090243e-03
9.349078803916116218e-03
9.363442846444129664e-03
9.377703560507417643e-03
9.391929175821709871e-03
9.406223464559975572e-03
9.420430733176313534e-03
9.434567341817022210e-03
9.448521697481997161e-03
9.462278530150794106e-03
9.475860167132425099e-03
9.489283698326857544e-03
9.502656543173860007e-03
9.515959877482339443e-03
9.529063367397165585e-03
9.542039188709458206e-03
9.554784657119771984e-03
9.567395847101110851e-03
9.579867710439822145e-03
9.592339775737110039e-03
9.604693084135623032e-03
9.616872153334805190e-03
9.628956886856760919e-03
9.640921146456647370e-03
9.652809415575707569e-03
9.664786982669197613e-03
9.676699319394603191e-03
9.688500446015350584e-03
9.700221829029147605e-03
9.711871922166772156e-03
9.723518493417090611e-03
9.735043303916338792e-03
9.746362567882926181e-03
9.757650746745694451e-03
9.768827079597057136e-03
9.779879819054647025e-03
9.790791273847420512e-03
9.801716645012632095e-03
9.812591508514953084e-03
9.823325413939746134e-03
9.833978228115785106e-03
9.844543320194916458e-03
9.854922580352080963e-03
9.865153493300429788e-03
9.875223693769464434e-03
9.885166739166326155e-03
9.895009493735649336e-03
9.904836899453111146e-03
9.914596588234432864e-03
9.924212685218192914e-03
9.933638456138564263e-03
9.942944778696035171e-03
9.952222477191382047e-03
9.961461209693749791e-03
9.970669645406448484e-03
9.979795967314323765e-03
9.988861489179630751e-03
9.997837586189469231e-03
1.000663620140111211e-02
1.001528965119000136e-02
1.002371018568053856e-02
1.003216165061516542e-02
1.004064051059262025e-02
1.004897668270607336e-02
1.005710633378042139e-02
1.006518684435384753e-02
1.007325426515852905e-02
1.008122030576059577e-02
1.008905022778323196e-02
1.009670117771854607e-02
1.010414118004311634e-02
1.011145106548664088e-02
1.011870357892797993e-02
1.012589380954537557e-02
1.013292975957613175e-02
1.013970628818375817e-02
1.014639424706907482e-02
1.015298369221217557e-02
1.015940747126000722e-02
1.016578934202614498e-02
1.017205135150292539e-02
1.017818363900650953e-02
1.018433168228221122e-02
1.019050070147124384e-02
1.019654705222177403e-02
1.020262533570152549e-02
1.020868365155928013e-02
1.021465554866618670e-02
1.022050636147064061e-02
1.022622417441659132e-02
1.023190834661933182e-02
1.023750670819928085e-02
1.024305855248748218e-02
1.024855683120467348e-02
1.025389428257391516e-02
1.025910961432145545e-02
1.026430531554514518e-02
1.026939763650060872e-02
1.027439391301408073e-02
1.027933833497363288e-02
1.028413381661182242e-02
1.028881896204789266e-02
1.029344717168227327e-02
1.029791778981059211e-02
1.030221211611969008e-02
1.030627598892290726e-02
1.031012194391675747e-02
1.031386793241803428e-02
1.031752916288360133e-02
1.032111207921854179e-02
1.032452149736945261e-02
1.032780045778729575e-02
1.033102695477238452e-02
1.033415899595618685e-02
1.033704222492374744e-02
1.033975270798420838e-02
1.034239912287687226e-02
1.034494967876906438e-02
1.034731734878187835e-02
1.034965648032096230e-02
1.035187118060094946e-02
1.035392108493433071e-02
1.035574031278154415e-02
1.035744949422593569e-02
1.035909547765119509e-02
1.036057814190502122e-02
1.036183789569320585e-02
1.036285936463752187e-02
1.036377755616984045e-02
1.036464668978652817e-02
1.036546005280491491e-02
1.036624542016016844e-02
1.036694300235338484e-02
1.036741960582600840e-02
1.036782258601258097e-02
1.036813705128344400e-02
1.036826356894731890e-02
1.036817604880898788e-02
1.036790320427284640e-02
1.036753672077902859e-02
1.036698577027288584e-02
1.036630774878141183e-02
1.036539015261396871e-02
1.036419140908545998e-02
1.036286494515091874e-02
1.036142431455827281e-02
1.035987954241116699e-02
1.035832406345637245e-02
1.035672570471654445e-02
1.035507234267085339e-02
1.035334812770025842e-02
1.035149817286908427e-02
1.034946860328686026e-02
1.034733207524094964e-02
1.034507346285978326e-02
1.034269184268963963e-02
1.034012111721687409e-02
1.033732092550785145e-02
1.033437244590126869e-02
1.033134735567339813e-02
1.032811286593361862e-02
1.032471090148067740e-02
1.032125821464308785e-02
1.031779742318527510e-02
1.031413463110691757e-02
1.031034240985776416e-02
1.030647697411975032e-02
1.030249843707389638e-02
1.029840215179598888e-02
1.029415751405384112e-02
1.028974368457523901e-02
1.028518121921469068e-02
1.028042337619860906e-02
1.027548822256111813e-02
1.027045956961017414e-02
1.026536143615172127e-02
1.026002853260434174e-02
1.025452753007407430e-02
1.024877649419141112e-02
1.024278603829250830e-02
1.023667463022761778e-02
1.023052576560365239e-02
1.022432581597052838e-02
1.021790843277815657e-02
1.021135315617335837e-02
1.020468138100212585e-02
1.019790556863421106e-02
1.019093837573888453e-02
1.018376238770582823e-02
1.017654043720403120e-02
1.016919635431735164e-02
1.016175859530961574e-02
1.015432589014634776e-02
1.014678415025008391e-02
1.013902496440677661e-02
1.013111220032720042e-02
1.012313524270033738e-02
1.011509870691783622e-02
1.010696914293343109e-02
1.009874377400438172e-02
1.009028539029924350e-02
1.008164868129977042e-02
1.007289183847947557e-02
1.006398444867850558e-02
1.005491752999560472e-02
1.004573466381539736e-02
1.003646093279254511e-02
1.002713308175106309e-02
1.001769658675517004e-02
1.000809403488541957e-02
9.998316044828058080e-03
9.988571392951428249e-03
