1.958730068865618609e-02
1.952482387556027030e-02
1.946182947360021800e-02
1.939757198478355912e-02
1.933290205807481482e-02
1.926741524946275555e-02
1.920139839099217760e-02
1.913522629826240259e-02
1.906873341798200408e-02
1.900244813122352674e-02
1.893659238220489135e-02
1.887030034222186847e-02
1.880244688802789818e-02
1.873337861620346517e-02
1.866421149053548376e-02
1.859513192329545136e-02
1.852553071431808571e-02
1.845531570067002192e-02
1.838574821689812830e-02
1.831661068304175910e-02
1.824757824084618715e-02
1.817858318951688298e-02
1.810997997348937419e-02
1.804006326242006339e-02
1.796975835543261624e-02
1.789876694319129241e-02
1.782696452236245607e-02
1.775473215724890710e-02
1.768232415799521340e-02
1.760942408741869927e-02
1.753650268956595884e-02
1.746474376490878000e-02
1.739334568805035036e-02
1.732198814217621521e-02
1.725053647271881235e-02
1.717883204046489684e-02
1.710720448047756137e-02
1.703579450645706719e-02
1.696473941194643828e-02
1.689420730381184857e-02
1.682424095748059900e-02
1.675396236216712686e-02
1.668406746938114540e-02
1.661428800455600971e-02
1.654432605401461032e-02
1.647454961106037744e-02
1.640465486692792296e-02
1.633493724046775758e-02
1.626533817645565289e-02
1.619630225629313178e-02
1.612753766410073009e-02
1.605820216504130760e-02
1.598926951553389722e-02
1.592036294721242695e-02
1.585093590836321106e-02
1.578161219422493169e-02
1.571252222123813158e-02
1.564362569378659543e-02
1.557538614059012297e-02
1.550746786745292073e-02
1.543976840479720572e-02
1.537206903073298596e-02
1.530471838507593829e-02
1.523779907639193597e-02
1.517117522634954530e-02
1.510507362392022462e-02
1.503936640454895182e-02
1.497404313471027010e-02
1.490804448761040048e-02
1.484160158119164283e-02
1.477496423295869034e-02
1.470850061414873990e-02
1.464263029257997437e-02
1.457687734272951341e-02
1.451108643217427149e-02
1.444515442840181053e-02
1.437917718740958604e-02
1.431308824605627764e-02
1.424713644734013941e-02
1.418134991680846703e-02
1.411562885238840798e-02
1.404973412461357936e-02
1.398432249226651096e-02
1.391957158579908323e-02
1.385485928720481263e-02
1.379034454464101236e-02
1.372638355297601566e-02
1.366273275016559319e-02
1.359958975680690060e-02
1.353676124223330765e-02
1.347427202557733607e-02
1.341184291599831040e-02
1.334958487959899201e-02
1.328795075405776564e-02
1.322672143008453947e-02
1.316583248514548339e-02
1.310531871317481903e-02
1.304496977844355442e-02
1.298499503016183228e-02
1.292538596805079855e-02
1.286598050871514895e-02
1.280694147281160981e-02
1.274819710873708808e-02
1.268994085226676609e-02
1.263183171023221467e-02
1.257414250840043282e-02
1.251687494352378069e-02
1.246026103522578608e-02
1.240412817724341824e-02
1.234806650628106003e-02
1.229240951375954079e-02
1.223720757670688011e-02
1.218225099455005379e-02
1.212779683277927581e-02
1.207373067022349082e-02
1.201991779976085799e-02
1.196646474290388902e-02
1.191328851194514704e-02
1.186047126423449630e-02
1.180798109482137682e-02
1.175591679973963383e-02
1.170412522831943899e-02
1.165279535072401285e-02
1.160181216768525585e-02
1.155109984338200182e-02
1.150045431256123060e-02
1.145019685302988734e-02
1.140032321990397043e-02
1.135064931705402798e-02
1.130127541053209742e-02
1.125217983896690567e-02
1.120356416903100887e-02
1.115514009396906432e-02
1.110678802877694549e-02
1.105863336495556924e-02
1.101099350105549067e-02
1.096370033471518075e-02
1.091659563852168981e-02
1.086949726385690214e-02
1.082264348580481289e-02
1.077609799639481225e-02
1.072985378113252251e-02
1.068364998161050461e-02
1.063745482726699207e-02
1.059154624613846581e-02
1.054593202226407171e-02
1.050061587123116667e-02
1.045539508894249500e-02
1.041047246883758208e-02
1.036579531249093300e-02
1.032144969554912514e-02
1.027745268088422516e-02
1.023381204277529904e-02
1.019045817683683457e-02
1.014730167322879656e-02
1.010431048360252090e-02
1.006142068393903015e-02
1.001876070637952934e-02
9.976242909160002240e-03
9.933934765965423200e-03
9.891506170621153921e-03
9.849243622766196832e-03
9.807155968036081542e-03
9.765207426728508139e-03
9.723325814042988943e-03
9.681370481972101025e-03
9.639540530891273912e-03
9.597802885391130967e-03
9.556297711481294074e-03
9.515082706249743810e-03
9.474173277859607514e-03
9.433479944396408121e-03
9.393015086896942117e-03
9.352739154514178033e-03
9.312788406222658605e-03
9.273176481358721274e-03
9.233819746548098395e-03
9.194639597860800040e-03
9.155547846968330530e-03
9.116762266029825382e-03
9.078279695031710866e-03
9.039920873588755054e-03
9.001779296509844139e-03
8.963888021936523495e-03
8.926246958274198368e-03
8.888896436425519285e-03
8.851827972628694211e-03
8.815037973672747856e-03
8.778544923647546572e-03
8.742260414998179879e-03
8.706185973300225103e-03
8.670419089739912072e-03
8.634859557576457165e-03
8.599561950296867596e-03
8.564230503693950197e-03
8.528980836425493345e-03
8.493466311369150812e-03
8.458087594446737911e-03
8.422933933330814180e-03
8.388014768271011973e-03
8.353342830916229630e-03
8.318908903997123544e-03
8.284586989010881905e-03
8.250404693845176871e-03
8.216366807696160943e-03
8.182488900143667851e-03
8.148773179593480492e-03
8.115149864477101335e-03
8.081621919606507901e-03
8.048209638064839425e-03
8.014916438883180200e-03
7.981839741548714048e-03
7.949008755728388317e-03
7.916338957252948977e-03
7.883819558981732672e-03
7.851511516743254343e-03
7.819355502014633044e-03
7.787436687259666722e-03
7.755669912777740302e-03
7.723936523775425632e-03
7.692319855569160203e-03
7.660980593235102928e-03
7.629784692586076729e-03
7.598835355956634792e-03
7.568017873877971521e-03
7.537228513217341004e-03
7.506623624449241042e-03
7.476226993639271436e-03
7.445979841456745567e-03
7.415870755740494244e-03
7.385962403711511526e-03
7.356210298925414115e-03
7.326626837809891921e-03
7.297180221649101316e-03
7.267872507942971412e-03
7.238701402885021514e-03
7.209670962539244110e-03
7.180781295017293377e-03
7.152090544869272801e-03
7.123528896929486043e-03
7.095110561123557300e-03
7.066875077036888393e-03
7.038824619290369802e-03
7.010945812445212866e-03
6.983162730399514531e-03
6.955568876596074888e-03
6.928088958962800442e-03
6.900782569169337799e-03
6.873629480388473816e-03
6.846583778388743921e-03
6.819686494546232242e-03
6.792897984166982282e-03
6.766117568460188955e-03
6.739454083578858001e-03
6.712955302111214134e-03
6.686560566474260975e-03
6.660292998109693802e-03
6.634164224651213984e-03
6.608102970675011102e-03
6.582189273904358838e-03
6.556447166659182084e-03
6.530812298104694998e-03
6.505241480074840273e-03
6.479751211984763684e-03
6.454356698912853442e-03
6.429078785574462648e-03
6.403902991764832096e-03
6.378820263320568798e-03
6.353872573840859371e-03
6.329013196755277522e-03
6.304247607280978778e-03
6.279610494994410617e-03
6.255191004524209356e-03
6.230880634000107894e-03
6.206662902400956854e-03
6.182558857339156590e-03
6.158513020267979143e-03
6.134594399363433107e-03
6.110745715344041706e-03
6.087002316403954463e-03
6.063351911317878609e-03
6.039804548745046110e-03
6.016396691968739496e-03
5.993140306002347692e-03
5.970040867283035561e-03
5.947058958695633155e-03
5.924111733115393179e-03
5.901263080494862853e-03
5.878489976617761251e-03
5.855855728553399989e-03
5.833319923658455280e-03
5.810855131791325436e-03
5.788505238400703905e-03
5.766271022979128913e-03
5.744053189100963887e-03
5.721939184360947186e-03
5.699952693094612402e-03
5.678066115109734954e-03
5.656272868358557318e-03
5.634589581108047709e-03
5.612944556937101391e-03
5.591437482768398491e-03
5.570070028326386258e-03
5.548861888138533621e-03
5.527734320601413766e-03
5.506730548135211310e-03
5.485836416934762767e-03
5.465010603666208347e-03
5.444333470950868566e-03
5.423791913910631923e-03
5.403341580583754557e-03
5.382950304374454521e-03
5.362634580193225732e-03
5.342450106517058518e-03
5.322341749405124292e-03
5.302351234231499934e-03
5.282493490680780814e-03
5.262757528621409518e-03
5.243081841953441125e-03
5.223504683339429654e-03
5.204036699196580400e-03
5.184724092757954025e-03
5.165512611352249782e-03
5.146417221498980100e-03
5.127429248317088434e-03
5.108451926760904961e-03
5.089520481615876675e-03
5.070632108970573280e-03
5.051816055467630261e-03
5.033118930603436812e-03
5.014568825671163015e-03
4.996146634892006944e-03
4.977803595921176383e-03
4.959508089478142402e-03
4.941244318169663377e-03
4.923074705027040594e-03
4.905006451159258339e-03
4.887024260315641667e-03
4.869116507724818507e-03
4.851298396822858842e-03
4.833529548188247871e-03
4.815843115733315499e-03
4.798234262704983814e-03
4.780723450594695847e-03
4.763310269267940177e-03
4.745996536891530955e-03
4.728749340129723838e-03
4.711629509900780617e-03
4.694609872804818632e-03
4.677673854677617989e-03
4.660832575159489649e-03
4.644089532558703416e-03
4.627429842354495795e-03
4.610843566392387738e-03
4.594345619036462394e-03
4.577922577384853364e-03
4.561554052302092127e-03
4.545280603724248178e-03
4.529089201545746270e-03
4.512965966627904314e-03
4.496937489018134476e-03
4.480980229350934804e-03
4.465119203860827557e-03
4.449329968052204501e-03
4.433657862704908949e-03
4.418092417435104044e-03
4.402570994865115384e-03
4.387117173048838553e-03
4.371736198944251028e-03
4.356399039809317683e-03
4.341120192365856278e-03
4.325912144870771962e-03
4.310747582567255910e-03
4.295654845935518995e-03
4.280646175453130253e-03
4.265715547004014785e-03
4.250836372605393612e-03
4.236047066148834403e-03
4.221292314434156416e-03
4.206602568347703359e-03
4.191990250711612534e-03
4.177448220420278656e-03
4.162991429986559813e-03
4.148612547115205010e-03
4.134305401206826887e-03
4.120063215410915865e-03
4.105860350748233648e-03
4.091699075264282510e-03
4.077613804291339156e-03
4.063607686933274482e-03
4.049673341625203114e-03
4.035790779817248139e-03
4.021971436909421022e-03
4.008225295422333974e-03
3.994566827137986317e-03
3.980994054830758709e-03
3.967491168262112650e-03
3.954066358379717400e-03
3.940706214305839117e-03
3.927379187508799226e-03
3.914141449935042670e-03
3.900971222048289951e-03
3.887868164955573993e-03
3.874833133790052224e-03
3.861848522605111720e-03
3.848933403828704979e-03
3.836100673130689049e-03
3.823350277505149601e-03
3.810679033218700770e-03
3.798083167501882865e-03
3.785544093244373656e-03
3.773066537228254337e-03
3.760643332780497314e-03
3.748272018454690876e-03
3.735957428153313838e-03
3.723664723793029211e-03
3.711408614295278081e-03
3.699196406352698099e-03
3.687024858856241018e-03
3.674896286997754967e-03
3.662802201566455959e-03
3.650753970345648521e-03
3.638760662971736535e-03
3.626825554373853001e-03
3.614945033486649702e-03
3.603125006660044469e-03
3.591371262020292936e-03
3.579683982891493192e-03
3.568050918502241840e-03
3.556460458199264991e-03
3.544904845622395655e-03
3.533412202553323604e-03
3.521976810711363939e-03
3.510575418014042371e-03
3.499248713070356610e-03
3.487968119163929303e-03
3.476742456837970778e-03
3.465581912093750050e-03
3.454461556364435242e-03
3.443387453173009111e-03
3.432359911657100349e-03
3.421395851759913721e-03
3.410496263631002285e-03
3.399671309372929127e-03
3.388899693221503542e-03
3.378185849792808733e-03
3.367550162107597715e-03
3.356969852330020810e-03
3.346460730434672268e-03
3.336010954230322727e-03
3.325606548080191523e-03
3.315254440157084075e-03
3.304945049332474842e-03
3.294676766398518721e-03
3.284446776976923665e-03
3.274245487659879338e-03
3.264089699917649846e-03
3.253971504126313644e-03
3.243912842233047031e-03
3.233898169503986175e-03
3.223943670028616305e-03
3.214046738378817641e-03
3.204177473672800095e-03
3.194358388722704639e-03
3.184572471398320215e-03
3.174823757856361228e-03
3.165128087234353113e-03
3.155474842530236242e-03
3.145865045036078458e-03
3.136310006875160823e-03
3.126797359078815029e-03
3.117324586031892161e-03
3.107882386744795222e-03
3.098482588561876812e-03
3.089123384800838805e-03
3.079825747126992228e-03
3.070559941046206720e-03
3.061338231807239890e-03
3.052160364359083645e-03
3.043007431535285287e-03
3.033906996116872857e-03
3.024867493936261344e-03
3.015887629339905358e-03
3.006955651025853410e-03
2.998061942565940011e-03
2.989211100133724527e-03
2.980413630233847214e-03
2.971658653364142155e-03
2.962940465015960478e-03
2.954277459228645073e-03
2.945670208741165037e-03
2.937111680565433498e-03
2.928606802826239346e-03
2.920158316412403178e-03
2.911766296531968778e-03
2.903427026197206821e-03
2.895138413104176960e-03
2.886884913476547160e-03
2.878662023610768436e-03
2.870476887788581209e-03
