6.368905887085140813e-03
6.396651140083749881e-03
6.424441010912418891e-03
6.452204250706041443e-03
6.480036236373501284e-03
6.508362185692957713e-03
6.536716938697563831e-03
6.565400079539544971e-03
6.594458987213115166e-03
6.623499768541298016e-03
6.652421335748433771e-03
6.681661898405247095e-03
6.711301116594967434e-03
6.740760244605031697e-03
6.770413394745785837e-03
6.800363707975858735e-03
6.830445338389186556e-03
6.860523050318111972e-03
6.890763395772945069e-03
6.921130956174355135e-03
6.951613678199005351e-03
6.982186067955007541e-03
7.012851665160585966e-03
7.043429801726734836e-03
7.074134723795944338e-03
7.104695288839711111e-03
7.135302420351037449e-03
7.166002287825000254e-03
7.196710814742197579e-03
7.227492541320480052e-03
7.258431349440733378e-03
7.289615770348079754e-03
7.320982538078181154e-03
7.352137346527600793e-03
7.383127849098954087e-03
7.414201305405129609e-03
7.445367605785597510e-03
7.476302284641260856e-03
7.507193175273658980e-03
7.538087366690014897e-03
7.569086740798646427e-03
7.600026972952101875e-03
7.630949298174274920e-03
7.661795963819829393e-03
7.692467454049059343e-03
7.722887485578699973e-03
7.753086724016842318e-03
7.783279402742795429e-03
7.813651947729647815e-03
7.843927623547703593e-03
7.874133039365672354e-03
7.904312395394812521e-03
7.934282412349348210e-03
7.964147517078438640e-03
7.993901418272093481e-03
8.023497310903874788e-03
8.053022057245238022e-03
8.082422228366257025e-03
8.111815083744280258e-03
8.140669893318479636e-03
8.169290616572301086e-03
8.197761307877277082e-03
8.225499598841940277e-03
8.252874031774090624e-03
8.280186290744694089e-03
8.307356413295734557e-03
8.334411756555897693e-03
8.361266043295447967e-03
8.387807686145037217e-03
8.413880903717956689e-03
8.439535798258419180e-03
8.465051159317562093e-03
8.490308269036864197e-03
8.515176528537414524e-03
8.539860949049144639e-03
8.564499864314314287e-03
8.589022281388372648e-03
8.613226721064171781e-03
8.637023955189339700e-03
8.660468780606543973e-03
8.683648027491584070e-03
8.706435279159808333e-03
8.728787614908899845e-03
8.750956721298778357e-03
8.772786533900416364e-03
8.794364378025982740e-03
8.815745098567763158e-03
8.836876694945998770e-03
8.857819896630406489e-03
8.878574602641697150e-03
8.899211593079598207e-03
8.919350535272048408e-03
8.939304887700293828e-03
8.959050603028916385e-03
8.978527027991897030e-03
8.997758822932756459e-03
9.016618999451390254e-03
9.035217705680739439e-03
9.053465552427121532e-03
9.071525915920985311e-03
9.089305842287139989e-03
9.106792345363837193e-03
9.123993215947196270e-03
9.140887553576801036e-03
9.157488957422493803e-03
9.173893279727824909e-03
9.190208849496991905e-03
9.206248823888874000e-03
9.221853403742321167e-03
9.236892589672564269e-03
9.251714404733185626e-03
9.266384019605661618e-03
9.280725486325802631e-03
9.295000791716351643e-03
9.309114110186290925e-03
9.323280172128228099e-03
9.337220379438751494e-03
9.350963163230722672e-03
9.364381075254118655e-03
9.377517256188438663e-03
9.390456208430420643e-03
9.403213432113173911e-03
9.415575908611953718e-03
9.427611256511363169e-03
9.439268793593212636e-03
9.450469064172866210e-03
9.461505933371092483e-03
9.472523568079468936e-03
9.483464780611135236e-03
9.494224293113038074e-03
9.504474917674551535e-03
9.514486014483427428e-03
9.524317777706535482e-03
9.533794438439614424e-03
9.543261484743176953e-03
9.552527061224279012e-03
9.561281914119187930e-03
9.569493154210829966e-03
9.577542366839990329e-03
9.585342961328213382e-03
9.592675809991483768e-03
9.599816001058318962e-03
9.606788180982893388e-03
9.613698179062778876e-03
9.620639845974356813e-03
9.627514963030084708e-03
9.634206416778430537e-03
9.640554663697254237e-03
9.646462372140125752e-03
9.652081709261071604e-03
9.657369683784894007e-03
9.662577331349253909e-03
9.667757955504584222e-03
9.672765306708403302e-03
9.677426816236506593e-03
9.681936521235090173e-03
9.686249259561942326e-03
9.690446221568213558e-03
9.694355551766309712e-03
9.698063814557549706e-03
9.701688317844289061e-03
9.705321274111033611e-03
9.708900247375626402e-03
9.712354817159745551e-03
9.715664503061799406e-03
9.718722723507284417e-03
9.721626525223375781e-03
9.724382906187394385e-03
9.726911082217667981e-03
9.729168985117329568e-03
9.731341318393049028e-03
9.733404605298694168e-03
9.735321785309180437e-03
9.736944365565186610e-03
9.738437117237824445e-03
9.739640128174244585e-03
9.740598751964379270e-03
9.741453853589685657e-03
9.742086845826558594e-03
9.742588709137104883e-03
9.742969621032373725e-03
9.743284319794551576e-03
9.743340181987478546e-03
9.743123661370974714e-03
9.742788468693249632e-03
9.742160517913052431e-03
9.741322348524893149e-03
9.740332164390106545e-03
9.739241898894059057e-03
9.738079842754621476e-03
9.736738358056331102e-03
9.735237989767461450e-03
9.733627939952547992e-03
9.731827405660533128e-03
9.729883822381482292e-03
9.727757269886887215e-03
9.725497458516210725e-03
9.723049935281913650e-03
9.720502336692556436e-03
9.717901110968579087e-03
9.715283575400246452e-03
9.712612234763527003e-03
9.709731903787365351e-03
9.706645474458524409e-03
9.703409522206546747e-03
9.700148039837768951e-03
9.696742799749994909e-03
9.693144326596457236e-03
9.689363914291194285e-03
9.685485793074872021e-03
9.681490193530182392e-03
9.677383283276870182e-03
9.673169867277368536e-03
9.668952650102119462e-03
9.664686769919061254e-03
9.660246778168393375e-03
9.655555236123537083e-03
9.650698588812530940e-03
9.645777506955305336e-03
9.640764625540037755e-03
9.635678120838675823e-03
9.630346951204137723e-03
9.624951576760649302e-03
9.619455122424644053e-03
9.614018739879123462e-03
9.608339036288356463e-03
9.602456161618118727e-03
9.596346029492665644e-03
9.590112357278426924e-03
9.583802865009333899e-03
9.577370478318280797e-03
9.570817639477577354e-03
9.564056482241399190e-03
9.557184078112507600e-03
9.550163765978317634e-03
9.543085785285636627e-03
9.535858671322238606e-03
9.528416556311706392e-03
9.520925124368008474e-03
9.513295406356285164e-03
9.505490669089516551e-03
9.497542235667334048e-03
9.489524357024046661e-03
9.481448062800764548e-03
9.473343157278523927e-03
9.465294504352409627e-03
9.457225527185980293e-03
9.449132923869117337e-03
9.441032923162435628e-03
9.432887858665117350e-03
9.424758459846877684e-03
9.416487358181858600e-03
9.408034699509784313e-03
9.399513490540857899e-03
9.390912998941024908e-03
9.382156367083853768e-03
9.373279012797896409e-03
9.364303219096432873e-03
9.355233682079466817e-03
9.346069783108083839e-03
9.336723098861125780e-03
9.327366677808261036e-03
9.318014882282515607e-03
9.308602689880545941e-03
9.299111720870273726e-03
9.289380167391015838e-03
9.279493895622990471e-03
9.269565177267301975e-03
9.259685156455090341e-03
9.249766855107801819e-03
9.239892726380772789e-03
9.230042214794873662e-03
9.220092729241397347e-03
9.210054348129048662e-03
9.199829159837412049e-03
9.189417814537964926e-03
9.178974347313885451e-03
9.168245188285210553e-03
9.157411302097222955e-03
9.146538061014588411e-03
9.135548093880516488e-03
9.124349303829912966e-03
9.113025613285533760e-03
9.101631562324862673e-03
9.090156761718190537e-03
9.078686470268451658e-03
9.067183685260264692e-03
9.055628919567864157e-03
9.044013615853468968e-03
9.032328357892263626e-03
9.020514627248024664e-03
9.008597022325303197e-03
8.996549217936173834e-03
8.984425474869680781e-03
8.972284087830979110e-03
8.960175721395043438e-03
8.948008766700776134e-03
8.935749342006048257e-03
8.923340014495840383e-03
8.910847879464315127e-03
8.898339429333004813e-03
8.885708006323708025e-03
8.873087017590642472e-03
8.860455237587654131e-03
8.847794225769853305e-03
8.835117698428049740e-03
8.822393911277622361e-03
8.809570934687085617e-03
8.796629690703256996e-03
8.783618406133448034e-03
8.770570680428241631e-03
8.757489168329381929e-03
8.744380766084124471e-03
8.731274722775109534e-03
8.718277384608761477e-03
8.705317380625122309e-03
8.692261637765021087e-03
8.679177551257383216e-03
8.666072092051614953e-03
8.652930681591385412e-03
8.639745637567619249e-03
8.626528863899352723e-03
8.613184800770050387e-03
8.599825448100135300e-03
8.586440111845092954e-03
8.573029699316968288e-03
8.559482708734807155e-03
8.545840590782729021e-03
8.532101184729190546e-03
8.518275050605301699e-03
8.504373519863869801e-03
8.490443252068604132e-03
8.476437743441690015e-03
8.462399440946174328e-03
8.448279187564050607e-03
8.434131169006819917e-03
8.419878410527097123e-03
8.405584287702421581e-03
8.391218732729598118e-03
8.376764774331163510e-03
8.362272335691400479e-03
8.347697326024564393e-03
8.333155132749589175e-03
8.318567115148518126e-03
8.303926256474648479e-03
8.289252537863944781e-03
8.274512078325056003e-03
8.259717704479963701e-03
8.244911691551849373e-03
8.230122954716003608e-03
8.215356495450316238e-03
8.200519217232275435e-03
8.185598369080516676e-03
8.170588336321364317e-03
8.155564816445588783e-03
8.140461879362419564e-03
8.125295125808864455e-03
8.110101284842678726e-03
8.094878957206248088e-03
8.079663109136735188e-03
8.064398915074317067e-03
8.049087363227088940e-03
8.033809125348106289e-03
8.018521836496530705e-03
8.003253724512791878e-03
7.987893990904774283e-03
7.972483778350998931e-03
7.957050086047986678e-03
7.941555714764901228e-03
7.926039784216003942e-03
7.910511961385086402e-03
7.894886016528955552e-03
7.879188767531880577e-03
7.863489491253584235e-03
7.847721195256132654e-03
7.832001688209059079e-03
7.816277270340224112e-03
7.800466535075169759e-03
7.784563655083090623e-03
7.768607941525965989e-03
7.752615726959109256e-03
7.736553862397163410e-03
7.720499103173414715e-03
7.704468203966630818e-03
7.688469545494686606e-03
7.672490081533802839e-03
7.656487946033380121e-03
7.640442242286877954e-03
7.624363657581830454e-03
7.608288396371697127e-03
7.592177535269980550e-03
7.576045453689840906e-03
7.559850382243008850e-03
7.543602209392015825e-03
7.527331643163761785e-03
7.510963298859265301e-03
7.494560367083786048e-03
7.478148412020553526e-03
7.461783853876299138e-03
7.445411807779944366e-03
7.429046472770864905e-03
7.412604683207887554e-03
7.396151292382195826e-03
7.379681459763375723e-03
7.363203176229183612e-03
7.346690142681138944e-03
7.330165797388136020e-03
7.313588696047647678e-03
7.297028814585122120e-03
7.280458450327506256e-03
7.263859018862581750e-03
7.247242152422548635e-03
7.230638037620803343e-03
7.214032551340133700e-03
7.197453912130125260e-03
7.180889079397815775e-03
7.164352747412789345e-03
7.147810273991307174e-03
7.131246376068193019e-03
7.114659196506696072e-03
7.098079656272384720e-03
7.081466990232908494e-03
7.064791009616388368e-03
7.048043722043515619e-03
7.031320695213967749e-03
7.014638613327474868e-03
6.997952462613810098e-03
6.981263519860353255e-03
6.964570638070018485e-03
6.947867201879390740e-03
6.931216517137749750e-03
6.914595548461039548e-03
6.897950169636703904e-03
6.881334631224470498e-03
6.864721905967585518e-03
6.848147288473594579e-03
6.831597098488909753e-03
6.815032325818630270e-03
6.798488074936436497e-03
6.781974174618214495e-03
6.765400585311106413e-03
6.748752222530023277e-03
6.732087647317688481e-03
6.715418300740120215e-03
6.698713245220844735e-03
6.681998559693463208e-03
6.665272404758294453e-03
6.648505186351408129e-03
6.631715851509529386e-03
6.614907578640230081e-03
6.598131314375406051e-03
6.581415161973702861e-03
6.564690887402396986e-03
6.547938536178050419e-03
6.531148647545481287e-03
6.514381627765606503e-03
6.497637427991102312e-03
6.480911455822815047e-03
6.464194247220922049e-03
6.447497035755893856e-03
6.430829659447539863e-03
6.414164992734456248e-03
6.397537044615195234e-03
6.380921014022777199e-03
6.364284322091899593e-03
6.347643526422794280e-03
6.331029704423850150e-03
6.314416398629903171e-03
6.297804823889365314e-03
6.281196437410325149e-03
6.264617875295564429e-03
6.248046284880981807e-03
6.231523309799972231e-03
6.214973639586467494e-03
6.198420604116168173e-03
6.181872446011202511e-03
6.165364252993573574e-03
6.148878129534398815e-03
6.132381436096342314e-03
6.115866647892386626e-03
6.099381362204689926e-03
6.082959188713147301e-03
6.066526994059526570e-03
6.050121289435951219e-03
6.033735503164748722e-03
6.017359645241019371e-03
6.001015087471348042e-03
5.984691863828723278e-03
5.968380171157466364e-03
5.952087844596367673e-03
5.935855588371125556e-03
5.919676022453600195e-03
5.903529555993717454e-03
5.887388973078946756e-03
5.871239614585375965e-03
5.855056778759529929e-03
5.838880851310652466e-03
5.822710081313247840e-03
5.806567809294642911e-03
5.790431063874380141e-03
