1.434412477471020027e-02
1.434571130985115572e-02
1.434729479019753416e-02
1.434741890766942640e-02
1.434677197888158985e-02
1.434502404640342066e-02
1.434246924971962003e-02
1.433908058579441008e-02
1.433428901835554457e-02
1.432856090420117634e-02
1.432165063161899149e-02
1.431279460744555934e-02
1.430261372327998673e-02
1.428950330157393797e-02
1.427488783450577871e-02
1.425717944207135872e-02
1.423651824246173307e-02
1.421458118728414176e-02
1.419135327610046744e-02
1.416853330901164665e-02
1.414504011907152456e-02
1.412097817515983733e-02
1.409604617232360427e-02
1.406987530470379250e-02
1.404343882735432404e-02
1.401669837585997440e-02
1.398942250037453483e-02
1.396162965868400982e-02
1.393242353785231584e-02
1.390186641489111856e-02
1.387057726810897278e-02
1.383857970508779213e-02
1.380363368025872353e-02
1.376789543913740921e-02
1.373149499268855322e-02
1.369532230646591797e-02
1.365953026384296963e-02
1.362394173710170658e-02
1.358775406894136006e-02
1.355090944482223968e-02
1.351127624258938002e-02
1.347061496104822245e-02
1.342934288816033730e-02
1.338715758957631334e-02
1.334471597631152993e-02
1.330187250151690544e-02
1.325860934358788837e-02
1.321472919774202733e-02
1.317091403868438960e-02
1.312645171997129864e-02
1.308158574567340818e-02
1.303577912381768261e-02
1.298916510051813245e-02
1.294217337721732634e-02
1.289542552179617947e-02
1.284884777498135865e-02
1.280265438327673859e-02
1.275614412535723725e-02
1.270987812411647662e-02
1.266369196984767909e-02
1.261649488120587803e-02
1.256846681017504547e-02
1.252033520874836284e-02
1.247197228484736922e-02
1.242402202574397971e-02
1.237613612828948086e-02
1.232834679209931193e-02
1.228101534441339120e-02
1.223352141745559507e-02
1.218599261733172880e-02
1.213845116002519771e-02
1.209190258418363535e-02
1.204538766687424101e-02
1.199884362121032139e-02
1.195227582005811001e-02
1.190582918377131039e-02
1.185941099142092357e-02
1.181297716806888748e-02
1.176639274967879178e-02
1.171938339152097872e-02
1.167190574317585744e-02
1.162405085724273895e-02
1.157585872132942464e-02
1.152795858979912755e-02
1.148101061753400813e-02
1.143463626746214074e-02
1.138812317442825829e-02
1.134159150195125816e-02
1.129514646444812823e-02
1.124865179529898479e-02
1.120211770130304096e-02
1.115583278296256378e-02
1.111041511826536474e-02
1.106565787772323221e-02
1.102115287402395671e-02
1.097666888504096779e-02
1.093209771033384209e-02
1.088770236792894162e-02
1.084360813559317321e-02
1.079961235873071364e-02
1.075565427736308380e-02
1.071203319839955127e-02
1.066832260072366964e-02
1.062420105103896624e-02
1.058027613731318296e-02
1.053646012704320678e-02
1.049232722905525834e-02
1.044746345030016579e-02
1.040295462563771596e-02
1.035798559691773930e-02
1.031300166578273496e-02
1.026807515370494611e-02
1.022370562740409702e-02
1.017974007419761122e-02
1.013590795811455079e-02
1.009220544792450297e-02
1.004866305486303013e-02
1.000503594031195743e-02
9.961505589173615116e-03
9.918483562129825834e-03
9.876240366480742994e-03
9.834291566513065838e-03
9.792562580024458466e-03
9.750976522529236634e-03
9.709441444110029212e-03
9.668262261270030300e-03
9.627255582112314442e-03
9.586278492366330159e-03
9.545531169704610935e-03
9.504833171252858107e-03
9.463791101208320414e-03
9.422676631718626683e-03
9.381622547162554032e-03
9.340761616033718337e-03
9.300037831892191131e-03
9.259654015159419702e-03
9.219648609289003358e-03
9.179756149939285667e-03
9.139867280927277404e-03
9.100076598309390224e-03
9.060574983837509783e-03
9.021245895035300000e-03
8.981921851516246752e-03
8.942735880004741220e-03
8.903679080353199202e-03
8.864654742519172473e-03
8.825707187854494457e-03
8.786905961995836525e-03
8.748376426300989717e-03
8.709801395398963225e-03
8.671331778060028736e-03
8.632894356366001276e-03
8.594467972247504459e-03
8.556250950723083212e-03
8.518087411258541686e-03
8.479926897442518346e-03
8.441781927759569454e-03
8.403673995617115186e-03
8.365509208575150346e-03
8.327552963695038918e-03
8.289947753967534874e-03
8.252591814959872249e-03
8.215337557206577393e-03
8.178188261673406331e-03
8.141052074917389317e-03
8.104002667558431183e-03
8.067194714031380651e-03
8.030362135674538535e-03
7.993572613901602300e-03
7.956795187734256106e-03
7.920000277055075019e-03
7.883404937879560578e-03
7.846970853600039597e-03
7.810541529975852104e-03
7.774183097802235543e-03
7.738049453465544944e-03
7.702181928230603276e-03
7.666508841421220723e-03
7.630988901910435232e-03
7.595579531929352000e-03
7.560333102728360351e-03
7.525211595626873744e-03
7.490161836902041979e-03
7.455090720175801960e-03
7.420316037377946809e-03
7.385681078841471389e-03
7.351165218564414613e-03
7.316525125284796364e-03
7.281883490048506394e-03
7.247302589606895162e-03
7.212836144498111640e-03
7.178598671137802027e-03
7.144539897926978529e-03
7.110643781358240954e-03
7.076878809606234472e-03
7.043223488699748569e-03
7.009698560401456981e-03
6.976234387335463610e-03
6.942847002378702524e-03
6.909564276754138687e-03
6.876324731994410029e-03
6.843187545203703939e-03
6.810231802222148009e-03
6.777433629730340164e-03
6.744803393839224857e-03
6.712534033768470694e-03
6.680356767986045559e-03
6.648250168567669885e-03
6.616376939308455003e-03
6.584701987507423152e-03
6.553196374463414117e-03
6.521864178498633022e-03
6.490666112502277429e-03
6.459683637437117765e-03
6.428870029417089148e-03
6.398211100665833310e-03
6.367655529801418725e-03
6.337189012330272236e-03
6.306839602421117179e-03
6.276641087915232724e-03
6.246527092363102392e-03
6.216632760252727673e-03
6.186951388529089539e-03
6.157366595504715039e-03
6.127956543064962298e-03
6.098600943031138449e-03
6.069288238655649002e-03
6.040089267988235124e-03
6.011027481502661043e-03
5.982085439419488476e-03
5.953367441790146340e-03
5.924852008191824372e-03
5.896459819059385148e-03
5.868197373749677384e-03
5.840036826054024501e-03
5.812063010885974539e-03
5.784190596048848984e-03
5.756476726968226890e-03
5.728912716687044847e-03
5.701521401581863442e-03
5.674309614791701699e-03
5.647120919799917919e-03
5.620106988639340245e-03
5.593249983529672426e-03
5.566540196795187814e-03
5.539930190686036607e-03
5.513366268988227105e-03
5.486931515179083001e-03
5.460656324261257966e-03
5.434611085625465701e-03
5.408715215479956498e-03
5.382941680762119013e-03
5.357257979747815681e-03
5.331749294112105540e-03
5.306375696688296791e-03
5.281096800802266393e-03
5.255902556278645339e-03
5.230762088847750249e-03
5.205742397289464529e-03
5.180870270674152976e-03
5.156075706569831704e-03
5.131353746964891806e-03
5.106780848220469557e-03
5.082384183556693837e-03
5.058170586500028085e-03
5.034169732958860936e-03
5.010426246006281434e-03
4.986899135138200476e-03
4.963513240281002686e-03
4.940285467898795219e-03
4.917175191587078859e-03
4.894307575979398375e-03
4.871679835166638391e-03
4.849182219323690778e-03
4.826876142045424811e-03
4.804713909772730628e-03
4.782692096637465237e-03
4.760852675118081544e-03
4.739155958165705736e-03
4.717577340532620039e-03
4.696154791442156730e-03
4.674846028170857003e-03
4.653650169382685456e-03
4.632629187462222915e-03
4.611737910717048083e-03
4.591003628212758474e-03
4.570431049513118231e-03
4.550009457459582192e-03
4.529706891198483597e-03
4.509554775071752258e-03
4.489581650070277423e-03
4.469765993636818334e-03
4.450088410954398596e-03
4.430491814326454302e-03
4.411003319340961806e-03
4.391682817329123703e-03
4.372529303554297149e-03
4.353338234635877567e-03
4.334192615787697475e-03
4.315104480796581529e-03
4.296107235000677302e-03
4.277215533626360124e-03
4.258372280356456652e-03
4.239599306927747252e-03
4.220885317341798414e-03
4.202218671066459098e-03
4.183632163701407093e-03
4.165151105737538266e-03
4.146789151829600659e-03
4.128580998566501806e-03
4.110955101955186819e-03
4.093379243514486641e-03
4.075816986358255824e-03
4.058424672951339331e-03
4.041198956173391518e-03
4.024037785467220185e-03
4.006938628505173940e-03
3.989995176664185537e-03
3.973222488692548446e-03
3.956557612943421148e-03
3.940032243031636912e-03
3.923644888173273212e-03
3.907380812747526626e-03
3.891242621824476944e-03
3.875244185961500883e-03
3.859428115368279850e-03
3.843729741444178345e-03
3.828134490713301120e-03
3.812641915775808344e-03
3.797241409700695923e-03
3.781883959685332277e-03
3.766675710397420721e-03
3.751611674863985623e-03
3.736683814513876677e-03
3.721917765774441188e-03
3.707218482380464104e-03
3.692633129515622472e-03
3.678155147866259394e-03
3.663773513225227017e-03
3.649527950998257639e-03
3.635364010813497537e-03
3.621281234422703103e-03
3.607268347911691490e-03
3.593370959330598278e-03
3.579642201551247981e-03
3.566036141458802863e-03
3.552514709772768009e-03
3.539146135792095409e-03
3.525878435413547316e-03
3.512722903473229196e-03
3.499675688593689282e-03
3.486724657027799861e-03
3.473736073611583246e-03
3.460854030732986222e-03
3.448161146356530996e-03
3.435644026673490958e-03
3.423220128205266537e-03
3.410877948058845931e-03
3.398602087407815494e-03
3.386351370453457091e-03
3.374126196455813718e-03
3.361987621302976390e-03
3.349839113951174306e-03
3.337743665663300309e-03
3.325715654740822244e-03
3.313759548208167986e-03
3.301877511871882057e-03
3.289968693342345662e-03
3.278079028543358364e-03
3.266250728424557707e-03
3.254500004667835577e-03
3.242795461795769732e-03
3.231211790688463814e-03
3.219724103361647129e-03
3.208417269405016824e-03
3.197242274950472425e-03
3.186150714367043391e-03
3.175162231210130071e-03
3.164252674702689762e-03
3.153383869017393256e-03
3.142583364114288208e-03
3.131789320550183026e-03
3.121025372931143793e-03
3.110341618900288631e-03
3.099850223602582111e-03
3.089480397515522586e-03
3.079176959404409091e-03
3.068910621917782244e-03
3.058662926301029990e-03
3.048501654211112702e-03
3.038439408346516307e-03
3.028454615927697602e-03
3.018533342033305651e-03
3.008684516450322796e-03
2.998900784541410659e-03
2.989195069081430293e-03
2.979657699119830742e-03
2.970219794162785518e-03
2.960849638365915457e-03
2.951557676951189601e-03
2.942350052149841130e-03
2.933183853386979369e-03
2.924097134978111655e-03
2.915115260493830740e-03
2.906193789298284775e-03
2.897253619714611900e-03
2.888391538983287390e-03
2.879587689922508305e-03
2.870841851835037681e-03
2.862108800723646169e-03
2.853406816925429818e-03
2.844790968880736744e-03
2.836284019642532940e-03
2.827849865089808717e-03
2.819334877280455474e-03
2.810803442514429352e-03
2.802242860457599197e-03
2.793759774271558586e-03
2.785317960890285136e-03
2.776999334245883189e-03
2.768895250838290193e-03
2.760801908610711203e-03
2.752740491349886607e-03
2.744773758530916295e-03
2.736807630462086572e-03
2.728890867575325691e-03
2.721106079020825953e-03
2.713326309015908627e-03
2.705569890735214002e-03
2.697858088166190087e-03
2.690569837011210202e-03
2.683264799063589043e-03
2.676009141311453884e-03
2.668923563737010760e-03
2.661891066342140545e-03
2.654874468107927630e-03
2.647784597228825670e-03
2.640693711491134618e-03
2.633608777943869869e-03
2.626563536821249073e-03
2.619591351666001981e-03
2.612677177096620236e-03
2.605690201448949452e-03
2.598727616066545763e-03
2.591802876119425527e-03
2.584877820696817544e-03
2.577952454157455674e-03
2.571017593907779820e-03
2.564138474312110515e-03
2.557335170392095389e-03
2.550630042259948490e-03
2.543946202136718009e-03
2.537314371106801254e-03
2.530831043067866860e-03
2.524456219515277926e-03
2.518114897774149843e-03
2.511775831387336958e-03
2.505378878105845794e-03
2.499051760219962032e-03
2.492847201800681926e-03
2.486687200976618172e-03
2.480558011172164217e-03
2.474452883856173395e-03
2.468410154773085282e-03
2.462173947246488505e-03
2.455980829777766866e-03
2.449862788549674042e-03
2.443851489862311228e-03
2.437846417481320371e-03
2.431854471403857576e-03
2.425926300071741884e-03
2.420045304408480202e-03
2.414199843373403351e-03
2.408459253577646675e-03
2.402764459814540118e-03
2.397110400867337194e-03
2.391549644013683720e-03
2.386021620332947658e-03
2.380551112449111936e-03
2.375219867257902674e-03
2.369981093700319810e-03
2.364777277020717328e-03
2.359632372894357281e-03
2.354516973814009973e-03
2.349460594027459864e-03
2.344429522164996442e-03
2.339324862472738457e-03
2.334104747541941582e-03
2.328909756184994063e-03
2.323761289059873836e-03
2.318660216121477217e-03
2.313471232746752964e-03
2.308280825204091918e-03
2.303084924736286624e-03
2.297893441772847108e-03
2.292627873478545776e-03
2.287247113140599818e-03
2.281907533565486618e-03
2.276663934187014154e-03
2.271547516930596047e-03
