9.409988566666135229e-03
9.317702095515219621e-03
9.224240918812430523e-03
9.137495376849859297e-03
9.054383276489604698e-03
8.973193053611589962e-03
8.892537037957976009e-03
8.812677150389905054e-03
8.728927867155641604e-03
8.643373760017506596e-03
8.564308102363069053e-03
8.490149842340824482e-03
8.415350742515405325e-03
8.341785220841802309e-03
8.268316270165734783e-03
8.197234799001543171e-03
8.125260330118034072e-03
8.053531106724411484e-03
7.982069973341320360e-03
7.909981490582463498e-03
7.838912706757910839e-03
7.769160260697457326e-03
7.700986845655483949e-03
7.633637208509496536e-03
7.565702174249227564e-03
7.499080533868707037e-03
7.434234327968982335e-03
7.373751082780162502e-03
7.316524724903191758e-03
7.258506530541108080e-03
7.202064945192745461e-03
7.147629175660664795e-03
7.094090671824251557e-03
7.041470899647442674e-03
6.991548003573349289e-03
6.942026619697271375e-03
6.893156303124175176e-03
6.844830198279042155e-03
6.796249712767707570e-03
6.747843915000001011e-03
6.700226356036674200e-03
6.654927539845000017e-03
6.611532332232864309e-03
6.569582881421928526e-03
6.528713921111452094e-03
6.489646318602841114e-03
6.452277937628143716e-03
6.418539719906377582e-03
6.385205668778074287e-03
6.354029090270178239e-03
6.324258553691010712e-03
6.298083183020289355e-03
6.276773844573710695e-03
6.262539768342778417e-03
6.253157981094322609e-03
6.253710601171098143e-03
6.257218095358707197e-03
6.271491438117515922e-03
6.286720434575051274e-03
6.296568845238288865e-03
6.312090481848559552e-03
6.339911188238499598e-03
6.384962481210914968e-03
6.441599307064366231e-03
6.506759179032960312e-03
6.576651298344646061e-03
6.635963319449314154e-03
6.694634673217197789e-03
6.767229091529463302e-03
6.847680745713603800e-03
6.933417596919983807e-03
7.008343117169025561e-03
7.089051172597732840e-03
7.170311993241535418e-03
7.236632990753485983e-03
7.307314319099115704e-03
7.376654126551277987e-03
7.440725443148500998e-03
7.506949500931009954e-03
7.559574432086419056e-03
7.601363434613470950e-03
7.622769145694552502e-03
7.627497223807810402e-03
7.619197601827870821e-03
7.603730335906946740e-03
7.591267284511942284e-03
7.582171557006276569e-03
7.569288863207794711e-03
7.546779477343112073e-03
7.519879096254262520e-03
7.490629707599526232e-03
7.457991123955289361e-03
7.427355330414203011e-03
7.396918385694514243e-03
7.366424899426599927e-03
7.337663099350502129e-03
7.311925130461497876e-03
7.283983642958823286e-03
7.255791650008197591e-03
7.230489356460447631e-03
7.203804443249131259e-03
7.176279137444780201e-03
7.136074569000319147e-03
7.090436910798304272e-03
7.045021948980005090e-03
6.999457372450294292e-03
6.952726128358843738e-03
6.905243718318437862e-03
6.858602619249498135e-03
6.822201897908689201e-03
6.781861842285180977e-03
6.727055818966589870e-03
6.673335929136095176e-03
6.621935272738380292e-03
6.573744822347053589e-03
6.530491896219492096e-03
6.486273879532649701e-03
6.441876225169508065e-03
6.393141439350487169e-03
6.340121481204264581e-03
6.289768147277603576e-03
6.239652039034004373e-03
6.190008722947927533e-03
6.142092939899892329e-03
6.095778754130432193e-03
6.049996541095019678e-03
6.010158735819622934e-03
5.970152935560303978e-03
5.931096741115243244e-03
5.892184174292862224e-03
5.854835659069884679e-03
5.820690220333117962e-03
5.790899095541893367e-03
5.763743837825256212e-03
5.735992146130308028e-03
5.704588625735997759e-03
5.673330518686737524e-03
5.648936701497493142e-03
5.624396268451164332e-03
5.599817300861588236e-03
5.575774484969681088e-03
5.552307089692132443e-03
5.529158087632127412e-03
5.506937860764951446e-03
5.484526618727504112e-03
5.462107510825829453e-03
5.439881864550270493e-03
5.422152163201082384e-03
5.406470210550938689e-03
5.390260066439989811e-03
5.373686457588693413e-03
5.356741128746809154e-03
5.341272093074781596e-03
5.326100994578105048e-03
5.311418799573194155e-03
5.297753818543630977e-03
5.284491693318745832e-03
5.266493375253991638e-03
5.246696385718048992e-03
5.224756150717979435e-03
5.201518527840311851e-03
5.181945588403315955e-03
5.159917650051919387e-03
5.136863934940249544e-03
5.115535000219080010e-03
5.093535501968481267e-03
5.072336935098195262e-03
5.049581823638073577e-03
5.022759178608463861e-03
4.995946460295699366e-03
4.970077190322138086e-03
4.944329672609073384e-03
4.918458174053110150e-03
4.892765980277172244e-03
4.867089162680623103e-03
4.840596724870253192e-03
4.814413229892554671e-03
4.788576286111416794e-03
4.763683169772168005e-03
4.739387862554646919e-03
4.715563747832996790e-03
4.691997426411098973e-03
4.668671919862294080e-03
4.645546162330723046e-03
4.622861707084465442e-03
4.598421591020507813e-03
4.574402965778047794e-03
4.550620290389649839e-03
4.527194705768552985e-03
4.503947519502457010e-03
4.481827832877523753e-03
4.460489184299272665e-03
4.439243149740355367e-03
4.418248740407282847e-03
4.397833984582016041e-03
4.378068162403926829e-03
4.358322846579675697e-03
4.339390292111076040e-03
4.320660968949696992e-03
4.301356583890775243e-03
4.281996101825701236e-03
4.262893034367653926e-03
4.244264919785810213e-03
4.226409955975373930e-03
4.209155725975008422e-03
4.192999690340866274e-03
4.177481821135888701e-03
4.162109854136240676e-03
4.146472184769060300e-03
4.131006022439944435e-03
4.115305351406059291e-03
4.097184071796518626e-03
4.079321002079139280e-03
4.062171404652923853e-03
4.044366545200994353e-03
4.025840694270282905e-03
4.008297989750057161e-03
3.990801795431102479e-03
3.971656583627496649e-03
3.952766325783734977e-03
3.934371889005928644e-03
3.916119841422701503e-03
3.897361302138280768e-03
3.875575395553453300e-03
3.853145543145601506e-03
3.831112550095597778e-03
3.808188835307478679e-03
3.785758158059329258e-03
3.764258471111546836e-03
3.744553201863154088e-03
3.726060443654766793e-03
3.708755848797000779e-03
3.694017647167627608e-03
3.680097865201516563e-03
3.667163415783531496e-03
3.654307035295079661e-03
3.642047457088084649e-03
3.629703989254908208e-03
3.616994676977554855e-03
3.604324528692472076e-03
3.591697213613112474e-03
3.579778674755998077e-03
3.568035834195556165e-03
3.556381926779752286e-03
3.544848424935537895e-03
3.534912950277850630e-03
3.526706219186836761e-03
3.516172834731456833e-03
3.505563526004263752e-03
3.495280939084518396e-03
3.485273478077418469e-03
3.475895615784012436e-03
3.466390415886736256e-03
3.457445145291470658e-03
3.449290304336933514e-03
3.441496415470856121e-03
3.432559255473225431e-03
3.423091370991293309e-03
3.412726464273239252e-03
3.402301256274234409e-03
3.391517382802110899e-03
3.380417020237158447e-03
3.369285723107129371e-03
3.358118981476683126e-03
3.347239497098731652e-03
3.337514274271652457e-03
3.328991889589606300e-03
3.321779627472297176e-03
3.315558932702900290e-03
3.309861106136810158e-03
3.303671547147443450e-03
3.296523988815206353e-03
3.289469369724307320e-03
3.284186622001665588e-03
3.279607286930783742e-03
3.275548464803048569e-03
3.271883916100062732e-03
3.268495882405185113e-03
3.265190374894961275e-03
3.261991298795580401e-03
3.258967296365807530e-03
3.256140787407449388e-03
3.253602686867844256e-03
3.251345459358566913e-03
3.249892018563586751e-03
3.249814325188143949e-03
3.249883693880587388e-03
3.250390900988892572e-03
3.251096233642979724e-03
3.253173672793664793e-03
3.256624586488151944e-03
3.261436526343633110e-03
3.266734185685828563e-03
3.271678521015973940e-03
3.276091213330671343e-03
3.279054340783298278e-03
3.280542855268660154e-03
3.282504144164889118e-03
3.285234559397599580e-03
3.288729110574797800e-03
3.293504517407483227e-03
3.300266083880006290e-03
3.309493072201411673e-03
3.321877591869160443e-03
3.337796292320132589e-03
3.355901986482112687e-03
3.377722213063021322e-03
3.404108159224334112e-03
3.435841726610837279e-03
3.472503855610947158e-03
3.515952649036070254e-03
3.562363567792037160e-03
3.612183569883549786e-03
3.667272074704068085e-03
3.725668674938961179e-03
3.791998885081640340e-03
3.865334048107203335e-03
3.946268335999760304e-03
4.028030466859199889e-03
4.106292298220498745e-03
4.189251458973470947e-03
4.262022489818865015e-03
4.330289265553501250e-03
4.390582509706214380e-03
4.448483036726078380e-03
4.506836990177800172e-03
4.569708011863463787e-03
4.631741295246667375e-03
4.696360531893746179e-03
4.767512845288915911e-03
4.837935097114541040e-03
4.909050734937763297e-03
4.978947281403803965e-03
5.051594502567987623e-03
5.120346774340248618e-03
5.185111268462776375e-03
5.248966905796249513e-03
5.315540307877611968e-03
5.384654395148355012e-03
5.453885805313442997e-03
5.518887357413912800e-03
5.584944602828278287e-03
5.650192847851927616e-03
5.717709155642302504e-03
5.781339146802868395e-03
5.842601008412405539e-03
5.905979105311062391e-03
5.971092516376447570e-03
6.036257716088514608e-03
6.101549591558706916e-03
6.166689222107818620e-03
6.216865008961856669e-03
6.262581847653686529e-03
6.307127424753641159e-03
6.351623721950021284e-03
6.396734656663096569e-03
6.440470118470965899e-03
6.484430999069832301e-03
6.528902861383757347e-03
6.574991244759150096e-03
6.620773982474194817e-03
6.667975087626536700e-03
6.716254652767427412e-03
6.764455989878587032e-03
6.813426183399013021e-03
6.854453022432146353e-03
6.894088066094344880e-03
6.933076238153248680e-03
6.970717921032944762e-03
7.008576696040004148e-03
7.045635945196353223e-03
7.083176357588896049e-03
7.123862461274548842e-03
7.165642043466684957e-03
7.208690825123703974e-03
7.242742464727104819e-03
7.275342798402394291e-03
7.308229530358625360e-03
7.341679011604929951e-03
7.376134592408562646e-03
7.409281888693388177e-03
7.444378072458017644e-03
7.483986357740900902e-03
7.522119857962274864e-03
7.559630495627245317e-03
7.597218094585610378e-03
7.632876743449409918e-03
7.667410994765803088e-03
7.699104050363432192e-03
7.725743769847473290e-03
7.753055981642343816e-03
7.781362353930345102e-03
7.810775322811612346e-03
7.840745901600134488e-03
7.869461462354088513e-03
7.892769275473296084e-03
7.916959748891193305e-03
7.943461711273958753e-03
7.967640604714170890e-03
7.999742657639950100e-03
8.038631062992294615e-03
8.077183148069617263e-03
8.115378769843832260e-03
8.153453766956222232e-03
8.189309053497684232e-03
8.219911862291394422e-03
8.251883406043748759e-03
8.281759338898282349e-03
8.311435395115212080e-03
8.343992647725898687e-03
8.382733952000587588e-03
8.422500131822200156e-03
8.465089815988320610e-03
8.511791146946195985e-03
8.561357685620290051e-03
8.610882724961001211e-03
8.661367408832314901e-03
8.712197896073317627e-03
8.759866357947933280e-03
8.797601511989118148e-03
8.833317054207260460e-03
8.864419614653690910e-03
8.886980871355615319e-03
8.908873627127809197e-03
8.930045036130930883e-03
8.951932016653762689e-03
8.975442962265999663e-03
9.000075188051166394e-03
9.025092200031736150e-03
9.049360791184546046e-03
9.075230109371671544e-03
9.103421575663014215e-03
9.135576430185494284e-03
9.171737080503566605e-03
9.207264845663445246e-03
9.242066424533734725e-03
9.277525564626701304e-03
9.314992549149983536e-03
9.356980016978931267e-03
9.401384252817219025e-03
9.446735504746332779e-03
9.494021972741829851e-03
9.543421457791819926e-03
9.591725105895052006e-03
9.641810249690021054e-03
9.693219445268748402e-03
9.746291750766970102e-03
9.801152533374870787e-03
9.856367294311415075e-03
9.911646844391174688e-03
9.967444679994512738e-03
1.002446346366692512e-02
1.008281665962955896e-02
1.013943956560754527e-02
1.019659700989571614e-02
1.025547628075446777e-02
1.031806551205733356e-02
1.038301783851286811e-02
1.045038382630840944e-02
1.051978271351632771e-02
1.059113838242757219e-02
1.066348583215982748e-02
1.073745031433152169e-02
1.081496194741965282e-02
1.089381401159902375e-02
1.097272220483682011e-02
1.105267244950565268e-02
1.113564442647463348e-02
1.122040975211211454e-02
1.130647212254948762e-02
1.139471650191926921e-02
1.148446663489895332e-02
1.157716634270845348e-02
1.167335421486109109e-02
1.177256295260496917e-02
1.187359766395923444e-02
1.197877189486526613e-02
1.208832757252238307e-02
1.220519577037052633e-02
1.233146229004426601e-02
1.246916241670692829e-02
1.261736605472552585e-02
1.278032887044756004e-02
1.296640047946470697e-02
1.317222426057056139e-02
1.340472877637717032e-02
1.366439287849356005e-02
1.392365328228099830e-02
1.421679372475932387e-02
1.455731006350946370e-02
1.495670516348156925e-02
1.542566741502821200e-02
1.595868863322912057e-02
1.661611384086337725e-02
1.743933277958064840e-02
1.845249960278217902e-02
1.974201409327043522e-02
2.136174708613710130e-02
2.328413078357388644e-02
2.564072620132691258e-02
