1.331804716284643204e-02
1.328217360244367956e-02
1.324591768777502905e-02
1.320914156949353803e-02
1.317202861512121494e-02
1.313458217645835195e-02
1.309665944795980475e-02
1.305836482159400402e-02
1.301958779085192648e-02
1.298045650622004811e-02
1.294082227262814168e-02
1.290107113557811824e-02
1.286082374816800190e-02
1.281986560162551303e-02
1.277851129182825188e-02
1.273686812471153292e-02
1.269479202018869608e-02
1.265233532740157874e-02
1.260964519371853172e-02
1.256666658059714219e-02
1.252338303888269819e-02
1.247992973553360696e-02
1.243640640418763703e-02
1.239291252163731392e-02
1.234928921047518530e-02
1.230570133566970953e-02
1.226246910347266773e-02
1.221922680802400851e-02
1.217596130015696949e-02
1.213255965187147803e-02
1.208890100301144785e-02
1.204484430289582374e-02
1.200024863494404508e-02
1.195528641424640874e-02
1.190979836771844172e-02
1.186360985361529369e-02
1.181679529164196725e-02
1.176945735488219708e-02
1.172167201998280256e-02
1.167326746068837219e-02
1.162409278172025530e-02
1.157433955340429407e-02
1.152411418546882456e-02
1.147339730604360168e-02
1.142223446683498025e-02
1.137042017358324761e-02
1.131786881433860179e-02
1.126498863985374299e-02
1.121181887272847469e-02
1.115849830731194779e-02
1.110541998790988936e-02
1.105246004176560840e-02
1.099971447125822413e-02
1.094729424931071421e-02
1.089546467636499233e-02
1.084403141798447913e-02
1.079294989103119808e-02
1.074216333517433175e-02
1.069165443725603355e-02
1.064146462399456067e-02
1.059152835394073372e-02
1.054207316171344375e-02
1.049301689978474235e-02
1.044453481817911311e-02
1.039663208407521494e-02
1.034937530156672045e-02
1.030287532038776099e-02
1.025697464921644826e-02
1.021158566042939739e-02
1.016675200162564692e-02
1.012260860050417585e-02
1.007899595090237972e-02
1.003589241504205393e-02
9.993313928088701573e-03
9.951178697209416696e-03
9.909382106514978694e-03
9.868092535126500586e-03
9.827305242651880948e-03
9.786888074484306407e-03
9.746783973043024810e-03
9.706941690566852146e-03
9.667377641470780575e-03
9.628124092018892563e-03
9.589253763278687490e-03
9.550671666128955975e-03
9.512429365989739580e-03
9.474561133761376375e-03
9.437037531616138814e-03
9.399778339528614551e-03
9.362853023223342494e-03
9.326275055469481629e-03
9.290058875218517795e-03
9.254165620283191090e-03
9.218569628966374885e-03
9.183235095136660364e-03
9.148087185043058192e-03
9.113151499396034833e-03
9.078574028730305306e-03
9.044286115994813052e-03
9.010307838045461537e-03
8.976540128778928360e-03
8.943061889564219574e-03
8.909848811455520559e-03
8.876910329136875749e-03
8.844248068118822081e-03
8.811912260038383057e-03
8.779906137908757846e-03
8.748165311584019457e-03
8.716628012624232091e-03
8.685275339727344460e-03
8.654178677776791506e-03
8.623418022059743671e-03
8.592894156407284920e-03
8.562645775173315099e-03
8.532691883625329390e-03
8.503012148475333487e-03
8.473577013763961691e-03
8.444366202147675360e-03
8.415339832913997301e-03
8.386599931699909721e-03
8.358173061076322810e-03
8.330015501052551521e-03
8.302191330598502131e-03
8.274697470848357828e-03
8.247491906796708058e-03
8.220583822698135368e-03
8.194106792539887496e-03
8.168107741713778042e-03
8.142448751293317535e-03
8.117072735365370509e-03
8.091992583244058193e-03
8.067179478253163477e-03
8.042632950267190536e-03
8.018350636173185789e-03
7.994332519163798584e-03
7.970610949299744216e-03
7.947158517640150535e-03
7.924010766681189449e-03
7.901119913616260620e-03
7.878470495686353339e-03
7.856097200373899150e-03
7.833985733270595192e-03
7.812166354323528579e-03
7.790666164178811082e-03
7.769490724147376168e-03
7.748599286497763125e-03
7.727918799778054834e-03
7.707415998167248088e-03
7.687092610901218037e-03
7.666914029011852316e-03
7.646892626307932352e-03
7.627021351627287504e-03
7.607336417118805774e-03
7.587884942899417000e-03
7.568606821815356510e-03
7.549497858512772656e-03
7.530577679890883280e-03
7.511891768550836394e-03
7.493398551520444838e-03
7.475050632802186096e-03
7.456798157723814637e-03
7.438634599032166277e-03
7.420581717919395685e-03
7.402715896813438431e-03
7.384990885257508055e-03
7.367390980387639697e-03
7.349965188585277573e-03
7.332712497567939018e-03
7.315596053386193634e-03
7.298611506058597792e-03
7.281783746305268458e-03
7.265091861224854883e-03
7.248598990256578320e-03
7.232237023548573548e-03
7.215985497435855808e-03
7.199857334847237222e-03
7.183850333780188689e-03
7.167966315430783497e-03
7.152178928520470068e-03
7.136424233820425414e-03
7.120664064247229572e-03
7.104835678215568225e-03
7.088920557630895743e-03
7.073006326394970684e-03
7.057148645157922812e-03
7.041355667643870754e-03
7.025583562933642584e-03
7.009837353302552677e-03
6.994214903128631242e-03
6.978680581076869907e-03
6.963192866758068089e-03
6.947820890710249865e-03
6.932585256339481548e-03
6.917395076477580139e-03
6.902287354179151291e-03
6.887264269837278102e-03
6.872321096025531088e-03
6.857473622525866140e-03
6.842680800995419588e-03
6.827962771437698364e-03
6.813282751454547391e-03
6.798638360885563697e-03
6.784072048845909454e-03
6.769561152789435945e-03
6.755177800724408883e-03
6.740838657983958850e-03
6.726593406844975573e-03
6.712457993157636658e-03
6.698382486616635996e-03
6.684395364869991953e-03
6.670439332873156352e-03
6.656518003485367534e-03
6.642628312727311309e-03
6.628802972257758289e-03
6.615036525211428521e-03
6.601362221322295068e-03
6.587795938730936322e-03
6.574329489378225727e-03
6.560963034374587763e-03
6.547701571264525656e-03
6.534552096226177095e-03
6.521515732470514227e-03
6.508680355289183685e-03
6.495948511363835477e-03
6.483388678147021696e-03
6.470958751314291775e-03
6.458633453576552268e-03
6.446467161502641117e-03
6.434415726754638860e-03
6.422522656590238729e-03
6.410679212518168718e-03
6.398820536187844500e-03
6.386927670112654311e-03
6.374956782653114391e-03
6.362865883534627072e-03
6.350634519416722273e-03
6.338262847328039219e-03
6.325851943050361283e-03
6.313477690073531802e-03
6.301104621534438580e-03
6.288747400162386647e-03
6.276373409140062129e-03
6.264052991535504732e-03
6.251742459051886150e-03
6.239394263705249147e-03
6.227044010659160342e-03
6.214696145696939344e-03
6.202347950110197530e-03
6.189994104373687522e-03
6.177614192363207503e-03
6.165264499241870227e-03
6.152926198620370553e-03
6.140579892899717881e-03
6.128265177787807841e-03
6.115947932690001670e-03
6.103615373938361781e-03
6.091265082715585470e-03
6.078903892408650533e-03
6.066498301653595361e-03
6.054091728869280195e-03
6.041679633190822143e-03
6.029198520303878477e-03
6.016613971403457321e-03
6.003964652030864720e-03
5.991273928239761182e-03
5.978442069796524941e-03
5.965502798241361163e-03
5.952471428668733300e-03
5.939395128736351531e-03
5.926300770510412215e-03
5.913131898593388357e-03
5.899957544359959831e-03
5.886825417624821921e-03
5.873718134789335937e-03
5.860618220294665053e-03
5.847516650516445050e-03
5.834420607954255399e-03
5.821294288397524906e-03
5.808147983704983405e-03
5.795013986072047700e-03
5.781835973359440717e-03
5.768623706313737165e-03
5.755396546037972946e-03
5.742154841404645792e-03
5.728871910510685041e-03
5.715566324513828185e-03
5.702239102419499536e-03
5.688892350908562705e-03
5.675558574669316292e-03
5.662216383231656776e-03
5.648872821034818352e-03
5.635547315931012553e-03
5.622219822998296597e-03
5.608866606661483747e-03
5.595515844917612128e-03
5.582139092532829340e-03
5.568744103456508589e-03
5.555326754846490189e-03
5.541907430412808255e-03
5.528454543388401470e-03
5.514976678005567914e-03
5.501485237808974305e-03
5.487972736566273067e-03
5.474454117209248509e-03
5.460905158190291001e-03
5.447345603579836423e-03
5.433745765360794948e-03
5.420122531074972501e-03
5.406482562914515129e-03
5.392866457584868933e-03
5.379297262280318889e-03
5.365748218744416723e-03
5.352222269463370249e-03
5.338746135717462558e-03
5.325305732229800894e-03
5.311900453695799287e-03
5.298538469206292081e-03
5.285224938376626228e-03
5.271942816636358310e-03
5.258683980274488426e-03
5.245467818486332715e-03
5.232300002070685262e-03
5.219155149172745832e-03
5.206009725065120948e-03
5.192894002660569663e-03
5.179830008947425984e-03
5.166807377634426157e-03
5.153782122934704064e-03
5.140749697620594985e-03
5.127679125511933750e-03
5.114545135442303929e-03
5.101395592934462701e-03
5.088150833926021605e-03
5.074881998633464820e-03
5.061550491386029686e-03
5.048139028828895966e-03
5.034672038039515567e-03
5.021172535118580485e-03
5.007681964462076113e-03
4.994170720408911378e-03
4.980676754788416517e-03
4.967197169053590156e-03
4.953704657148536722e-03
4.940220232338476958e-03
4.926698963423290119e-03
4.913155908705193337e-03
4.899615181684568825e-03
4.886017897101761244e-03
4.872371828714800249e-03
4.858658851961161415e-03
4.844931779005854852e-03
4.831179795761876214e-03
4.817365166134198080e-03
4.803498441054794045e-03
4.789578191298928152e-03
4.775629925856973539e-03
4.761627376766800097e-03
4.747574522567486743e-03
4.733468223766713716e-03
4.719309342101160425e-03
4.705117174565839194e-03
4.690881131091668814e-03
4.676636340473986318e-03
4.662373100551829054e-03
4.648087371199195045e-03
4.633799748739054342e-03
4.619500999935416928e-03
4.605163293382746707e-03
4.590773321263991354e-03
4.576343086665885483e-03
4.561905427062195283e-03
4.547448156406211708e-03
4.532971076131138075e-03
4.518487769934617648e-03
4.503987252654867608e-03
4.489478678533347436e-03
4.474956877750249640e-03
4.460417958444382394e-03
4.445846076690119358e-03
4.431246311427545874e-03
4.416649696822171935e-03
4.402048329699400145e-03
4.387441176647509725e-03
4.372806081021488912e-03
4.358143211495068073e-03
4.343480348931690223e-03
4.328791793217439884e-03
4.314081655429333195e-03
4.299340477232984487e-03
4.284584152495849417e-03
4.269811070473846469e-03
4.255027814724750973e-03
4.240247333388394088e-03
4.225452683698830390e-03
4.210649901294332906e-03
4.195818071712865277e-03
4.180967659088464204e-03
4.166106679805212272e-03
4.151244030712061481e-03
4.136370599345812887e-03
4.121481005314613956e-03
4.106595376616723261e-03
4.091717613156849002e-03
4.076838056233024477e-03
4.061949236780405641e-03
4.047060780006319844e-03
4.032155395112690770e-03
4.017230846962508047e-03
4.002290252598276858e-03
3.987311201463997722e-03
3.972300954933730838e-03
3.957272892495855392e-03
3.942221611668864090e-03
3.927143580628942622e-03
3.912048046658219390e-03
3.896935314449882174e-03
3.881818517024575050e-03
3.866691275153840042e-03
3.851566261216969340e-03
3.836429572656941105e-03
3.821269649380659456e-03
3.806114764946934119e-03
3.790970339244881162e-03
3.775829682110127573e-03
3.760707574523667208e-03
3.745610255132509649e-03
3.730523779721422756e-03
3.715449151328850935e-03
3.700385449632506187e-03
3.685321490183493705e-03
3.670246398388360767e-03
3.655188490064388562e-03
3.640136724465496253e-03
3.625092190347595656e-03
3.610054262597440014e-03
3.595017011583096726e-03
3.579976502824742685e-03
3.564910926749077780e-03
3.549868815170106190e-03
3.534828602040976809e-03
3.519779734628926491e-03
3.504739490346178796e-03
3.489678331901528794e-03
3.474617667412794025e-03
3.459553102479115232e-03
3.444485891228689974e-03
3.429423647629702056e-03
3.414365510185577747e-03
3.399298119516726193e-03
3.384221155143060916e-03
3.369142533084795808e-03
3.354056459669427746e-03
3.338970552766844582e-03
3.323863296752235449e-03
3.308776322523107865e-03
3.293685661722522886e-03
3.278601313521272223e-03
3.263517942727261773e-03
3.248436432326457565e-03
3.233350561859801159e-03
3.218270371616058310e-03
3.203196797284232292e-03
3.188103761485499080e-03
3.173007903793272251e-03
3.157924460367513095e-03
3.142848728812731689e-03
3.127779171136648058e-03
3.112712484335467683e-03
3.097657665321880676e-03
3.082604786776502095e-03
3.067562531464702782e-03
3.052516754023326326e-03
3.037460049135394611e-03
3.022410955544477858e-03
3.007366270520614188e-03
2.992323061061742326e-03
2.977287255479219279e-03
2.962250319272483057e-03
2.947208959402094867e-03
2.932165877108809226e-03
2.917116513880029655e-03
2.902054798031729940e-03
2.886972150403826348e-03
2.871900222531693306e-03
2.856830196560910650e-03
2.841738686944294753e-03
2.826644263519008382e-03
2.811561485679187154e-03
2.796496310278663751e-03
2.781448596300797101e-03
2.766405154750475014e-03
2.751380023783991154e-03
2.736362766069026786e-03
2.721345863484295365e-03
2.706343672205102722e-03
2.691359037385109270e-03
2.676389096508064499e-03
2.661432947507161740e-03
2.646482972242394580e-03
2.631532405989297097e-03
