1.386587196284960570e-02
1.385075288895382985e-02
1.383479841148714529e-02
1.381803309566368050e-02
1.380075494041185964e-02
1.378277170451898750e-02
1.376428568961380640e-02
1.374505795296233901e-02
1.372506188758630327e-02
1.370424679711273498e-02
1.368254397858102538e-02
1.366022606665666557e-02
1.363718799248090502e-02
1.361346367139892183e-02
1.358889408711672596e-02
1.356385286368477945e-02
1.353824484146541260e-02
1.351187545211653823e-02
1.348486395284497624e-02
1.345718348247918784e-02
1.342881105864365994e-02
1.339993016540685401e-02
1.337045870464508013e-02
1.334040966944657729e-02
1.330985338626492626e-02
1.327870865647311563e-02
1.324637840571313285e-02
1.321199098756892232e-02
1.317572540994457232e-02
1.313783305011723308e-02
1.309848459569033438e-02
1.305787188268453178e-02
1.301596297648277382e-02
1.297296307524394531e-02
1.292881620134369094e-02
1.288342588350188146e-02
1.283697788853445029e-02
1.278990873748742270e-02
1.274204565724345976e-02
1.269342280269235811e-02
1.264409333604084480e-02
1.259430963490299100e-02
1.254443800404126882e-02
1.249467982677556627e-02
1.244497949213367420e-02
1.239532127557787210e-02
1.234580667923937218e-02
1.229646015275621604e-02
1.224731058413207688e-02
1.219836638325978891e-02
1.214954606826156719e-02
1.210091482404671709e-02
1.205249107774112281e-02
1.200422640702166442e-02
1.195618240927425607e-02
1.190842232148694134e-02
1.186095812503217863e-02
1.181371561474754694e-02
1.176647461571498840e-02
1.171937086561026381e-02
1.167244742482855500e-02
1.162572377868609404e-02
1.157919505476389527e-02
1.153292965491875890e-02
1.148696874132536759e-02
1.144135448534554581e-02
1.139592316550503033e-02
1.135070037926798683e-02
1.130567737371909916e-02
1.126095488097647937e-02
1.121645618119331694e-02
1.117222729448902677e-02
1.112823281613032830e-02
1.108446312125864301e-02
1.104096405002429060e-02
1.099767231085558260e-02
1.095465047440151440e-02
1.091185608888330799e-02
1.086927687733973101e-02
1.082702944892949444e-02
1.078509299455209132e-02
1.074344854769753235e-02
1.070201816744965374e-02
1.066082317944815235e-02
1.061991110669385958e-02
1.057925412861605678e-02
1.053884339045645449e-02
1.049865919152882972e-02
1.045867319297938240e-02
1.041896165426887608e-02
1.037954925104304753e-02
1.034041059336023548e-02
1.030154509248434359e-02
1.026296207925468142e-02
1.022472569312057357e-02
1.018679410940484184e-02
1.014916621167132223e-02
1.011178798024427519e-02
1.007468223666927072e-02
1.003789935729429601e-02
1.000144644043511437e-02
9.965242953062614095e-03
9.929319451207939753e-03
9.893676043689609775e-03
9.858210481905783570e-03
9.823078187651516566e-03
9.788236589517418026e-03
9.753640673955383741e-03
9.719336184155642419e-03
9.685251026453595147e-03
9.651364237240384406e-03
9.617671516789366021e-03
9.584054108868719432e-03
9.550568817094659893e-03
9.517157607364632593e-03
9.483834532613918261e-03
9.450579416772823468e-03
9.417406823037830291e-03
9.384276068977438767e-03
9.351173947790121510e-03
9.318201410974912002e-03
9.285291357265591447e-03
9.252478295037757858e-03
9.219736750294414349e-03
9.187003706997943706e-03
9.154377902609036124e-03
9.121758574665954356e-03
9.089204706643082624e-03
9.056737230759316637e-03
9.024366621494760848e-03
8.992104050186579614e-03
8.959860844040851147e-03
8.927716727272114530e-03
8.895677407621011001e-03
8.863706487734041364e-03
8.831797824945267217e-03
8.799991598749305408e-03
8.768266471299251616e-03
8.736633376066147566e-03
8.705090657404110713e-03
8.673640904635876447e-03
8.642328527227249174e-03
8.611146573697710943e-03
8.580053773228447228e-03
8.549082572921164885e-03
8.518222353901956992e-03
8.487421251938841518e-03
8.456697974749047969e-03
8.426117064968464965e-03
8.395624466299735772e-03
8.365235724096239944e-03
8.334957644049581504e-03
8.304773334177194266e-03
8.274730904123344874e-03
8.244857186023862514e-03
8.215112747116346328e-03
8.185559487699802655e-03
8.156141463196530175e-03
8.126926329777444530e-03
8.097921620683613125e-03
8.069110409752297194e-03
8.040524222266779916e-03
8.012091961716783298e-03
7.983854961003480216e-03
7.955856323770441746e-03
7.928052212895419712e-03
7.900408553881788781e-03
7.872969447876215776e-03
7.845712196451519460e-03
7.818619858098757591e-03
7.791681672689208978e-03
7.764948570429227107e-03
7.738378685485908237e-03
7.711946707787592330e-03
7.685693096897074951e-03
7.659609689681471170e-03
7.633699885324421279e-03
7.607958706424967736e-03
7.582388221232545106e-03
7.556982323702827846e-03
7.531764837069816060e-03
7.506745323760953374e-03
7.481877984432862110e-03
7.457169167878873600e-03
7.432580862255335971e-03
7.408080258080917795e-03
7.383636241629557354e-03
7.359259614534472728e-03
7.335036701969528151e-03
7.310883754132498427e-03
7.286821402596242551e-03
7.262916716888244417e-03
7.239173008300263043e-03
7.215590360538851403e-03
7.192165965249130120e-03
7.168944662636879406e-03
7.145866887292778163e-03
7.122895008237992501e-03
7.100020255815900003e-03
7.077222864990863858e-03
7.054500456927258190e-03
7.031854266471139134e-03
7.009279048709355329e-03
6.986782503772916153e-03
6.964351641102221359e-03
6.942000511714274506e-03
6.919695561313805345e-03
6.897481337133655639e-03
6.875343019626023802e-03
6.853262133010590978e-03
6.831198417050791602e-03
6.809169803783121123e-03
6.787195134506517243e-03
6.765251893029939831e-03
6.743341837714185265e-03
6.721447616539422132e-03
6.699563478516622553e-03
6.677696741168090769e-03
6.655912263470735619e-03
6.634212414145641834e-03
6.612539905822473196e-03
6.590883299651869795e-03
6.569219071127595407e-03
6.547542575233468443e-03
6.525854918814273133e-03
6.504197566783396882e-03
6.482533069351818951e-03
6.460883986830907519e-03
6.439250176919520362e-03
6.417641204660932269e-03
6.396031448525346143e-03
6.374411925055646633e-03
6.352807616472827892e-03
6.331234049121906883e-03
6.309657263079601272e-03
6.288111439917171142e-03
6.266576137796615528e-03
6.245018648382022301e-03
6.223491984603434640e-03
6.202010816731965900e-03
6.180596535454285084e-03
6.159252416312476289e-03
6.137980576907961852e-03
6.116777734025558542e-03
6.095670370500623318e-03
6.074629408769017559e-03
6.053640292261028635e-03
6.032740177967127991e-03
6.011895327263237082e-03
5.991143124368243124e-03
5.970453859210358809e-03
5.949848351179021395e-03
5.929339758944493673e-03
5.908896931461543600e-03
5.888494222611572598e-03
5.868135189399953204e-03
5.847868533346039198e-03
5.827672000190550587e-03
5.807544496865404277e-03
5.787488236013839903e-03
5.767520054162831276e-03
5.747608722838581062e-03
5.727712512928894058e-03
5.707878157453998187e-03
5.688111989861024780e-03
5.668364593462749818e-03
5.648637019473977741e-03
5.628938450154887321e-03
5.609303615005889476e-03
5.589692882287125575e-03
5.570122805144005554e-03
5.550609332639643012e-03
5.531141258384754400e-03
5.511738031945901187e-03
5.492382080527214751e-03
5.473083101009790057e-03
5.453834249685296162e-03
5.434615012867607432e-03
5.415425847803773986e-03
5.396243036590542448e-03
5.377055957040619005e-03
5.357896710966179171e-03
5.338740147512401404e-03
5.319587211517011124e-03
5.300445722392859056e-03
5.281320192620750018e-03
5.262204075650619810e-03
5.243091410006337980e-03
5.223962056588605726e-03
5.204820018488970530e-03
5.185668206951620819e-03
5.166518591316200150e-03
5.147381886370376754e-03
5.128259317368832199e-03
5.109156186075420811e-03
5.090077651952854693e-03
5.071016016788399902e-03
5.051955746912715171e-03
5.032920437633829971e-03
5.013897971381744804e-03
4.994901262682607812e-03
4.975962860655489158e-03
4.957055339545579295e-03
4.938194322483597035e-03
4.919352094229566090e-03
4.900561572908950642e-03
4.881807704072430726e-03
4.863085370459348591e-03
4.844357559996203579e-03
4.825663458859844220e-03
4.806906938792620577e-03
4.788096280988535756e-03
4.769243130249949982e-03
4.750328405667916636e-03
4.731342180691481235e-03
4.712337520044117614e-03
4.693323994000760287e-03
4.674328098127137655e-03
4.655341843155854503e-03
4.636377253707756746e-03
4.617429699240918790e-03
4.598495509397344805e-03
4.579584680309060213e-03
4.560694536330949823e-03
4.541837118650781865e-03
4.523022904190102805e-03
4.504248727184484262e-03
4.485521446688458917e-03
4.466846147962366328e-03
4.448194900483438616e-03
4.429602650778764576e-03
4.411071464656336760e-03
4.392577941338671882e-03
4.374109512461098019e-03
4.355685784278382454e-03
4.337312048788614059e-03
4.318987891121186216e-03
4.300701309325776454e-03
4.282455533952195942e-03
4.264261623246567295e-03
4.246134466512154794e-03
4.228056666736852362e-03
4.209998583081167936e-03
4.191966028006129628e-03
4.173969789368250916e-03
4.155999429919406130e-03
4.138067988088881162e-03
4.120157961185046645e-03
4.102271097715739362e-03
4.084402846224289424e-03
4.066569540300791000e-03
4.048769409377242848e-03
4.031004018243035045e-03
4.013270198953882220e-03
3.995556171904995381e-03
3.977885217458495236e-03
3.960264216380300628e-03
3.942678967243193333e-03
3.925123476745112985e-03
3.907602997733895973e-03
3.890108041635692918e-03
3.872640026491842250e-03
3.855213893311844331e-03
3.837827117819934183e-03
3.820478681935151125e-03
3.803157915426127415e-03
3.785864290592797551e-03
3.768607577123519320e-03
3.751404362605462867e-03
3.734253705950256897e-03
3.717124976837189298e-03
3.700032207274901470e-03
3.682996387379322209e-03
3.666015257771053533e-03
3.649128141086063152e-03
3.632298641191577214e-03
3.615558964009795654e-03
3.598904738750693423e-03
3.582327941181947650e-03
3.565876735705859023e-03
3.549560192363507283e-03
3.533423753873473575e-03
3.517416379379805988e-03
3.501515285353659288e-03
3.485714771596702764e-03
3.470041975119733321e-03
3.454560090577945500e-03
3.439254614677359888e-03
3.424046580224584125e-03
3.408948091754066771e-03
3.393930351246680476e-03
3.379017165849071240e-03
3.364197610853228437e-03
3.349466315524586221e-03
3.334805848452876247e-03
3.320208758185309080e-03
3.305669274375718555e-03
3.291196034668517328e-03
3.276782423848108305e-03
3.262438310873591509e-03
3.248149997298222826e-03
3.233938774843108949e-03
3.219798773629758623e-03
3.205721162529548331e-03
3.191695373154084057e-03
3.177712460237367385e-03
3.163772492226945426e-03
3.149880315950271022e-03
3.136046581496822021e-03
3.122264095857793954e-03
3.108528343980147910e-03
3.094814997120773955e-03
3.081145352668410078e-03
3.067520627594276256e-03
3.053933461040488767e-03
3.040384196945070637e-03
3.026878048351647546e-03
3.013421984528381198e-03
3.000007461128788647e-03
2.986638498944866986e-03
2.973313618986442829e-03
2.960036250301213874e-03
2.946812264773140087e-03
2.933647690908991208e-03
2.920535108863921928e-03
2.907455357858980925e-03
2.894421865340944620e-03
2.881444916839810168e-03
2.868526317321741081e-03
2.855661509422651855e-03
2.842842113527941760e-03
2.830062686052183755e-03
2.817320213777425777e-03
2.804632699563755927e-03
2.791981781746430847e-03
2.779374945239063057e-03
2.766797862051868350e-03
2.754254155588698426e-03
2.741745987985479312e-03
2.729273191109749929e-03
2.716830623221045456e-03
2.704412778738773341e-03
2.692024011798841310e-03
2.679672103622984455e-03
2.667358570128171985e-03
2.655084339694202284e-03
2.642839646970633442e-03
2.630625323420768616e-03
2.618446732411253142e-03
2.606302991862477578e-03
2.594199494460180423e-03
2.582135072890308965e-03
2.570115620399434503e-03
2.558142491856605586e-03
2.546217022315959769e-03
2.534344211478404239e-03
2.522522099150074134e-03
2.510749672765049019e-03
2.499022255383123552e-03
2.487344164682077710e-03
2.475707138334580070e-03
2.464122293083246488e-03
2.452602013258221685e-03
2.441141694018107711e-03
2.429730981101979343e-03
2.418365481844934189e-03
2.407035559257480681e-03
2.395752017904744652e-03
2.384525521380426866e-03
2.373350856063237858e-03
2.362222207497580943e-03
2.351140783063301529e-03
2.340093930547485108e-03
2.329090850324930500e-03
2.318142071143311760e-03
2.307248784752889866e-03
2.296422092299396211e-03
2.285650781824009360e-03
2.274930665361409293e-03
2.264258876038421821e-03
2.253631087348840264e-03
2.243045018049288561e-03
2.232494422497324250e-03
2.221989584697043555e-03
2.211532407839019929e-03
2.201124988205664049e-03
2.190768038534303408e-03
2.180470449594481760e-03
2.170220440854970199e-03
2.160008363500546223e-03
2.149836396255855406e-03
2.139713154312772314e-03
2.129631818835147142e-03
2.119598025377616556e-03
2.109611797122971748e-03
2.099682091146593595e-03
2.089800243787460869e-03
2.079971068630190410e-03
2.070194845650315425e-03
2.060461963308187969e-03
