8.937009625702159454e-03
9.010347087778890207e-03
9.083216835915597018e-03
9.155626799861699486e-03
9.227574767868547065e-03
9.298991196740121964e-03
9.369693680786840215e-03
9.439574007053462903e-03
9.508526735773266750e-03
9.576464955218251529e-03
9.643627110938930019e-03
9.710103633473255932e-03
9.775819824110791589e-03
9.840710003805928571e-03
9.904988690724746483e-03
9.968706103125269530e-03
1.003179056140983925e-02
1.009424989800465633e-02
1.015612127834497960e-02
1.021746067374689794e-02
1.027820033207557313e-02
1.033843545532293386e-02
1.039814588607118964e-02
1.045727568439884340e-02
1.051576061802750317e-02
1.057348859153801023e-02
1.063060420525835381e-02
1.068719011590351861e-02
1.074300759589494857e-02
1.079801616766845780e-02
1.085223973401605937e-02
1.090552835648349664e-02
1.095787850474946694e-02
1.100911950842098884e-02
1.105923430140059831e-02
1.110802635985296861e-02
1.115553978689383038e-02
1.120183122777640428e-02
1.124677004072929462e-02
1.129038496174117161e-02
1.133248489143808685e-02
1.137308218411324512e-02
1.141224187993240997e-02
1.144998816005292699e-02
1.148628626124868074e-02
1.152133253468477260e-02
1.155534096534254276e-02
1.158821572438481495e-02
1.162002765212729292e-02
1.165076721141770390e-02
1.168048854954663492e-02
1.170916280076111926e-02
1.173691859286979909e-02
1.176365004448875866e-02
1.178937433682894498e-02
1.181385608531206922e-02
1.183497726668802930e-02
1.185147116850024905e-02
1.186192480463268278e-02
1.186692277421199163e-02
1.186939062891410185e-02
1.187069972353980291e-02
1.187098935325513541e-02
1.187027701740286066e-02
1.186868235185867433e-02
1.186616061985943174e-02
1.186276626066536978e-02
1.185863417890954848e-02
1.185378607400721512e-02
1.184827524507186397e-02
1.184212355791005276e-02
1.183537140950652843e-02
1.182795074162923746e-02
1.181974962786654614e-02
1.181088473835217346e-02
1.180136262095046740e-02
1.179116021005840488e-02
1.178025497221120953e-02
1.176863311472034837e-02
1.175626346537721016e-02
1.174311882548139709e-02
1.172917154111099980e-02
1.171456549889040265e-02
1.169923249303298635e-02
1.168328241715088124e-02
1.166661514448795629e-02
1.164931069723010651e-02
1.163144520044850395e-02
1.161313154960102838e-02
1.159439463640917801e-02
1.157534058451843012e-02
1.155603174881088269e-02
1.153639967705241166e-02
1.151649459168698798e-02
1.149643996762505019e-02
1.147622597469818463e-02
1.145606209171801983e-02
1.143595778205954740e-02
1.141583060824664930e-02
1.139566820709098788e-02
1.137544085786035102e-02
1.135515758571361937e-02
1.133488263234756072e-02
1.131433740899982776e-02
1.129367514715522505e-02
1.127292305938008832e-02
1.125210199194177051e-02
1.123111852632250642e-02
1.120999703623310785e-02
1.118876839144767286e-02
1.116743792590652040e-02
1.114601129822232785e-02
1.112448215125285897e-02
1.110277028857226123e-02
1.108090693680643599e-02
1.105884869817136754e-02
1.103663560495135067e-02
1.101423334757204754e-02
1.099160417116482567e-02
1.096889834042602194e-02
1.094615152928639888e-02
1.092329800219008981e-02
1.090026739549587384e-02
1.087704935657708358e-02
1.085370021438647296e-02
1.083026323197295443e-02
1.080679294801296063e-02
1.078323617693675678e-02
1.075959660577695438e-02
1.073583016542862395e-02
1.071189279463548132e-02
1.068786912457040522e-02
1.066371290577440220e-02
1.063940457549548448e-02
1.061500711964694435e-02
1.059048786823674725e-02
1.056582898730816164e-02
1.054097483649637200e-02
1.051600160549307286e-02
1.049093853312357133e-02
1.046579189621228007e-02
1.044047251895823848e-02
1.041494983559160259e-02
1.038925652342980940e-02
1.036338316278867001e-02
1.033738193330303000e-02
1.031117266837189468e-02
1.028473354561787977e-02
1.025814133579416171e-02
1.023132157983564980e-02
1.020437003594170181e-02
1.017733581335655835e-02
1.015019860710787529e-02
1.012297592124760011e-02
1.009571668842542368e-02
1.006846476897227567e-02
1.004110717847894393e-02
1.001375822960729085e-02
9.986378127363771187e-03
9.958877296712931662e-03
9.931258815109152149e-03
9.903468809441247009e-03
9.875447653278343618e-03
9.847199398876755466e-03
9.818686484182936880e-03
9.789874032165388901e-03
9.760871753301147979e-03
9.731680373851660931e-03
9.702268613558606702e-03
9.672622264540041426e-03
9.642815817255645863e-03
9.612859431516995387e-03
9.582801545247413358e-03
9.552641428784380134e-03
9.522466594800608336e-03
9.492221690715002894e-03
9.461983859568211946e-03
9.431734170685934782e-03
9.401519232995184452e-03
9.371272090213907460e-03
9.340904307976637816e-03
9.310536990379255501e-03
9.280202127197743206e-03
9.249899434834334133e-03
9.219554906044367601e-03
9.189201019836142417e-03
9.158782119885931772e-03
9.128411509257999823e-03
9.097950193127857937e-03
9.067436468444007441e-03
9.036825822129734148e-03
9.006109902440044557e-03
8.975401522160407833e-03
8.944629898008624874e-03
8.913889088690408677e-03
8.883059310775504730e-03
8.852128393629045064e-03
8.821001769691378530e-03
8.789746864070394419e-03
8.758452531295778110e-03
8.727063682239341591e-03
8.695535853270843635e-03
8.663860105566516256e-03
8.632072084017129374e-03
8.600203320037698440e-03
8.568309673755143338e-03
8.536367114444514195e-03
8.504385843515215732e-03
8.472334379260327772e-03
8.440169126109939302e-03
8.407983079539755808e-03
8.375690230939392480e-03
8.343310426920231421e-03
8.310904778092235642e-03
8.278442415727798112e-03
8.245916205930277007e-03
8.213297246581314007e-03
8.180630468567253941e-03
8.147827018012459427e-03
8.114933667619044638e-03
8.081926797538710114e-03
8.048814716218080992e-03
8.015553131389036717e-03
7.982169036902294484e-03
7.948658115740525609e-03
7.914980090741660992e-03
7.881165634678761675e-03
7.847214884118280248e-03
7.813088347809304945e-03
7.778781155928157776e-03
7.744256133228767137e-03
7.709529096042413293e-03
7.674620941391026817e-03
7.639481032160467915e-03
7.604121959280639442e-03
7.568573579919397540e-03
7.532833639683777366e-03
7.496909615848714424e-03
7.460869955808329367e-03
7.424650682496060188e-03
7.388320139442269667e-03
7.351862890059371498e-03
7.315287691998201974e-03
7.278589146697916207e-03
7.241784104549000775e-03
7.204827140985232622e-03
7.167779826547275926e-03
7.130613970989030555e-03
7.093383732981617222e-03
7.055931414898618595e-03
7.018302558643526104e-03
6.980547574766210461e-03
6.942697321660229980e-03
6.904770240898386487e-03
6.866761138900323407e-03
6.828676305440724466e-03
6.790530613705151285e-03
6.752397281495214551e-03
6.714263924038796696e-03
6.676047851133356560e-03
6.637779634958466783e-03
6.599465547760166757e-03
6.561192746275043043e-03
6.522927163059511618e-03
6.484667653911688201e-03
6.446441575420579911e-03
6.408185041694733873e-03
6.369771126381312300e-03
6.331219780609504896e-03
6.292576649884940379e-03
6.253956056026232016e-03
6.215362241880995585e-03
6.176790663213580120e-03
6.138151491215618205e-03
6.099517190741873297e-03
6.060849292566049609e-03
6.022137840156520198e-03
5.983453082956699358e-03
5.944722991580903698e-03
5.905981966124530455e-03
5.867295862620172144e-03
5.828728358708520386e-03
5.790221391539947943e-03
5.751777252265246471e-03
5.713399268710631952e-03
5.675165802942405517e-03
5.637047512925557127e-03
5.599033199949305165e-03
5.561124093242539312e-03
5.523317947961480824e-03
5.485623830470407088e-03
5.448051283154018223e-03
5.410623814671447311e-03
5.373334588066523872e-03
5.336185317876127564e-03
5.299187360438028724e-03
5.262333779903109222e-03
5.225591934011218111e-03
5.188947321668053482e-03
5.152434209345801985e-03
5.116067957565582566e-03
5.079878731881663258e-03
5.043819171335860163e-03
5.007914148420488168e-03
4.972161688350623145e-03
4.936557736842389459e-03
4.901117554281254549e-03
4.865760594584154705e-03
4.830491718287200677e-03
4.795341937617427115e-03
4.760319143015612209e-03
4.725423044866692256e-03
4.690669570494891520e-03
4.656048677622118444e-03
4.621559449591838495e-03
4.587175165555433705e-03
4.552919689650326319e-03
4.518785019984955520e-03
4.484736386727257440e-03
4.450832844534184825e-03
4.417065388522528786e-03
4.383417670288166680e-03
4.349854790234742447e-03
4.316387604087175769e-03
4.283017510016479644e-03
4.249779094196381134e-03
4.216695835722779513e-03
4.183684076197151033e-03
4.150800184731158818e-03
4.118041815429698826e-03
4.085448442734498573e-03
4.052993016873233240e-03
4.020718234222521101e-03
3.988679890812001604e-03
3.956796356137252772e-03
3.925086656429851821e-03
3.893611465784195015e-03
3.862312819197117816e-03
3.831214798017343499e-03
3.800225387980818870e-03
3.769397514540045839e-03
3.738697263823293100e-03
3.708111326618670090e-03
3.677692479908445215e-03
3.647432988393422160e-03
3.617341819610334509e-03
3.587420748138208521e-03
3.557645195612766775e-03
3.528045119533731924e-03
3.498634559298762717e-03
3.469410715688000645e-03
3.440344437650174909e-03
3.411455051823816375e-03
3.382757905321940369e-03
3.354232135722065924e-03
3.325861219333626183e-03
3.297651797289056792e-03
3.269607946175472069e-03
3.241707090799456417e-03
3.213961117805679696e-03
3.186420342938901806e-03
3.159087472608733058e-03
3.131907728918528581e-03
3.104887529608615828e-03
3.078072027126093745e-03
3.051427802685327279e-03
3.024954681130682943e-03
2.998665947866489042e-03
2.972594935147051653e-03
2.946739273727543105e-03
2.921061661540841174e-03
2.895552415776875190e-03
2.870239178977012588e-03
2.845119001521703023e-03
2.820179099829468392e-03
2.795441563720328301e-03
2.770889966107477342e-03
2.746530400712942927e-03
2.722333522754690621e-03
2.698316011490005210e-03
2.674502588782589133e-03
2.650866272293074793e-03
2.627432010645649584e-03
2.604205942953682212e-03
2.581142691808235076e-03
2.558246945761949789e-03
2.535519390328712895e-03
2.512923858584639389e-03
2.490493392678430010e-03
2.468224991189465339e-03
2.446088838482311702e-03
2.424114847319406262e-03
2.402276901197927111e-03
2.380602415015784651e-03
2.359103311390612929e-03
2.337752437340382891e-03
2.316579397993282462e-03
2.295603424626785349e-03
2.274771021093663359e-03
2.254092506696535932e-03
2.233582121300580273e-03
2.213219105038965150e-03
2.193006898693014486e-03
2.172937120889095828e-03
2.153012868899427390e-03
2.133213085066439692e-03
2.113562205857418604e-03
2.094069147367757806e-03
2.074721622573696446e-03
2.055507091986669838e-03
2.036436417577813449e-03
2.017526280076033934e-03
1.998764989477964504e-03
1.980150616062995288e-03
1.961674081988203609e-03
1.943347101653166353e-03
1.925172235122934962e-03
1.907151903639621622e-03
1.889285550766875779e-03
1.871566902198389202e-03
1.853987603278631126e-03
1.836543977864984458e-03
1.819282244675910582e-03
1.802177178455127054e-03
1.785197905046377121e-03
1.768368951503410981e-03
1.751675203327481218e-03
1.735080352122845160e-03
1.718614363368683919e-03
1.702280676407401903e-03
1.686082916201899059e-03
1.670024913055295854e-03
1.654104667917268793e-03
1.638337470278684828e-03
1.622696331390448147e-03
1.607198825451787655e-03
1.591874162509635806e-03
1.576687869639694685e-03
1.561623735821862473e-03
1.546704049773948292e-03
1.531933710261514613e-03
1.517314512662501936e-03
1.502860947835269649e-03
1.488558429135265369e-03
1.474399935097714907e-03
1.460381831864585207e-03
1.446518022136270400e-03
1.432819467921449090e-03
1.419270927900324105e-03
1.405863181221089168e-03
1.392588255391904182e-03
1.379462922807328951e-03
1.366474964661423125e-03
1.353599238533830310e-03
1.340843253421098108e-03
1.328223822301830264e-03
1.315763309469763359e-03
1.303450847132681979e-03
1.291272323521864673e-03
1.279225486729752143e-03
1.267319463702362790e-03
1.255558472776640904e-03
1.243923606529898866e-03
1.232429131103928875e-03
1.221068795901876372e-03
1.209856470463603444e-03
1.198786351189038216e-03
1.187832536955306601e-03
1.177009723552203740e-03
1.166312941478238763e-03
1.155736607533151264e-03
1.145280531272798363e-03
1.134951924230016666e-03
1.124763661014234429e-03
1.114695480818094506e-03
1.104749383591243977e-03
1.094928627045321486e-03
1.085223647686036708e-03
1.075633921485409346e-03
1.066163660337953335e-03
1.056801420540647669e-03
1.047532610134752507e-03
1.038363197362056215e-03
1.029291312429636302e-03
1.020327059211110316e-03
1.011462807889824999e-03
1.002700836551846490e-03
9.940488650279956113e-04
9.854858559527252850e-04
9.770075126007322659e-04
9.686166735495673006e-04
9.603198678268279288e-04
9.521254882030354616e-04
9.440308626064089362e-04
9.360436939277732172e-04
9.281606646259098941e-04
9.203682081350726208e-04
9.126631304811752077e-04
9.050502216279146051e-04
8.975266219208530858e-04
