3.819054611654389142e-02
3.742499155170292413e-02
3.667904233071531128e-02
3.595911465942494556e-02
3.526296273708647011e-02
3.459033703992719228e-02
3.393844413261611764e-02
3.330646952367809915e-02
3.269200796829357936e-02
3.209651552150124404e-02
3.152088586148176635e-02
3.096460815052047913e-02
3.042616367541214548e-02
2.990389423501190261e-02
2.939625225713247969e-02
2.890515686442644144e-02
2.842675849659026185e-02
2.796200693872440482e-02
2.751079720064676312e-02
2.707259123118122002e-02
2.664925849917988004e-02
2.623682679042962929e-02
2.583394939979707580e-02
2.544302313295429552e-02
2.506321442873038485e-02
2.469493666363872797e-02
2.433587597678692205e-02
2.398460804783285327e-02
2.364124801050555835e-02
2.330592389691799396e-02
2.297758000634989722e-02
2.265495903327769192e-02
2.233704796581596416e-02
2.202429778653578266e-02
2.171717182203187699e-02
2.141647797818057447e-02
2.111950022664173601e-02
2.082655878813111094e-02
2.053732281552608091e-02
2.025194693817477729e-02
1.997034517510970150e-02
1.969210703554774566e-02
1.941797048045728474e-02
1.914707756389894683e-02
1.887920300738171395e-02
1.861583043495654635e-02
1.835561221918019514e-02
1.809927632007413134e-02
1.784615499255201229e-02
1.759746823892677225e-02
1.735297508514269463e-02
1.711160138968887551e-02
1.687402926294463701e-02
1.664049384115925956e-02
1.641164341634391774e-02
1.618669337597850727e-02
1.596408823474399288e-02
1.574528684609838997e-02
1.553146618382843062e-02
1.532178471168238118e-02
1.511672749528365604e-02
1.491562628241490177e-02
1.471834061610953481e-02
1.452458757824335450e-02
1.433457183786740995e-02
1.414803032107662083e-02
1.396428887401467318e-02
1.378274420794618413e-02
1.360400094830465680e-02
1.342712952421086514e-02
1.325240665816286752e-02
1.308002746463114707e-02
1.290999915928726580e-02
1.274303453316691717e-02
1.257767093586654138e-02
1.241406911102231267e-02
1.225157469601019858e-02
1.209166787556954607e-02
1.193454558569484111e-02
1.178001492313446481e-02
1.162730598736284524e-02
1.147676513226869935e-02
1.132955221448951957e-02
1.118521021349056128e-02
1.104372348152104881e-02
1.090464857039570405e-02
1.076885141463977680e-02
1.063571601292308440e-02
1.050517189891477139e-02
1.037810166177299473e-02
1.025442513218470346e-02
1.013303580709761648e-02
1.001457455771069885e-02
9.897485388669278322e-03
9.782262427842049884e-03
9.669099215400990890e-03
9.557793165526191903e-03
9.448187700689903920e-03
9.340332807182298233e-03
9.234118899126930388e-03
9.130050587948485702e-03
9.027831615503049620e-03
8.927437588387602402e-03
8.828480895641999462e-03
8.731081446271235155e-03
8.635376734743217819e-03
8.541363015990120419e-03
8.448650628033292295e-03
8.357579750461962068e-03
8.267818796041725288e-03
8.179777078428714099e-03
8.093008653660896737e-03
8.008123709025075435e-03
7.924540314031487329e-03
7.842173704415927524e-03
7.761084177255159894e-03
7.681547090452874732e-03
7.603602852154208412e-03
7.527024109504304276e-03
7.451772046928386260e-03
7.377504960554568184e-03
7.304200231767160427e-03
7.232327954367576486e-03
7.162228356140853437e-03
7.093080121222464229e-03
7.024890224751598189e-03
6.957656255249407978e-03
6.891608914506244625e-03
6.826853338144872260e-03
6.763538540215797805e-03
6.701736719254921051e-03
6.641326988524756322e-03
6.582010745544850799e-03
6.523724523195813772e-03
6.466491299644763421e-03
6.410096904395133979e-03
6.354708668739685734e-03
6.300085322880401642e-03
6.246318871085160436e-03
6.193570646921270698e-03
6.141729987533738229e-03
6.090540565911214781e-03
6.040356578742582701e-03
5.991209181772195330e-03
5.942939831152070293e-03
5.895528963249688052e-03
5.848994656335882066e-03
5.803476186555149054e-03
5.759104510897053962e-03
5.715523069881576351e-03
5.672627748716257794e-03
5.630300164942615530e-03
5.588741858463277395e-03
5.547749990462143115e-03
5.507346987720696668e-03
5.467669599937692929e-03
5.428786421882390682e-03
5.390318319093143247e-03
5.352549874095830287e-03
5.315293709849063658e-03
5.278386289193749172e-03
5.241970764719026260e-03
5.205854243327370616e-03
5.170050597777211231e-03
5.134600520440904363e-03
5.099524397965185356e-03
5.064949763340808112e-03
5.030791000859045209e-03
4.997208899311825908e-03
4.963952020507683000e-03
4.931015290384676772e-03
4.898464572009825733e-03
4.866467865517063590e-03
4.835275066010832207e-03
4.804522992223755722e-03
4.774225363235155492e-03
4.744516848311855495e-03
4.715192624898606813e-03
4.686223604633521847e-03
4.657929755028577742e-03
4.629943119826352045e-03
4.602296481056666368e-03
4.575150344978057455e-03
4.548233809972872244e-03
4.521652552274759915e-03
4.495534705270471179e-03
4.469811531071766174e-03
4.444450064883924585e-03
4.419323374792060409e-03
4.394567998453636874e-03
4.370137703627397299e-03
4.345968802778307771e-03
4.322130870123446801e-03
4.298683210106380402e-03
4.275349247403318655e-03
4.252194033432341903e-03
4.229301819874712806e-03
4.206605543252250889e-03
4.184032346684776228e-03
4.161603459580766502e-03
4.139398240069647184e-03
4.117505132159091433e-03
4.095794658539591605e-03
4.074318430834574130e-03
4.052933339923887532e-03
4.031733090403514554e-03
4.010823845982503834e-03
3.990194524991182330e-03
3.969727616998625086e-03
3.949371371950967553e-03
3.929191438730547832e-03
3.909265630684156251e-03
3.889180888800526995e-03
3.869300681333648784e-03
3.849588982154555743e-03
3.829882951986629015e-03
3.810210777231055196e-03
3.790596909806222357e-03
3.770889107217486550e-03
3.751208733362081365e-03
3.731501699188582381e-03
3.711776774992406151e-03
3.692129400675266994e-03
3.672550850142033713e-03
3.652881330467630441e-03
3.633212731211416316e-03
3.613610113632672888e-03
3.594009649655538572e-03
3.574363995666897127e-03
3.554770648249349230e-03
3.535372298631108291e-03
3.516258916821172770e-03
3.497209128044052612e-03
3.478180193656000077e-03
3.459247746969324865e-03
3.440417230481342646e-03
3.421779596253351607e-03
3.403379184694806537e-03
3.385279432326713644e-03
3.367443996224433588e-03
3.349666744902830666e-03
3.332053878173599128e-03
3.314697190619502951e-03
3.297514498200566826e-03
3.280488271166552127e-03
3.263536969582038830e-03
3.246707972513698630e-03
3.230018693872996251e-03
3.213447204871760100e-03
3.196948013127288556e-03
3.180626185341178802e-03
3.164446686736765123e-03
3.148388015385287456e-03
3.132415152637717942e-03
3.116640312137105174e-03
3.101029288897144427e-03
3.085567729953911549e-03
3.070385237661181228e-03
3.055376536875039056e-03
3.040443158395724800e-03
3.025748350812682702e-03
3.011315789107838620e-03
2.996979265248458490e-03
2.982815109367945028e-03
2.968728916313794711e-03
2.954740349149824474e-03
2.940782852504898563e-03
2.926735602793597343e-03
2.912769953527707695e-03
2.898863270435716143e-03
2.885064922118785527e-03
2.871328015002782251e-03
2.857657804877813262e-03
2.844009794657939919e-03
2.830255701065311543e-03
2.816484370685913563e-03
2.802769120724851650e-03
2.789120328143560468e-03
2.775554410558735835e-03
2.762060946920769870e-03
2.748630496104920336e-03
2.735266084320729305e-03
2.721798248938494483e-03
2.708362503453629663e-03
2.694934204071889987e-03
2.681397597032043889e-03
2.667821330763052706e-03
2.654065195373788918e-03
2.640232407806923382e-03
2.626330778388154784e-03
2.612298214250152652e-03
2.598187871675660971e-03
2.584063755504333298e-03
2.569972785829351472e-03
2.555954338068316001e-03
2.541875333683725046e-03
2.527769843902492614e-03
2.513739329718820466e-03
2.499684792723463108e-03
2.485599522126900104e-03
2.471580919829304869e-03
2.457677411065255745e-03
2.443807223932011052e-03
2.430012166383558898e-03
2.416316553596937772e-03
2.402752080675207586e-03
2.389303705636393674e-03
2.375886572240434088e-03
2.362525224120926547e-03
2.349131390513775359e-03
2.335863046078726427e-03
2.322675693576629029e-03
2.309615059480070280e-03
2.296724360931557199e-03
2.283974172703797257e-03
2.271376878453976525e-03
2.258841377138872362e-03
2.246377784740951396e-03
2.234002394104912022e-03
2.221733337831810744e-03
2.209579685379872791e-03
2.197577531287977625e-03
2.185757578432379663e-03
2.174102416945289298e-03
2.162569683587066763e-03
2.151161406877073658e-03
2.139901375210049271e-03
2.128690191931393444e-03
2.117603935446517142e-03
2.106700414908111319e-03
2.095949890232880631e-03
2.085356999227250437e-03
2.074942986841545305e-03
2.064718026724501193e-03
2.054672956362997918e-03
2.044792493351018162e-03
2.035083143455742108e-03
2.025579706820084674e-03
2.016344412720139957e-03
2.007379681224064679e-03
1.998571434973165761e-03
1.989996063239693816e-03
1.981727946995141994e-03
1.973728586978133314e-03
1.965979848750914680e-03
1.958542893751821432e-03
1.951388186766682712e-03
1.944545209255953491e-03
1.938032137768729707e-03
1.931764759852058755e-03
1.925731578828963463e-03
1.919907794500179616e-03
1.914315157069938853e-03
1.908991920696951044e-03
1.903940144870296114e-03
1.899160965198633689e-03
1.894595928076991996e-03
1.890221731285697017e-03
1.886034440622299689e-03
1.882123924658547299e-03
1.878371085675289770e-03
1.874812890036539918e-03
1.871478655054836966e-03
1.868380706838811437e-03
1.865420415366587708e-03
1.862646414779610101e-03
1.860068002202304623e-03
1.857677591636236383e-03
1.855559074411543231e-03
1.853650326750966434e-03
1.851973040828117827e-03
1.850510521120957456e-03
1.849288141483226974e-03
1.848209963536209767e-03
1.847304643720140693e-03
1.846594976138306917e-03
1.846113182681672661e-03
1.845787182758983286e-03
1.845678385201971134e-03
1.845762353370642784e-03
1.846032171070104535e-03
1.846465408386010598e-03
1.846947568951988862e-03
1.847588808805444545e-03
1.848464426443658781e-03
1.849583005923333134e-03
1.850844698121813540e-03
1.852257055601449392e-03
1.853948155799368426e-03
1.855897265411153791e-03
1.858106931605060016e-03
1.860492085964354390e-03
1.863081105751506882e-03
1.865850593326478287e-03
1.868869484321029244e-03
1.872065222899328999e-03
1.875464329358975720e-03
1.879126957960085666e-03
1.882963253768797944e-03
1.886986785492270405e-03
1.891243788474334785e-03
1.895727151161431942e-03
1.900364487233731749e-03
1.905231884029750730e-03
1.910272717086156048e-03
1.915570400038957809e-03
1.921180820520695205e-03
1.927023163590124667e-03
1.932999685323667522e-03
1.939106685367809283e-03
1.945476038482510167e-03
1.952135774004372121e-03
1.959162174212042331e-03
1.966438675959339324e-03
1.973868822173809653e-03
1.981511526783484058e-03
1.989413160748730938e-03
1.997494325603818913e-03
2.005752377160726664e-03
2.014200598958564882e-03
2.022835470492401720e-03
2.031707284858541487e-03
2.040809591738212015e-03
2.050164117101722569e-03
2.059793347029315741e-03
2.069758617480929336e-03
2.080077944417159114e-03
2.090752582607677788e-03
2.101808758861787793e-03
2.113207901300427714e-03
2.125014852320836461e-03
2.137282129340171283e-03
2.149965174001964956e-03
2.163068776778875359e-03
2.176670994810567597e-03
2.190760345960417362e-03
2.205287173944268930e-03
2.220327717840114845e-03
2.235860428940279233e-03
2.251848565449044229e-03
2.268375155210348472e-03
2.285466328910587454e-03
2.303108850506894404e-03
2.321251163631798519e-03
2.339873659143358944e-03
2.358948301486740989e-03
2.378515653715463155e-03
2.398686528445515779e-03
2.419422636675152768e-03
2.440648417138141860e-03
2.462470970310714179e-03
2.484679001728397427e-03
2.507309953326760949e-03
2.530628348655683361e-03
2.554617018831955438e-03
2.579156542930278843e-03
2.604421955640888464e-03
2.630309607452154929e-03
2.656795448887605462e-03
2.683962915683390463e-03
2.711637269884955345e-03
2.739931974312751709e-03
2.768762235787230585e-03
2.798087684750683989e-03
2.828055291013037778e-03
2.858616423917525236e-03
2.889796427082473151e-03
2.921516595040750050e-03
2.953796585183529957e-03
2.986577629318897149e-03
3.019968116381084068e-03
3.054027704776519653e-03
3.088711592905188982e-03
3.124114846580763709e-03
3.160219285085614539e-03
3.196866692407326817e-03
3.234068344262578179e-03
3.271899784335396098e-03
3.310422441102497775e-03
3.349516704970873209e-03
3.389174659314418171e-03
3.429394846211449542e-03
3.470278681103121637e-03
3.511871089210477290e-03
3.554116514068630939e-03
3.596880808784756831e-03
3.640191408867220549e-03
3.684279935070875703e-03
3.729039009800768668e-03
3.774487792178469071e-03
3.820625111643910065e-03
3.867744249637089429e-03
3.915518073950648333e-03
3.963985132188618289e-03
4.013042944343756489e-03
4.062720717650170760e-03
4.113104127170463635e-03
4.164373885055210403e-03
4.216383754293143334e-03
4.269142972571119202e-03
