1.463485684374082538e-02
1.442112252010926965e-02
1.422391187622684162e-02
1.404195810130639405e-02
1.387573984676624718e-02
1.372376852473352823e-02
1.358596822320571815e-02
1.345881314280793217e-02
1.333928837032232438e-02
1.322855721756519866e-02
1.312694153845495385e-02
1.303108507154389882e-02
1.294010306320178896e-02
1.285489960015722376e-02
1.277594069198248472e-02
1.270052305304715003e-02
1.262736029029105402e-02
1.255618767733270719e-02
1.248705947948043626e-02
1.241974528458331811e-02
1.235380281767909337e-02
1.228897014746814682e-02
1.222549687368973924e-02
1.216324422170484386e-02
1.210154909774648936e-02
1.204062796170420405e-02
1.198014398404980904e-02
1.192028365292958393e-02
1.186098924471796351e-02
1.180267265176442558e-02
1.174501767951790544e-02
1.168817526640517947e-02
1.163203192777057492e-02
1.157644298390097040e-02
1.152161759818160977e-02
1.146761437271725213e-02
1.141424158722850399e-02
1.136154067687251273e-02
1.130922464290807714e-02
1.125712614355249899e-02
1.120550191664820665e-02
1.115461883344655639e-02
1.110441894720991078e-02
1.105487501328571848e-02
1.100604544622657034e-02
1.095836908979094977e-02
1.091159661613812053e-02
1.086543544758127380e-02
1.081978880045965721e-02
1.077451905904332208e-02
1.072959966008320450e-02
1.068496926237879133e-02
1.064073783767284335e-02
1.059691416611505468e-02
1.055346969291524883e-02
1.051062418719033408e-02
1.046809650364985932e-02
1.042586012580743425e-02
1.038404778122879388e-02
1.034270105004682534e-02
1.030163991400699468e-02
1.026066886298888405e-02
1.021984577054638535e-02
1.017925899405411512e-02
1.013888960974640950e-02
1.009876978113090178e-02
1.005880125729848897e-02
1.001898505174140738e-02
9.979276845036078036e-03
9.939710637080406697e-03
9.900280716294361516e-03
9.861035493200547009e-03
9.821873861359955646e-03
9.783189771006294694e-03
9.744895984336985131e-03
9.706828618234767878e-03
9.668931579670801343e-03
9.631140313807401779e-03
9.593475041272741047e-03
9.556013353438913907e-03
9.518678038852725759e-03
9.481425738894667596e-03
9.444507825063395631e-03
9.407700318511989096e-03
9.371051236399721013e-03
9.334543333211445248e-03
9.298200688284298868e-03
9.262160312771704554e-03
9.226547757680923084e-03
9.191317460719539839e-03
9.156397697234874150e-03
9.121657441289779053e-03
9.087208940912630192e-03
9.052991075956511730e-03
9.018891653119632396e-03
8.984912607006350846e-03
8.951065407192581105e-03
8.917391802548834887e-03
8.883846629914459933e-03
8.850659594718339115e-03
8.817720855338200686e-03
8.784937394786345582e-03
8.752256726858675603e-03
8.719702224436421886e-03
8.687252445427647365e-03
8.655006208048064698e-03
8.622876358077126782e-03
8.590816327982168585e-03
8.558919187010270019e-03
8.527269141187586443e-03
8.495756341634954842e-03
8.464418162131828391e-03
8.433207456154535875e-03
8.402141984187611740e-03
8.371245861660863569e-03
8.340521628470078108e-03
8.309939736025458157e-03
8.279530434094555663e-03
8.249224258672057178e-03
8.219123667348516779e-03
8.189106604146919807e-03
8.159230178890279281e-03
8.129563316385394686e-03
8.100143581976160592e-03
8.070827358402020771e-03
8.041659302919206692e-03
8.012730729559734699e-03
7.984041384500435712e-03
7.955483743754697759e-03
7.927087432267276856e-03
7.898854564570904208e-03
7.870827286058779473e-03
7.843136659476871234e-03
7.815560434978790008e-03
7.788201602360228341e-03
7.760977347234246197e-03
7.733718249781527596e-03
7.706450149145826871e-03
7.679280653058706205e-03
7.652258508187691037e-03
7.625322015366093296e-03
7.598548268420464782e-03
7.571894976453012217e-03
7.545467209437628844e-03
7.519214063833527632e-03
7.493185111964094543e-03
7.467313080373581650e-03
7.441464580097069403e-03
7.415803114873187676e-03
7.390336387706068592e-03
7.364982478575319083e-03
7.339737220823496465e-03
7.314707521306457357e-03
7.289827505278289287e-03
7.265083020776839755e-03
7.240553935169606950e-03
7.216189160499745896e-03
7.192059401642724933e-03
7.168046488233344345e-03
7.144202355578148193e-03
7.120537122568519270e-03
7.097074422213360718e-03
7.073826193405745484e-03
7.050785812178594729e-03
7.027857627888861765e-03
7.005032952968085966e-03
6.982379213369517730e-03
6.959889946302024073e-03
6.937540898705142275e-03
6.915368783421037106e-03
6.893340609830285633e-03
6.871458232032985267e-03
6.849736434715738599e-03
6.828199872329548080e-03
6.806797825396225174e-03
6.785467726557275168e-03
6.764295193472086472e-03
6.743237245595896066e-03
6.722318990041763545e-03
6.701603958946241411e-03
6.680979866352550547e-03
6.660565835221426978e-03
6.640373189090316083e-03
6.620316820317897165e-03
6.600318534421378662e-03
6.580478818651537033e-03
6.560817977555453290e-03
6.541223612388233528e-03
6.521834539338499867e-03
6.502558599220204134e-03
6.483453738986826725e-03
6.464453974651700706e-03
6.445572771436502459e-03
6.426791672492276550e-03
6.408172929716187891e-03
6.389739302080460655e-03
6.371495863989367486e-03
6.353370286229243977e-03
6.335400325453077394e-03
6.317535814531154321e-03
6.299837128853019372e-03
6.282218612288544522e-03
6.264748166429315313e-03
6.247386922595409529e-03
6.230153043019829445e-03
6.213024175636269568e-03
6.195989826049828203e-03
6.179060681775557125e-03
6.162215333797636634e-03
6.145427338973645341e-03
6.128813119371563298e-03
6.112338161953977285e-03
6.095956413302624360e-03
6.079694754588606947e-03
6.063484632684003339e-03
6.047339930785410218e-03
6.031256916091675205e-03
6.015187985658972808e-03
5.999189131170846144e-03
5.983282601561818945e-03
5.967466929818298141e-03
5.951693640685476114e-03
5.936095681109886980e-03
5.920584340035760403e-03
5.905146973601637685e-03
5.889782945636247782e-03
5.874476752507791326e-03
5.859208716384528386e-03
5.843908626897196569e-03
5.828644141258906494e-03
5.813447526266124661e-03
5.798381628351755197e-03
5.783427882676220148e-03
5.768606139633761926e-03
5.753793624513538207e-03
5.738949267711153726e-03
5.724098403790726063e-03
5.709218642695370292e-03
5.694380798537347979e-03
5.679559682059722760e-03
5.664778349870681559e-03
5.650049135549643428e-03
5.635331359613041970e-03
5.620686313173601373e-03
5.606088289142908791e-03
5.591492490033152934e-03
5.576947007430593968e-03
5.562436810028666134e-03
5.547998924571064840e-03
5.533674140043619641e-03
5.519432279789474038e-03
5.505198195776314640e-03
5.491002506367350863e-03
5.476832745753954304e-03
5.462690115971060092e-03
5.448552113192901836e-03
5.434413472614043304e-03
5.420336129479128365e-03
5.406358244454660504e-03
5.392442195417040084e-03
5.378575615396626909e-03
5.364780102282399980e-03
5.351076013106749810e-03
5.337475632258638185e-03
5.323906924283107293e-03
5.310352908748370779e-03
5.296875647255133539e-03
5.283490808550749852e-03
5.270159680990774143e-03
5.256892514320061355e-03
5.243674956105498844e-03
5.230485214688477061e-03
5.217360580282979533e-03
5.204288661836196581e-03
5.191250830743202212e-03
5.178284841170300960e-03
5.165379848017278251e-03
5.152504031360422530e-03
5.139647189588498338e-03
5.126864903605144776e-03
5.114124316653973282e-03
5.101395593636712592e-03
5.088699278427034380e-03
5.076097427853510334e-03
5.063547960489832474e-03
5.051043996366469217e-03
5.038626497275514211e-03
5.026292793051068304e-03
5.014048282064367638e-03
5.001810923436818095e-03
4.989606641258926764e-03
4.977460198501966991e-03
4.965420277178373039e-03
4.953456543190087706e-03
4.941497370400315010e-03
4.929537954481948668e-03
4.917622595593344574e-03
4.905765275853520013e-03
4.893989556717413987e-03
4.882312808397362702e-03
4.870691256044522299e-03
4.859141823382924323e-03
4.847624911799637559e-03
4.836163698461019150e-03
4.824768393655511078e-03
4.813365507930367042e-03
4.801991211479270973e-03
4.790683741096305424e-03
4.779440124928121050e-03
4.768286027772392077e-03
4.757232620822242700e-03
4.746268278553390958e-03
4.735418849101356853e-03
4.724621672462250843e-03
4.713872497921644915e-03
4.703221586451973406e-03
4.692652806900376658e-03
4.682222364709992014e-03
4.671858278596220833e-03
4.661525269893328736e-03
4.651280093266994646e-03
4.641107452466349328e-03
4.631038436390897024e-03
4.621022144153827567e-03
4.611017405339590258e-03
4.601079979862520222e-03
4.591237123536600837e-03
4.581471593737450852e-03
4.571771202949471112e-03
4.562123936729172921e-03
4.552577795548897084e-03
4.543137545446603726e-03
4.533774506500579289e-03
4.524488738892569646e-03
4.515244801662526147e-03
4.506047849879676187e-03
4.496917096322429648e-03
4.487808188239967265e-03
4.478719221538878317e-03
4.469733314190928522e-03
4.460839399742118176e-03
4.452037124667533076e-03
4.443302811085710416e-03
4.434647295143999413e-03
4.426101770076944913e-03
4.417625645587720112e-03
4.409209948397485417e-03
4.400875124260754737e-03
4.392613112182232327e-03
4.384445802827204725e-03
4.376353004599484349e-03
4.368320509671310553e-03
4.360341120882391119e-03
4.352462114362180834e-03
4.344659870623658951e-03
4.336937487475428857e-03
4.329297278583454228e-03
4.321778740924168451e-03
4.314360927022645870e-03
4.306988506203967941e-03
4.299715706085344667e-03
4.292560221939718292e-03
4.285500626146159474e-03
4.278515718404735969e-03
4.271671153346258756e-03
4.264950031181809730e-03
4.258368795396982008e-03
4.251917920436030368e-03
4.245533380724930000e-03
4.239238043037570243e-03
4.233016893820973001e-03
4.226857716676421864e-03
4.220805648462200819e-03
4.214852792612275127e-03
4.208984402234103479e-03
4.203217718384804312e-03
4.197558518146344078e-03
4.192002811084433352e-03
4.186547535018706086e-03
4.181193456053553144e-03
4.175982997206587229e-03
4.170880100706599383e-03
4.165870831264321603e-03
4.160991025558115688e-03
4.156227376971495871e-03
4.151566726211499553e-03
4.147016282150351590e-03
4.142643102441345877e-03
4.138414438558387504e-03
4.134289689222359065e-03
4.130289453019618008e-03
4.126447941664945773e-03
4.122743194677063426e-03
4.119235108537122603e-03
4.115899166995042047e-03
4.112735676579937216e-03
4.109721307444934302e-03
4.106915756927381062e-03
4.104283346957382332e-03
4.101747395526994175e-03
4.099401712774924066e-03
4.097209974928823530e-03
4.095198842704162075e-03
4.093439917576251023e-03
4.091853837777899468e-03
4.090470791630457931e-03
4.089299646739499861e-03
4.088397909842530001e-03
4.087774539199331633e-03
4.087391236607094275e-03
4.087373296190858346e-03
4.087639788202449172e-03
4.088200065455970672e-03
4.089062267021923748e-03
4.090186767369883777e-03
4.091632987185867334e-03
4.093392619931290714e-03
4.095480298116324462e-03
4.097886965497810410e-03
4.100650410885434138e-03
4.103857491611548163e-03
4.107382178745356757e-03
4.111321423949836421e-03
4.115658538382605328e-03
4.120460351902346940e-03
4.125669617107740987e-03
4.131224998358130722e-03
4.137115287934826392e-03
4.143396461155088653e-03
4.150119133801325778e-03
4.157269730328336764e-03
4.164845509505163239e-03
4.172896217731620651e-03
4.181572923130848392e-03
4.190776446473562337e-03
4.200529896454079093e-03
4.210909103891414228e-03
4.222000168961489823e-03
4.233606881016689291e-03
4.245886157096903993e-03
4.258778472721764033e-03
4.272181594164970592e-03
4.286234684451381734e-03
4.301083684565887300e-03
4.316831449757549920e-03
4.333285603996363429e-03
4.350455729546645785e-03
4.368455789261104644e-03
4.387250236288021792e-03
4.406919430348352033e-03
4.427347777507264180e-03
4.448690489740527582e-03
4.470785300995978699e-03
4.493898831244525112e-03
4.518002257522277937e-03
4.543148495103533149e-03
4.569383707520670301e-03
4.596758769779399345e-03
4.625164659559559063e-03
4.654904434919704924e-03
4.686017788736755382e-03
4.718302907100879393e-03
4.751996071040811773e-03
4.787288082040413312e-03
4.824028307188081566e-03
4.862106651344465930e-03
4.901835342403473850e-03
4.943216688560374793e-03
4.986482377906682924e-03
5.031504954756048538e-03
5.078415109651391451e-03
5.127227779385805720e-03
5.178141989122944829e-03
5.231062212579528498e-03
5.286435022394816823e-03
5.344435932539539323e-03
5.404877231524205829e-03
5.467667925209974446e-03
5.532945197096819819e-03
5.601634633337143447e-03
5.673306850297031925e-03
5.747848970333830493e-03
5.825083976540506442e-03
5.905364339041306067e-03
5.988826063356623812e-03
6.075891901445841514e-03
6.166676492175438701e-03
6.261197409371034063e-03
6.359613749156743656e-03
6.462120746145195993e-03
6.568310808356180551e-03
6.678714384289250253e-03
6.795080399935728849e-03
6.916161897700778827e-03
7.042109342219752058e-03
7.172530664442181708e-03
7.307935226266225152e-03
7.448778408662119419e-03
7.595937185818951894e-03
7.750246349325984503e-03
