1.590071416415890157e-02
1.591416849340941339e-02
1.592749391320635172e-02
1.594055359432306265e-02
1.595329179093454147e-02
1.596572001747547861e-02
1.597803094984572361e-02
1.598994142232732299e-02
1.600158773645680987e-02
1.601301204218943952e-02
1.602432304111652342e-02
1.603549405491773092e-02
1.604654721770057066e-02
1.605734293038290836e-02
1.606792171569356928e-02
1.607828523835526727e-02
1.608837461197806448e-02
1.609813210528117378e-02
1.610755154895198923e-02
1.611664135961721894e-02
1.612542250183635409e-02
1.613393528354612264e-02
1.614217875625864260e-02
1.615018905418340658e-02
1.615790876705251733e-02
1.616534698340356055e-02
1.617267985156155621e-02
1.617984631617290156e-02
1.618669174942430344e-02
1.619314757163487634e-02
1.619931197525318819e-02
1.620524342514387262e-02
1.621095537317978480e-02
1.621640324401223826e-02
1.622156880594462225e-02
1.622651557274308598e-02
1.623118242435895101e-02
1.623567770823960282e-02
1.623987082026769405e-02
1.624378436924239083e-02
1.624744432519617185e-02
1.625086339858298687e-02
1.625411862242320815e-02
1.625711193153174874e-02
1.625985810794785061e-02
1.626247300755222919e-02
1.626484170504338342e-02
1.626702887869865485e-02
1.626905353521230016e-02
1.627103134443873972e-02
1.627294881555376230e-02
1.627457373535320592e-02
1.627600433064789465e-02
1.627737830074596492e-02
1.627870139522559489e-02
1.627980194651074131e-02
1.628065930165275080e-02
1.628123221206206200e-02
1.628159923904007322e-02
1.628176844081625357e-02
1.628176605179981057e-02
1.628158100622417379e-02
1.628118887375468171e-02
1.628050548297551442e-02
1.627954342256167711e-02
1.627826957871263136e-02
1.627677478464521071e-02
1.627502578082708554e-02
1.627301846639691088e-02
1.627084017118814868e-02
1.626843294073322677e-02
1.626564964166103341e-02
1.626269602487872418e-02
1.625956634349441654e-02
1.625626441675563291e-02
1.625278324282051004e-02
1.624910352084490972e-02
1.624529907103397508e-02
1.624125260638048518e-02
1.623704986217477594e-02
1.623274452121915845e-02
1.622835346847832302e-02
1.622367641138357588e-02
1.621877704838421003e-02
1.621370435185486708e-02
1.620845304657323946e-02
1.620295915740109505e-02
1.619733217323960847e-02
1.619152094469156200e-02
1.618561596918624210e-02
1.617963446165557317e-02
1.617349849454117680e-02
1.616729268854260812e-02
1.616106216231279549e-02
1.615463359306697211e-02
1.614802332828590287e-02
1.614121649459613825e-02
1.613415385168766314e-02
1.612681316460478839e-02
1.611919258091955645e-02
1.611137393026546363e-02
1.610339355604764253e-02
1.609529858649554404e-02
1.608694441470354466e-02
1.607836637850500530e-02
1.606939693558578561e-02
1.606012364680117072e-02
1.605051679786372032e-02
1.604081911212770772e-02
1.603084179752394325e-02
1.602065995763756259e-02
1.601033215941262411e-02
1.599991166434999029e-02
1.598935397791383800e-02
1.597869133996166272e-02
1.596790500235561322e-02
1.595688169142118334e-02
1.594569353342729229e-02
1.593429072772336100e-02
1.592264361397180417e-02
1.591082697810275101e-02
1.589876559564754044e-02
1.588657123416162276e-02
1.587411616722689614e-02
1.586155765511906499e-02
1.584876690070548266e-02
1.583581930284047243e-02
1.582269156346496550e-02
1.580937684236284613e-02
1.579593137297859856e-02
1.578220386511518594e-02
1.576824369677860133e-02
1.575391671233858717e-02
1.573928789160969344e-02
1.572451153725094863e-02
1.570962705751231120e-02
1.569460919535019608e-02
1.567957981007888149e-02
1.566434309793754420e-02
1.564884814614726435e-02
1.563311948913683608e-02
1.561730148913469639e-02
1.560131632894463764e-02
1.558524415791928859e-02
1.556897813540190217e-02
1.555247770385367705e-02
1.553581525571112731e-02
1.551901600436545944e-02
1.550206248170094697e-02
1.548489414947679631e-02
1.546747769062907681e-02
1.544995972387851885e-02
1.543232389816262019e-02
1.541454547981863966e-02
1.539657344481004143e-02
1.537846447698433885e-02
1.536017135588243002e-02
1.534171568585101023e-02
1.532307524335115370e-02
1.530433504956502967e-02
1.528547036747202048e-02
1.526647451713859446e-02
1.524731395831403422e-02
1.522795902573587622e-02
1.520849206525499986e-02
1.518888255915629842e-02
1.516904337057221885e-02
1.514910596099763862e-02
1.512905097698169325e-02
1.510882764297063509e-02
1.508846746993912358e-02
1.506799683287941144e-02
1.504741724082072143e-02
1.502677539397531681e-02
1.500602749020129439e-02
1.498522936044579916e-02
1.496430283023467839e-02
1.494316278279824405e-02
1.492186359445200720e-02
1.490044378360894615e-02
1.487889218824339430e-02
1.485719529066814419e-02
1.483546767099509951e-02
1.481367816052903824e-02
1.479169145121684778e-02
1.476957444447326954e-02
1.474731254159905927e-02
1.472501984902183092e-02
1.470261566893597133e-02
1.468012916448963728e-02
1.465753998404752817e-02
1.463479189215043802e-02
1.461191040350293471e-02
1.458902588538021211e-02
1.456610777148989976e-02
1.454312763674486114e-02
1.452015150167718267e-02
1.449711931493801072e-02
1.447393997087489080e-02
1.445068505849667062e-02
1.442717727929405946e-02
1.440348579296495991e-02
1.437978126464766956e-02
1.435597720576845676e-02
1.433206849467184678e-02
1.430812154946237841e-02
1.428409272447514304e-02
1.425998265479631356e-02
1.423579538890437472e-02
1.421149045701300233e-02
1.418719821274203215e-02
1.416288107206329326e-02
1.413848318119608274e-02
1.411406442158075723e-02
1.408953079218080301e-02
1.406483999495865105e-02
1.403999462577587218e-02
1.401508717328188436e-02
1.399005230284662386e-02
1.396488187363688349e-02
1.393969348113671507e-02
1.391450795536673495e-02
1.388924558058796284e-02
1.386394061115929326e-02
1.383852463954692198e-02
1.381303248356123732e-02
1.378738001722966573e-02
1.376159884823367763e-02
1.373568885568976147e-02
1.370958322190619916e-02
1.368342597444317625e-02
1.365712873066135882e-02
1.363071842318418041e-02
1.360421349905998993e-02
1.357756945054532614e-02
1.355091621018244576e-02
1.352420644423991784e-02
1.349733381439916120e-02
1.347040370780457769e-02
1.344337624073103574e-02
1.341617780451953915e-02
1.338887965261525460e-02
1.336156553334169952e-02
1.333409887317443809e-02
1.330656307054636778e-02
1.327893509267058861e-02
1.325130144961123198e-02
1.322370543960502999e-02
1.319605346993312292e-02
1.316831713140231494e-02
1.314040726950964008e-02
1.311233141440268889e-02
1.308418541014387537e-02
1.305593481343785001e-02
1.302761629810468211e-02
1.299930882861468837e-02
1.297095187075652904e-02
1.294250510472898068e-02
1.291397010895735734e-02
1.288534069196707425e-02
1.285661572484040824e-02
1.282783034416205836e-02
1.279901564967887533e-02
1.277012060146037915e-02
1.274108941982298772e-02
1.271198967036920625e-02
1.268282771985471645e-02
1.265359751828341872e-02
1.262427147153041655e-02
1.259486164936703470e-02
1.256546321935571309e-02
1.253597296331572519e-02
1.250651273899434056e-02
1.247706149698974386e-02
1.244757920068154805e-02
1.241810650476307849e-02
1.238862920116793817e-02
1.235909867793344441e-02
1.232963768242000165e-02
1.230016004773834201e-02
1.227067049640447917e-02
1.224115203600170156e-02
1.221169903581352696e-02
1.218216948412432707e-02
1.215261703776883417e-02
1.212307534803151038e-02
1.209343759596987096e-02
1.206374860765397142e-02
1.203403040022532448e-02
1.200426590269293263e-02
1.197445515378429276e-02
1.194453734103212081e-02
1.191456677650457388e-02
1.188456414672906143e-02
1.185443833821808388e-02
1.182430149438527464e-02
1.179414044116600981e-02
1.176396577982075434e-02
1.173385496646217954e-02
1.170373540874825383e-02
1.167368070929379782e-02
1.164363270700996718e-02
1.161357526797687258e-02
1.158358141703089844e-02
1.155353281010563192e-02
1.152346752237449340e-02
1.149343446756123481e-02
1.146339685678258655e-02
1.143332179629077960e-02
1.140326330960054861e-02
1.137318077470188260e-02
1.134302089002326916e-02
1.131289232581585147e-02
1.128279817759306192e-02
1.125272193691997068e-02
1.122258882637307102e-02
1.119245505264577188e-02
1.116235349818099458e-02
1.113226584979768591e-02
1.110215650192787964e-02
1.107203308388842421e-02
1.104196079252456157e-02
1.101195505503533255e-02
1.098191591541599829e-02
1.095184623233784460e-02
1.092185015568010106e-02
1.089188662086477966e-02
1.086192804988478366e-02
1.083201883933790181e-02
1.080212218411112993e-02
1.077220121159817336e-02
1.074225226003586685e-02
1.071226108207066867e-02
1.068232378155261827e-02
1.065247310694540650e-02
1.062269239400867767e-02
1.059291432181712171e-02
1.056322565093237992e-02
1.053360907229008644e-02
1.050402627074065696e-02
1.047455625608572326e-02
1.044511097777982983e-02
1.041570207399537991e-02
1.038636975338791402e-02
1.035707382789686007e-02
1.032787003209833902e-02
1.029867947774581148e-02
1.026958320872991756e-02
1.024056057422866040e-02
1.021162204919042610e-02
1.018277486922116414e-02
1.015389638154063495e-02
1.012507376454211197e-02
1.009629951281435477e-02
1.006752404603936980e-02
1.003882079255824164e-02
1.001018460139005591e-02
9.981605533951059747e-03
9.953082377992257535e-03
9.924604468621443798e-03
9.896172663160181238e-03
9.867750798297393253e-03
9.839324471881480058e-03
9.810916319742500960e-03
9.782463925132219018e-03
9.753923368886769502e-03
9.725453575053165031e-03
9.697002790935906752e-03
9.668520991522365840e-03
9.639979261251733697e-03
9.611505735643266143e-03
9.583113895167720206e-03
9.554779911473553974e-03
9.526448613743949620e-03
9.498084781139516306e-03
9.469640616402102626e-03
9.441212794136628894e-03
9.412864865661478217e-03
9.384482155193276179e-03
9.356049228285565761e-03
9.327602761052966249e-03
9.299177468331022017e-03
9.270815898095164168e-03
9.242471932500655185e-03
9.214134654422882764e-03
9.185871385570662170e-03
9.157596104282839794e-03
9.129265578976515291e-03
9.100961259481484336e-03
9.072716110396689820e-03
9.044425850354089261e-03
9.016117669022487291e-03
8.987816848657518426e-03
8.959496231839983796e-03
8.931168681933091338e-03
8.902800502656843876e-03
8.874420580092703958e-03
8.846016104421584175e-03
8.817607356749405934e-03
8.789200401623065151e-03
8.760841984446231245e-03
8.732537898575386259e-03
8.704248634086888398e-03
8.675944013600299376e-03
8.647650503428092397e-03
8.619405460885886869e-03
8.591258875910497833e-03
8.563156775845020760e-03
8.535064150640694555e-03
8.507049105608543646e-03
8.479051905613642706e-03
8.451084705423536625e-03
8.423236258778761185e-03
8.395460897580022883e-03
8.367664265933331263e-03
8.339890720939461752e-03
8.312168953867132837e-03
8.284552543928193000e-03
8.257052724810962085e-03
8.229644590915487917e-03
8.202322991624620696e-03
8.175077289846566231e-03
8.147910221585225390e-03
8.120763732644122046e-03
8.093709120505559670e-03
8.066704565992987783e-03
8.039763963785093517e-03
8.012941647174606427e-03
7.986199599576035771e-03
7.959507785877926317e-03
7.932889824809450166e-03
7.906349362204845993e-03
7.879893686423689383e-03
7.853509417157848033e-03
7.827164967950420507e-03
7.800883798808003027e-03
7.774656428419525131e-03
7.748460846988824112e-03
7.722420182029775607e-03
7.696392144228385128e-03
7.670444651631162444e-03
7.644561650837269733e-03
7.618730348586141496e-03
7.592951889899312787e-03
7.567205082819165179e-03
7.541440337681622197e-03
7.515797690806172091e-03
7.490210540636348807e-03
7.464694842669933848e-03
7.439296802721001405e-03
7.413906078666223330e-03
7.388688506707717478e-03
7.363511794843082513e-03
7.338394520444711452e-03
7.313389130326431072e-03
7.288404800019378064e-03
7.263468699111555460e-03
7.238590811594981800e-03
7.213771184591844313e-03
7.188944120045020862e-03
7.164092977331218068e-03
7.139300863745040235e-03
7.114585462946340644e-03
7.089826875868073842e-03
7.065069329846618978e-03
7.040339452554355594e-03
7.015610997745571308e-03
6.990873342438543546e-03
6.966111805008496152e-03
6.941326895821015724e-03
6.916543248691018123e-03
6.891739392974713559e-03
6.866960576998491599e-03
6.842180667498654230e-03
6.817445550699983980e-03
6.792729909414443878e-03
6.768058093585306578e-03
6.743400352312044210e-03
6.718743337035935730e-03
6.694147737616341388e-03
6.669568112419931721e-03
6.645018003104250295e-03
6.620447048989801589e-03
6.595855009636964264e-03
6.571290605619947885e-03
6.546738460924573545e-03
6.522210217777178742e-03
6.497705001675069258e-03
6.473206817233451496e-03
6.448743280700722919e-03
6.424348364493162079e-03
6.400035539738940273e-03
6.375710822178676414e-03
6.351356237346513813e-03
6.326994150655108895e-03
6.302598988033706467e-03
6.278214672546204335e-03
6.253827388409124305e-03
6.229441106536650653e-03
6.205102449187619058e-03
