1.323259619365256372e-02
1.322604143725994441e-02
1.321947963350047182e-02
1.321283024988332069e-02
1.320610501492952039e-02
1.319913934819672181e-02
1.319197285811160927e-02
1.318485898578597437e-02
1.317785345717280635e-02
1.317087259385992838e-02
1.316392654173389673e-02
1.315691812742473231e-02
1.314977877332967719e-02
1.314256012402343493e-02
1.313513438177193841e-02
1.312765706266236752e-02
1.312021344612160183e-02
1.311281055533198257e-02
1.310539013560792915e-02
1.309779123998820217e-02
1.309028876221429195e-02
1.308276947426964716e-02
1.307519231859161947e-02
1.306753792048379915e-02
1.305994189508198101e-02
1.305244112279986893e-02
1.304492049019634684e-02
1.303740181653831320e-02
1.303000409252787900e-02
1.302254370838112213e-02
1.301495918610068130e-02
1.300724523121314473e-02
1.299935925769469224e-02
1.299130568357200789e-02
1.298311876185339643e-02
1.297493653773443278e-02
1.296679658814277498e-02
1.295868291453992210e-02
1.295057751397499755e-02
1.294248806551431298e-02
1.293452984124938455e-02
1.292648312295221688e-02
1.291844828892433662e-02
1.291043570464767143e-02
1.290251513179870024e-02
1.289474538711106802e-02
1.288697953806465686e-02
1.287930438867799891e-02
1.287150038904730058e-02
1.286371418147853017e-02
1.285598404908709982e-02
1.284836395912827313e-02
1.284074407328672680e-02
1.283304521727384080e-02
1.282535480165570944e-02
1.281771833007570513e-02
1.281001523887104546e-02
1.280214262777926680e-02
1.279448766278648217e-02
1.278699236007364674e-02
1.277944590615015183e-02
1.277189475269224772e-02
1.276439528540641334e-02
1.275701896662402753e-02
1.274982287082647263e-02
1.274262135866556685e-02
1.273537819400301016e-02
1.272819567152107603e-02
1.272106412418655408e-02
1.271407472374087508e-02
1.270716700309928136e-02
1.270033041491231904e-02
1.269358919689810190e-02
1.268687763490011257e-02
1.268021391276937491e-02
1.267366967663955714e-02
1.266708260683651298e-02
1.266047948625641760e-02
1.265402238982615835e-02
1.264761599864415616e-02
1.264123175757317537e-02
1.263482222820887062e-02
1.262837061198907387e-02
1.262177699979179224e-02
1.261508485312018771e-02
1.260831158965994118e-02
1.260158942323704595e-02
1.259497801123879261e-02
1.258832648197171986e-02
1.258176419935890661e-02
1.257514017078433487e-02
1.256857871141231660e-02
1.256197855295127473e-02
1.255539982487017397e-02
1.254880854696200851e-02
1.254230679141154006e-02
1.253582874925896623e-02
1.252936197999121246e-02
1.252288823010585909e-02
1.251624437797033661e-02
1.250966779940867850e-02
1.250311352477154192e-02
1.249661301037024129e-02
1.249007062290453593e-02
1.248355289106531547e-02
1.247728938004656445e-02
1.247108239403708213e-02
1.246503864381106989e-02
1.245907322722003725e-02
1.245331352215492404e-02
1.244774817543832859e-02
1.244234308787544110e-02
1.243723090184181874e-02
1.243233470091489185e-02
1.242748091962234472e-02
1.242269610675427773e-02
1.241790358192896258e-02
1.241327592969490405e-02
1.240889158042513159e-02
1.240467668913012439e-02
1.240072994990198615e-02
1.239686806542069676e-02
1.239308962524550070e-02
1.238940130913866906e-02
1.238583222267692838e-02
1.238222205350064144e-02
1.237875965653073215e-02
1.237519549403567377e-02
1.237172411977483996e-02
1.236823565963983407e-02
1.236465150332485829e-02
1.236107466814541193e-02
1.235736574006253072e-02
1.235378988387213911e-02
1.235025571791123836e-02
1.234674734037937392e-02
1.234322060099847691e-02
1.233968909630129770e-02
1.233624067991419444e-02
1.233293123644055300e-02
1.232960311188231739e-02
1.232612032640125269e-02
1.232271428418164547e-02
1.231924054467552036e-02
1.231578075769816649e-02
1.231225069730005478e-02
1.230864265829560190e-02
1.230499539201237828e-02
1.230130534042495234e-02
1.229764630208857526e-02
1.229412269992259839e-02
1.229070143887316113e-02
1.228737743245366179e-02
1.228404690879181596e-02
1.228088878394142068e-02
1.227792769418135053e-02
1.227508847598248430e-02
1.227222925235513414e-02
1.226929758063569076e-02
1.226633100582825639e-02
1.226329683434187155e-02
1.226032720744899863e-02
1.225738555913458844e-02
1.225450006532271749e-02
1.225169812996784215e-02
1.224890376146313929e-02
1.224616947309099639e-02
1.224353255736920949e-02
1.224080730916772379e-02
1.223812550505655461e-02
1.223554955655523600e-02
1.223304603389625822e-02
1.223061283689658683e-02
1.222818425043231856e-02
1.222579094626919174e-02
1.222347279305924239e-02
1.222116309862427558e-02
1.221883932783583530e-02
1.221650597127414174e-02
1.221415351668686360e-02
1.221185779219351869e-02
1.220962739974140038e-02
1.220748646676724815e-02
1.220534740857648348e-02
1.220328192160655655e-02
1.220128402357653630e-02
1.219935207187435207e-02
1.219750485302907236e-02
1.219571099489148713e-02
1.219386972833834751e-02
1.219211578431968028e-02
1.219036850071566862e-02
1.218861523773286278e-02
1.218687276200987497e-02
1.218519029676805136e-02
1.218359889008414215e-02
1.218209314300764540e-02
1.218067241029577655e-02
1.217929687456766573e-02
1.217796759026804586e-02
1.217669244251527033e-02
1.217534180329138752e-02
1.217398346371882482e-02
1.217262066645697499e-02
1.217128832523501313e-02
1.216994087933412003e-02
1.216863444939851949e-02
1.216748531939971720e-02
1.216640595591429903e-02
1.216537166655531563e-02
1.216444788784109068e-02
1.216354444249733401e-02
1.216271451033158757e-02
1.216193327996910843e-02
1.216122941682850137e-02
1.216056292746564918e-02
1.215997844197934906e-02
1.215948050318836800e-02
1.215902670016475069e-02
1.215852209708959131e-02
1.215809875010586370e-02
1.215767083998837636e-02
1.215730342307491836e-02
1.215697493161751845e-02
1.215678938223572168e-02
1.215670261497765053e-02
1.215670933536989844e-02
1.215686207507507902e-02
1.215705651565093803e-02
1.215739322210343705e-02
1.215772866612440176e-02
1.215801648019967929e-02
1.215817469431103998e-02
1.215831603537193516e-02
1.215845010463370741e-02
1.215858294435487839e-02
1.215873344554161024e-02
1.215881849376455534e-02
1.215893904194925192e-02
1.215914356649931173e-02
1.215941497476890135e-02
1.215972322959388112e-02
1.216008442721818600e-02
1.216041069466784405e-02
1.216070531619961419e-02
1.216105271414126207e-02
1.216144504690655839e-02
1.216186164641138399e-02
1.216243960111201491e-02
1.216307940818625762e-02
1.216384080628136154e-02
1.216453993215972119e-02
1.216527230980758018e-02
1.216596812047300927e-02
1.216667835478150647e-02
1.216740452087925611e-02
1.216824013253584372e-02
1.216913383055380840e-02
1.217007814095150131e-02
1.217110917991204473e-02
1.217208073561378869e-02
1.217308642340127547e-02
1.217412102812629772e-02
1.217514197634097552e-02
1.217615733116167442e-02
1.217719424212177805e-02
1.217827367816073404e-02
1.217938611735240421e-02
1.218036985237448688e-02
1.218146724009314986e-02
1.218263375391931413e-02
1.218381008182052409e-02
1.218487543279958042e-02
1.218602994240127434e-02
1.218712154034772011e-02
1.218829000054342387e-02
1.218946796428503794e-02
1.219069283243697129e-02
1.219201802278236865e-02
1.219335517672225436e-02
1.219472216274161518e-02
1.219617476096674508e-02
1.219764446247889600e-02
1.219915978662221984e-02
1.220084439364444232e-02
1.220258838912217578e-02
1.220433484851801177e-02
1.220601531321698768e-02
1.220768113371014166e-02
1.220936906561909986e-02
1.221111396753235025e-02
1.221290748515200392e-02
1.221457092008487559e-02
1.221619938808264465e-02
1.221787707156271781e-02
1.221959435379566840e-02
1.222136320901717234e-02
1.222315347720576671e-02
1.222494603905349871e-02
1.222674819344614534e-02
1.222859220639248810e-02
1.223043752046558755e-02
1.223227692674604822e-02
1.223418801398587670e-02
1.223615307235048806e-02
1.223817026575171364e-02
1.224025653689141471e-02
1.224236995756449939e-02
1.224450197806221940e-02
1.224665026989973753e-02
1.224888554665593855e-02
1.225121521266107037e-02
1.225362763032787107e-02
1.225603619685294854e-02
1.225845044867315305e-02
1.226090515634534542e-02
1.226342264120689959e-02
1.226605878786119798e-02
1.226870811700940013e-02
1.227141457481229631e-02
1.227414847333010116e-02
1.227690700232250166e-02
1.227966370006363869e-02
1.228241732733910754e-02
1.228522871400134636e-02
1.228810985750316415e-02
1.229110991721879542e-02
1.229416986939517106e-02
1.229730498993757311e-02
1.230038302535740521e-02
1.230347689486105574e-02
1.230661147850728616e-02
1.230971046835585905e-02
1.231277950133287218e-02
1.231600138526382261e-02
1.231926553211351409e-02
1.232264432806168784e-02
1.232619256940868310e-02
1.232994805267752757e-02
1.233382018848984581e-02
1.233790003153402773e-02
1.234205825368007298e-02
1.234633823904070747e-02
1.235071945883460358e-02
1.235520018532021078e-02
1.235974755464760641e-02
1.236437835183563060e-02
1.236906484692260402e-02
1.237384494381079530e-02
1.237869454311749454e-02
1.238344639926711177e-02
1.238817673700516424e-02
1.239302120048885528e-02
1.239787693298784535e-02
1.240265416256027160e-02
1.240753791233294157e-02
1.241247964398989670e-02
1.241744179511418238e-02
1.242235044526060310e-02
1.242719246417380193e-02
1.243200027167605873e-02
1.243682270597128853e-02
1.244162068972469275e-02
1.244645775274765519e-02
1.245133927174092194e-02
1.245622615969589446e-02
1.246103817046636912e-02
1.246575162934967368e-02
1.247049865343375676e-02
1.247517422389288547e-02
1.247981365011485710e-02
1.248441462586459029e-02
1.248912629315923270e-02
1.249386276699171634e-02
1.249861448383854379e-02
1.250330625405131693e-02
1.250793455636506346e-02
1.251231292335390141e-02
1.251649311180867870e-02
1.252061850202835537e-02
1.252472370011511668e-02
1.252875128720012249e-02
1.253274279196032147e-02
1.253669793675751647e-02
1.254065725773627522e-02
1.254455233981375747e-02
1.254839500631428281e-02
1.255225276878731665e-02
1.255611842992203180e-02
1.255983734040416397e-02
1.256352324773358196e-02
1.256719161065047823e-02
1.257081715924175495e-02
1.257444921927109577e-02
1.257805314594109478e-02
1.258165841436783075e-02
1.258527393122345350e-02
1.258875784563754686e-02
1.259219497753126353e-02
1.259561290498753885e-02
1.259902917435365942e-02
1.260228695390498178e-02
1.260550720296290880e-02
1.260859952272301923e-02
1.261162592614408808e-02
1.261460720610231394e-02
1.261752860907788126e-02
1.262042373703202609e-02
1.262312444762744498e-02
1.262581572239358969e-02
1.262846021270459286e-02
1.263117365305984827e-02
1.263380267882637832e-02
1.263624922567677805e-02
1.263859495310014520e-02
1.264080555971915272e-02
1.264300375291174151e-02
1.264500457726773844e-02
1.264678301826249220e-02
1.264840360501142888e-02
1.265001096089743773e-02
1.265162321559823444e-02
1.265325835174970284e-02
1.265484654576301375e-02
1.265631328805825150e-02
1.265768528801067966e-02
1.265886329044751436e-02
1.265979550471959050e-02
1.266051644696270483e-02
1.266128356808077400e-02
1.266201072284138182e-02
1.266261999842005666e-02
1.266310262261053851e-02
1.266357913489110122e-02
1.266394739149082245e-02
1.266414996483443932e-02
1.266440072920442528e-02
1.266464963426911297e-02
1.266479537207432574e-02
1.266488841569699854e-02
1.266466001135960369e-02
1.266424871696937050e-02
1.266381800628537183e-02
1.266329190801577902e-02
1.266271603318319845e-02
1.266207590880815553e-02
1.266157901769024083e-02
1.266108389494385866e-02
1.266053716631798838e-02
1.266015085839836823e-02
1.265972293086803369e-02
1.265922450548466645e-02
1.265846335407158629e-02
1.265759194643481696e-02
1.265658478919636822e-02
1.265551538392568898e-02
1.265421844979695322e-02
1.265276076798736021e-02
1.265130299137448046e-02
1.264977295047180032e-02
1.264820582407074831e-02
1.264662543391583023e-02
1.264493055041068792e-02
1.264320544206959385e-02
1.264134952840849195e-02
1.263949953318121468e-02
1.263750974857134196e-02
1.263549946420155883e-02
1.263338106248634331e-02
1.263131572062349030e-02
1.262925800849054245e-02
1.262722761905208518e-02
1.262496743805261411e-02
1.262257832361437897e-02
1.262011210798390584e-02
1.261754033663153168e-02
1.261483726079082150e-02
1.261212812431135484e-02
1.260930905664804473e-02
1.260634914322264662e-02
1.260329083172357680e-02
1.260005713414211193e-02
1.259673449656600192e-02
1.259319290789462017e-02
1.258942295067892042e-02
1.258554310581149784e-02
1.258168847281434036e-02
1.257784480797715342e-02
1.257390098830332703e-02
1.256991006300403786e-02
1.256590149655418057e-02
1.256185665720555879e-02
1.255750745480366075e-02
1.255309122841206070e-02
1.254857478430409200e-02
1.254412841143435868e-02
1.253965302875856280e-02
1.253508010027130568e-02
1.253034790806486012e-02
1.252558434661134312e-02
