1.310450912867455048e-02
1.309301182649710502e-02
1.308034966732394069e-02
1.306799048020435179e-02
1.305571179692110832e-02
1.304321740258195320e-02
1.303444261784130614e-02
1.302506737567655365e-02
1.301888843875653040e-02
1.301323018337559832e-02
1.300854834348272662e-02
1.300346623005981667e-02
1.299816863655307159e-02
1.299352676939194082e-02
1.298998482207805449e-02
1.299240465446035823e-02
1.299523608777644612e-02
1.299804526553282810e-02
1.300235152829897455e-02
1.300592319344948990e-02
1.300946712558419954e-02
1.301036724738380626e-02
1.301063693950483408e-02
1.301089081947313410e-02
1.301196784192799535e-02
1.301250450002540068e-02
1.301208878516207056e-02
1.301121895885896940e-02
1.300563242699695130e-02
1.299993012192415982e-02
1.299740250916158434e-02
1.299710784048560205e-02
1.299870353926562035e-02
1.300027984487443604e-02
1.300209433233118043e-02
1.300394663427177633e-02
1.300559542317331063e-02
1.300681294212128851e-02
1.300896674680459067e-02
1.301102517241619835e-02
1.301285885453882553e-02
1.301311205524663395e-02
1.301109847020158125e-02
1.300928089446956766e-02
1.300724491828383032e-02
1.300595901770334843e-02
1.300470298030457182e-02
1.300399783019281531e-02
1.300298171574244821e-02
1.299906907948916029e-02
1.299445010945673128e-02
1.298937709279427560e-02
1.298495267777926773e-02
1.298061856572243003e-02
1.297669420710845060e-02
1.297266945442596998e-02
1.296804969098279067e-02
1.296365882642142725e-02
1.295916263088942727e-02
1.295468628325207976e-02
1.294964363567373093e-02
1.294967458087915857e-02
1.295124912913014209e-02
1.295323596734683502e-02
1.295441345223648406e-02
1.295523402168034972e-02
1.295718780289742411e-02
1.296005633500117368e-02
1.296389533404552347e-02
1.297005272837420918e-02
1.297557408394492927e-02
1.298108141777602580e-02
1.298643063745415563e-02
1.298712199560176674e-02
1.298785142810623267e-02
1.298792261273889158e-02
1.298820816436061648e-02
1.298830328002820687e-02
1.298824974905227886e-02
1.298928626596999696e-02
1.299030305887806380e-02
1.299140132293482089e-02
1.299274161060079424e-02
1.299182754496299927e-02
1.298296116751015104e-02
1.297411762830300540e-02
1.296477655108324405e-02
1.295495011185385931e-02
1.294155995131030835e-02
1.292828757547093838e-02
1.291473916321508701e-02
1.290137728230845819e-02
1.288786071228933093e-02
1.287471729372902975e-02
1.286102333652682818e-02
1.284704674644862425e-02
1.283371151109164235e-02
1.282074381293143300e-02
1.280788380686956329e-02
1.279348104284936186e-02
1.277918310520651315e-02
1.276580170059534933e-02
1.275415139934434408e-02
1.274290739129674450e-02
1.273187145911620737e-02
1.272050415515397701e-02
1.270858745335432145e-02
1.269698046562955582e-02
1.268498423792757332e-02
1.267290244015429300e-02
1.266131193432912423e-02
1.264870718814469462e-02
1.263641902822730360e-02
1.262460545186162159e-02
1.261264527213258428e-02
1.260087037605298922e-02
1.259041251153935302e-02
1.258003172910711169e-02
1.256953001983512376e-02
1.255894952192812553e-02
1.254794223213593490e-02
1.253727262849801093e-02
1.252626027714573605e-02
1.251525188957146144e-02
1.250351902571513948e-02
1.249153802114562686e-02
1.247956133928825560e-02
1.246736941037917927e-02
1.245533559249165263e-02
1.244312674963920021e-02
1.243057274833755943e-02
1.241837258259830337e-02
1.240640159196954376e-02
1.239404718470663372e-02
1.238178920349230182e-02
1.237004232396449015e-02
1.235820230575573886e-02
1.234583334953357793e-02
1.233234703170678175e-02
1.231888883248978724e-02
1.230565084290514456e-02
1.229312244712644185e-02
1.228057397154466539e-02
1.226856583281610812e-02
1.225674231627974821e-02
1.224607767029762054e-02
1.223772037560339615e-02
1.222944967138946473e-02
1.222148183726990550e-02
1.221285034716421136e-02
1.220615287432506683e-02
1.220405936961930192e-02
1.220246143931590956e-02
1.220146639912514028e-02
1.220131191805653298e-02
1.220098456027099258e-02
1.220059933761018234e-02
1.220034548021881743e-02
1.220215960794646289e-02
1.220501225082917113e-02
1.220895621775077745e-02
1.221316616519121587e-02
1.221737766230075913e-02
1.222727863425530394e-02
1.223879434998118541e-02
1.225060010189480894e-02
1.226739475442858648e-02
1.228479960693582354e-02
1.230254782805347002e-02
1.232033364373898501e-02
1.233793538896759551e-02
1.235563223768301397e-02
1.237286941564050453e-02
1.239005316101249657e-02
1.240711611730024692e-02
1.242452867519030363e-02
1.244187475741622730e-02
1.245903273313120688e-02
1.247616324922459601e-02
1.249252618185309888e-02
1.250890713646232201e-02
1.252385344219165281e-02
1.253891878201515535e-02
1.255422357311991068e-02
1.256905643000514640e-02
1.258235489804937490e-02
1.259551595574134181e-02
1.260826160009901470e-02
1.262126922835406923e-02
1.262689799333103179e-02
1.263241438049904179e-02
1.263725348198990045e-02
1.264194437153497164e-02
1.264659690790072809e-02
1.265114280980681946e-02
1.265558891274601132e-02
1.266019334212496045e-02
1.266362644995031733e-02
1.266651540090449508e-02
1.266990815740761007e-02
1.267280012993065100e-02
1.267607451915904113e-02
1.267875310803376343e-02
1.268158481215224224e-02
1.268440241272432087e-02
1.268718315888902118e-02
1.268929856871006505e-02
1.269119918115863520e-02
1.269324585566272874e-02
1.269498016099100332e-02
1.269657137683699935e-02
1.269991811699562601e-02
1.270326273587921509e-02
1.270626454362071452e-02
1.270992534008478017e-02
1.271293067261522122e-02
1.271660658934605295e-02
1.272443679113535557e-02
1.273228773213372529e-02
1.273939410455603334e-02
1.274623262661521428e-02
1.275240217594178146e-02
1.275825581964968453e-02
1.276421552789566011e-02
1.277078857841503975e-02
1.277632774499957123e-02
1.278106509079301144e-02
1.278584269230479201e-02
1.279073732307790118e-02
1.279638101632717649e-02
1.280237846163939652e-02
1.280729426556348298e-02
1.281247220148230836e-02
1.281693981571283870e-02
1.282004636375168316e-02
1.282180861030696173e-02
1.282359077734993545e-02
1.282465718108591682e-02
1.282579837631493865e-02
1.282678469268785058e-02
1.282729890706795287e-02
1.282674873256144446e-02
1.282637999370960825e-02
1.282600916668105891e-02
1.282621090004121105e-02
1.282603736422795009e-02
1.282592114218574463e-02
1.282586578139542979e-02
1.282577318762484833e-02
1.282644745042646299e-02
1.282748995627475824e-02
1.282797979207266591e-02
1.282893312750356916e-02
1.282945171720569627e-02
1.282963942668740968e-02
1.282980917028829666e-02
1.283115576180643425e-02
1.283297689092206643e-02
1.283470507634614302e-02
1.283652463572487919e-02
1.283822089302056636e-02
1.284124204814636287e-02
1.284406621909242943e-02
1.284556844117735845e-02
1.284644644360387854e-02
1.284810561947877759e-02
1.285046769710744205e-02
1.285446347260054550e-02
1.285928408688639078e-02
1.286391295692945747e-02
1.286850447474103057e-02
1.287299722804865348e-02
1.287760319535816850e-02
1.288211213803287965e-02
1.288624373638115432e-02
1.289090220693710209e-02
1.289549810171150210e-02
1.290044414526506436e-02
1.290544302511081355e-02
1.291023306524695727e-02
1.291409033412666343e-02
1.291842107317858930e-02
1.291522655483592387e-02
1.291131607628945993e-02
1.290740951266774149e-02
1.290168368292528636e-02
1.289623768754177835e-02
1.289068346269413301e-02
1.288549917721744549e-02
1.288010740540322316e-02
1.287493129747941875e-02
1.286941783763294149e-02
1.286468577869978938e-02
1.285995073531151674e-02
1.285579947308308768e-02
1.285238726759115220e-02
1.284933171204023609e-02
1.284636549286259991e-02
1.284337326985694229e-02
1.283980947992454866e-02
1.283645437577842982e-02
1.283305039943904817e-02
1.282946105117220396e-02
1.282554497724710391e-02
1.282165332745824164e-02
1.281790037143700975e-02
1.281376979730376210e-02
1.280950518275925792e-02
1.280553346389048767e-02
1.279926425481672445e-02
1.279197305015551157e-02
1.278486161430385758e-02
1.277753720367927857e-02
1.276995933608619967e-02
1.276257947465268654e-02
1.275506396643866225e-02
1.274783718687026376e-02
1.274111594273081779e-02
1.273460716782635199e-02
1.272810844991193770e-02
1.272171660390882149e-02
1.271570058545736306e-02
1.270980170271344793e-02
1.270339312112327666e-02
1.269694204308498969e-02
1.269070911238778972e-02
1.268332734189851936e-02
1.267602108073876375e-02
1.266933040481688609e-02
1.266044889996070962e-02
1.264986982894929571e-02
1.263889069675725244e-02
1.262870839843805749e-02
1.261894432806025430e-02
1.260949075012837706e-02
1.260036839548653309e-02
1.259061342879441020e-02
1.258059448189357415e-02
1.257099012311778050e-02
1.256144735375410749e-02
1.255176314752710562e-02
1.254184360312408410e-02
1.253149656616177679e-02
1.252074611842202666e-02
1.250810796577392359e-02
1.249423512163829603e-02
1.248114148393640599e-02
1.246791291459591923e-02
1.245426205221427350e-02
1.244059524104565613e-02
1.242712758185252585e-02
1.241359092254947991e-02
1.239992774424361101e-02
1.238671033393136389e-02
1.237582823504141706e-02
1.236317233597742163e-02
1.235033205779190006e-02
1.233792911696627616e-02
1.232601971090403238e-02
1.231504176519427479e-02
1.230519466633230030e-02
1.229559516077183973e-02
1.228634005121519678e-02
1.227688102656952253e-02
1.226729324570180468e-02
1.225791582776231993e-02
1.224861062783974032e-02
1.224034138603151238e-02
1.223333947668281754e-02
1.222724016670803486e-02
1.222062394314623289e-02
1.221387145337793183e-02
1.220706169596401554e-02
1.220023286087383585e-02
1.219360325771720426e-02
1.218685264131745029e-02
1.217972444625392038e-02
1.217254879095279983e-02
1.216524478741662883e-02
1.215883633254445997e-02
1.215237035415245651e-02
1.214542155359197781e-02
1.213859597883434893e-02
1.213442626105900451e-02
1.213056260515106219e-02
1.212644571517574807e-02
1.212260979049457725e-02
1.211839572958053543e-02
1.211302560768981983e-02
1.210652448668688916e-02
1.209942162646229433e-02
1.209241188133638317e-02
1.208503942566064963e-02
1.207795319190435417e-02
1.207047408569995178e-02
1.206326583338555684e-02
1.205570735492037839e-02
1.204821768790020724e-02
1.204077447728690679e-02
1.203289841379852169e-02
1.202388900432181662e-02
1.201421219038274930e-02
1.200473933454434400e-02
1.199466518978822144e-02
1.198486631277021625e-02
1.197545327531078334e-02
1.196584987455043270e-02
1.195650280692611180e-02
1.194746178701885930e-02
1.193802620554818179e-02
1.193150710249023944e-02
1.192686589043888412e-02
1.191995516021201497e-02
1.191296345025390571e-02
1.190546298659466047e-02
1.190019796915306981e-02
1.189661450423844420e-02
1.189271348564781630e-02
1.188847958004074327e-02
1.188408151794380883e-02
1.187915878010228389e-02
1.187323008431238197e-02
1.186739855396202505e-02
1.186145596686065742e-02
1.185475460558809910e-02
1.184733257766581657e-02
1.183983369630436239e-02
1.183215783728514166e-02
1.182483211141489507e-02
1.181722164772580803e-02
1.180971672534245065e-02
1.180285360566175196e-02
1.179706026800367812e-02
1.179240629139308334e-02
1.178929931797371121e-02
1.178750187022634989e-02
1.178543961583971775e-02
1.178383278337290924e-02
1.178199553898338567e-02
1.178008150658157310e-02
1.177787321492512751e-02
1.177563799686122577e-02
1.177289242611885903e-02
1.176901303443207009e-02
1.176481098951072390e-02
1.176040368885501383e-02
1.175521827445010284e-02
1.174921915322383811e-02
1.174321033532122263e-02
1.174055909160278549e-02
1.173733698279479098e-02
1.173336039664450020e-02
1.172902700108786542e-02
1.172490950551744598e-02
1.172050809696367768e-02
1.171591164245030028e-02
1.171131543029946959e-02
1.170665652330983401e-02
1.170146933695109109e-02
1.169603047057200286e-02
1.169095506001373297e-02
1.168602248545306047e-02
1.168121810324164976e-02
1.167341509286043584e-02
1.166254203065819443e-02
1.165168739140353717e-02
1.164064014019253190e-02
1.162984239384207488e-02
1.161823097736622117e-02
1.160687166443371762e-02
1.159550274907562330e-02
1.158351527005939408e-02
1.156828561044213888e-02
1.155347073314533062e-02
1.153847625527871373e-02
1.152354864726169367e-02
1.150844050648837033e-02
1.149345984375599664e-02
1.147777670268841990e-02
1.146268553474073457e-02
1.144882666129639313e-02
1.143471079652913155e-02
1.142068452096894025e-02
1.140591000740826325e-02
1.139112545034401403e-02
1.137604500288728893e-02
1.136004625950786523e-02
1.134423293243706776e-02
1.132827912115226890e-02
1.131252176201058557e-02
1.129889845884465838e-02
1.128885458628994982e-02
1.127885071113748222e-02
1.126869725464976421e-02
1.126053456252346097e-02
1.125811621178911433e-02
1.125639565123649939e-02
1.125527270379473102e-02
1.125462391769788129e-02
1.125483323413990419e-02
