1.156948822095693087e-02
1.160847244477631462e-02
1.164735236459372818e-02
1.168618202359699050e-02
1.172473081356361323e-02
1.176305074987485030e-02
1.180121643098532881e-02
1.183914946898366287e-02
1.187693564359296010e-02
1.191452207565431819e-02
1.195187838990760011e-02
1.198911730051171499e-02
1.202611678761928218e-02
1.206302480787731744e-02
1.209973058885583687e-02
1.213623472301386674e-02
1.217241967848618246e-02
1.220827591260070615e-02
1.224355242970151178e-02
1.227869157140145176e-02
1.231367108345091284e-02
1.234825312380476159e-02
1.238263062047160329e-02
1.241675489180770267e-02
1.245058040676677233e-02
1.248402942079870209e-02
1.251712835337415002e-02
1.254974473521722200e-02
1.258203133299788147e-02
1.261407224204281856e-02
1.264600676885717888e-02
1.267770746139861536e-02
1.270916698674115324e-02
1.274035707456494006e-02
1.277116798213017747e-02
1.280168975000282351e-02
1.283195088452592121e-02
1.286172983579730693e-02
1.289113784505192123e-02
1.292027631750437659e-02
1.294896988432298578e-02
1.297741489207095145e-02
1.300562357157562451e-02
1.303346882350885950e-02
1.306103493564148357e-02
1.308826877082179714e-02
1.311520917839483456e-02
1.314183944621400042e-02
1.316807586600183058e-02
1.319421145454599195e-02
1.322003656130674512e-02
1.324555214562351917e-02
1.327082213280461609e-02
1.329582914021030203e-02
1.332037763331239688e-02
1.334473800068545699e-02
1.336860311433235929e-02
1.339203315740532599e-02
1.341518454484936021e-02
1.343796374533233300e-02
1.346022701688989742e-02
1.348217303534361873e-02
1.350382656199920067e-02
1.352526868462841821e-02
1.354649986663387061e-02
1.356749050355241307e-02
1.358805649441464751e-02
1.360810233914770337e-02
1.362767148618734478e-02
1.364680491208862360e-02
1.366558430056386171e-02
1.368404056416810434e-02
1.370228137557611206e-02
1.372025028250680768e-02
1.373800244019419449e-02
1.375537894260416352e-02
1.377234944382940869e-02
1.378890973939171823e-02
1.380514920980847882e-02
1.382092245471028616e-02
1.383639646182459153e-02
1.385159589401405850e-02
1.386638033044635017e-02
1.388080432489251226e-02
1.389482221682964910e-02
1.390838464379636971e-02
1.392152103113751017e-02
1.393419847174599997e-02
1.394641378807260669e-02
1.395823274510995041e-02
1.396962802059266429e-02
1.398052155759407084e-02
1.399118550045635144e-02
1.400145529707691461e-02
1.401136989200241732e-02
1.402087237219033257e-02
1.403005076468630610e-02
1.403908842301295097e-02
1.404792358160621146e-02
1.405641046121103126e-02
1.406453144316449286e-02
1.407223162746417365e-02
1.407956770625602358e-02
1.408656674729413284e-02
1.409327472924048336e-02
1.409955535362504911e-02
1.410565999763055411e-02
1.411150875720275193e-02
1.411701820762814759e-02
1.412223326942610609e-02
1.412720909014727154e-02
1.413193690956165115e-02
1.413639169960691222e-02
1.414052245838489860e-02
1.414429276629287045e-02
1.414775710362975100e-02
1.415090328938997145e-02
1.415369882344439702e-02
1.415629437070409918e-02
1.415865954684497607e-02
1.416065066968882381e-02
1.416237350163522535e-02
1.416390620405652730e-02
1.416521239000426494e-02
1.416624879736413413e-02
1.416710600813881130e-02
1.416772974227692439e-02
1.416808322722141848e-02
1.416826096396836543e-02
1.416836130191636602e-02
1.416812954058973943e-02
1.416777565274909660e-02
1.416736975913139920e-02
1.416687907964511023e-02
1.416619660574582919e-02
1.416523856384753303e-02
1.416408426110351074e-02
1.416286965263367260e-02
1.416164765613377174e-02
1.416023671862839256e-02
1.415863430364858871e-02
1.415685514211475170e-02
1.415488765616501263e-02
1.415270499630070372e-02
1.415045562230881314e-02
1.414810906150660783e-02
1.414569849976303299e-02
1.414319314649636720e-02
1.414061607243319307e-02
1.413780389430193546e-02
1.413479878414031742e-02
1.413153006032615532e-02
1.412817784480921435e-02
1.412475793265513362e-02
1.412113280806166771e-02
1.411741671873819465e-02
1.411349030273937634e-02
1.410948308709475407e-02
1.410544029845753160e-02
1.410139718327754234e-02
1.409737720557331479e-02
1.409331578623070243e-02
1.408920268381211836e-02
1.408499988105632594e-02
1.408071639102385572e-02
1.407639554738029236e-02
1.407213170273683561e-02
1.406781206297961530e-02
1.406326426010891598e-02
1.405848707343104742e-02
1.405365434374963862e-02
1.404881061918123938e-02
1.404375074058976380e-02
1.403859658429984503e-02
1.403331899772590138e-02
1.402784497599001562e-02
1.402224319439720340e-02
1.401653331322298690e-02
1.401058465725583783e-02
1.400457560576361463e-02
1.399850869953715889e-02
1.399234685628399956e-02
1.398607387612150858e-02
1.397966090467447908e-02
1.397312413606302366e-02
1.396653986700425315e-02
1.395995607143249440e-02
1.395337297264536910e-02
1.394670214430266710e-02
1.393990832026593962e-02
1.393306159101892483e-02
1.392607640043626999e-02
1.391901331691863114e-02
1.391197419875870624e-02
1.390488245679152163e-02
1.389771300628997279e-02
1.389045843953538861e-02
1.388315665997924900e-02
1.387583717412186994e-02
1.386847855211406980e-02
1.386101436891465366e-02
1.385345801421763133e-02
1.384580449720100234e-02
1.383814619393181067e-02
1.383042916674837725e-02
1.382269262575345874e-02
1.381499999179480395e-02
1.380735575291459905e-02
1.379962797479082973e-02
1.379182685372134023e-02
1.378409346050263676e-02
1.377635046308495377e-02
1.376855411002004918e-02
1.376070100238190388e-02
1.375272684678129076e-02
1.374476902312104024e-02
1.373669780220322829e-02
1.372858308915054712e-02
1.372048176291061454e-02
1.371229107536169403e-02
1.370405383193843037e-02
1.369583612441631175e-02
1.368764211189370597e-02
1.367947179581124190e-02
1.367115382621429502e-02
1.366277100570436817e-02
1.365438810211812119e-02
1.364603084462440857e-02
1.363760134146471160e-02
1.362917842918656350e-02
1.362076981179817688e-02
1.361235313072432784e-02
1.360392807526917928e-02
1.359543332022119383e-02
1.358684750824289307e-02
1.357816752373212921e-02
1.356936012415517999e-02
1.356041284134093354e-02
1.355152080476047793e-02
1.354257184121140933e-02
1.353356857696193932e-02
1.352449102375315355e-02
1.351534769618765487e-02
1.350609010122416631e-02
1.349679033470316779e-02
1.348733396499486765e-02
1.347782843907535145e-02
1.346829630376213983e-02
1.345863507504897576e-02
1.344888154422109634e-02
1.343894868763154983e-02
1.342899630426484803e-02
1.341897389524275390e-02
1.340892436204190429e-02
1.339875988578766511e-02
1.338849550089312064e-02
1.337820290942659356e-02
1.336782606608493719e-02
1.335737245301936611e-02
1.334686824551378076e-02
1.333621439834536439e-02
1.332545280743111481e-02
1.331456439691101890e-02
1.330358039675889892e-02
1.329249925061430811e-02
1.328134763221907634e-02
1.327013944365122364e-02
1.325882433345697102e-02
1.324736223868069537e-02
1.323584868364586532e-02
1.322423441946074703e-02
1.321242725253807086e-02
1.320037936309091144e-02
1.318806204608935669e-02
1.317555877114652725e-02
1.316293006104313559e-02
1.315022762670732537e-02
1.313738875079892288e-02
1.312442255826737521e-02
1.311123920231144040e-02
1.309797941181813606e-02
1.308461352277828262e-02
1.307109249567168369e-02
1.305745591852632004e-02
1.304374948091778855e-02
1.302995250788694520e-02
1.301609431096886760e-02
1.300214537357882900e-02
1.298807956989455822e-02
1.297387305893271670e-02
1.295962208677232767e-02
1.294523359880968803e-02
1.293067136080310042e-02
1.291596976202763654e-02
1.290109365927860283e-02
1.288613301748889155e-02
1.287101120475484320e-02
1.285570772811688543e-02
1.284024211387196392e-02
1.282463866544559551e-02
1.280886487694612649e-02
1.279300482305121070e-02
1.277694842331340494e-02
1.276080435404626338e-02
1.274459760105364249e-02
1.272820314455658415e-02
1.271172490871098557e-02
1.269512894363387587e-02
1.267847385270679667e-02
1.266167402361983475e-02
1.264475427410336437e-02
1.262778191662656223e-02
1.261069829450458223e-02
1.259360554551231144e-02
1.257650793103283829e-02
1.255939346358520524e-02
1.254220870444586883e-02
1.252489872720086855e-02
1.250747683270536648e-02
1.249004143182484011e-02
1.247254168425178042e-02
1.245496061072281016e-02
1.243727481348837552e-02
1.241951289241241020e-02
1.240163374584516906e-02
1.238363566760070263e-02
1.236556167152477216e-02
1.234741784043680117e-02
1.232928238637128436e-02
1.231107777751112159e-02
1.229282149085729817e-02
1.227441088681553022e-02
1.225583486533284548e-02
1.223719724323822124e-02
1.221843830090208610e-02
1.219960764761374508e-02
1.218071582158052925e-02
1.216172698065215788e-02
1.214274426792305225e-02
1.212371607402946971e-02
1.210457394984527923e-02
1.208536905501760884e-02
1.206617225076715878e-02
1.204681969089996599e-02
1.202747481439195819e-02
1.200813046539457758e-02
1.198871567007789296e-02
1.196914176487797084e-02
1.194951353280620729e-02
1.192990319167640777e-02
1.191028126740242832e-02
1.189064723367416407e-02
1.187102454778720707e-02
1.185138266310648697e-02
1.183166123644982005e-02
1.181185611015946393e-02
1.179195811582696950e-02
1.177194596982708390e-02
1.175180557583685795e-02
1.173166894309105729e-02
1.171146019889795359e-02
1.169121119174178214e-02
1.167091865187300063e-02
1.165061758083437045e-02
1.163034100482502817e-02
1.160999372342311382e-02
1.158959441343417052e-02
1.156926856548301345e-02
1.154898384031083532e-02
1.152859863576882922e-02
1.150812578906945487e-02
1.148751398089577734e-02
1.146685796747545782e-02
1.144618984988316455e-02
1.142547583262342077e-02
1.140467209317691695e-02
1.138382656177886615e-02
1.136294071435454967e-02
1.134201080238510413e-02
1.132115799844748104e-02
1.130030384223864280e-02
1.127950414543959362e-02
1.125878217494267509e-02
1.123808276542947668e-02
1.121738442054173376e-02
1.119668670160765996e-02
1.117590902243477055e-02
1.115513027911663527e-02
1.113439460342777361e-02
1.111368042505759234e-02
1.109298302978502411e-02
1.107236137418602870e-02
1.105175265376232528e-02
1.103105354462044843e-02
1.101029782232716171e-02
1.098948073448470508e-02
1.096867030811466033e-02
1.094788230730912859e-02
1.092714495904901356e-02
1.090650599836419203e-02
1.088585107886213578e-02
1.086523675943053095e-02
1.084467454926122537e-02
1.082413640121193850e-02
1.080366630755620096e-02
1.078324213229609960e-02
1.076282566344525897e-02
1.074240279939842405e-02
1.072194636675531491e-02
1.070147422764530093e-02
1.068106741653684910e-02
1.066071458895012820e-02
1.064036381570156869e-02
1.062001893294834895e-02
1.059970578823107509e-02
1.057949348640256464e-02
1.055927041082374389e-02
1.053909513966513369e-02
1.051891466591193570e-02
1.049873162399593031e-02
1.047857791234318992e-02
1.045845900798828519e-02
1.043839200328403743e-02
1.041830575248534931e-02
1.039826485967728850e-02
1.037826600300753056e-02
1.035833447633461267e-02
1.033847280484255504e-02
1.031867729787779367e-02
1.029892084614807655e-02
1.027913926191036456e-02
1.025931945896333894e-02
1.023949388557346060e-02
1.021969566710322075e-02
1.019998495297009394e-02
1.018032573319042726e-02
1.016072078241730438e-02
1.014118896113657721e-02
1.012173234229454301e-02
1.010235305982416266e-02
1.008301501394252148e-02
1.006371860778586952e-02
1.004443468336626601e-02
1.002524975626853561e-02
1.000608342806228769e-02
9.986886042277589789e-03
9.967685147358688186e-03
9.948483440284712487e-03
9.929310207139607769e-03
9.910210080556872830e-03
9.891131749263093464e-03
9.872118235147544704e-03
9.853153642540602233e-03
9.834239591550579182e-03
9.815359983979303482e-03
9.796460376143862475e-03
9.777593133138407638e-03
9.758788229067687572e-03
9.739918274796859066e-03
9.721045906150459562e-03
9.702229087950854647e-03
9.683447917776652827e-03
9.664614898974103682e-03
9.645818104448897895e-03
9.627052836667262040e-03
9.608299202451851123e-03
9.589569767216293145e-03
9.570793302139172370e-03
9.551998336733662567e-03
9.533213262212472672e-03
9.514506835036094790e-03
9.495783264244488098e-03
9.477105927226399384e-03
9.458478886918158038e-03
9.439883501089334564e-03
9.421317535082929587e-03
9.402781703211243389e-03
9.384271356921916954e-03
9.365769187527550263e-03
9.347261255253636741e-03
9.328743126201667624e-03
9.310314401437473630e-03
9.291901033427292164e-03
9.273502379410105204e-03
9.255173392331474819e-03
9.236877608889557806e-03
9.218570133896064958e-03
9.200247290143313827e-03
9.181938898909237576e-03
9.163640522933858348e-03
9.145343711122336586e-03
9.127050332811947539e-03
9.108743123614662651e-03
9.090385384325496212e-03
9.071978528202327002e-03
9.053569253621801538e-03
9.035239249098343112e-03
9.016905629434334921e-03
8.998594498482448412e-03
8.980300102727231323e-03
