1.636022161088997173e-02
1.632874147813240598e-02
1.629734355872803145e-02
1.626617896854621118e-02
1.623501801330244632e-02
1.620398500644340545e-02
1.617298142676994524e-02
1.614230972732653285e-02
1.611208799148150517e-02
1.608192221606098357e-02
1.605180263363301107e-02
1.602245387159339021e-02
1.599338674066542315e-02
1.596449600023497686e-02
1.593576020890899794e-02
1.590727202727988676e-02
1.587905175292279175e-02
1.585122025842648774e-02
1.582370530876336598e-02
1.579629701734476879e-02
1.576890618074555314e-02
1.574156601970192609e-02
1.571442199228552036e-02
1.568743483100784944e-02
1.566059723585694341e-02
1.563380603491762444e-02
1.560708902469325719e-02
1.558046800519816491e-02
1.555414935748038359e-02
1.552804167912430477e-02
1.550204948961451598e-02
1.547612028951383771e-02
1.545047711937096516e-02
1.542524753105045318e-02
1.540036500266209717e-02
1.537589788319534967e-02
1.535077978326666003e-02
1.532578861040737213e-02
1.530102112884371493e-02
1.527624961588717155e-02
1.525178406703829072e-02
1.522737943888871452e-02
1.520318030948131401e-02
1.517917489093218754e-02
1.515528071442023318e-02
1.513125862461481806e-02
1.510734929603370184e-02
1.508316249580931440e-02
1.505899575593270916e-02
1.503477999139764265e-02
1.501074586568548232e-02
1.498677853215407696e-02
1.496286830321502323e-02
1.493904364157950734e-02
1.491493732570304750e-02
1.489080074782003597e-02
1.486678096875062444e-02
1.484275343523130258e-02
1.481879617967241623e-02
1.479518772480388836e-02
1.477221663381365034e-02
1.474939133348336824e-02
1.472691556048756276e-02
1.470450834156664111e-02
1.468225212767203074e-02
1.466010439167122342e-02
1.463813566781810467e-02
1.461622669422018954e-02
1.459419378493363728e-02
1.457218188948299249e-02
1.455021898833390101e-02
1.452829416229450485e-02
1.450652356932448372e-02
1.448486315448087834e-02
1.446333021979968707e-02
1.444171988004407797e-02
1.442013595195677442e-02
1.439826922002229032e-02
1.437631513902570823e-02
1.435462700626700949e-02
1.433302321781572408e-02
1.431172496321175824e-02
1.429035222963644623e-02
1.426896721681226478e-02
1.424763018589386698e-02
1.422634869744516910e-02
1.420500550608747720e-02
1.418371617845208543e-02
1.416280039749443116e-02
1.414213012760034971e-02
1.412147068684124936e-02
1.410090891899921754e-02
1.408042054409636840e-02
1.406012308764788103e-02
1.403994860345466125e-02
1.401972805819580795e-02
1.399952877131808819e-02
1.397934957548838293e-02
1.395914658765534840e-02
1.393899630236106364e-02
1.391886986734708169e-02
1.389867674545002853e-02
1.387845139829670463e-02
1.385824305952250424e-02
1.383803184396099027e-02
1.381786298319590336e-02
1.379749475762542289e-02
1.377721812424438121e-02
1.375700408263096433e-02
1.373677971494155145e-02
1.371655574441439825e-02
1.369656422719357086e-02
1.367661522162468869e-02
1.365640841017385677e-02
1.363648617322543895e-02
1.361682037454661418e-02
1.359722855050512873e-02
1.357780257623711524e-02
1.355841419258659725e-02
1.353917717838695398e-02
1.352001460573576917e-02
1.350083907941333240e-02
1.348200658119198987e-02
1.346315775811793639e-02
1.344433807736087998e-02
1.342566744998031220e-02
1.340718141379013476e-02
1.338880669356229750e-02
1.337060201579871183e-02
1.335243197058769149e-02
1.333429740386705281e-02
1.331603730648667216e-02
1.329794187248433714e-02
1.327997132720512390e-02
1.326215380976212242e-02
1.324420499576152779e-02
1.322633995659489893e-02
1.320854287562043573e-02
1.319101898784405362e-02
1.317357338656455906e-02
1.315618146879943794e-02
1.313828080344670891e-02
1.311997817034772987e-02
1.310142929610819129e-02
1.308273966834236704e-02
1.306394887920839937e-02
1.304489272069569300e-02
1.302564656515166862e-02
1.300633510660457667e-02
1.298705836248343834e-02
1.296772765628059071e-02
1.294836644366852141e-02
1.292884611723702643e-02
1.290926787026873412e-02
1.288965370601040730e-02
1.286999262826100422e-02
1.285003696719596959e-02
1.282988047522478844e-02
1.280965404600770650e-02
1.278949091331430150e-02
1.276931331495369075e-02
1.274882452469511956e-02
1.272828897684785861e-02
1.270768735535122811e-02
1.268707488588127416e-02
1.266657683094586304e-02
1.264618699336675020e-02
1.262580107882487791e-02
1.260548332876468454e-02
1.258520836004350246e-02
1.256488078075215613e-02
1.254464052362215531e-02
1.252433972318983159e-02
1.250407758485847128e-02
1.248410551151018372e-02
1.246424253801802981e-02
1.244439171616297177e-02
1.242478481296903706e-02
1.240549393869016387e-02
1.238647483351405787e-02
1.236752644416700200e-02
1.234847776550610302e-02
1.232950823600907110e-02
1.231066703210180295e-02
1.229192306990345256e-02
1.227322012537225560e-02
1.225459064369314836e-02
1.223601453668626653e-02
1.221747575562920005e-02
1.219898479209094791e-02
1.218029845591561515e-02
1.216160542339156381e-02
1.214303055422280390e-02
1.212452973818353014e-02
1.210611032532311546e-02
1.208768480523181484e-02
1.206943870131158350e-02
1.205127788729268984e-02
1.203318175097866163e-02
1.201537353785549732e-02
1.199758208903425882e-02
1.197987373679271390e-02
1.196230002201945780e-02
1.194487719777332507e-02
1.192748092610679961e-02
1.191014475571416931e-02
1.189288897830263932e-02
1.187578899325916586e-02
1.185875007293379566e-02
1.184183046529557574e-02
1.182501162835001771e-02
1.180830345726017507e-02
1.179163801083118503e-02
1.177506856651587899e-02
1.175842427101380684e-02
1.174184707944326070e-02
1.172529205372815735e-02
1.170880670275370114e-02
1.169246154393408822e-02
1.167607920522057557e-02
1.165973825749484424e-02
1.164348368179374434e-02
1.162735887225259043e-02
1.161134841161482779e-02
1.159551624809443751e-02
1.157967251785139463e-02
1.156397891656677467e-02
1.154839188155954918e-02
1.153275613880547917e-02
1.151717561020614185e-02
1.150159692842799702e-02
1.148608534309873003e-02
1.147063508278695597e-02
1.145528751739491140e-02
1.143996157183252080e-02
1.142466789304816439e-02
1.140946275604043554e-02
1.139435415727131119e-02
1.137948018329628525e-02
1.136489348332378642e-02
1.135052264470307742e-02
1.133621659071294002e-02
1.132193959943578535e-02
1.130772837878110497e-02
1.129365599226842855e-02
1.127960969144553571e-02
1.126560300002183920e-02
1.125177485297458417e-02
1.123796689031100055e-02
1.122420104516326858e-02
1.121037263779031679e-02
1.119653007146859808e-02
1.118283184128449417e-02
1.116926238084709443e-02
1.115574142868508770e-02
1.114231703332916809e-02
1.112908592942775041e-02
1.111611712634941185e-02
1.110333555100497666e-02
1.109067832357878841e-02
1.107803517731033825e-02
1.106540529138930369e-02
1.105283098061868134e-02
1.104035019998879374e-02
1.102784717535619345e-02
1.101539136106846270e-02
1.100298473773704371e-02
1.099066690049774545e-02
1.097839620877127248e-02
1.096617882678518896e-02
1.095411749550725435e-02
1.094218028531442413e-02
1.093037535670367440e-02
1.091865560111892480e-02
1.090706159935448186e-02
1.089558201326603672e-02
1.088414758462391552e-02
1.087272038531270080e-02
1.086133332758961248e-02
1.085015738462003811e-02
1.083902424494353860e-02
1.082777583498628453e-02
1.081667628618870024e-02
1.080569291990188946e-02
1.079471614360693645e-02
1.078373221941034479e-02
1.077315681060253202e-02
1.076257566663729910e-02
1.075201287319775025e-02
1.074134135944894083e-02
1.073067805447096637e-02
1.072010208993514312e-02
1.070968427646122427e-02
1.069934900182465363e-02
1.068895999192478324e-02
1.067860302953621207e-02
1.066799494918251739e-02
1.065741411370559055e-02
1.064678450031912235e-02
1.063624034397533426e-02
1.062579667836923737e-02
1.061534771489890290e-02
1.060491561982624363e-02
1.059438356023804928e-02
1.058388484127756324e-02
1.057349476182197108e-02
1.056302835347146946e-02
1.055249369915819621e-02
1.054198728744647380e-02
1.053149547319467104e-02
1.052082650780625933e-02
1.051014903853626087e-02
1.049954465684637545e-02
1.048899379043649951e-02
1.047844995187701723e-02
1.046783314494441168e-02
1.045720997379853516e-02
1.044660761464535209e-02
1.043604596472760479e-02
1.042543989282543500e-02
1.041482483918763045e-02
1.040416329163372684e-02
1.039350793605503878e-02
1.038279371806533416e-02
1.037191699543784339e-02
1.036098261426549212e-02
1.035011440321111607e-02
1.033936987539834165e-02
1.032872404120246598e-02
1.031812557082517796e-02
1.030749233860202806e-02
1.029681714060775785e-02
1.028621987850033247e-02
1.027578536874542391e-02
1.026529087211300144e-02
1.025482622109028311e-02
1.024445609400273516e-02
1.023409214979983592e-02
1.022370631445270253e-02
1.021333910184768663e-02
1.020311016045094381e-02
1.019295503226374210e-02
1.018285514901106671e-02
1.017287451576077452e-02
1.016313191286494916e-02
1.015342020853382890e-02
1.014374920931583081e-02
1.013419347420759127e-02
1.012470756062471867e-02
1.011534770206659259e-02
1.010607547483798399e-02
1.009708109890654522e-02
1.008819082823563841e-02
1.007951417470302063e-02
1.007093320141334673e-02
1.006237936088684101e-02
1.005386205387295666e-02
1.004563019428160973e-02
1.003757133830206032e-02
1.002950740160124532e-02
1.002176431146413471e-02
1.001418791166402630e-02
1.000672155333537372e-02
9.999339617695415100e-03
9.992076933081293563e-03
9.984867389217673417e-03
9.977868340212889958e-03
9.971072510598151528e-03
9.964361663071326716e-03
9.957780446437516572e-03
9.951367033212168284e-03
9.945000419200836217e-03
9.938851832179837476e-03
9.932999656226315990e-03
9.927417189761443550e-03
9.921970011981267115e-03
9.916567693298466643e-03
9.911322200841302110e-03
9.906161871565353008e-03
9.901054987580995559e-03
9.895952985737494628e-03
9.890873045304778705e-03
9.885832245820696043e-03
9.880859265255089244e-03
9.875908864342352114e-03
9.870865313221859408e-03
9.865919525206347934e-03
9.860968621169181533e-03
9.855928386041825154e-03
9.851024062142648557e-03
9.846340511693028527e-03
9.841727753157770292e-03
9.837167509395269849e-03
9.832749246501935186e-03
9.828314348475256784e-03
9.824118062330669879e-03
9.820088995698658327e-03
9.816150229804820188e-03
9.812276884327212137e-03
9.808449499910424155e-03
9.804698477766713924e-03
9.800972435511982189e-03
9.797240727909628868e-03
9.793710035701208225e-03
9.790253423871067215e-03
9.786843224136783717e-03
9.783825759066635402e-03
9.781022720120003885e-03
9.778404580184456990e-03
9.775862700345973669e-03
9.773385936522995324e-03
9.771022932802698666e-03
9.768728195824433885e-03
9.766701356542718121e-03
9.764949573227307833e-03
9.763400497031534189e-03
9.761805725402692910e-03
9.760451748279714082e-03
9.759174444172498061e-03
9.758088925535609789e-03
9.757324925741550636e-03
9.756790119121751953e-03
9.756357872127523201e-03
9.756185318124999117e-03
9.756155514164204998e-03
9.756705439939486815e-03
9.757607731832415587e-03
9.758648011215046228e-03
9.760080686686460269e-03
9.761668581838797015e-03
9.763407766092913054e-03
9.765505220146641213e-03
9.768105353819805936e-03
9.771133115306649200e-03
9.774590646196559471e-03
9.778467852826721457e-03
9.782824836786725708e-03
9.787599920528199798e-03
9.792771374554547562e-03
9.798265073210516221e-03
9.804203933924638195e-03
9.810576913152643450e-03
9.817205411738812171e-03
9.824342660528681895e-03
9.831966907513690207e-03
9.840207536582826903e-03
9.849236929371282118e-03
9.859063140910994186e-03
9.869519860338149889e-03
9.880781218587219444e-03
9.892799497781308224e-03
9.905068975671338372e-03
9.917801983832024923e-03
9.931250540674172941e-03
9.945628101250696823e-03
9.961109081262877613e-03
9.977759555703702779e-03
9.995570115804519248e-03
1.001465846144289351e-02
1.003521061101685617e-02
1.005733291853693270e-02
1.008105101428286715e-02
1.010604028390965810e-02
1.013223947370651447e-02
1.016006856764068572e-02
1.018982972566940572e-02
1.022179240426600820e-02
1.025596730170370667e-02
1.029191980368262746e-02
1.032972068995365554e-02
1.037007934937814874e-02
1.041309422649732731e-02
1.045927346211094830e-02
1.050916986882173727e-02
1.056315904670637219e-02
1.062102569749371131e-02
1.068346582374905471e-02
1.075122898806214235e-02
1.082347612346736161e-02
1.090138534459843267e-02
1.098716384872082050e-02
1.108136187822616851e-02
1.118600768412708960e-02
1.130285525639346776e-02
1.143466950620956532e-02
1.158450897823739764e-02
1.175986100930057239e-02
1.197015954828630976e-02
1.223125678557813838e-02
1.257578515356356716e-02
1.304145655541366113e-02
1.370692331933363352e-02
1.470840842114522380e-02
1.630984410792579720e-02
1.898581411940781366e-02
2.357270534210195723e-02
3.170200167145583586e-02
4.653763149342016875e-02
7.467399301950215784e-02
1.285054845098800858e-01
