9.366429831518323715e-03
9.401627379587019009e-03
9.436875319913219998e-03
9.472117414281708281e-03
9.507286942373656749e-03
9.542328797305021579e-03
9.577252345740569495e-03
9.611983673694916852e-03
9.646561506133443861e-03
9.680975482107036234e-03
9.715355668762897662e-03
9.749658855247481798e-03
9.783851286709138728e-03
9.818016006917278105e-03
9.852204723105285541e-03
9.886308174129276871e-03
9.920364403415647334e-03
9.954393575977067005e-03
9.988397151226494422e-03
1.002230067307350453e-02
1.005624133791233228e-02
1.009000870532644756e-02
1.012364020096878474e-02
1.015715117970798775e-02
1.019056702990133768e-02
1.022381681400724197e-02
1.025700305894179133e-02
1.029011628620530271e-02
1.032314590803959896e-02
1.035609260114402942e-02
1.038902307844715746e-02
1.042186490512752271e-02
1.045459477289189566e-02
1.048724041536077192e-02
1.051980333138364046e-02
1.055224315287205117e-02
1.058459284182695220e-02
1.061683165843036424e-02
1.064894289951619395e-02
1.068088065482376663e-02
1.071268629529335305e-02
1.074436289998218809e-02
1.077589698787778313e-02
1.080717911510715654e-02
1.083821647520606841e-02
1.086914732948567920e-02
1.089995352537321410e-02
1.093073182191529012e-02
1.096137496170965057e-02
1.099195464114030053e-02
1.102241080577264810e-02
1.105280207489192472e-02
1.108312227782675546e-02
1.111326373141739363e-02
1.114324508985872243e-02
1.117306053027941962e-02
1.120277056609504142e-02
1.123247175191013046e-02
1.126205523520335330e-02
1.129138715546561429e-02
1.132065570247768084e-02
1.134988608566096270e-02
1.137889563634794654e-02
1.140773836583289583e-02
1.143652141654393113e-02
1.146516567292943378e-02
1.149372940856740327e-02
1.152221927887798862e-02
1.155049141013762826e-02
1.157865932001868846e-02
1.160662663246009134e-02
1.163454809023127881e-02
1.166230811933622810e-02
1.168989581972920515e-02
1.171727938555993699e-02
1.174453779713172628e-02
1.177169285623646221e-02
1.179871391121252444e-02
1.182557155235447986e-02
1.185219884378333269e-02
1.187863401381279889e-02
1.190494872337979210e-02
1.193113808287864230e-02
1.195718195783872922e-02
1.198295298045457327e-02
1.200853656199498548e-02
1.203398327931048603e-02
1.205922124648631071e-02
1.208436870821477140e-02
1.210931396613560904e-02
1.213409018198301041e-02
1.215868660992570557e-02
1.218301123376394797e-02
1.220718611653494323e-02
1.223117445604906574e-02
1.225495536991516761e-02
1.227850056036772740e-02
1.230190969389959033e-02
1.232515175417575430e-02
1.234816235096768827e-02
1.237096432920582745e-02
1.239359155328771493e-02
1.241607304587841534e-02
1.243832670733065540e-02
1.246037334914140531e-02
1.248217666825792924e-02
1.250377711935898688e-02
1.252506394532883378e-02
1.254611202114833124e-02
1.256700008540040554e-02
1.258769579464237738e-02
1.260812197938097727e-02
1.262832565606154638e-02
1.264825007899340534e-02
1.266796644084563703e-02
1.268746823138728469e-02
1.270668833187945518e-02
1.272571775161524497e-02
1.274466762180146047e-02
1.276340694673409014e-02
1.278203045307269199e-02
1.280046182414699280e-02
1.281853669873071581e-02
1.283636977889994132e-02
1.285391670844153109e-02
1.287123363005322242e-02
1.288841102694619593e-02
1.290547255815675635e-02
1.292229896397627600e-02
1.293897194877118711e-02
1.295546188008182657e-02
1.297159560763469152e-02
1.298745046756361043e-02
1.300314443406428051e-02
1.301865331521682642e-02
1.303401048099074241e-02
1.304919437667736992e-02
1.306420250554584869e-02
1.307902060530888658e-02
1.309366335315477296e-02
1.310811909366158511e-02
1.312238729080652741e-02
1.313646401166296968e-02
1.315038964629393695e-02
1.316416130661176263e-02
1.317781816910712674e-02
1.319128175313681942e-02
1.320460308001339921e-02
1.321763765169979045e-02
1.323043632417599674e-02
1.324293216810308246e-02
1.325526594897872938e-02
1.326744474104811847e-02
1.327948218110781321e-02
1.329138543705656386e-02
1.330302251020773138e-02
1.331448269479075346e-02
1.332582324243485744e-02
1.333695879131402938e-02
1.334788051392552487e-02
1.335863273875264809e-02
1.336924647820637337e-02
1.337967439694834858e-02
1.338991175317811103e-02
1.339991059940829309e-02
1.340974786916702445e-02
1.341938897865086605e-02
1.342886117215350353e-02
1.343817858142276091e-02
1.344726455284479989e-02
1.345602147847404367e-02
1.346452866404686602e-02
1.347282234721546533e-02
1.348090684546162689e-02
1.348882099937887859e-02
1.349653003000858033e-02
1.350399353499240340e-02
1.351132830660755138e-02
1.351845317075513891e-02
1.352539119655863688e-02
1.353206996469650918e-02
1.353850488667426681e-02
1.354467357196440132e-02
1.355072539800717887e-02
1.355652347049344369e-02
1.356221974364458030e-02
1.356775357808360019e-02
1.357314068249605189e-02
1.357831220790645804e-02
1.358343895226184900e-02
1.358843996853399683e-02
1.359324565694927482e-02
1.359793246654864701e-02
1.360248106754968767e-02
1.360672484083802133e-02
1.361082352748445301e-02
1.361477925222159650e-02
1.361854666631778267e-02
1.362215191115206080e-02
1.362553621309393545e-02
1.362860360601288526e-02
1.363150357669887583e-02
1.363421592841997793e-02
1.363679094110827744e-02
1.363912718271805512e-02
1.364144267456897201e-02
1.364363022465930192e-02
1.364560332691526143e-02
1.364742033954314052e-02
1.364903404806477871e-02
1.365050827136962339e-02
1.365186694448424116e-02
1.365309781971945323e-02
1.365411384529940063e-02
1.365495745256863937e-02
1.365565085468842775e-02
1.365622754719728570e-02
1.365667078389556748e-02
1.365690617088875271e-02
1.365689556867705906e-02
1.365671456353757633e-02
1.365629624339710635e-02
1.365574884928197168e-02
1.365492369176554179e-02
1.365394395197258755e-02
1.365285200107917152e-02
1.365153033681987087e-02
1.365001162022236834e-02
1.364840782380596744e-02
1.364672425652458006e-02
1.364491976312890743e-02
1.364305459373194550e-02
1.364113038125427772e-02
1.363905496692298901e-02
1.363678867406409659e-02
1.363446148022607295e-02
1.363207496548586757e-02
1.362951426060363125e-02
1.362676149553690950e-02
1.362388988644736530e-02
1.362085960519337537e-02
1.361776821629455923e-02
1.361454529906976074e-02
1.361127153842186209e-02
1.360796730217059096e-02
1.360459098537256106e-02
1.360114478260815961e-02
1.359756856070054587e-02
1.359394568440496290e-02
1.359025934473724606e-02
1.358651740127221272e-02
1.358266059720020409e-02
1.357863442692970254e-02
1.357457569713315000e-02
1.357044647785407912e-02
1.356624362515792236e-02
1.356198131866569526e-02
1.355755424807989461e-02
1.355296086497742754e-02
1.354817344136224379e-02
1.354334598163173080e-02
1.353850192900042659e-02
1.353354298227707302e-02
1.352838070973449991e-02
1.352304186149994730e-02
1.351765468174608020e-02
1.351216044183796774e-02
1.350667678007415329e-02
1.350115021608191967e-02
1.349561725434765026e-02
1.349005242136257221e-02
1.348452251880377650e-02
1.347889069840408141e-02
1.347307197687578131e-02
1.346718039208710978e-02
1.346129914398395445e-02
1.345541998791314510e-02
1.344941270225141067e-02
1.344327183547167244e-02
1.343692692582123746e-02
1.343047721652068649e-02
1.342399272983110618e-02
1.341750400675640643e-02
1.341084096038418563e-02
1.340406508108320932e-02
1.339726431269264509e-02
1.339046195690027363e-02
1.338354066447791819e-02
1.337650559578947712e-02
1.336939592209358645e-02
1.336221683907043087e-02
1.335491187937401514e-02
1.334767994303848529e-02
1.334040529649050885e-02
1.333308889824034484e-02
1.332575696762448164e-02
1.331838088406034869e-02
1.331094860207722441e-02
1.330347144643192342e-02
1.329587099298729959e-02
1.328817302865149472e-02
1.328046538006591969e-02
1.327260726943758733e-02
1.326463113569396023e-02
1.325655601719267530e-02
1.324845266711120739e-02
1.324041385794110653e-02
1.323235285575311351e-02
1.322423874283623797e-02
1.321610624399747330e-02
1.320810911955941011e-02
1.320008875438687286e-02
1.319206765201949225e-02
1.318400309544316869e-02
1.317588836906926492e-02
1.316760137951472447e-02
1.315929933946563372e-02
1.315102239752624289e-02
1.314273173664721323e-02
1.313427061999676224e-02
1.312569780393964443e-02
1.311700755834249721e-02
1.310819949106370626e-02
1.309939987510378052e-02
1.309058058143058173e-02
1.308179819772708856e-02
1.307302653264824296e-02
1.306422763295498821e-02
1.305542423161203808e-02
1.304656760862089523e-02
1.303762125086230239e-02
1.302859865857650817e-02
1.301951324855266968e-02
1.301036813516431682e-02
1.300111041565626437e-02
1.299169937322440689e-02
1.298216041126814754e-02
1.297251499581301634e-02
1.296285550877855630e-02
1.295311665976326201e-02
1.294349812706765447e-02
1.293397274173946690e-02
1.292449939771059784e-02
1.291508856456045733e-02
1.290571643597073111e-02
1.289631832714887606e-02
1.288690624746451768e-02
1.287754017287160921e-02
1.286816301471906121e-02
1.285874912579427522e-02
1.284928427755663814e-02
1.283982159852397643e-02
1.283041550926711585e-02
1.282097531833956486e-02
1.281148404907018340e-02
1.280197270105144260e-02
1.279243915530597388e-02
1.278285117512477018e-02
1.277317867626126709e-02
1.276342134348488339e-02
1.275361595125541238e-02
1.274379037145008907e-02
1.273377702016582728e-02
1.272378065052314454e-02
1.271372581463248337e-02
1.270354693720760104e-02
1.269338378965803940e-02
1.268325627101248368e-02
1.267313252414664117e-02
1.266293572488207640e-02
1.265268180871339208e-02
1.264251035137172428e-02
1.263241011809139447e-02
1.262229053959411547e-02
1.261217871681560160e-02
1.260207831454028711e-02
1.259190120005225337e-02
1.258168561173689769e-02
1.257148826258462464e-02
1.256131124959822438e-02
1.255116514412033500e-02
1.254109920740429339e-02
1.253104428387691489e-02
1.252099758328972801e-02
1.251101388173087026e-02
1.250097429305957117e-02
1.249082008288565811e-02
1.248063658478210623e-02
1.247046151602284117e-02
1.246041342815948534e-02
1.245042283521534572e-02
1.244038537964792940e-02
1.243036782180119253e-02
1.242031541697925616e-02
1.241035040584717933e-02
1.240040888554123054e-02
1.239053335306810472e-02
1.238070919454723091e-02
1.237094364615551334e-02
1.236113906332307610e-02
1.235130422751069303e-02
1.234149095687105298e-02
1.233170226924648963e-02
1.232194236492102982e-02
1.231219213647407121e-02
1.230251175632277559e-02
1.229291243647343511e-02
1.228323453186322758e-02
1.227349664292780133e-02
1.226369845365176542e-02
1.225380235846531239e-02
1.224389778815419827e-02
1.223403047809806105e-02
1.222417569538379600e-02
1.221429538134668168e-02
1.220452424382515583e-02
1.219487807547905457e-02
1.218529828135214189e-02
1.217572991688450554e-02
1.216615176901988428e-02
1.215651887253535630e-02
1.214674582113254436e-02
1.213700992351263858e-02
1.212735381062263369e-02
1.211775167985825429e-02
1.210811028130404435e-02
1.209850762236493703e-02
1.208898573831984451e-02
1.207945043643918193e-02
1.206993032396380845e-02
1.206036719127744940e-02
1.205075042962835789e-02
1.204121734561067365e-02
1.203173113101792084e-02
1.202217640962529970e-02
1.201257914309118713e-02
1.200301862119422525e-02
1.199342408709450775e-02
1.198385860522089598e-02
1.197423210150796134e-02
1.196451179799186068e-02
1.195482348083151507e-02
1.194523439695086529e-02
1.193565893050822259e-02
1.192610441735090718e-02
1.191658518385873937e-02
1.190702438531751096e-02
1.189747358677984042e-02
1.188786102515317251e-02
1.187826202877488233e-02
1.186867393780517005e-02
1.185901471328846234e-02
1.184933884014970421e-02
1.183968276977004699e-02
1.182994182113594403e-02
1.182015699972946941e-02
1.181038871184009881e-02
1.180058855348472407e-02
1.179081842784029249e-02
1.178108953409458953e-02
1.177142715491762484e-02
1.176174638563314001e-02
1.175206601895435569e-02
1.174242271567493487e-02
1.173281783154798974e-02
1.172321578593510903e-02
1.171355775000774112e-02
1.170386383194549178e-02
1.169418591713280130e-02
1.168453486454386868e-02
1.167487732042853284e-02
1.166517466563947968e-02
1.165543388913958638e-02
1.164563377891900640e-02
1.163579148129786738e-02
1.162594792929444801e-02
1.161608071603110505e-02
1.160616749833031855e-02
1.159623873701493869e-02
1.158624051509827418e-02
1.157620537340182248e-02
1.156610485732957605e-02
1.155598210520588677e-02
1.154584676701064447e-02
1.153572741074438551e-02
1.152558397713999636e-02
1.151538823226287180e-02
1.150514348315651893e-02
1.149486008625741698e-02
1.148448959965014428e-02
1.147410480000476442e-02
1.146372115494044726e-02
1.145336993873191135e-02
1.144303340703652604e-02
1.143265502645375575e-02
1.142231007169253708e-02
1.141200554675787446e-02
1.140165341075619933e-02
1.139118233485451534e-02
1.138068672917379176e-02
