2.877147029798412913e-07
2.877147029798412913e-07
2.877147029798412913e-07
2.877147029798412913e-07
2.877147029798412913e-07
2.877147029798412913e-07
2.877147029798412913e-07
2.877147029798412913e-07
2.877147029798412913e-07
2.877147029798412913e-07
2.877147029798412913e-07
2.877147029798412913e-07
2.877147029798412913e-07
2.877147029798412913e-07
2.877147029798412913e-07
2.877147029798412913e-07
2.877147029798412913e-07
2.877147029798412913e-07
2.877147029798412913e-07
2.877147029798412913e-07
2.877147029798412913e-07
2.877147029798412913e-07
2.877147029798412913e-07
2.877147029798412913e-07
2.877147029798412913e-07
2.877147029798412913e-07
2.877147029798412913e-07
2.877147029798412913e-07
2.877147029798412913e-07
2.877147029798412913e-07
2.877147029798412913e-07
2.877147029798412913e-07
2.877147029798412913e-07
2.877147029798412913e-07
2.877147029798412913e-07
2.877147029798412913e-07
2.877147029798412913e-07
2.877147029798412913e-07
2.877147029798412913e-07
2.877147029798412913e-07
2.877147029798412913e-07
2.877147029798412913e-07
2.877147029798412913e-07
2.877147029798412913e-07
2.877147029798412913e-07
2.877147029798412913e-07
2.877147029798412913e-07
2.877147029798412913e-07
2.877147029798412913e-07
2.877147029798412913e-07
2.877147029798412913e-07
2.877147029798412913e-07
2.877147029798412913e-07
2.877147029798412913e-07
2.877147029798412913e-07
2.877147029798412913e-07
2.877147029798412913e-07
2.877147029798412913e-07
2.877147029798412913e-07
2.877147029798412913e-07
2.877147029798412913e-07
2.877147029798412913e-07
2.877147029798412913e-07
2.877147029798412913e-07
2.877147029798412913e-07
2.877147029798412913e-07
2.877147029798412913e-07
2.877147029798412913e-07
2.877147029798412913e-07
2.877147029798412913e-07
2.877147029798412913e-07
2.877147029798412913e-07
2.877147029798412913e-07
2.877147029798412913e-07
2.877147029798412913e-07
2.877147029798412913e-07
2.877147029798412913e-07
2.877147029798412913e-07
2.877147029798412913e-07
2.877147029798412913e-07
2.877147029798412913e-07
2.877147029798412913e-07
2.877147029798412913e-07
2.877147029798412913e-07
2.877147029798412913e-07
2.877147029798412913e-07
2.877147029798412913e-07
2.877147029798412913e-07
2.877147029798412913e-07
2.877147029798412913e-07
2.877147029798412913e-07
2.877147029798412913e-07
2.877147029798412913e-07
2.877147029798412913e-07
2.877147029798412913e-07
2.877147029798412913e-07
2.877147029798412913e-07
2.877147029798412913e-07
2.877147029798412913e-07
2.877147029798412913e-07
2.877147029798412913e-07
2.877147029798412913e-07
2.877147029798412913e-07
2.877147029798412913e-07
2.877147029798412913e-07
2.877147029798412913e-07
2.877147029798412913e-07
2.877147029798412913e-07
2.877147029798412913e-07
2.877147029798412913e-07
2.877147029798412913e-07
2.877147029798412913e-07
2.877147029798412913e-07
2.877147029798412913e-07
2.877147029798412913e-07
2.877147029798412913e-07
2.877147029798412913e-07
2.877147029798412913e-07
2.877147029798412913e-07
2.877147029798412913e-07
2.877147029798412913e-07
2.877147029798412913e-07
2.877147029798412913e-07
2.877147029798412913e-07
2.877147029798412913e-07
2.877147029798412913e-07
2.877147029798412913e-07
2.877147029798412913e-07
2.877147029798412913e-07
2.877147029798412913e-07
2.877147029798412913e-07
2.877147029798412913e-07
2.877147029798412913e-07
2.877147029798412913e-07
2.877147029798412913e-07
2.877147029798412913e-07
2.877147029798412913e-07
2.877147029798412913e-07
2.877147029798412913e-07
2.877147029798412913e-07
2.877147029798412913e-07
2.877147029798412913e-07
2.877147029798412913e-07
2.877147029798412913e-07
2.877147029798412913e-07
2.877147029798412913e-07
2.877147029798412913e-07
2.877147029798412913e-07
2.877147029798412913e-07
2.877147029798412913e-07
2.877147029798412913e-07
2.877147029798412913e-07
2.877147029798412913e-07
2.877147029798412913e-07
2.877147029798412913e-07
2.877147029798412913e-07
2.877147029798412913e-07
2.877147029798412913e-07
2.877147029798412913e-07
2.877147029798412913e-07
2.877147029798412913e-07
2.877147029798412913e-07
2.877147029798412913e-07
2.877147029798412913e-07
2.877147029798412913e-07
2.877147029798412913e-07
2.877147029798412913e-07
2.877147029798412913e-07
2.877147029798412913e-07
2.877147029798412913e-07
2.877147029798412913e-07
2.877147029798412913e-07
2.877147029798412913e-07
2.877147029798412913e-07
2.877147029798412913e-07
2.877147029798412913e-07
2.877147029798412913e-07
2.877147029798412913e-07
2.877147029798412913e-07
2.877147029798412913e-07
2.877147029798412913e-07
2.877147029798412913e-07
2.877147029798412913e-07
2.877147029798412913e-07
2.877147029798412913e-07
2.877147029798412913e-07
2.877147029798412913e-07
2.877147029798412913e-07
2.877147029798412913e-07
2.877147029798412913e-07
2.877147029798412913e-07
2.877147029798412913e-07
2.877147029798412913e-07
2.877147029798412913e-07
2.877147029798412913e-07
2.877147029798412913e-07
2.877147029798412913e-07
2.877147029798412913e-07
2.877147029798412913e-07
2.877147029798412913e-07
2.877147029798412913e-07
2.877147029798412913e-07
2.877147029798412913e-07
2.877147029798412913e-07
2.877147029798412913e-07
2.877147029798412913e-07
2.877147029798412913e-07
2.877147029798412913e-07
2.877147029798412913e-07
2.877147029798412913e-07
2.877147029798412913e-07
2.877147029798412913e-07
2.877147029798412913e-07
2.877147029798412913e-07
2.877147029798412913e-07
2.877147029798412913e-07
2.877147029798412913e-07
2.877147029798412913e-07
2.877147029798412913e-07
2.877147029798413442e-07
2.877147029798413972e-07
2.877147029798416089e-07
2.877147029798419795e-07
2.877147029798426148e-07
2.877147029798439912e-07
2.877147029798462676e-07
2.877147029798505557e-07
2.877147029798583378e-07
2.877147029798724727e-07
2.877147029798975131e-07
2.877147029799425647e-07
2.877147029800253621e-07
2.877147029801744399e-07
2.877147029804415729e-07
2.877147029809162820e-07
2.877147029817255690e-07
2.877147029830979741e-07
2.877147029854507670e-07
2.877147029894723206e-07
2.877147029963183056e-07
2.877147030078200601e-07
2.877147030271542224e-07
2.877147030608344229e-07
2.877147031193257007e-07
2.877147032202588349e-07
2.877147033956600883e-07
2.877147037034496797e-07
2.877147042311744463e-07
2.877147051229658850e-07
2.877147066280341121e-07
2.877147091512764405e-07
2.877147133017546639e-07
2.877147201415793296e-07
2.877147314570604436e-07
2.877147499449918793e-07
2.877147789015710110e-07
2.877148234400376385e-07
2.877148936803697799e-07
2.877150041290360666e-07
2.877151729514740099e-07
2.877154346513311119e-07
2.877158385386440023e-07
2.877164533780694858e-07
2.877173880871808523e-07
2.877188030774618881e-07
2.877209711689104532e-07
2.877242829664128246e-07
2.877292793197421012e-07
2.877367783285652644e-07
2.877480119650530691e-07
2.877648108949309220e-07
2.877901237013837602e-07
2.878232941097967817e-07
2.878704939908592322e-07
2.879376467789238818e-07
2.880320175348985832e-07
2.881628296786291912e-07
2.883391061827259569e-07
2.885732763165171753e-07
2.888721571616878508e-07
2.892563063080122861e-07
2.897673677446221751e-07
2.904570384697878424e-07
2.913746505092025659e-07
2.925820727084056182e-07
2.941444851692950218e-07
2.961463650553041684e-07
2.987232500005654486e-07
3.020597155840783630e-07
3.063323544635928648e-07
3.117628331125428195e-07
3.186516525672671449e-07
3.273091821181917826e-07
3.384230205271223992e-07
3.526322773834531946e-07
3.704319323914431305e-07
3.926004704299721014e-07
4.205196614303321216e-07
4.554003456337171184e-07
4.968802733462628046e-07
5.456639138072197356e-07
6.048875690121785683e-07
6.750930315545095122e-07
7.588185960775881688e-07
8.598036653791562630e-07
9.781358374339674662e-07
1.113079689172441398e-06
1.274297110977721575e-06
1.470133146042882181e-06
1.705112902966324189e-06
1.975066469133713223e-06
2.290990006675985785e-06
2.661251609024634627e-06
3.095847168981881938e-06
3.606369780399699987e-06
4.204278641511543153e-06
4.907354535849314589e-06
5.729807936131502458e-06
6.656711444120632473e-06
7.700002010433644719e-06
9.020708068664695474e-06
1.050225347051089067e-05
1.219746693162229404e-05
1.413585167382763078e-05
1.628118334477369832e-05
1.870159998123940333e-05
2.157092975633159853e-05
2.486077826483770964e-05
2.855884245951911094e-05
3.270056905511732002e-05
3.739987048434427323e-05
4.265885278145283872e-05
4.849951205468431653e-05
5.491384606372822646e-05
6.198334291784036987e-05
6.955088044302806436e-05
7.751506068311661850e-05
8.616309779541794452e-05
9.565114698171619579e-05
1.061086641427247781e-04
1.175992220091223863e-04
1.298323725616325859e-04
1.425218871456549515e-04
1.560601449427151041e-04
1.704860669599497043e-04
1.856406020801595099e-04
2.016499589090399610e-04
2.183749508926299018e-04
2.359076493333110410e-04
2.545252684473558362e-04
2.742181913945441574e-04
2.949850438965306658e-04
3.165918142806168028e-04
3.387068482541127630e-04
3.616527999571076215e-04
3.856746619034909685e-04
4.106266728623035622e-04
4.364720997098842613e-04
4.631076485855035378e-04
4.901395428731700329e-04
5.185262762878837953e-04
5.483081476980336631e-04
5.791196956258354810e-04
6.080254612384921632e-04
6.374585797006805058e-04
6.677030640684594818e-04
6.988927508820217110e-04
7.304403813293344891e-04
7.621650397248014427e-04
7.946886809984263699e-04
8.351882678476127420e-04
8.760198429703493564e-04
9.155009380653962754e-04
9.490907359873800714e-04
9.779246260893869561e-04
1.000690545831668101e-03
1.019771966909390273e-03
1.035275051336075145e-03
1.046874806657590922e-03
1.054027782606989112e-03
1.058513936683330801e-03
1.062178618592508157e-03
1.064697206667964292e-03
1.067065857950024897e-03
1.068307208082040424e-03
1.066176912394168523e-03
1.060603646929815297e-03
1.054108881546628011e-03
1.048164003756203114e-03
1.042198883570745905e-03
1.037859044569462838e-03
1.034098008841726401e-03
1.033323391717003072e-03
1.036198959439161909e-03
1.043090517284674720e-03
1.054053986233113296e-03
1.067549085362023108e-03
1.082220048480582236e-03
1.098794050677160544e-03
1.118006286862770681e-03
1.141540505599373916e-03
1.170659196977847554e-03
1.201633744838778457e-03
1.234773454867211812e-03
1.269790606233460375e-03
1.309309860794632876e-03
1.351974125777710657e-03
1.395117917884761659e-03
1.439991183945461351e-03
1.487129008673833581e-03
1.540366054673909324e-03
1.595895490730887952e-03
1.653133392618031392e-03
1.707782753593432151e-03
1.762368289170945486e-03
1.817255670162431017e-03
1.871549375980892599e-03
1.924482900584774002e-03
1.977625107487728136e-03
2.030516375900764080e-03
2.083880577951701448e-03
2.135946299826801086e-03
2.188840679608374841e-03
2.243029638361452791e-03
2.298574035243170204e-03
2.354999272599335447e-03
2.414688849491376885e-03
2.478777246651406481e-03
2.547469936717281554e-03
2.619785688156583709e-03
2.694739460524079189e-03
2.775697084597895676e-03
2.862768970290241726e-03
2.958552387369512912e-03
3.061411748122783334e-03
3.171876552138730692e-03
3.287976232803553524e-03
3.415197097059128120e-03
3.550868916990058965e-03
3.694989071397263621e-03
3.848617437467174388e-03
4.014372099730858547e-03
4.189540083757209779e-03
4.377176177488016455e-03
4.576571305432967744e-03
4.792386264483655504e-03
5.023517415835136203e-03
5.272015689452617948e-03
5.536553487923725342e-03
5.818484435231474627e-03
6.117756018554177527e-03
6.432517473396885503e-03
6.771386546064749740e-03
7.136211243615665778e-03
7.528871657655484238e-03
7.949644259413067918e-03
8.399186494237400463e-03
8.881933434382500298e-03
9.394802601667303493e-03
9.938491051088783196e-03
1.051620264781861006e-02
1.113060684498832359e-02
1.178193028361287052e-02
1.247391427757025585e-02
1.321033901560017890e-02
1.397870055944185064e-02
1.478465011553153907e-02
1.563515351876337833e-02
1.650579525496431721e-02
1.741874676303914113e-02
1.836092941735209885e-02
1.934444831563858838e-02
2.037196671968261735e-02
2.145558602090081105e-02
2.261475547733523758e-02
2.385576396530820348e-02
2.518403846792187026e-02
2.660447437570354415e-02
2.811218391081106438e-02
2.976443789195264839e-02
3.156933396728085067e-02
3.355104908628519372e-02
3.575718283302482814e-02
3.825023996506959206e-02
4.113382628628624305e-02
4.448471977853066250e-02
4.847932152739942852e-02
5.329067568682295530e-02
5.916033386642471220e-02
6.646681685199241907e-02
7.584346558664002702e-02
8.824690159606062012e-02
1.052537419541499375e-01
1.295465816092048472e-01
1.655850675627840163e-01
2.231507605479920997e-01
3.254859657692992236e-01
5.334628522488961133e-01
1.032952887479944071e+00
2.476953890537542780e+00
