1.462545352682704212e-02
1.461757448134662005e-02
1.460965895166685402e-02
1.460174502341243623e-02
1.459370780076395951e-02
1.458575995248956834e-02
1.457792092499203898e-02
1.457029232498439561e-02
1.456270794986974822e-02
1.455502925289991686e-02
1.454733681851306908e-02
1.453971994334994806e-02
1.453213979611081737e-02
1.452440145116567528e-02
1.451677403719015685e-02
1.450924585077747325e-02
1.450183779582069413e-02
1.449446355350748374e-02
1.448698682559913797e-02
1.447932264050033960e-02
1.447168883234726221e-02
1.446399992441144665e-02
1.445595147523399092e-02
1.444791133595401539e-02
1.443986015019035375e-02
1.443182225380989885e-02
1.442368458285402458e-02
1.441545259088099912e-02
1.440700283214596707e-02
1.439858647740296579e-02
1.439020625284236077e-02
1.438191433861528944e-02
1.437359239238783677e-02
1.436530928924966907e-02
1.435703734809590064e-02
1.434858855136392393e-02
1.433992468114224546e-02
1.433123014953958767e-02
1.432252242663702678e-02
1.431381318795903537e-02
1.430500487870110110e-02
1.429600490975671719e-02
1.428708410973623076e-02
1.427813054913703618e-02
1.426913721151003810e-02
1.425997899357316426e-02
1.425076735084279851e-02
1.424133321393190529e-02
1.423172227692051130e-02
1.422200746698017680e-02
1.421225808248422796e-02
1.420251700022920685e-02
1.419275486025877234e-02
1.418305314848411491e-02
1.417322551205250220e-02
1.416312139569840707e-02
1.415278737336509753e-02
1.414240137292569963e-02
1.413179229954663642e-02
1.412123784647338967e-02
1.411039921554455533e-02
1.409940308176538259e-02
1.408825813748119417e-02
1.407711737871346347e-02
1.406585577308614582e-02
1.405470257096898962e-02
1.404351278075315068e-02
1.403231652039463838e-02
1.402106375325418326e-02
1.400976223928030069e-02
1.399851278961036782e-02
1.398719165825346514e-02
1.397587445822179308e-02
1.396461171728421817e-02
1.395327000105914782e-02
1.394198715606621321e-02
1.393077221824957912e-02
1.391966479635307896e-02
1.390849262930041880e-02
1.389748253494408996e-02
1.388655557473651540e-02
1.387574524836376368e-02
1.386484482303596347e-02
1.385380937845648308e-02
1.384267778640509670e-02
1.383159775605037611e-02
1.382045056529473612e-02
1.380925532721212663e-02
1.379802569844289055e-02
1.378671592878354113e-02
1.377547206509146735e-02
1.376417993352968029e-02
1.375290654146285770e-02
1.374184371890733308e-02
1.373089904482305799e-02
1.372007402956706111e-02
1.370928790525512836e-02
1.369867420215766483e-02
1.368820172510070050e-02
1.367786910768900056e-02
1.366771433440906736e-02
1.365751482708877848e-02
1.364727643723492173e-02
1.363707753298464345e-02
1.362690071408438272e-02
1.361666663282674362e-02
1.360634899995459904e-02
1.359578347004691649e-02
1.358522928553204841e-02
1.357450056489858080e-02
1.356361980474972417e-02
1.355262524357270237e-02
1.354157456430406942e-02
1.353047783010252227e-02
1.351940728425148064e-02
1.350829140265980693e-02
1.349699193039008427e-02
1.348566522629550402e-02
1.347424105506730974e-02
1.346285018349161790e-02
1.345158266397031462e-02
1.344042097818371438e-02
1.342916176550913721e-02
1.341781163750607742e-02
1.340646467494428437e-02
1.339505439750080310e-02
1.338363270003016352e-02
1.337209594504295933e-02
1.336058778994172677e-02
1.334903129286698492e-02
1.333740709001188587e-02
1.332602271996973300e-02
1.331484810691633061e-02
1.330381836268793722e-02
1.329297101631290133e-02
1.328220569283408703e-02
1.327135930665980686e-02
1.326043744887599185e-02
1.324951198213242774e-02
1.323868814957631507e-02
1.322777295045462868e-02
1.321688420960197285e-02
1.320604267704685204e-02
1.319526779264008215e-02
1.318465922955896173e-02
1.317411080341165941e-02
1.316341602997950742e-02
1.315282807396688652e-02
1.314220353643681845e-02
1.313156743497971915e-02
1.312083177317733065e-02
1.311011287906556529e-02
1.309937581319521246e-02
1.308871999673934250e-02
1.307812200102639703e-02
1.306755095842405262e-02
1.305711761309790581e-02
1.304672056793686370e-02
1.303626869164083678e-02
1.302592526194221861e-02
1.301550959722330529e-02
1.300511610407982521e-02
1.299490875044596871e-02
1.298476703586078432e-02
1.297471700501815622e-02
1.296472855006356416e-02
1.295485026338346994e-02
1.294485316085608635e-02
1.293472821227801932e-02
1.292455765488761434e-02
1.291450262571676097e-02
1.290451720061351268e-02
1.289454227048072305e-02
1.288464391902774571e-02
1.287474168859381769e-02
1.286492653957440301e-02
1.285494515271421757e-02
1.284483104036582800e-02
1.283464438551476343e-02
1.282455042121244393e-02
1.281448329303526597e-02
1.280462931858464097e-02
1.279478152386403708e-02
1.278484033657907235e-02
1.277492291979930202e-02
1.276502720418517568e-02
1.275490989289291242e-02
1.274474554052216005e-02
1.273458181496386898e-02
1.272434461167432605e-02
1.271408951122951839e-02
1.270369261180862540e-02
1.269326007402577644e-02
1.268282808278786353e-02
1.267224092194127114e-02
1.266167059711504478e-02
1.265121572646368819e-02
1.264078038939689223e-02
1.263050914114082456e-02
1.262033546514924193e-02
1.261025587761573433e-02
1.260020239381739321e-02
1.258998886407007405e-02
1.257975418005585072e-02
1.256949029479637742e-02
1.255922531317286983e-02
1.254902192842486178e-02
1.253880818266843271e-02
1.252859842128400437e-02
1.251838931286377785e-02
1.250820130387651601e-02
1.249796607967644524e-02
1.248773493271766039e-02
1.247756868412501323e-02
1.246718462431390360e-02
1.245666237738760063e-02
1.244605055829671979e-02
1.243538593360581090e-02
1.242476675590108159e-02
1.241416088695178159e-02
1.240367607016293686e-02
1.239328648395496626e-02
1.238287269366872105e-02
1.237232872698560381e-02
1.236184188585230659e-02
1.235121377347104914e-02
1.234062299256672053e-02
1.233011806122268073e-02
1.231962343656288657e-02
1.230887131755592674e-02
1.229798199610892921e-02
1.228690765845237391e-02
1.227549455256446952e-02
1.226403992740008816e-02
1.225248572452347640e-02
1.224094634344836952e-02
1.222948807456809665e-02
1.221796541008056923e-02
1.220640018676885478e-02
1.219468181516512525e-02
1.218295132777420450e-02
1.217111040984683416e-02
1.215940135540985109e-02
1.214786190592218040e-02
1.213622824577570251e-02
1.212461820649325152e-02
1.211302301446665931e-02
1.210127319659581174e-02
1.208932718500932424e-02
1.207743871818362305e-02
1.206546892682516282e-02
1.205348274199308407e-02
1.204163276257177138e-02
1.202990233517205361e-02
1.201811763738935314e-02
1.200624569759430743e-02
1.199436871136059200e-02
1.198251078468539135e-02
1.197059872580252989e-02
1.195857503367379546e-02
1.194663971486182620e-02
1.193484316056863184e-02
1.192316144340625425e-02
1.191153942742805699e-02
1.189996193936679846e-02
1.188839578649171155e-02
1.187669869169487129e-02
1.186505721355795087e-02
1.185340508330537564e-02
1.184170662044266645e-02
1.183000408871582275e-02
1.181825768370300782e-02
1.180660323065627071e-02
1.179515065534864939e-02
1.178368561350563032e-02
1.177231896314451937e-02
1.176089283617764644e-02
1.174941118098136832e-02
1.173792830784626227e-02
1.172641241221746185e-02
1.171477297496832659e-02
1.170319405115639345e-02
1.169165950544222461e-02
1.168021321870644537e-02
1.166875508772352923e-02
1.165718310829837352e-02
1.164562241168513174e-02
1.163414781152593766e-02
1.162268729457461257e-02
1.161117694954566168e-02
1.159959410327502174e-02
1.158800746492013103e-02
1.157636395513780489e-02
1.156469403140726777e-02
1.155310198093023426e-02
1.154166081203059600e-02
1.153027000597930257e-02
1.151876457067451363e-02
1.150727974307491977e-02
1.149560761234374139e-02
1.148396346654745673e-02
1.147232706793959757e-02
1.146070086065759455e-02
1.144916901142052808e-02
1.143779918579962418e-02
1.142651761841054735e-02
1.141534172661301874e-02
1.140414799913332458e-02
1.139307429102829651e-02
1.138206270353230888e-02
1.137116226466051115e-02
1.136036556902274286e-02
1.134967976139414532e-02
1.133921546211266555e-02
1.132877642049637083e-02
1.131842725941505610e-02
1.130814823344893430e-02
1.129781965352311818e-02
1.128762884162418101e-02
1.127760199895130357e-02
1.126780572438129159e-02
1.125822976164695191e-02
1.124867269911148694e-02
1.123912270423895951e-02
1.122970268188291584e-02
1.122046514881326444e-02
1.121136489796225287e-02
1.120230177354352569e-02
1.119336500202191588e-02
1.118456360686734957e-02
1.117591494282154513e-02
1.116737627636860478e-02
1.115877990267530491e-02
1.115029109109058787e-02
1.114196885331347232e-02
1.113379186274008475e-02
1.112575587376237081e-02
1.111780962926017975e-02
1.110992688609674546e-02
1.110222497680151028e-02
1.109480521837200896e-02
1.108749127210462322e-02
1.108026860615469490e-02
1.107324510739629737e-02
1.106639393683908623e-02
1.105979031564829559e-02
1.105329023561151501e-02
1.104708055512369953e-02
1.104110218637345542e-02
1.103538319750742118e-02
1.102969551705880978e-02
1.102425847933249069e-02
1.101903267619878772e-02
1.101391025952126214e-02
1.100888538783986563e-02
1.100398122463301480e-02
1.099911240374032081e-02
1.099412946547279925e-02
1.098915511199947438e-02
1.098424009957207209e-02
1.097940836919263433e-02
1.097453969422001845e-02
1.096981918485059188e-02
1.096511206572144126e-02
1.096051904419366799e-02
1.095616383623109445e-02
1.095199368246568480e-02
1.094795854934988918e-02
1.094414637385858133e-02
1.094049471657165123e-02
1.093701411222443298e-02
1.093376280840125878e-02
1.093061156946971771e-02
1.092746979271063540e-02
1.092444148142393025e-02
1.092158499769404177e-02
1.091880583871090993e-02
1.091612548317940322e-02
1.091362576052879764e-02
1.091115298340956073e-02
1.090885070401545996e-02
1.090669027282133510e-02
1.090462637113587263e-02
1.090278993045811981e-02
1.090102143435081952e-02
1.089943211257609658e-02
1.089796615836952087e-02
1.089670201480814546e-02
1.089553288150315290e-02
1.089425917956550471e-02
1.089288535264202815e-02
1.089168061736443469e-02
1.089067873448533799e-02
1.088968985997273466e-02
1.088887735282552741e-02
1.088804514895245872e-02
1.088732414000791009e-02
1.088653548834816846e-02
1.088583106134247483e-02
1.088525811008410685e-02
1.088474556794498220e-02
1.088428728996531682e-02
1.088389415892955341e-02
1.088386805377668763e-02
1.088385935853735526e-02
1.088392855162555010e-02
1.088404210083192616e-02
1.088388003581176357e-02
1.088390237657560489e-02
1.088396429515389036e-02
1.088368725341422837e-02
1.088351015356138832e-02
1.088378209711680575e-02
1.088447752164468062e-02
1.088549839872257445e-02
1.088627491742960758e-02
1.088718584247109870e-02
1.088840908858647490e-02
1.088991689773213464e-02
1.089164962732858989e-02
1.089362554617802868e-02
1.089588454395961324e-02
1.089837998444391498e-02
1.090114826730421982e-02
1.090419145641735067e-02
1.090747773314766113e-02
1.091081506547368109e-02
1.091418445463122541e-02
1.091826113206474137e-02
1.092268479105890089e-02
1.092745217898314497e-02
1.093262256937236471e-02
1.093815210516289535e-02
1.094404507976780641e-02
1.095039086540763179e-02
1.095694411078848747e-02
1.096351529989312602e-02
1.097049073206740263e-02
1.097787181831491772e-02
1.098550411853944746e-02
1.099323364051987481e-02
1.100160098498514233e-02
1.101035627333059493e-02
1.101957356587849289e-02
1.102923460593407089e-02
1.103994566279566797e-02
1.105158310610748935e-02
1.106370652720887332e-02
1.107650247850100467e-02
1.108997143327812226e-02
1.110406859170169798e-02
1.111910691647415537e-02
1.113530891967778880e-02
1.115236667642642218e-02
1.117062515326619314e-02
1.118989450884461286e-02
1.121039281913839905e-02
1.123215904061427781e-02
1.125519976255649583e-02
1.127977691634852835e-02
1.130526308461370089e-02
1.133209690445333671e-02
1.136047399396566092e-02
1.139057370009944649e-02
1.142253956386141134e-02
1.145663311142183435e-02
1.149274573713131818e-02
1.153108671480962584e-02
1.157184877638695909e-02
1.161546685455684506e-02
1.166215418473066749e-02
1.171228027624945586e-02
1.176607200273169229e-02
1.182419726062095000e-02
1.188724641447602183e-02
1.195480446835687875e-02
1.202783843644210024e-02
1.210683318106122591e-02
1.219273069373456864e-02
1.228617253507059692e-02
1.238820905701913840e-02
1.249909587505860023e-02
1.262031178146343080e-02
1.275378754406104008e-02
1.290088746616228216e-02
1.306329299070563450e-02
1.324322286730859367e-02
1.344239569607553336e-02
1.366510804132617385e-02
1.391690572326380326e-02
1.419805783544033327e-02
1.451722258769498446e-02
1.488443651704329275e-02
1.530915707620242663e-02
1.580738935857623970e-02
1.640661047461897809e-02
1.714603122047678174e-02
1.809162399215530695e-02
1.937167734182520390e-02
2.120255621812393992e-02
