1.571343783011639253e-02
1.570871010842150861e-02
1.570392569773574123e-02
1.569895049126138545e-02
1.569376173879363789e-02
1.568836342391672495e-02
1.568275288479214699e-02
1.567703071042863758e-02
1.567115454123867505e-02
1.566508993461711990e-02
1.565888163454658144e-02
1.565250310974639417e-02
1.564595329959650102e-02
1.563926620106595444e-02
1.563246114572243439e-02
1.562541114971447223e-02
1.561810648730074282e-02
1.561056970687551421e-02
1.560286749580908419e-02
1.559500811086910084e-02
1.558693062273038520e-02
1.557862180001922878e-02
1.557017919685756493e-02
1.556160133486623673e-02
1.555298706818721705e-02
1.554424961529381026e-02
1.553528209629973997e-02
1.552615810524057491e-02
1.551697200336209920e-02
1.550771269869253254e-02
1.549831935972379934e-02
1.548882003042413927e-02
1.547917203097849172e-02
1.546931966032504858e-02
1.545934389040255069e-02
1.544924753419988847e-02
1.543905865952334942e-02
1.542859417186605124e-02
1.541808148992308836e-02
1.540746415955176335e-02
1.539675533227498165e-02
1.538599698282886591e-02
1.537518858980412191e-02
1.536434497720365333e-02
1.535343205056058542e-02
1.534248587670493033e-02
1.533145922702310038e-02
1.532037292558866177e-02
1.530917807491671487e-02
1.529794227510366915e-02
1.528663079162033596e-02
1.527526206746644515e-02
1.526383405930156235e-02
1.525225508854166981e-02
1.524062911613224824e-02
1.522896969527540861e-02
1.521726645877972267e-02
1.520545145608918035e-02
1.519360063513099275e-02
1.518169168311230693e-02
1.516972206569420362e-02
1.515759958729886309e-02
1.514537514429663799e-02
1.513312918359302484e-02
1.512082376817114673e-02
1.510832317273479164e-02
1.509579119701050243e-02
1.508327783688135325e-02
1.507077728564299064e-02
1.505818389507439757e-02
1.504557898495227468e-02
1.503298674127399870e-02
1.502029528468893683e-02
1.500751529632935941e-02
1.499470401649609722e-02
1.498188203460120230e-02
1.496898458227471571e-02
1.495597642394322184e-02
1.494285793059411428e-02
1.492966258623273056e-02
1.491649321779005104e-02
1.490331963852832738e-02
1.489006250981346306e-02
1.487676767664196723e-02
1.486339366051914364e-02
1.484989455190831656e-02
1.483635347576788346e-02
1.482276815186775974e-02
1.480907678446197716e-02
1.479534097012283160e-02
1.478156601463681552e-02
1.476780501124794025e-02
1.475399793505643986e-02
1.474005398719544987e-02
1.472610058202925010e-02
1.471209713435280703e-02
1.469804284823438695e-02
1.468391248708154732e-02
1.466975247377128554e-02
1.465546842313352957e-02
1.464107575568350354e-02
1.462664219293267204e-02
1.461220706026954662e-02
1.459778466434525322e-02
1.458339381629232545e-02
1.456900943162884807e-02
1.455458838734761777e-02
1.454015612475158953e-02
1.452566318723289007e-02
1.451106707483147337e-02
1.449640099708124352e-02
1.448168460536299225e-02
1.446686866469505846e-02
1.445206772568253736e-02
1.443725447618071471e-02
1.442244525898114631e-02
1.440758276952758439e-02
1.439274722186077889e-02
1.437792096012960492e-02
1.436309148450225226e-02
1.434826541241876821e-02
1.433340613760253693e-02
1.431854162415035700e-02
1.430364213059600459e-02
1.428870371837113844e-02
1.427370396754388052e-02
1.425870375136042978e-02
1.424367342697136288e-02
1.422861086622441949e-02
1.421355904468117430e-02
1.419854316098273159e-02
1.418346550733149899e-02
1.416834991559730132e-02
1.415318053332595243e-02
1.413802234244814805e-02
1.412285908017313872e-02
1.410771872507197815e-02
1.409257569205824706e-02
1.407735014826125286e-02
1.406218011552012696e-02
1.404696157883468695e-02
1.403167393034582960e-02
1.401636276502029634e-02
1.400109940835140947e-02
1.398589859583385803e-02
1.397077191454910473e-02
1.395563330752007392e-02
1.394049248994013585e-02
1.392541242658612045e-02
1.391034146701876188e-02
1.389530379964554196e-02
1.388025089732845135e-02
1.386524823464620713e-02
1.385027178188502801e-02
1.383534451859006267e-02
1.382042426467370438e-02
1.380554178753078294e-02
1.379069886174050588e-02
1.377582954187472029e-02
1.376091764954679580e-02
1.374596251789442052e-02
1.373089197162823301e-02
1.371584204089425045e-02
1.370076796709384162e-02
1.368568582746820285e-02
1.367063736717957084e-02
1.365558402540300795e-02
1.364047361527966074e-02
1.362529815259820240e-02
1.361014581943616360e-02
1.359504863425275989e-02
1.357994497366888688e-02
1.356482970647202371e-02
1.354973077251893712e-02
1.353461245142750617e-02
1.351947905757367938e-02
1.350434076758326961e-02
1.348912840216444017e-02
1.347385249648613316e-02
1.345852743796323477e-02
1.344319284944774616e-02
1.342796631320477239e-02
1.341269910428994142e-02
1.339743323398262000e-02
1.338210843564763101e-02
1.336684740148718492e-02
1.335162114042954921e-02
1.333644926527201811e-02
1.332134903107693238e-02
1.330622279762230971e-02
1.329111207569200377e-02
1.327601969387040559e-02
1.326094190419600111e-02
1.324591879409224050e-02
1.323094885300437479e-02
1.321594530163741621e-02
1.320088491560450841e-02
1.318579846125414630e-02
1.317066268280950823e-02
1.315550741294209403e-02
1.314035465183023381e-02
1.312522037766234925e-02
1.311011445386218652e-02
1.309497507708152347e-02
1.307983695206280453e-02
1.306469296793321203e-02
1.304956905280170269e-02
1.303445590407852420e-02
1.301934500148154567e-02
1.300423513370699280e-02
1.298912149285895955e-02
1.297400893426707384e-02
1.295890778278753139e-02
1.294381021848313787e-02
1.292870852744501878e-02
1.291357344027710755e-02
1.289841027374148338e-02
1.288319964593146252e-02
1.286794378518560031e-02
1.285269140628412382e-02
1.283743541718819318e-02
1.282218396394183176e-02
1.280691651890472973e-02
1.279166448564161666e-02
1.277639431386311253e-02
1.276111300074061344e-02
1.274590209111848595e-02
1.273071993400437703e-02
1.271552914918470945e-02
1.270037470661719396e-02
1.268523784103352432e-02
1.267010723007425295e-02
1.265495636038201609e-02
1.263976100134727061e-02
1.262460545908473952e-02
1.260946705609046481e-02
1.259445665194593514e-02
1.257951572878565800e-02
1.256458271729101947e-02
1.254965917231149267e-02
1.253475791001995056e-02
1.251985958373622726e-02
1.250492862863290637e-02
1.249006305184574908e-02
1.247519819423750786e-02
1.246034037530517440e-02
1.244551591030057178e-02
1.243070011311092453e-02
1.241591521445639147e-02
1.240112873863063667e-02
1.238633332573380562e-02
1.237155392415924607e-02
1.235676680239781999e-02
1.234193816322577165e-02
1.232714371853489178e-02
1.231236530190759834e-02
1.229760214708003167e-02
1.228281940526469544e-02
1.226801741338051817e-02
1.225323050541961452e-02
1.223845844560848654e-02
1.222363436460775776e-02
1.220881615039100428e-02
1.219399993083197277e-02
1.217919379477520186e-02
1.216436116000971408e-02
1.214957754799486471e-02
1.213479792250524159e-02
1.212003653667644530e-02
1.210533754328083425e-02
1.209068832355351779e-02
1.207602025171232961e-02
1.206136873214710102e-02
1.204670859220063721e-02
1.203206534528561411e-02
1.201748011364790585e-02
1.200294254697057035e-02
1.198837887221516386e-02
1.197380636258044487e-02
1.195926429179228201e-02
1.194473085742911098e-02
1.193023769987549415e-02
1.191577035707819081e-02
1.190133707901687779e-02
1.188694260836610159e-02
1.187259689818538806e-02
1.185827214010703144e-02
1.184395038116519555e-02
1.182964283803978299e-02
1.181535074854164584e-02
1.180107921040067856e-02
1.178683051020125785e-02
1.177255562275130070e-02
1.175835462831920433e-02
1.174423721489370118e-02
1.173017108708634959e-02
1.171614481929960511e-02
1.170210767837865685e-02
1.168804213686604719e-02
1.167399518135018265e-02
1.165997015311817653e-02
1.164596243540411136e-02
1.163201075818994651e-02
1.161803915811541500e-02
1.160409771228511182e-02
1.159018855591403656e-02
1.157632923703751093e-02
1.156246030760082685e-02
1.154858297507120428e-02
1.153470822558671019e-02
1.152081403350827329e-02
1.150688296903609568e-02
1.149296715903932141e-02
1.147908818028055798e-02
1.146526100646943526e-02
1.145146259667598199e-02
1.143770259877953908e-02
1.142395905445506288e-02
1.141025385889889165e-02
1.139653759803219320e-02
1.138285494883969386e-02
1.136921912370535311e-02
1.135563270323286002e-02
1.134209335445045090e-02
1.132860699401726581e-02
1.131513332315077502e-02
1.130167540481375778e-02
1.128824649533611765e-02
1.127485198751339984e-02
1.126146238663936101e-02
1.124813700823331687e-02
1.123483493861825340e-02
1.122156910906357830e-02
1.120836275686091024e-02
1.119518527958711547e-02
1.118203889755886582e-02
1.116891067253121192e-02
1.115579425640741799e-02
1.114264273026188343e-02
1.112950696780669671e-02
1.111638340976889815e-02
1.110328854459819055e-02
1.109019976873141383e-02
1.107712878748555278e-02
1.106413646564895562e-02
1.105120009746669851e-02
1.103832173967887222e-02
1.102543858201701470e-02
1.101261881394281598e-02
1.099980633392033669e-02
1.098693016680310844e-02
1.097404212800209659e-02
1.096117922105132626e-02
1.094836761332102469e-02
1.093561455310228768e-02
1.092293186604029361e-02
1.091030131509004159e-02
1.089772832164681918e-02
1.088517332040688651e-02
1.087259931010327134e-02
1.086004142935745320e-02
1.084750282762899851e-02
1.083497527848069700e-02
1.082245057396054658e-02
1.080992928571463882e-02
1.079740877611418820e-02
1.078493033795719681e-02
1.077246012309841620e-02
1.075999139629824249e-02
1.074756040930110318e-02
1.073516601410631939e-02
1.072279535844255713e-02
1.071043604641365617e-02
1.069813120538653725e-02
1.068584192942105895e-02
1.067352090669392364e-02
1.066120573941550104e-02
1.064891111111265429e-02
1.063662856951483500e-02
1.062438695310368234e-02
1.061213893906941090e-02
1.059990700035805949e-02
1.058772911498759989e-02
1.057563022908433042e-02
1.056358407326064841e-02
1.055156994967289090e-02
1.053959672354400079e-02
1.052764121234039951e-02
1.051567585131536926e-02
1.050374122978297783e-02
1.049180629435096310e-02
1.047985595255100481e-02
1.046793590066967018e-02
1.045603952240043398e-02
1.044416067193743546e-02
1.043229030199594766e-02
1.042045323732775086e-02
1.040867543516470727e-02
1.039694266416980352e-02
1.038526110851441253e-02
1.037356851946162097e-02
1.036188370099402380e-02
1.035021539312349324e-02
1.033857812940262681e-02
1.032692157358524633e-02
1.031523344835949887e-02
1.030356337253652936e-02
1.029187244226886094e-02
1.028020259489506247e-02
1.026855938731042334e-02
1.025693003316252919e-02
1.024529186157419405e-02
1.023366459956729507e-02
1.022202409308892168e-02
1.021039072974527263e-02
1.019877443853023889e-02
1.018716547320926667e-02
1.017560288481387902e-02
1.016406574181957963e-02
1.015252840856722960e-02
1.014100224264278746e-02
1.012949550797702380e-02
1.011802160058517669e-02
1.010660861273972484e-02
1.009521604720381958e-02
1.008383044710057554e-02
1.007249063065262379e-02
1.006117664099380471e-02
1.004988836442270023e-02
1.003861117722776135e-02
1.002737131025669380e-02
1.001615870354970877e-02
1.000497406006757746e-02
9.993779761207395237e-03
9.982565377305373244e-03
9.971386112842078181e-03
9.960200763085791387e-03
9.949009551777189889e-03
9.937825093147060335e-03
9.926659844825149945e-03
9.915489389431641001e-03
9.904305194825971728e-03
9.893176857088924192e-03
9.882029695837747305e-03
9.870873412663492413e-03
9.859766922165898173e-03
9.848679740331741164e-03
9.837625911030205283e-03
9.826640244857666462e-03
9.815654779406499456e-03
9.804644035618599596e-03
9.793648739179981397e-03
9.782684816311242385e-03
9.771688039835895595e-03
9.760703062847422493e-03
9.749711841697868836e-03
9.738698678441419856e-03
9.727671428067394266e-03
9.716621398520808306e-03
9.705603873454694136e-03
9.694602726101468962e-03
9.683573475663670785e-03
9.672535204622618663e-03
9.661437559816432943e-03
9.650359553791454381e-03
9.639328290036344726e-03
9.628310962552604629e-03
9.617222162391496007e-03
9.606113539469121609e-03
9.595045540738551121e-03
9.583972796194439869e-03
9.572904606857042184e-03
9.561901659987027957e-03
9.550923127009060612e-03
9.539879699469126090e-03
9.528850726832495399e-03
9.517857952402968350e-03
9.506855712679052745e-03
9.495867081724564465e-03
9.484905176707242661e-03
9.473922465550890445e-03
9.462921741613380955e-03
9.451853812115116119e-03
9.440762160350309531e-03
9.429635266202756466e-03
9.418515452235614108e-03
9.407425098620142076e-03
9.396351054357200000e-03
9.385275135241556016e-03
9.374138097602036437e-03
9.362970116783898497e-03
9.351788646478190192e-03
9.340624057171101682e-03
9.329459129724363212e-03
9.318290263883675234e-03
9.307103293707772243e-03
9.295846846384169318e-03
9.284538068505442804e-03
9.273167067524941062e-03
9.261793945454923488e-03
