1.288551926513944144e-02
1.289296112482575876e-02
1.290022200084598239e-02
1.290714587195655391e-02
1.291402581016842278e-02
1.292037282355566578e-02
1.292611386755915248e-02
1.293138702280548051e-02
1.293644800582364161e-02
1.294120459686746126e-02
1.294562486677029028e-02
1.294978466773602337e-02
1.295370591422418879e-02
1.295767147411121430e-02
1.296168737278800831e-02
1.296568243969271374e-02
1.296958053062833953e-02
1.297298384839195608e-02
1.297633575842453528e-02
1.297929171638359525e-02
1.298181674799447557e-02
1.298404562287048397e-02
1.298614238112560243e-02
1.298797791254040386e-02
1.298976924357949161e-02
1.299151651827542241e-02
1.299332909662997623e-02
1.299501545789415007e-02
1.299658435450794583e-02
1.299824770031060214e-02
1.299988850931633848e-02
1.300148138369979813e-02
1.300286321611377263e-02
1.300414886643993899e-02
1.300526372655112263e-02
1.300612788086113331e-02
1.300687921531245433e-02
1.300767184614130129e-02
1.300837298718090715e-02
1.300908456838301315e-02
1.300978010303337901e-02
1.301049184234050020e-02
1.301114830022483126e-02
1.301186933581333083e-02
1.301243103125452813e-02
1.301286287616637387e-02
1.301323099709851203e-02
1.301350208052636480e-02
1.301370229146792123e-02
1.301371076803451224e-02
1.301355548902149474e-02
1.301332872885319764e-02
1.301296672166425174e-02
1.301217586166092226e-02
1.301113161146622184e-02
1.300982906603076993e-02
1.300821151535722260e-02
1.300628066711876848e-02
1.300436614073932629e-02
1.300239950135910136e-02
1.300033278734321132e-02
1.299804591941080938e-02
1.299567808845094458e-02
1.299344218244602271e-02
1.299120957499074087e-02
1.298889283804907646e-02
1.298662429808909030e-02
1.298427284020368597e-02
1.298189439703537756e-02
1.297957119906127318e-02
1.297720063257568404e-02
1.297493342489444354e-02
1.297288578994957274e-02
1.297090274074669432e-02
1.296878554501018285e-02
1.296673461759462187e-02
1.296464534475771230e-02
1.296270334688477861e-02
1.296077567541431379e-02
1.295898300152218893e-02
1.295735521972507694e-02
1.295569106774689151e-02
1.295396196671958107e-02
1.295218924846436304e-02
1.295012640612010386e-02
1.294805091278594666e-02
1.294558771653989485e-02
1.294285759066311423e-02
1.294006363120694253e-02
1.293727768570794752e-02
1.293454409702974976e-02
1.293154594363426363e-02
1.292878623948036029e-02
1.292601664996165939e-02
1.292333454688230146e-02
1.292040980058303812e-02
1.291732372734940605e-02
1.291431269975270441e-02
1.291109525005491518e-02
1.290766954858792691e-02
1.290438686541683748e-02
1.290121299935431849e-02
1.289795686219683511e-02
1.289486670897212889e-02
1.289211703675535725e-02
1.288946407303703454e-02
1.288668164677149279e-02
1.288387584962724132e-02
1.288101969652044772e-02
1.287810941786767319e-02
1.287527270366254500e-02
1.287248574319611004e-02
1.286984979423112449e-02
1.286734396675562678e-02
1.286479243825444131e-02
1.286210512105520100e-02
1.285941248859111437e-02
1.285663360259385601e-02
1.285381602818794038e-02
1.285100302365309657e-02
1.284833244855983561e-02
1.284576134105302504e-02
1.284342569294938570e-02
1.284123536422666217e-02
1.283895202625289118e-02
1.283668178354041220e-02
1.283431429170763319e-02
1.283172246269204987e-02
1.282894348042917104e-02
1.282617908006538840e-02
1.282353668912626470e-02
1.282101021121158889e-02
1.281836769003152909e-02
1.281567111445770096e-02
1.281309385137499417e-02
1.281046820875479317e-02
1.280791090706284718e-02
1.280537160947265753e-02
1.280289578309358467e-02
1.280049631749152934e-02
1.279807058911472048e-02
1.279553611585306297e-02
1.279291314315133751e-02
1.279009292375612311e-02
1.278719578002852908e-02
1.278438084214750942e-02
1.278164842223527588e-02
1.277902977599036649e-02
1.277628345965276489e-02
1.277351548979155024e-02
1.277083810852379896e-02
1.276840920010404411e-02
1.276613516979024053e-02
1.276394043707255142e-02
1.276183655063300136e-02
1.275984857718815042e-02
1.275785300192988116e-02
1.275576117508684174e-02
1.275384560947125621e-02
1.275188294666610572e-02
1.274983946819393220e-02
1.274759634483658456e-02
1.274524320425458532e-02
1.274288685872804368e-02
1.274057005350005128e-02
1.273813673043853838e-02
1.273580182267890389e-02
1.273326758512910439e-02
1.273064167252084371e-02
1.272811908703218309e-02
1.272541534181256123e-02
1.272246691705952205e-02
1.271941524130418104e-02
1.271631417191838517e-02
1.271332030935302081e-02
1.271043941252629483e-02
1.270745907246872280e-02
1.270444026661910093e-02
1.270162754660646154e-02
1.269882463862835424e-02
1.269609427718080240e-02
1.269321932179743283e-02
1.269037682665797792e-02
1.268768694899559402e-02
1.268497565926120750e-02
1.268220888890134700e-02
1.267957748450143293e-02
1.267695025272716838e-02
1.267426751954975339e-02
1.267160702521219137e-02
1.266889310733107510e-02
1.266618980180468299e-02
1.266349626585648938e-02
1.266082055324127022e-02
1.265805639690579902e-02
1.265516893569685643e-02
1.265200179126818245e-02
1.264863933505866803e-02
1.264518324466975055e-02
1.264167104370033171e-02
1.263803130285112188e-02
1.263422381393252379e-02
1.263028120826067101e-02
1.262615186176730721e-02
1.262197832644268956e-02
1.261764925230708483e-02
1.261309383755973915e-02
1.260837945929266235e-02
1.260361473667062984e-02
1.259876970990468810e-02
1.259407276558354577e-02
1.258924199118752196e-02
1.258429788254282304e-02
1.257909230947994519e-02
1.257376985570447109e-02
1.256841147810788123e-02
1.256309969476509907e-02
1.255775539530806090e-02
1.255249363473241384e-02
1.254724801037719953e-02
1.254184941844199708e-02
1.253634163431184556e-02
1.253088406655430108e-02
1.252544681612623688e-02
1.252000620930364058e-02
1.251462269250489326e-02
1.250915413100933335e-02
1.250365920029081895e-02
1.249800331920689934e-02
1.249240843624438782e-02
1.248690539416397183e-02
1.248138724506561714e-02
1.247591089709763727e-02
1.247040859993673971e-02
1.246498854235155232e-02
1.245953468944624096e-02
1.245407587482451686e-02
1.244838511374107143e-02
1.244267535842131372e-02
1.243695614239700813e-02
1.243132389876214390e-02
1.242570839090816753e-02
1.242024186004036732e-02
1.241456914339209884e-02
1.240886437468429783e-02
1.240317156358387331e-02
1.239754254264140154e-02
1.239194366834181320e-02
1.238614445906308786e-02
1.238022044646254309e-02
1.237430156087713541e-02
1.236836132690524032e-02
1.236230786879592529e-02
1.235624683780316320e-02
1.235014115022134082e-02
1.234407294684384745e-02
1.233804976972377107e-02
1.233214622748527584e-02
1.232640160719053989e-02
1.232066217166706036e-02
1.231505950939402495e-02
1.230950978573362720e-02
1.230399232809906498e-02
1.229862610844059331e-02
1.229325496330831852e-02
1.228784104782422275e-02
1.228246712048021091e-02
1.227709332947125517e-02
1.227184669182673597e-02
1.226688687270690616e-02
1.226211944146706444e-02
1.225745974687542442e-02
1.225303905375407267e-02
1.224874039456329972e-02
1.224466931836869742e-02
1.224066608521682045e-02
1.223671444296741545e-02
1.223278051436065689e-02
1.222879488757433984e-02
1.222481148508665003e-02
1.222082827196697627e-02
1.221692773183235756e-02
1.221301197428207967e-02
1.220906649043745386e-02
1.220499990791175556e-02
1.220100660493454378e-02
1.219713870710091574e-02
1.219334300863812379e-02
1.218951307707864980e-02
1.218560634096893698e-02
1.218178746345270104e-02
1.217814910106310503e-02
1.217452481942056519e-02
1.217087436684230993e-02
1.216728630386368359e-02
1.216373518709424478e-02
1.216025874520564563e-02
1.215667621900057109e-02
1.215325241949806803e-02
1.214975126814867544e-02
1.214632561051275962e-02
1.214294717920034843e-02
1.213957509090912712e-02
1.213609209448805910e-02
1.213251255591206099e-02
1.212893509165426965e-02
1.212535544778246127e-02
1.212169002851629096e-02
1.211796310563271507e-02
1.211409170879007395e-02
1.211025297725167385e-02
1.210643960684207494e-02
1.210274643919630883e-02
1.209907514096568958e-02
1.209540715020014472e-02
1.209153935580018283e-02
1.208767365893324147e-02
1.208397402675299125e-02
1.208043311951905764e-02
1.207693559335830218e-02
1.207352269180214481e-02
1.207009181573414323e-02
1.206651340897236559e-02
1.206294034373091642e-02
1.205925069421746008e-02
1.205544472193418801e-02
1.205164831885554080e-02
1.204791557464349357e-02
1.204414406632767567e-02
1.204047420286657837e-02
1.203700701062642049e-02
1.203362950118118044e-02
1.203027444313510552e-02
1.202689889009254075e-02
1.202363388984751917e-02
1.202046005568618847e-02
1.201738666822687630e-02
1.201427821774172372e-02
1.201109595516106077e-02
1.200790404929686153e-02
1.200453941557988111e-02
1.200127016190149706e-02
1.199806239308520532e-02
1.199494420507773995e-02
1.199187349479710792e-02
1.198894101136619567e-02
1.198602165122159696e-02
1.198291483717885651e-02
1.197979704516349310e-02
1.197667076450653796e-02
1.197354422078057180e-02
1.197040830132217563e-02
1.196746011987242196e-02
1.196458733012859856e-02
1.196166630036027238e-02
1.195870676153038686e-02
1.195595702691970921e-02
1.195330683901797350e-02
1.195074376598902026e-02
1.194824657017993022e-02
1.194575734718798452e-02
1.194330554458727239e-02
1.194096502504641416e-02
1.193863244241368318e-02
1.193641802899584117e-02
1.193428420953748445e-02
1.193226004573634536e-02
1.193036841320418637e-02
1.192852828310167305e-02
1.192667594205198099e-02
1.192489443565235632e-02
1.192309575599291745e-02
1.192117140379131933e-02
1.191937903014352214e-02
1.191758737939426806e-02
1.191584352374111880e-02
1.191413816978109837e-02
1.191241560093368908e-02
1.191083717736170396e-02
1.190924572375863175e-02
1.190762179239796860e-02
1.190600090134412425e-02
1.190420715703226391e-02
1.190240576268143842e-02
1.190077621930184758e-02
1.189918622953343129e-02
1.189757121818312696e-02
1.189582679437850218e-02
1.189419647076823267e-02
1.189275311258696996e-02
1.189139442419811371e-02
1.189006983125328980e-02
1.188867329211202965e-02
1.188746463636373464e-02
1.188645593923709845e-02
1.188559535128275342e-02
1.188493815561380250e-02
1.188428439601971892e-02
1.188353738687059936e-02
1.188279383940415816e-02
1.188204475970319404e-02
1.188145778383322727e-02
1.188105325813828758e-02
1.188082329246977278e-02
1.188067260984954597e-02
1.188068341231021847e-02
1.188072408664648388e-02
1.188114419412596677e-02
1.188186622254419449e-02
1.188280133878751033e-02
1.188407761870151520e-02
1.188593153280788350e-02
1.188800847010611055e-02
1.189036332651420384e-02
1.189293945575427107e-02
1.189604839878958403e-02
1.189944266956742547e-02
1.190312151909730769e-02
1.190711544985964369e-02
1.191168246910504457e-02
1.191644582021981341e-02
1.192121672499760893e-02
1.192599120668944024e-02
1.193104264051657142e-02
1.193627685636840761e-02
1.194146884291298963e-02
1.194691941988954009e-02
1.195262798034471378e-02
1.195856279091979564e-02
1.196477281908721844e-02
1.197141127269773196e-02
1.197816816573522673e-02
1.198485926570762479e-02
1.199154438737265287e-02
1.199850087011971114e-02
1.200575315123061232e-02
1.201328430881080586e-02
1.202098500413371733e-02
1.202881079824946915e-02
1.203686685064921623e-02
1.204514192908228039e-02
1.205361157829375543e-02
1.206198121762518290e-02
1.207042749314975530e-02
1.207913159397623441e-02
1.208792205178141170e-02
1.209647970340059324e-02
1.210475219126803427e-02
1.211277946780275894e-02
1.212093376839250454e-02
1.212887048773161544e-02
1.213678027472618950e-02
1.214460633695468861e-02
1.215239156282166451e-02
1.216028454886935312e-02
1.216820109636893542e-02
1.217598894986208873e-02
1.218339863172243284e-02
1.219035542191886784e-02
1.219691264967553111e-02
1.220352358741529260e-02
1.220975696166553062e-02
1.221593725731747078e-02
1.222226454984019772e-02
1.222879963755071041e-02
1.223568768460002974e-02
1.224271701729457915e-02
1.224999453891136188e-02
1.225751033402842222e-02
1.226516877170876624e-02
1.227314604456342106e-02
1.228162295429374717e-02
1.229041899958085819e-02
1.229967791266060526e-02
1.230966317361804029e-02
1.232016138479395846e-02
1.233166326018462523e-02
1.234433847342039647e-02
1.235824333055705188e-02
1.237385117449549786e-02
1.239130575890128212e-02
1.241079875568681413e-02
1.243305454824524328e-02
1.245844647114728934e-02
1.248728980777445013e-02
1.252043650946090686e-02
1.255858569912165004e-02
1.260208988415710551e-02
1.265309360817524868e-02
1.271335655886860448e-02
1.278487912274440565e-02
1.286994802782973069e-02
1.297133035186488065e-02
1.309517177351881417e-02
1.324770984013471514e-02
1.343835746623444488e-02
1.367791101508659783e-02
1.397607650873828287e-02
1.435280837887843199e-02
1.483487999162600920e-02
