2.946047242905274616e-02
2.928471477245076643e-02
2.911028504533860403e-02
2.893683240933732359e-02
2.876509112162600051e-02
2.859736904048398171e-02
2.843213917949283936e-02
2.826835723860039035e-02
2.810576156153066565e-02
2.794436883859009735e-02
2.778406919200275549e-02
2.762580078621267726e-02
2.746829459502510284e-02
2.731147525323819950e-02
2.715509643558586955e-02
2.699993379375341049e-02
2.684551143875099979e-02
2.669283056088617503e-02
2.653918044563686671e-02
2.638696174489195412e-02
2.623692383169496170e-02
2.608751462335686874e-02
2.593861340277119759e-02
2.579077050431173232e-02
2.564425362293190278e-02
2.549876914659893884e-02
2.535392325394563925e-02
2.521055261076856832e-02
2.506784274448802322e-02
2.492638851636160349e-02
2.478739929156463517e-02
2.464991366134597350e-02
2.451332315810563975e-02
2.437781883487741622e-02
2.424285125856614348e-02
2.410844707187875455e-02
2.397376587649891269e-02
2.383953760674231009e-02
2.370571231922396008e-02
2.357188253605172965e-02
2.343821359027221940e-02
2.330509039970415572e-02
2.317590344003603309e-02
2.304961872138450510e-02
2.292387803354629244e-02
2.279915715082891925e-02
2.267493617196619793e-02
2.255357866095675581e-02
2.243341561975196324e-02
2.231396337340749159e-02
2.219502798585675646e-02
2.207728940108359683e-02
2.195954033575439612e-02
2.184127532768678770e-02
2.172342074733764339e-02
2.160621232626548302e-02
2.148937814502440216e-02
2.137337530015209416e-02
2.125834816806908278e-02
2.114501952727039849e-02
2.103319680357514793e-02
2.092281242136181593e-02
2.081296229235313211e-02
2.070387059798657614e-02
2.059561191667300117e-02
2.048882075298496738e-02
2.038255098856831676e-02
2.027658962721208200e-02
2.017248938527645488e-02
2.007048914017654784e-02
1.996906475810302992e-02
1.986832580679910240e-02
1.976822878064664682e-02
1.966880758783988783e-02
1.957025746685949613e-02
1.947279199946827175e-02
1.937562768235376320e-02
1.927937933586298599e-02
1.918400903490546580e-02
1.908929038966848679e-02
1.899497898801471435e-02
1.890212395047457042e-02
1.880941708677544288e-02
1.871737986882733573e-02
1.862622034870619475e-02
1.853619452026806017e-02
1.844847371296863894e-02
1.836223664082934498e-02
1.827644608598510967e-02
1.819142388631908233e-02
1.810714879495297844e-02
1.802394432131051646e-02
1.794204957286226615e-02
1.786072947969563271e-02
1.778004354885763180e-02
1.770003311092846476e-02
1.762092237283070448e-02
1.754197503833026042e-02
1.746349522831859222e-02
1.738589429860585428e-02
1.730877023586140789e-02
1.723139881683246125e-02
1.715363930712918497e-02
1.707611758742322294e-02
1.699878173789860433e-02
1.692242945814026456e-02
1.684661712852439375e-02
1.677155060596609293e-02
1.669707088487495938e-02
1.662310562951445359e-02
1.655020641023602010e-02
1.647751815362223649e-02
1.640505508219122430e-02
1.633246634283965285e-02
1.626043210962049498e-02
1.618888386049833344e-02
1.611789949868610780e-02
1.604744001332822703e-02
1.597786107574662370e-02
1.590931540462811600e-02
1.584095324954220771e-02
1.577298752372509327e-02
1.570527254406234655e-02
1.563842467774959055e-02
1.557215985108623656e-02
1.550564982318856574e-02
1.543903361290021453e-02
1.537246229717248794e-02
1.530614535969949432e-02
1.524008890722365964e-02
1.517429088528334837e-02
1.510877905659670749e-02
1.504374366924175754e-02
1.497905443474860376e-02
1.491513359916513820e-02
1.485196211884935030e-02
1.478921491197017664e-02
1.472690511567816517e-02
1.466503863004140450e-02
1.460307804300147935e-02
1.454130268054137573e-02
1.448028745633132483e-02
1.441999136539920748e-02
1.435988924235222230e-02
1.430008165014461964e-02
1.424057154518559333e-02
1.418137301233436329e-02
1.412231036144425030e-02
1.406368551540477727e-02
1.400575022278204192e-02
1.394839150031344961e-02
1.389179865365296022e-02
1.383544918594924872e-02
1.377943926710482360e-02
1.372368349474984046e-02
1.366819266835380547e-02
1.361287152275743144e-02
1.355779020786927920e-02
1.350290020686437630e-02
1.344819695380292633e-02
1.339389450111067373e-02
1.334010004883376573e-02
1.328669387455312829e-02
1.323330626406812177e-02
1.318031356784850859e-02
1.312773839732339631e-02
1.307556492635579548e-02
1.302384394690756647e-02
1.297240670941383553e-02
1.292075475473989515e-02
1.286932565750372771e-02
1.281818400305607779e-02
1.276727834934272311e-02
1.271656335707217929e-02
1.266598732848212179e-02
1.261602903227626235e-02
1.256668049251673420e-02
1.251767195483557797e-02
1.246906454116606701e-02
1.242082363952615870e-02
1.237285634886358190e-02
1.232516947273840612e-02
1.227747744931499338e-02
1.222999013277905819e-02
1.218267469761376461e-02
1.213550158293541514e-02
1.208874847625702673e-02
1.204237958375304479e-02
1.199605803250810773e-02
1.195031539527056756e-02
1.190482024595732567e-02
1.185972267570318400e-02
1.181501167683015122e-02
1.177055514753549796e-02
1.172620897447354017e-02
1.168199210431380801e-02
1.163798695547845624e-02
1.159433002544207371e-02
1.155129708422123619e-02
1.150886933583615893e-02
1.146672263736269598e-02
1.142459604299959040e-02
1.138264822007923650e-02
1.134135276685057335e-02
1.130007340520968948e-02
1.125897206845832485e-02
1.121814550189591773e-02
1.117791681595273201e-02
1.113778924244199567e-02
1.109782749459429889e-02
1.105819483328434119e-02
1.101877139409805639e-02
1.097943836831060532e-02
1.094021651882377821e-02
1.090116844475126634e-02
1.086226622199197751e-02
1.082358583616836907e-02
1.078548944559669029e-02
1.074778766019665772e-02
1.071030864193562443e-02
1.067293759049220241e-02
1.063573323885432138e-02
1.059879419845927498e-02
1.056205818772461454e-02
1.052540710545505145e-02
1.048893745047472549e-02
1.045287723439866125e-02
1.041712873819082563e-02
1.038169271171464521e-02
1.034642153250402673e-02
1.031130374221352931e-02
1.027635954834632201e-02
1.024151265380694384e-02
1.020683079077369659e-02
1.017215367671129439e-02
1.013766339326994947e-02
1.010328926705114649e-02
1.006883839745335504e-02
1.003430682184475349e-02
9.999872810062475359e-03
9.965454278952260922e-03
9.931161299853148369e-03
9.897246471866029058e-03
9.863480986432913641e-03
9.829850254353518502e-03
9.796670641561195172e-03
9.763692151996803195e-03
9.730994118413738639e-03
9.698398294065402672e-03
9.665779136397500276e-03
9.633182173494929043e-03
9.600768775778537739e-03
9.568805987884667838e-03
9.537248501882240534e-03
9.505571357423369533e-03
9.473948409237327450e-03
9.442364300768240140e-03
9.410888368245948557e-03
9.379466492255732202e-03
9.348313221599449316e-03
9.317341341183624573e-03
9.286587400953082161e-03
9.255918374507411325e-03
9.225478118304691194e-03
9.195384633616687786e-03
9.165424251859094484e-03
9.135493059718490308e-03
9.105580630944621473e-03
9.075832551151860952e-03
9.046201239931018004e-03
9.016719396671117256e-03
8.987354567105783690e-03
8.958121372893248710e-03
8.928860920855433841e-03
8.899620046412396943e-03
8.870505293839960059e-03
8.841544823735843217e-03
8.812745446666570351e-03
8.784052255583188820e-03
8.755324433279724691e-03
8.726977060442828171e-03
8.698908928249792991e-03
8.670976366918273920e-03
8.643177727078616215e-03
8.615622097005117344e-03
8.588314509324374013e-03
8.561310002238991038e-03
8.534385396752124445e-03
8.507634737277523784e-03
8.480998787636043201e-03
8.454429574611331891e-03
8.428011712785883278e-03
8.401730325728674550e-03
8.375630938266447403e-03
8.349792630551777436e-03
8.324224921125051094e-03
8.298865554922674539e-03
8.273707220277952065e-03
8.248653900545663969e-03
8.223652371290848459e-03
8.198958366643589735e-03
8.174497998103555721e-03
8.150114624002686298e-03
8.125933059673269912e-03
8.101999179739964585e-03
8.078254843037530400e-03
8.054613370905227068e-03
8.031079983153360802e-03
8.007736638705069410e-03
7.984525803202519381e-03
7.961205818687082381e-03
7.937894157650485574e-03
7.914509758832101449e-03
7.891229351497134822e-03
7.868060117177515592e-03
7.845098040230815209e-03
7.822438012403865396e-03
7.799996094249807624e-03
7.777754755048025409e-03
7.755605953353707227e-03
7.733509035895710405e-03
7.711436188308869698e-03
7.689375679322612081e-03
7.667509933918875698e-03
7.645791691378303438e-03
7.624322632397651824e-03
7.603069132049307746e-03
7.582007286453877962e-03
7.561070020427348645e-03
7.540400366106303313e-03
7.520036109071235458e-03
7.499864595766812803e-03
7.479721044268214034e-03
7.459678591996646117e-03
7.440193020496962961e-03
7.420775865273118894e-03
7.401342545251453353e-03
7.381943774213502521e-03
7.362643577937862810e-03
7.343486403307179951e-03
7.324438447245934687e-03
7.305349386825262838e-03
7.286110043453077230e-03
7.266974700171799709e-03
7.247994575500098756e-03
7.229154156377078609e-03
7.210313020041441909e-03
7.191306980571952369e-03
7.172336343125199770e-03
7.153413841472973725e-03
7.134643905090220194e-03
7.115964225456788451e-03
7.097272398373124375e-03
7.078500487824188753e-03
7.059714969942352918e-03
7.040828810537557055e-03
7.022063027532860803e-03
7.003321023188037280e-03
6.984709307180135898e-03
6.966004776088424895e-03
6.947428233042666178e-03
6.928872335005903209e-03
6.910385594007124530e-03
6.892223981245631029e-03
6.874293011669614997e-03
6.856505388905805715e-03
6.838670161507878070e-03
6.820865567913531914e-03
6.803065757506157260e-03
6.785393383152664784e-03
6.767816483374876867e-03
6.750266707113622422e-03
6.732861047489133860e-03
6.715657609225281210e-03
6.698529859599031654e-03
6.681592192135057083e-03
6.664848518537237580e-03
6.648198377660601704e-03
6.631653236735952396e-03
6.614879087526980180e-03
6.598465524034959062e-03
6.582045633246436100e-03
6.565496831374465457e-03
6.548931866174815056e-03
6.532367261560278505e-03
6.515966822663455359e-03
6.499568048787951816e-03
6.483162499839836834e-03
6.466707369915719941e-03
6.450293964508023968e-03
6.434078181260818180e-03
6.418110007739581853e-03
6.402289823770950135e-03
6.386385379653710878e-03
6.370594541886184618e-03
6.354833118555044090e-03
6.339270816471505136e-03
6.323736907184917405e-03
6.308265633495212417e-03
6.292865036635802815e-03
6.277477039231710819e-03
6.262283098886583382e-03
6.247224519476400270e-03
6.232229399906391576e-03
6.217298921676479503e-03
6.202236333998829322e-03
6.187203338305640073e-03
6.172352800485522359e-03
6.157646108836472079e-03
6.143122845882020670e-03
6.128734132330430733e-03
6.114671227947986350e-03
6.100565398720407886e-03
6.086317574825574235e-03
6.072058280631943000e-03
6.057680790485135865e-03
6.043308413823530838e-03
6.029039678773990933e-03
6.014933599396691220e-03
6.001047533250862542e-03
5.987490277862272080e-03
5.974106286850595221e-03
5.960796956253702067e-03
5.947633232934769476e-03
5.934587096135124883e-03
5.921725181702551521e-03
5.908870393086126244e-03
5.896352447825545413e-03
5.884104210673168391e-03
5.872018617044802088e-03
5.860219379223037366e-03
5.848699698061935251e-03
5.837455887478110172e-03
5.826614398421325371e-03
5.815999469286161662e-03
5.805681670749690201e-03
5.795420371865579040e-03
5.785458557106973668e-03
5.775807072964538047e-03
5.766543808797796808e-03
5.757639366693761453e-03
5.749099070509630822e-03
5.741019089885431546e-03
5.733426632292050983e-03
5.726308384578600134e-03
5.719705160554076386e-03
5.713632537829026713e-03
5.708286790963705906e-03
5.703467531097376406e-03
5.699185486679692048e-03
5.695491484491070969e-03
5.692541831859736223e-03
5.690482835608762918e-03
5.689575272695915863e-03
5.689399281541432894e-03
5.689937703651196284e-03
5.691652778224337572e-03
5.694577338643327935e-03
5.698638274625738610e-03
5.704121900276659142e-03
5.710899823345940221e-03
5.719304024383527023e-03
5.729510551390561840e-03
5.741744505246859122e-03
5.755898014223691413e-03
5.772716288128480928e-03
5.792649251416983128e-03
5.815609971611519768e-03
5.841737168792067621e-03
5.871369590214231202e-03
5.905448253733966771e-03
5.944367883172978206e-03
5.988659322528127812e-03
6.039382957749803334e-03
6.097245303523402861e-03
6.163441645931681812e-03
6.239148784525779326e-03
6.325830141876305143e-03
6.424152689224594745e-03
6.535955928561515416e-03
6.662822623533928151e-03
6.805984141037290519e-03
6.967809042445051969e-03
7.151626584308193313e-03
7.362419216023254227e-03
7.603799600128988666e-03
7.884596582122710071e-03
8.216066317571159641e-03
8.598225248749711072e-03
9.041728787500325978e-03
9.555346590990153668e-03
1.016070178550300580e-02
1.089408858510739972e-02
1.185352358510753136e-02
1.328819255219174621e-02
1.582116262573721524e-02
2.102078218568996515e-02
3.287345354146700704e-02
6.194140405117620068e-02
1.341418940883813138e-01
