1.048291078275684698e-02
1.053792593858045995e-02
1.059255749975623016e-02
1.064675195775019109e-02
1.070048847259109578e-02
1.075385939279377423e-02
1.080676930988557979e-02
1.085939282280128440e-02
1.091148832471021748e-02
1.096311241639828099e-02
1.101422759454900174e-02
1.106501658763138669e-02
1.111540878773561135e-02
1.116535296126231272e-02
1.121489512613055815e-02
1.126392008159450044e-02
1.131260198005368776e-02
1.136067958573566510e-02
1.140817443671688844e-02
1.145532989991755041e-02
1.150215645808070654e-02
1.154849984856263015e-02
1.159444611262061033e-02
1.163986550304908600e-02
1.168478299784845784e-02
1.172922596634461308e-02
1.177338196725835617e-02
1.181730205194937537e-02
1.186070509278848266e-02
1.190369349358669400e-02
1.194639082556943691e-02
1.198869805984121434e-02
1.203047122333691411e-02
1.207174920585918874e-02
1.211260031799346951e-02
1.215296466243262312e-02
1.219275966803649684e-02
1.223196870117286041e-02
1.227070609658895139e-02
1.230905452182707790e-02
1.234688457159117438e-02
1.238406977766926334e-02
1.242087778675668268e-02
1.245721863127956242e-02
1.249304120561452874e-02
1.252855009792769488e-02
1.256353577845254268e-02
1.259806468891747425e-02
1.263228996575388452e-02
1.266607745655030752e-02
1.269931697209199760e-02
1.273207326580926176e-02
1.276419908048123317e-02
1.279572473128179171e-02
1.282679252578806418e-02
1.285734483868645854e-02
1.288730534384721800e-02
1.291670406159547806e-02
1.294563433982316367e-02
1.297414888133193930e-02
1.300220032085417157e-02
1.302969184218226266e-02
1.305682264012461048e-02
1.308344486043976768e-02
1.310960254534346454e-02
1.313531553759135669e-02
1.316058170913384819e-02
1.318540868282527985e-02
1.320969917725493652e-02
1.323350978228608754e-02
1.325696067190040330e-02
1.327997476087739576e-02
1.330277916211306324e-02
1.332524740535598155e-02
1.334714036285826813e-02
1.336858009078980072e-02
1.338944532605790272e-02
1.341003017012459657e-02
1.343044795685409236e-02
1.345062565137429555e-02
1.347041587701854233e-02
1.348972389461023519e-02
1.350860139083576161e-02
1.352708732441477470e-02
1.354519557390473396e-02
1.356294552250422378e-02
1.358028577167562888e-02
1.359716631045062088e-02
1.361364944392871867e-02
1.362985611852426601e-02
1.364572013155289712e-02
1.366131987202503888e-02
1.367663635848801601e-02
1.369158757542300597e-02
1.370609987570320376e-02
1.372012954514070446e-02
1.373375361787041588e-02
1.374693794527857491e-02
1.375965502193791067e-02
1.377203199595395527e-02
1.378407835732087770e-02
1.379579592756990242e-02
1.380718073417658981e-02
1.381823981534748870e-02
1.382882554603450005e-02
1.383912515928380910e-02
1.384908244691242588e-02
1.385856299894043346e-02
1.386765935936102971e-02
1.387625654156726847e-02
1.388445894662252052e-02
1.389229118592675248e-02
1.389979798583659484e-02
1.390702988237425657e-02
1.391386303477369461e-02
1.392038332501499727e-02
1.392659613902292974e-02
1.393256928605127523e-02
1.393822681094014811e-02
1.394346595312175724e-02
1.394834183137752016e-02
1.395297078367578776e-02
1.395726559749228997e-02
1.396122770619803721e-02
1.396496554998670828e-02
1.396849744388558960e-02
1.397176966000031328e-02
1.397476318415847782e-02
1.397741498331035032e-02
1.397978506336139404e-02
1.398192108342742428e-02
1.398382185475598172e-02
1.398552125524480001e-02
1.398709199148976366e-02
1.398861553684412756e-02
1.399001205704191245e-02
1.399126837141200473e-02
1.399223267745296727e-02
1.399298349624004609e-02
1.399355996951986807e-02
1.399404959189294757e-02
1.399432560450866378e-02
1.399449435051046756e-02
1.399452911472206205e-02
1.399444393019589131e-02
1.399415848778840128e-02
1.399369374830366879e-02
1.399307946042440201e-02
1.399222764844537496e-02
1.399112583176537195e-02
1.398980311356175926e-02
1.398833989260149513e-02
1.398676145860595216e-02
1.398510797920425597e-02
1.398344391318971126e-02
1.398177157529431960e-02
1.397995430545770877e-02
1.397802257607930719e-02
1.397603383530923726e-02
1.397406196087063943e-02
1.397196065391218163e-02
1.396969165016657272e-02
1.396730121751153623e-02
1.396472937122108550e-02
1.396195827518726187e-02
1.395900864239204425e-02
1.395599090039568654e-02
1.395292875058295329e-02
1.394980881012160799e-02
1.394652172299487569e-02
1.394300938135671804e-02
1.393923111771978168e-02
1.393536011597518165e-02
1.393136658619373996e-02
1.392722286804984506e-02
1.392285094479701890e-02
1.391840796411283714e-02
1.391395111560313202e-02
1.390946443249722018e-02
1.390484945930029435e-02
1.390009170771055839e-02
1.389524084516014640e-02
1.389030751355920835e-02
1.388519219706435201e-02
1.387993005024017526e-02
1.387447099130088672e-02
1.386890650142712234e-02
1.386319456043262795e-02
1.385726582600089497e-02
1.385123054171549274e-02
1.384515437304541068e-02
1.383898862299528729e-02
1.383272511654600086e-02
1.382629536189288431e-02
1.381978452135896630e-02
1.381322569401518402e-02
1.380655375417854172e-02
1.379983148089608189e-02
1.379298190134523559e-02
1.378608792113238807e-02
1.377917444616642319e-02
1.377213202726608118e-02
1.376499033117168334e-02
1.375783643000121591e-02
1.375059051202093784e-02
1.374323816799111891e-02
1.373580390992842903e-02
1.372826337083960131e-02
1.372062597568523591e-02
1.371300031848271192e-02
1.370529600337089433e-02
1.369751092036730102e-02
1.368974242357521090e-02
1.368188873501722212e-02
1.367393186542841671e-02
1.366594580177594651e-02
1.365791382771141226e-02
1.364973494373776693e-02
1.364161265598802866e-02
1.363347196539255353e-02
1.362525792849002271e-02
1.361692238082290278e-02
1.360844176028982826e-02
1.359983824862866751e-02
1.359107803965933607e-02
1.358213269822996887e-02
1.357307868180782084e-02
1.356396860807737755e-02
1.355485359514751499e-02
1.354567178549407822e-02
1.353642339016934010e-02
1.352714456826208111e-02
1.351781968773796243e-02
1.350852465994547766e-02
1.349926293135142626e-02
1.349002131082863674e-02
1.348077635692849184e-02
1.347137849673761371e-02
1.346193443818878045e-02
1.345242163230356627e-02
1.344282455989697159e-02
1.343316895229875081e-02
1.342338870236681539e-02
1.341362973798093661e-02
1.340383061987982655e-02
1.339393944505145283e-02
1.338387031642155472e-02
1.337367422724441979e-02
1.336334596556137434e-02
1.335294268475991850e-02
1.334241726928109967e-02
1.333175988178402459e-02
1.332096074399362513e-02
1.331003104696263685e-02
1.329912793363405982e-02
1.328817325296020521e-02
1.327707284681507553e-02
1.326592636812699844e-02
1.325476103999793237e-02
1.324355240053312101e-02
1.323226818802772549e-02
1.322089234234023920e-02
1.320949173078509939e-02
1.319804268453427833e-02
1.318662438084412455e-02
1.317510379483607247e-02
1.316352652172437902e-02
1.315188529617263707e-02
1.314020770840330747e-02
1.312837900552634926e-02
1.311642908493292417e-02
1.310446025991447196e-02
1.309246523007925357e-02
1.308043573773700653e-02
1.306840181905956008e-02
1.305635205417414284e-02
1.304424997713781592e-02
1.303204574671996269e-02
1.301977264315071908e-02
1.300743554920484081e-02
1.299503567525149908e-02
1.298264236000562857e-02
1.297012668294308946e-02
1.295749270952130210e-02
1.294480631614147205e-02
1.293206791410342164e-02
1.291931497779097611e-02
1.290661554070843091e-02
1.289386936887342017e-02
1.288113470935160071e-02
1.286843403092633939e-02
1.285572253072979169e-02
1.284296992047990159e-02
1.283020210894399854e-02
1.281735894358335300e-02
1.280445067039752069e-02
1.279153663517252140e-02
1.277857992008785831e-02
1.276559685948491611e-02
1.275262170385803480e-02
1.273960217058921901e-02
1.272658024971654034e-02
1.271347546453552996e-02
1.270036578865630338e-02
1.268725723694856533e-02
1.267408261147333175e-02
1.266067822714737022e-02
1.264718548923316095e-02
1.263366137944314620e-02
1.262009646429300067e-02
1.260656101818673908e-02
1.259307316376759821e-02
1.257952999108327176e-02
1.256596281750574015e-02
1.255231411388321727e-02
1.253865236007514414e-02
1.252492836817653381e-02
1.251121408204129183e-02
1.249750032077552239e-02
1.248381969735764228e-02
1.247012101012224920e-02
1.245639745353395791e-02
1.244263302579677252e-02
1.242883243993122937e-02
1.241504666590143025e-02
1.240122660416102113e-02
1.238734073564984675e-02
1.237347423376577472e-02
1.235961532304056393e-02
1.234567651402376440e-02
1.233177236271934020e-02
1.231787656526722556e-02
1.230399504229592531e-02
1.229011611978154429e-02
1.227620346539956900e-02
1.226224288366372164e-02
1.224829303113869269e-02
1.223427061660950672e-02
1.222019724027978600e-02
1.220609994121102902e-02
1.219197369796785717e-02
1.217786145560588104e-02
1.216377437192329644e-02
1.214970209383372732e-02
1.213559728308085707e-02
1.212150487122879219e-02
1.210739704163608238e-02
1.209324673999456236e-02
1.207900580436780356e-02
1.206469846278831679e-02
1.205033830759868335e-02
1.203593116134452426e-02
1.202144843640731361e-02
1.200690536252550442e-02
1.199235571000750906e-02
1.197776513063626702e-02
1.196316212547245995e-02
1.194850347766164902e-02
1.193378724091291587e-02
1.191907683499342403e-02
1.190439157130613462e-02
1.188968312932527950e-02
1.187489768195761596e-02
1.186001076214612988e-02
1.184512439421592928e-02
1.183024789640094686e-02
1.181536847770895717e-02
1.180051028753809073e-02
1.178558848755697185e-02
1.177062178674517963e-02
1.175567867864813799e-02
1.174070884566695908e-02
1.172578676956512016e-02
1.171081069397466798e-02
1.169579956365826567e-02
1.168080225594511461e-02
1.166582880590255264e-02
1.165081280061481053e-02
1.163574102410385065e-02
1.162064516494393934e-02
1.160554432996859994e-02
1.159045517730077253e-02
1.157540638159703685e-02
1.156031329204800298e-02
1.154520726792396257e-02
1.153010591384166783e-02
1.151494188179652545e-02
1.149970519458649691e-02
1.148453287988016915e-02
1.146941309762106349e-02
1.145425548082066973e-02
1.143920233885674723e-02
1.142417273138211786e-02
1.140918693442147594e-02
1.139419815535705656e-02
1.137922945615156556e-02
1.136427744280114026e-02
1.134938774065321655e-02
1.133453141273652910e-02
1.131967719942434704e-02
1.130489776128392257e-02
1.129014888034312637e-02
1.127541281836678955e-02
1.126063473117700116e-02
1.124594222052133045e-02
1.123125949126209562e-02
1.121656603975508537e-02
1.120188598754625654e-02
1.118722581626938571e-02
1.117254513606599775e-02
1.115790998192663606e-02
1.114335464528353782e-02
1.112883793600835149e-02
1.111432818029326787e-02
1.109984487586270115e-02
1.108534481078437064e-02
1.107079600571688090e-02
1.105618383382537401e-02
1.104156740823414654e-02
1.102690050129243905e-02
1.101226650974136169e-02
1.099763327764231684e-02
1.098302572945229587e-02
1.096843507973029562e-02
1.095386478562778571e-02
1.093929640011971627e-02
1.092473870528561618e-02
1.091021460738011463e-02
1.089563879218377954e-02
1.088105569496373819e-02
1.086648159663802099e-02
1.085189620473474281e-02
1.083729508979734343e-02
1.082269519435310676e-02
1.080819161857989735e-02
1.079374523293024843e-02
1.077931237023284361e-02
1.076486854194127173e-02
1.075046288577858299e-02
1.073606042613341194e-02
1.072168911674715661e-02
1.070731178588830990e-02
1.069291084778836026e-02
1.067848396394491424e-02
1.066415224078578333e-02
1.064979027112286127e-02
1.063544901387542159e-02
1.062107223393743589e-02
1.060671502927777732e-02
1.059242278033680103e-02
1.057814633798647916e-02
1.056389351320177229e-02
1.054961448768208451e-02
1.053542363627217940e-02
1.052130199644162392e-02
1.050714383982590504e-02
1.049297762378659932e-02
1.047883285932594069e-02
1.046477858904939877e-02
1.045079293453171458e-02
1.043684144755210180e-02
1.042293740555546612e-02
1.040903174182981200e-02
1.039514679039958527e-02
1.038135462549569232e-02
1.036768271830855459e-02
1.035405526247557863e-02
1.034045323141833360e-02
1.032687011204929013e-02
1.031334603017147744e-02
1.029989850150278205e-02
1.028647456392812673e-02
1.027312183350528874e-02
1.025983129381227883e-02
1.024658935868922108e-02
1.023342055317847873e-02
1.022020739619724367e-02
1.020706093443520326e-02
1.019394245342636861e-02
1.018090631365717834e-02
1.016794973573248266e-02
1.015501507080816476e-02
1.014210453703400135e-02
1.012926773511545545e-02
1.011644360443678635e-02
1.010360905560329058e-02
1.009077575921736580e-02
1.007795798879940717e-02
1.006518108424803160e-02
1.005245120461598259e-02
1.003974463269408091e-02
1.002701742957220338e-02
1.001432424458307754e-02
1.000168147641622082e-02
9.989078114157654009e-03
9.976454253297083880e-03
9.963795497500425521e-03
9.951182268428079500e-03
9.938632566389798972e-03
9.926107887611702874e-03
