1.385230338881035875e-02
1.384278529153763065e-02
1.383345902291396347e-02
1.382418315578121289e-02
1.381491791629052904e-02
1.380579952032134732e-02
1.379672802586047291e-02
1.378773743052784731e-02
1.377881079839323418e-02
1.376991444526796081e-02
1.376101296212394950e-02
1.375218251372932986e-02
1.374340481852760060e-02
1.373466395730541662e-02
1.372609789012923728e-02
1.371770941079392125e-02
1.370937020788601420e-02
1.370108480390930597e-02
1.369277894080261210e-02
1.368441362926265531e-02
1.367605560983683327e-02
1.366767946073324524e-02
1.365931697007479947e-02
1.365097685879661064e-02
1.364248198308546517e-02
1.363398954323839264e-02
1.362554318069144829e-02
1.361705204197113592e-02
1.360870812985500236e-02
1.360046519194705109e-02
1.359244702392861139e-02
1.358455961963316722e-02
1.357655401788729344e-02
1.356847239067607812e-02
1.356047056074673532e-02
1.355266833333607090e-02
1.354491985745496195e-02
1.353716877351605029e-02
1.352944709117237694e-02
1.352175659040404272e-02
1.351411007836135839e-02
1.350653815812612873e-02
1.349894717372357965e-02
1.349119223767555713e-02
1.348351891951948996e-02
1.347576103392835248e-02
1.346801721404954251e-02
1.346034388331752811e-02
1.345272344411381493e-02
1.344510089505325176e-02
1.343743295843485147e-02
1.342983968617744196e-02
1.342221629356109107e-02
1.341471586080932379e-02
1.340723932138828366e-02
1.339982538599566314e-02
1.339252523292891635e-02
1.338535908624456996e-02
1.337825361850147020e-02
1.337097749903562102e-02
1.336375604333913010e-02
1.335652592281558887e-02
1.334934748556211408e-02
1.334216197192035491e-02
1.333496536629389523e-02
1.332776596687257863e-02
1.332061158353499246e-02
1.331346611847814519e-02
1.330621498645035740e-02
1.329908025641481084e-02
1.329187682591899226e-02
1.328458422712649328e-02
1.327740089299297814e-02
1.327037081708099843e-02
1.326335715277903241e-02
1.325627799101360138e-02
1.324919464339278929e-02
1.324205926231017058e-02
1.323507521726405463e-02
1.322814009168194437e-02
1.322129606432059443e-02
1.321449584671950325e-02
1.320784479725523215e-02
1.320118011836723775e-02
1.319453965011076896e-02
1.318795616346731328e-02
1.318136580165071327e-02
1.317481078888460555e-02
1.316812163043330590e-02
1.316123437470737186e-02
1.315429573753408403e-02
1.314736792631586090e-02
1.314056092254062974e-02
1.313394595249912228e-02
1.312740478681734962e-02
1.312088016430934014e-02
1.311440731890730488e-02
1.310811643100380681e-02
1.310188187947053558e-02
1.309573661812388559e-02
1.308952550621989008e-02
1.308327717918843745e-02
1.307712840818536955e-02
1.307105675868973881e-02
1.306494407388109590e-02
1.305887731546122310e-02
1.305279719945154175e-02
1.304679088780159694e-02
1.304103467593191630e-02
1.303550838718761824e-02
1.302997566536305898e-02
1.302451482764796324e-02
1.301905447555787299e-02
1.301358885608101291e-02
1.300815688016284180e-02
1.300276256823667403e-02
1.299737070765266851e-02
1.299195963295736791e-02
1.298670495466591052e-02
1.298158367814404926e-02
1.297646177959653133e-02
1.297125574022874039e-02
1.296614033764121460e-02
1.296100217936241826e-02
1.295595245126898894e-02
1.295092072902862337e-02
1.294598465363208314e-02
1.294107829035991489e-02
1.293621044914624804e-02
1.293141028683905160e-02
1.292666089459474157e-02
1.292196408141483253e-02
1.291737067250289805e-02
1.291282309711120659e-02
1.290827141905885773e-02
1.290387089807761706e-02
1.289944924757171173e-02
1.289504964560193867e-02
1.289056605759276997e-02
1.288611122980557258e-02
1.288174069471738695e-02
1.287732966508188352e-02
1.287284820724455409e-02
1.286832101939669286e-02
1.286381143013471014e-02
1.285925300557082089e-02
1.285470931808132058e-02
1.285007832450258194e-02
1.284553651663337265e-02
1.284107396721510461e-02
1.283665377164945609e-02
1.283242192119572050e-02
1.282822646069388395e-02
1.282408473624351529e-02
1.281996840746577569e-02
1.281597120192159295e-02
1.281191777319070323e-02
1.280784563435375355e-02
1.280377042214898668e-02
1.279965574468974222e-02
1.279560561666108487e-02
1.279160854751755332e-02
1.278758403378951400e-02
1.278348429268503714e-02
1.277923942128990527e-02
1.277491701434848616e-02
1.277065442537967527e-02
1.276636111530863975e-02
1.276200368629133546e-02
1.275766764508928612e-02
1.275330547977710297e-02
1.274893315310024824e-02
1.274441662578539025e-02
1.273971109940940510e-02
1.273499075469907392e-02
1.273029151532889536e-02
1.272557822088757513e-02
1.272085214734998068e-02
1.271596553605266154e-02
1.271098505111995826e-02
1.270602515494622525e-02
1.270130634353397112e-02
1.269670528457711965e-02
1.269212541318776380e-02
1.268756180733397049e-02
1.268302666761848135e-02
1.267854677887230580e-02
1.267409382586849945e-02
1.266951561063454391e-02
1.266496758154140277e-02
1.266037800635835125e-02
1.265569552685516519e-02
1.265095398006662979e-02
1.264629081044540797e-02
1.264171862295928629e-02
1.263726629391589626e-02
1.263282897958509232e-02
1.262830390352884247e-02
1.262364732176875920e-02
1.261900311570728593e-02
1.261430966707672088e-02
1.260969635431120200e-02
1.260515879034020299e-02
1.260068208911274343e-02
1.259628002225748021e-02
1.259192764393371466e-02
1.258758537280131075e-02
1.258316575379443344e-02
1.257886738819295573e-02
1.257459503351809893e-02
1.257033444605952163e-02
1.256611460273243143e-02
1.256200400568409543e-02
1.255798251502008786e-02
1.255389907427687142e-02
1.254980180773168988e-02
1.254585673141998120e-02
1.254194695869188109e-02
1.253814904223509753e-02
1.253443288877734325e-02
1.253086843315639499e-02
1.252731962298011224e-02
1.252381657764005916e-02
1.252049557299326349e-02
1.251723640524216204e-02
1.251404696434203073e-02
1.251095941859630724e-02
1.250787281701394409e-02
1.250472348370893459e-02
1.250154246288858947e-02
1.249837040871800732e-02
1.249522384986024269e-02
1.249214872237787259e-02
1.248908203045337797e-02
1.248593287514637891e-02
1.248280415285009208e-02
1.247973106557317621e-02
1.247656712192062381e-02
1.247335735442163182e-02
1.247026596817536401e-02
1.246735491229364855e-02
1.246445626113195856e-02
1.246167361630388763e-02
1.245894545434502246e-02
1.245630384391861398e-02
1.245365275606554259e-02
1.245112791233381894e-02
1.244869188767441792e-02
1.244624945024974845e-02
1.244375356505299755e-02
1.244138965087009628e-02
1.243894923817279174e-02
1.243659682614391832e-02
1.243417339097421630e-02
1.243173444482573685e-02
1.242925518793223071e-02
1.242672317107417282e-02
1.242398013080336927e-02
1.242134507244501904e-02
1.241860125633506388e-02
1.241575870163323658e-02
1.241288691849727968e-02
1.240999449339642499e-02
1.240707444668043280e-02
1.240406238660173889e-02
1.240094822047968851e-02
1.239786044643217088e-02
1.239472987160224714e-02
1.239137764668489343e-02
1.238796581371649601e-02
1.238447666963408619e-02
1.238076656423915678e-02
1.237711267622665194e-02
1.237353564465933087e-02
1.236991954446353160e-02
1.236612373979835942e-02
1.236235649800953955e-02
1.235854139120144517e-02
1.235459119164266165e-02
1.235059686018591570e-02
1.234642233863478961e-02
1.234204236384778101e-02
1.233752878704341693e-02
1.233294504806686093e-02
1.232819559681234099e-02
1.232329373959849782e-02
1.231824008684241981e-02
1.231314749218471137e-02
1.230806070664684435e-02
1.230297398785823275e-02
1.229779832327045248e-02
1.229257224848532941e-02
1.228734489772534064e-02
1.228205933290959367e-02
1.227688020800180024e-02
1.227172851703732699e-02
1.226659587863160837e-02
1.226148263426995663e-02
1.225635606037252939e-02
1.225124102732435064e-02
1.224607565759974759e-02
1.224087479661972039e-02
1.223572413301332769e-02
1.223059419263179508e-02
1.222548996425631106e-02
1.222037228638987207e-02
1.221512492439706318e-02
1.220997820480092949e-02
1.220478624952569570e-02
1.219957865364269464e-02
1.219444306279172073e-02
1.218944720908516841e-02
1.218457615713565423e-02
1.217979360599028178e-02
1.217510511034782840e-02
1.217049306678551039e-02
1.216590874931542353e-02
1.216134926160037689e-02
1.215680720221224038e-02
1.215227787355135404e-02
1.214771868378949904e-02
1.214306327352718783e-02
1.213831883427098773e-02
1.213369170247516511e-02
1.212913965391608853e-02
1.212470321409724917e-02
1.212023543211790920e-02
1.211582411710515964e-02
1.211142356903726659e-02
1.210704149309983421e-02
1.210264677253201394e-02
1.209831065103738473e-02
1.209404833680463413e-02
1.208974741635128122e-02
1.208555811322626489e-02
1.208130410008549996e-02
1.207700594247082711e-02
1.207272378726422304e-02
1.206844346717840868e-02
1.206403066433446754e-02
1.205966517800505927e-02
1.205524837117326852e-02
1.205080818082026814e-02
1.204636262344030949e-02
1.204192927923903797e-02
1.203751683335849663e-02
1.203306950857438266e-02
1.202865957207883280e-02
1.202435991889392285e-02
1.201992525131614052e-02
1.201548967536807989e-02
1.201100899240252311e-02
1.200647212010857480e-02
1.200204008670786859e-02
1.199765670577415330e-02
1.199331978909276217e-02
1.198900930414850338e-02
1.198469068063218006e-02
1.198037311059321243e-02
1.197613676375495866e-02
1.197186870521685723e-02
1.196758515891710797e-02
1.196331944917883652e-02
1.195909837147424160e-02
1.195478500567088292e-02
1.195036059039153616e-02
1.194586648308691712e-02
1.194125972432421787e-02
1.193661580944427314e-02
1.193197443490549327e-02
1.192730999124416713e-02
1.192253015940535239e-02
1.191770938608943328e-02
1.191284760551453679e-02
1.190805822079338272e-02
1.190333517322196034e-02
1.189864359260312324e-02
1.189391577391112238e-02
1.188913204546369548e-02
1.188439829285976856e-02
1.187965843415018929e-02
1.187493739582804429e-02
1.187034064848603923e-02
1.186573037232787828e-02
1.186115381034717926e-02
1.185657365745010176e-02
1.185201849199108391e-02
1.184753641503024160e-02
1.184307553047379662e-02
1.183858052060317995e-02
1.183415907034503570e-02
1.182979640489713671e-02
1.182542524488115580e-02
1.182108145979828343e-02
1.181676873440080933e-02
1.181246049281190792e-02
1.180810163303885711e-02
1.180377714622938418e-02
1.179945037543457358e-02
1.179496230555159356e-02
1.179043430123459871e-02
1.178600974665246215e-02
1.178164875283805105e-02
1.177731426524906977e-02
1.177307576502184538e-02
1.176897758526948209e-02
1.176497020384992438e-02
1.176109181681444724e-02
1.175727748487812550e-02
1.175349344742923456e-02
1.174964309604774326e-02
1.174587020378948035e-02
1.174207571766391553e-02
1.173836889846051161e-02
1.173464543741053329e-02
1.173094632629487558e-02
1.172731642835114600e-02
1.172371382698270820e-02
1.172006327256337223e-02
1.171644203654455263e-02
1.171294480129172338e-02
1.170954207330849976e-02
1.170619586356303442e-02
1.170288824552746278e-02
1.169959776657203583e-02
1.169634496998884186e-02
1.169303603631580320e-02
1.168974390410711800e-02
1.168652187119089206e-02
1.168340151093156219e-02
1.168034796183840644e-02
1.167725684162177271e-02
1.167419535323693455e-02
1.167107145720191336e-02
1.166801355392917128e-02
1.166496239039630303e-02
1.166188842764004363e-02
1.165885939970755236e-02
1.165582339792910725e-02
1.165277025029885435e-02
1.164974479393513299e-02
1.164666972159345004e-02
1.164359187286976259e-02
1.164057234993427607e-02
1.163756245533681052e-02
1.163461970274964376e-02
1.163168198682900008e-02
1.162887618678151540e-02
1.162607516607734419e-02
1.162332071410258905e-02
1.162051732476728806e-02
1.161768841932048733e-02
1.161487432108315905e-02
1.161199322449153401e-02
1.160903692567536415e-02
1.160612798835692142e-02
1.160324804246438794e-02
1.160040139090618566e-02
1.159746476377228330e-02
1.159451908292437328e-02
1.159157718550156077e-02
1.158864365833843849e-02
1.158577229891513682e-02
1.158278355802684970e-02
1.157967899799306616e-02
1.157650108101302214e-02
1.157326406385669401e-02
1.157007054641517700e-02
1.156687592664359075e-02
1.156364317853736563e-02
1.156038597456865782e-02
1.155706511744738867e-02
1.155381972422708618e-02
1.155059595534657126e-02
1.154737332023599017e-02
1.154407372371944220e-02
1.154066372442076431e-02
1.153721642486514772e-02
1.153368301925579084e-02
1.153013690758738531e-02
1.152655081988760571e-02
1.152302471074559582e-02
1.151949904998444268e-02
1.151596365447341702e-02
1.151231185116586946e-02
1.150854379387529491e-02
1.150464062013320868e-02
1.150067285342841472e-02
1.149657191954379411e-02
1.149242962192048405e-02
1.148826053608033131e-02
1.148403831444830617e-02
1.147979460632821309e-02
1.147557409067168077e-02
1.147122868329172700e-02
1.146680194871765521e-02
1.146234202283527570e-02
1.145790530537823572e-02
1.145342622342739036e-02
1.144889113788520769e-02
