1.139391321211968150e-02
1.139013843455744662e-02
1.138686862853526514e-02
1.138486294572328174e-02
1.138576624974209188e-02
1.138634363837972598e-02
1.138506492842828073e-02
1.138235398443759525e-02
1.137927815265405047e-02
1.137077059851526392e-02
1.136214446247406015e-02
1.135330098415091200e-02
1.134468836186178567e-02
1.133633822911828300e-02
1.132863211706734013e-02
1.132113528430110129e-02
1.131295009780971909e-02
1.130377852726135307e-02
1.129484528737102235e-02
1.128815747718656115e-02
1.128050526259460201e-02
1.127265570906886907e-02
1.126585996216251072e-02
1.125850029166238810e-02
1.125129137513056383e-02
1.124714741320799807e-02
1.124255314486656207e-02
1.123897804627093169e-02
1.123686019287426126e-02
1.123492385768710966e-02
1.123286484190942798e-02
1.123018873709215153e-02
1.122607126852502579e-02
1.122154771033318475e-02
1.121658935600313746e-02
1.121152185983534909e-02
1.120724716434300973e-02
1.120626808818783043e-02
1.120597612673912558e-02
1.120579304851758613e-02
1.120447455073323231e-02
1.120257539018409791e-02
1.120050438798166591e-02
1.120011080061839373e-02
1.119908851263146099e-02
1.119715100751839630e-02
1.119521726619753660e-02
1.119302556012122946e-02
1.119072351085237046e-02
1.119074185247930994e-02
1.119199129804173722e-02
1.119369401512504414e-02
1.119534410247547199e-02
1.119755657876743242e-02
1.119969550402348003e-02
1.120141098145730971e-02
1.120363267186605741e-02
1.120628035530721323e-02
1.120887674015391515e-02
1.121067199434065166e-02
1.121246068206796682e-02
1.121297540963871360e-02
1.121303683721963131e-02
1.121344894011509254e-02
1.121425642131509796e-02
1.121423339539207031e-02
1.121402170035937750e-02
1.121523019870687699e-02
1.121691111774240392e-02
1.121831215009240663e-02
1.121876666127354961e-02
1.121935262678437108e-02
1.122006807211405749e-02
1.122098908352838105e-02
1.122273852342462949e-02
1.122530369183982225e-02
1.122824552522702114e-02
1.123154900861411849e-02
1.123588122039857057e-02
1.124095482501441014e-02
1.124576002060745893e-02
1.124779975816574823e-02
1.124912641481124777e-02
1.124987836686105504e-02
1.125079128911849434e-02
1.125105815600124098e-02
1.125147366418457855e-02
1.125183910111743173e-02
1.125214591368302666e-02
1.125087679246695310e-02
1.124883512409216232e-02
1.124870269332895953e-02
1.125209905227462191e-02
1.125533099647955948e-02
1.125675302873481096e-02
1.125828084634475021e-02
1.125968281114630813e-02
1.126145254691879836e-02
1.126272380419135119e-02
1.126409244394457887e-02
1.126512010473551192e-02
1.126634580575088494e-02
1.126750461449444428e-02
1.126901499837615339e-02
1.127047618646159419e-02
1.127178877815228179e-02
1.127339566033421121e-02
1.127541129332848384e-02
1.127773529521541689e-02
1.128039265373660671e-02
1.128363942984822975e-02
1.128779146148216339e-02
1.129228358464935342e-02
1.129785352882942129e-02
1.130410910598548396e-02
1.131084274037031517e-02
1.131818124724475252e-02
1.132569660913899587e-02
1.133394420271361704e-02
1.134240081622146269e-02
1.135122065773893664e-02
1.136069448849904781e-02
1.137055758554981859e-02
1.138239861549425642e-02
1.139419223037466816e-02
1.140478220883741137e-02
1.141586412999589378e-02
1.142565660124747647e-02
1.143545201001513849e-02
1.144521402283898807e-02
1.145495977488431363e-02
1.146466434624500777e-02
1.147473319843960587e-02
1.148482710048927616e-02
1.149513215701283668e-02
1.150641742815189904e-02
1.151771968376194728e-02
1.152918760219591790e-02
1.154064727032359967e-02
1.155291044040640536e-02
1.156777988034155338e-02
1.158366778307733623e-02
1.159906397666658068e-02
1.161472318515690064e-02
1.163038185621396645e-02
1.164620237206429564e-02
1.166219967575569949e-02
1.167843971025865971e-02
1.169510167588993198e-02
1.171179071932960079e-02
1.172748254561927980e-02
1.174267594508206572e-02
1.175772278755798060e-02
1.177126857656414678e-02
1.178517676157030125e-02
1.179980776116901740e-02
1.181511917368919043e-02
1.183033374813168004e-02
1.184460291285916768e-02
1.185907735299095676e-02
1.187432128781136693e-02
1.188946414885213090e-02
1.190436228567047505e-02
1.191923376945159749e-02
1.193347782317232507e-02
1.194749228686752852e-02
1.196207479419509820e-02
1.197711595526210378e-02
1.199161519831283898e-02
1.200589174272356785e-02
1.201986890879150512e-02
1.203462655737353761e-02
1.205028695042808552e-02
1.206491831428494789e-02
1.207790917002903378e-02
1.208856746427836026e-02
1.209892675484017244e-02
1.210882407682525169e-02
1.211860636713896558e-02
1.212884759313471658e-02
1.214119777632341121e-02
1.215451369454729688e-02
1.216816699232311019e-02
1.218169928185839496e-02
1.219540104256463912e-02
1.220785966005396087e-02
1.222018956444513929e-02
1.223265539364091874e-02
1.224534383785399159e-02
1.225730251937098836e-02
1.226960145348062609e-02
1.228170859854656877e-02
1.229285589038500888e-02
1.230304093759190635e-02
1.231401939935280673e-02
1.232443115133193511e-02
1.233485894159256496e-02
1.234469680005733511e-02
1.235415928862242628e-02
1.236390278496306630e-02
1.237306282804222050e-02
1.238198718135936731e-02
1.239068726697781231e-02
1.239931051652900899e-02
1.240706117067591312e-02
1.241485033809783430e-02
1.242216356352630023e-02
1.242807828301127800e-02
1.243423490377821086e-02
1.244108228616551404e-02
1.244752233382075655e-02
1.245411323124631826e-02
1.245945199352772696e-02
1.246480353000570251e-02
1.246958346450308466e-02
1.247525356844556878e-02
1.248207302117208123e-02
1.248901410292895670e-02
1.249695093194563671e-02
1.250501571406952180e-02
1.251323459972148930e-02
1.252201370700107598e-02
1.253042391325057126e-02
1.253892111602475032e-02
1.254752423840834255e-02
1.255674221899302431e-02
1.256551513665008987e-02
1.257452928290657239e-02
1.258359073182257343e-02
1.259291688280726046e-02
1.260218005353981249e-02
1.261145769850172474e-02
1.262116488704361460e-02
1.263262687909794471e-02
1.264345477177630794e-02
1.265428544458946716e-02
1.266436310199076619e-02
1.267464041089846720e-02
1.268473516543845540e-02
1.269461249027020212e-02
1.270431766979085615e-02
1.271377665880215994e-02
1.272139577990440487e-02
1.272631439100676588e-02
1.273085067508273813e-02
1.273535706303921718e-02
1.274018766660421631e-02
1.274608682710252905e-02
1.275276905390037609e-02
1.275975128164678722e-02
1.276651950087306052e-02
1.277154238399754761e-02
1.277508066245165719e-02
1.277818268273062108e-02
1.278143241428069017e-02
1.278420502139134343e-02
1.278750893641491387e-02
1.279124007476967889e-02
1.279504794549532823e-02
1.279896532329112026e-02
1.280325536020847366e-02
1.280712650717327414e-02
1.281102516687237548e-02
1.281548382677931246e-02
1.281989371592704048e-02
1.282412520818594116e-02
1.282693866989081423e-02
1.282970876116770742e-02
1.283261411586662792e-02
1.283598649529317515e-02
1.284016595314870987e-02
1.284479391027928442e-02
1.285009472410354910e-02
1.285512866992600568e-02
1.286042002388246806e-02
1.286608698354085520e-02
1.287200701638058740e-02
1.287740668124580726e-02
1.288320964073441308e-02
1.288862883243019515e-02
1.289342720092181462e-02
1.289860955158243089e-02
1.290455962826304523e-02
1.291275955899241074e-02
1.292123436148144393e-02
1.292907620873135280e-02
1.293694622635227151e-02
1.294527665579529169e-02
1.295415756773246954e-02
1.296291409408967601e-02
1.297133705771017290e-02
1.297969173616066001e-02
1.298810070301528730e-02
1.299629164119416903e-02
1.300466952457463368e-02
1.301299625928273307e-02
1.302175759566997527e-02
1.303055227883125750e-02
1.303999403417702499e-02
1.305048822205840189e-02
1.306071979242207949e-02
1.307072445332953595e-02
1.308150917500394868e-02
1.309345381456891895e-02
1.310531438582226635e-02
1.311686529890455921e-02
1.312798649846176093e-02
1.313904598594912120e-02
1.315038472630457138e-02
1.316202520090505555e-02
1.317378781504292135e-02
1.318562021700420313e-02
1.319707673410357163e-02
1.320822262092687278e-02
1.321648202481613861e-02
1.322272092836259197e-02
1.322891250734672085e-02
1.323511694400140992e-02
1.324183159125029083e-02
1.324833991980623078e-02
1.325504660478793104e-02
1.326175058744379770e-02
1.327081995948498766e-02
1.328112671361315889e-02
1.329187324808608732e-02
1.330288890908652537e-02
1.331396741512356867e-02
1.332491155876270629e-02
1.333560548578983408e-02
1.334596272322491513e-02
1.335684427314784949e-02
1.336814676755752017e-02
1.337959191945712126e-02
1.338776207508228858e-02
1.339477055329865718e-02
1.340214046482284503e-02
1.341015918289763416e-02
1.341832259051157182e-02
1.342649098951069486e-02
1.343447055645144265e-02
1.344299645436992929e-02
1.345112461250637728e-02
1.345583272554437895e-02
1.346127439567647473e-02
1.346626859776956300e-02
1.347138454864004083e-02
1.347589095435720342e-02
1.348013522031147812e-02
1.348385951884834878e-02
1.348636205656862305e-02
1.348905701492657608e-02
1.349230056624593083e-02
1.349642189828792645e-02
1.350007641659657642e-02
1.350415643949852765e-02
1.350931137829652386e-02
1.351274855674260839e-02
1.351616881753760040e-02
1.351785409565864349e-02
1.351934668913938771e-02
1.352115418177891708e-02
1.352222995841160895e-02
1.352398898358110613e-02
1.352577714073557348e-02
1.352794598388379170e-02
1.353073738369358833e-02
1.353330554704340952e-02
1.353434971688183622e-02
1.353481521960398469e-02
1.353483838648070203e-02
1.353532707563368485e-02
1.353575179138405069e-02
1.353686782086720684e-02
1.353820155410196888e-02
1.353923158566167247e-02
1.354009812715111297e-02
1.354015283607105762e-02
1.353828321467001779e-02
1.353685998130186446e-02
1.353551951439186003e-02
1.353327494218824374e-02
1.352978104730553563e-02
1.352633938987109728e-02
1.352346006103222371e-02
1.352044913169307347e-02
1.351741301454987589e-02
1.351399915482395971e-02
1.351130657727478597e-02
1.350859236604989161e-02
1.350596996859088593e-02
1.350299121370396836e-02
1.349986664226601740e-02
1.349554990392929331e-02
1.349103372505819180e-02
1.348620896928040200e-02
1.348174216201579109e-02
1.347768816723451599e-02
1.347767320570565815e-02
1.347796657490612886e-02
1.347860086116920569e-02
1.347944586251918417e-02
1.347975051069681685e-02
1.347730263551544586e-02
1.347447701697669468e-02
1.347249101100175123e-02
1.347123555612577891e-02
1.346909589319351258e-02
1.346653890868347234e-02
1.346244972038492492e-02
1.345751699268894763e-02
1.345265060978247107e-02
1.344736269360877028e-02
1.344267497788544270e-02
1.343794527855270496e-02
1.343297499679341200e-02
1.342795689787393450e-02
1.342289971160893700e-02
1.341690924970047154e-02
1.341097284231159391e-02
1.340446529963717180e-02
1.339848968430819472e-02
1.339279942347458389e-02
1.338688484690305977e-02
1.338122554406820722e-02
1.337557067370540205e-02
1.336984237166674756e-02
1.336394744913494033e-02
1.335806782929953827e-02
1.335254589393482239e-02
1.334754939160692419e-02
1.334146309603893507e-02
1.333411292759563958e-02
1.332561991844569659e-02
1.331730763089004725e-02
1.330901795434916504e-02
1.330114305832728189e-02
1.329297410580217512e-02
1.328586277968262300e-02
1.327906178739422446e-02
1.327141883975787966e-02
1.326387188258874514e-02
1.325663189007179193e-02
1.324977306111041128e-02
1.324323897775435584e-02
1.323759978630575929e-02
1.323312538581460779e-02
1.322882388632363841e-02
1.322457101283533269e-02
1.322020801595620576e-02
1.321573124077357261e-02
1.321126510159001052e-02
1.320682072157738571e-02
1.320240415490469069e-02
1.319767352603411908e-02
1.319331959330003606e-02
1.318922944123085937e-02
1.318505150970760223e-02
1.318057447517202198e-02
1.317642555319851333e-02
1.317242802159472766e-02
1.316887228038892202e-02
1.316548151913259426e-02
1.316196125664135901e-02
1.315852758045707102e-02
1.315465122440283297e-02
1.315036785861772514e-02
1.314587656412402605e-02
1.314189801423332367e-02
1.313821612458654711e-02
1.313501932837224037e-02
1.313236179357974917e-02
1.312933378739473099e-02
1.312586592408112457e-02
1.312252053223229332e-02
1.311993578588121351e-02
1.311906328315657830e-02
1.311865291573431104e-02
1.311846172429959045e-02
1.311864296145197339e-02
1.311854570318527792e-02
1.311788158268772063e-02
1.311656628709057144e-02
1.311436703315292662e-02
1.311184338048117411e-02
1.310950311854634960e-02
1.310661742354874912e-02
1.310499099153860335e-02
1.310342078325078992e-02
1.310166982318848421e-02
1.309975744255544722e-02
1.309646183939638595e-02
1.309316070356686575e-02
1.309103896414847909e-02
1.309014305988253322e-02
1.309027978643389871e-02
1.309021140720711095e-02
1.309048234846826170e-02
1.309206863598132153e-02
1.309421647612564986e-02
1.309616546348728316e-02
