1.274657193168943388e-02
1.274479844285658636e-02
1.274253693985292167e-02
1.274011308613397925e-02
1.273734254612634599e-02
1.273391263815015773e-02
1.273050348491004680e-02
1.272683308312641016e-02
1.272313987698910250e-02
1.271963797884576204e-02
1.271605862720222649e-02
1.271247879705124373e-02
1.270894197745834654e-02
1.270542650835809056e-02
1.270205065178965122e-02
1.269866591171690297e-02
1.269507246385691984e-02
1.269154606962854918e-02
1.268770717415982838e-02
1.268388649020825432e-02
1.268053310736457981e-02
1.267723220905830547e-02
1.267374772082451723e-02
1.266991418488393022e-02
1.266592918861036282e-02
1.266202776564507616e-02
1.265868944023097568e-02
1.265540906217552802e-02
1.265195572670967106e-02
1.264855443301329124e-02
1.264477164895378043e-02
1.264034473229431327e-02
1.263606845548637982e-02
1.263139322215050576e-02
1.262663810289400140e-02
1.262203678665891476e-02
1.261768744382729159e-02
1.261380252134527806e-02
1.260995312820425290e-02
1.260551461195105576e-02
1.260123561120799797e-02
1.259724567051421530e-02
1.259339385098251496e-02
1.258973403171131066e-02
1.258645978649249562e-02
1.258321551152765880e-02
1.258008801624962807e-02
1.257750625929596189e-02
1.257486998162112533e-02
1.257226240960257306e-02
1.256959108868790226e-02
1.256701640935477954e-02
1.256444689863677952e-02
1.256181267048860940e-02
1.255935295349652585e-02
1.255731997010536144e-02
1.255497846476068269e-02
1.255264969498982863e-02
1.254986770519466235e-02
1.254707007270633619e-02
1.254408702584982119e-02
1.254068729777678935e-02
1.253727717885253813e-02
1.253405795067105526e-02
1.252983926309133439e-02
1.252447531738894344e-02
1.251901769110510751e-02
1.251362597217984922e-02
1.250796609919722392e-02
1.250263597487268237e-02
1.249798139909525860e-02
1.249329377658641056e-02
1.248860329674467660e-02
1.248354590351610088e-02
1.247849538640855190e-02
1.247356769602049262e-02
1.246894783444132265e-02
1.246408242545968964e-02
1.245978232605811885e-02
1.245576381670652176e-02
1.245146143429842582e-02
1.244731421270186232e-02
1.244320593953162496e-02
1.243908150564388727e-02
1.243474857129295980e-02
1.243058365546058711e-02
1.242650848480421344e-02
1.242244941264006829e-02
1.241849580935847769e-02
1.241460770152038283e-02
1.241069715586071501e-02
1.240698806484737474e-02
1.240343051930330349e-02
1.239995022001072478e-02
1.239646050994611289e-02
1.239295364798652030e-02
1.238937748299542667e-02
1.238586374607867496e-02
1.238246850116597048e-02
1.237914379510275317e-02
1.237580126197750444e-02
1.237285930463491446e-02
1.236983294712990476e-02
1.236717232569880739e-02
1.236466253034301972e-02
1.236221745138862786e-02
1.235965759183296937e-02
1.235691323971187250e-02
1.235408929544242265e-02
1.235146906615122026e-02
1.234895500950747467e-02
1.234672639851118470e-02
1.234470821255541188e-02
1.234267567322073871e-02
1.234000870971689763e-02
1.233759477070712866e-02
1.233517540537941611e-02
1.233282902983696798e-02
1.233056091764029617e-02
1.232858592728693081e-02
1.232662682312414375e-02
1.232444369027955143e-02
1.232241292679674138e-02
1.232085770512652070e-02
1.231981225706542046e-02
1.231913278620635176e-02
1.231849705185646821e-02
1.231771104410141551e-02
1.231713812244205827e-02
1.231676199258647901e-02
1.231668265889953803e-02
1.231679786709690208e-02
1.231691311228858172e-02
1.231726761177549118e-02
1.231790662199283050e-02
1.231856660790415017e-02
1.231911278017911414e-02
1.231990806353146228e-02
1.232102456578533858e-02
1.232189150870710917e-02
1.232274805813817972e-02
1.232365001896491147e-02
1.232478177202159936e-02
1.232558524317208665e-02
1.232594213290746921e-02
1.232614311413047191e-02
1.232621769383998415e-02
1.232620272186624177e-02
1.232623988643912448e-02
1.232637435803400801e-02
1.232669964797295133e-02
1.232702641053506736e-02
1.232763424044656941e-02
1.232832369478293298e-02
1.232882107845529457e-02
1.232940926995498669e-02
1.233035731854986196e-02
1.233151516614998389e-02
1.233270471181009686e-02
1.233390578373517836e-02
1.233508628216515787e-02
1.233587330273313264e-02
1.233627904641388696e-02
1.233652614350408579e-02
1.233684936541920400e-02
1.233774918057561377e-02
1.233832228986681510e-02
1.233824119799383813e-02
1.233822595400795724e-02
1.233807377419008505e-02
1.233787358223457920e-02
1.233771416782491678e-02
1.233763418827541619e-02
1.233765106134132941e-02
1.233747481809266758e-02
1.233736796154916680e-02
1.233738671708539333e-02
1.233756598705102771e-02
1.233775388824779468e-02
1.233785718668630599e-02
1.233780303631876359e-02
1.233759522503058079e-02
1.233743945418693498e-02
1.233739321810899472e-02
1.233757963022219691e-02
1.233791350749789337e-02
1.233821892824700159e-02
1.233849033816787448e-02
1.233878753071606001e-02
1.234017791278097832e-02
1.234191437010357523e-02
1.234389707954956956e-02
1.234597900193146539e-02
1.234770412818607041e-02
1.234916224293612988e-02
1.235074917571827094e-02
1.235221709454397548e-02
1.235342381387999344e-02
1.235477528623791892e-02
1.235617751579485245e-02
1.235739475614804593e-02
1.235852165688062013e-02
1.235954143770341858e-02
1.236041325556155868e-02
1.236139976510990633e-02
1.236237299095544785e-02
1.236329828014838539e-02
1.236372563516028623e-02
1.236425620747260389e-02
1.236487514216327334e-02
1.236549582065791901e-02
1.236616065656561889e-02
1.236674916912609314e-02
1.236733875576872914e-02
1.236795294221816784e-02
1.236819413218901743e-02
1.236823140849304878e-02
1.236841444772224068e-02
1.236851738403212109e-02
1.236859338448963175e-02
1.236898287128844996e-02
1.236963437494350074e-02
1.237023182932109333e-02
1.237089372929337829e-02
1.237173076617644439e-02
1.237257195872661954e-02
1.237318578204983123e-02
1.237362821045809476e-02
1.237437607723972446e-02
1.237485178091283708e-02
1.237507078160987942e-02
1.237528559006116462e-02
1.237562227391686941e-02
1.237586302793672495e-02
1.237601746133193403e-02
1.237595291996768793e-02
1.237606417426244908e-02
1.237605432263455887e-02
1.237566460971318248e-02
1.237525120247283915e-02
1.237486222711004814e-02
1.237433921294430091e-02
1.237359452118944048e-02
1.237194286082447456e-02
1.237029908149579402e-02
1.237024652529230065e-02
1.237030186047555214e-02
1.237037100409896055e-02
1.237049765334966543e-02
1.237052300833931494e-02
1.237060571466086500e-02
1.237068818355372725e-02
1.237066518422910016e-02
1.237102277843601765e-02
1.237153688004756502e-02
1.237188357414948682e-02
1.237156973166514753e-02
1.237112398158298279e-02
1.237071896049682027e-02
1.237052180057881742e-02
1.237046930988435801e-02
1.237037084248783676e-02
1.237023962655901810e-02
1.237030836216422049e-02
1.237060568739314394e-02
1.237090656839932509e-02
1.237123685730951231e-02
1.237180834516894527e-02
1.237229202830816312e-02
1.237280383976372376e-02
1.237333337024959859e-02
1.237387911106276744e-02
1.237463141084417517e-02
1.237529765070694704e-02
1.237610663475870350e-02
1.237678967951808678e-02
1.237761946651283820e-02
1.237873316401563555e-02
1.237981426295859874e-02
1.238050232763881695e-02
1.238142169109054599e-02
1.238243303820692025e-02
1.238320972530643216e-02
1.238372998975534149e-02
1.238391696883761085e-02
1.238400924413384993e-02
1.238412489684493842e-02
1.238431737436328228e-02
1.238471869701545346e-02
1.238527888439994520e-02
1.238561009775236352e-02
1.238578255378067726e-02
1.238587892721578626e-02
1.238635350360143064e-02
1.238670971945832894e-02
1.238713865832575221e-02
1.238763070367676113e-02
1.238833405656977402e-02
1.238915203497889007e-02
1.239007735443234566e-02
1.239113372487816479e-02
1.239227288511136199e-02
1.239363454927861451e-02
1.239496085353053445e-02
1.239622411847056925e-02
1.239698217140846465e-02
1.239760263608427789e-02
1.239800041393278839e-02
1.239865789387408802e-02
1.239956178422457755e-02
1.240051129014610107e-02
1.240145805300144934e-02
1.240232722090270530e-02
1.240316123306399801e-02
1.240376153791598011e-02
1.240411556537204460e-02
1.240458700863010001e-02
1.240500222983892051e-02
1.240530543924240475e-02
1.240570161328340311e-02
1.240614583138522319e-02
1.240667910852239972e-02
1.240759322859100004e-02
1.240914613890624525e-02
1.241079913106658307e-02
1.241289950471684972e-02
1.241520990765158580e-02
1.241768870472188639e-02
1.242025271009335533e-02
1.242280708364136566e-02
1.242543723385205849e-02
1.242806079757812279e-02
1.243020132760226139e-02
1.243177992011980024e-02
1.243280897928329340e-02
1.243371747521827830e-02
1.243455473689377214e-02
1.243518035649888998e-02
1.243589970889316144e-02
1.243654964365668338e-02
1.243717850645787229e-02
1.243788986375697798e-02
1.243872250621411678e-02
1.243947129810304454e-02
1.244014831935646818e-02
1.244126768023179688e-02
1.244234401231167353e-02
1.244334193905410543e-02
1.244438745927490576e-02
1.244515504161604336e-02
1.244603148534320289e-02
1.244720558250953131e-02
1.244859806984198979e-02
1.245013975516732520e-02
1.245147248728554860e-02
1.245268411348112239e-02
1.245379633486914939e-02
1.245509123169507432e-02
1.245659380114284495e-02
1.245823648377710965e-02
1.245985334121981272e-02
1.246147135887076818e-02
1.246325814375951087e-02
1.246497698014907909e-02
1.246680567319646826e-02
1.246882440163855216e-02
1.247080922699314760e-02
1.247265422081685407e-02
1.247438666679174211e-02
1.247604705648512613e-02
1.247766054470168286e-02
1.247920544795056742e-02
1.248072551296636017e-02
1.248245349335322038e-02
1.248429971455687973e-02
1.248617374950049784e-02
1.248769521348336298e-02
1.248937881731780608e-02
1.249127204474624261e-02
1.249342413827906478e-02
1.249577106333258844e-02
1.249805009774771110e-02
1.250069439092693808e-02
1.250335520269171136e-02
1.250595651163493270e-02
1.250842265681546134e-02
1.251094101602284736e-02
1.251325459697715317e-02
1.251526340063404720e-02
1.251708711998271439e-02
1.251863029671934635e-02
1.251993387299371249e-02
1.252121475121851027e-02
1.252277300168403752e-02
1.252454805147697713e-02
1.252677644009170428e-02
1.252894957998180667e-02
1.253098227847517301e-02
1.253310807328919009e-02
1.253523920526069396e-02
1.253744040762556911e-02
1.253962908579341409e-02
1.254174567226497110e-02
1.254412782355549157e-02
1.254653121756413130e-02
1.254883262813670693e-02
1.255186916165572028e-02
1.255521270659629152e-02
1.255844932333246254e-02
1.256171067820924074e-02
1.256493252215904258e-02
1.256812994586995434e-02
1.257136951001393624e-02
1.257455396958642550e-02
1.257764612526482070e-02
1.258103001595690940e-02
1.258439028964399541e-02
1.258764420276081535e-02
1.259062560527194653e-02
1.259360146395622528e-02
1.259683313442766170e-02
1.260030222726905673e-02
1.260381762385889316e-02
1.260786474881263677e-02
1.261194958901420277e-02
1.261583764339758822e-02
1.261976444521177923e-02
1.262370178217580262e-02
1.262802472078727520e-02
1.263232707842164987e-02
1.263619559016278086e-02
1.263981524172281060e-02
1.264334808516455813e-02
1.264684781927550954e-02
1.265002233311321965e-02
1.265321965989071179e-02
1.265631548390884487e-02
1.265820123881800444e-02
1.266026625654333507e-02
1.266229544332008947e-02
1.266439197454950066e-02
1.266642767631625047e-02
1.266817840928811945e-02
1.266975577475823629e-02
1.267107166922533043e-02
1.267254815992499388e-02
1.267399458031456469e-02
1.267525027596816574e-02
1.267636730528712632e-02
1.267753077585699779e-02
1.267851719296112303e-02
1.267952860758173039e-02
1.268052055720658017e-02
1.268139418687173371e-02
1.268240374379575076e-02
1.268329527172660023e-02
1.268407849077530201e-02
1.268472438193539789e-02
1.268521272137042126e-02
1.268578780092069307e-02
1.268624727830492196e-02
1.268676994630363146e-02
1.268726744386860540e-02
1.268821429451271257e-02
1.268868086599346350e-02
1.268937789543558847e-02
1.268994227290437191e-02
1.269017807567149499e-02
1.268988023085948318e-02
1.268936476818964369e-02
1.268871049187296658e-02
1.268790695720864101e-02
1.268737032946717740e-02
1.268653380119360435e-02
1.268536600968763611e-02
1.268396874767756081e-02
1.268202626310727457e-02
1.268008329952294636e-02
1.267807134012620580e-02
1.267586391872586177e-02
1.267373221064063173e-02
1.267177110687272082e-02
1.266991969998043817e-02
1.266842121553647324e-02
1.266676571374825144e-02
1.266532935631140520e-02
1.266367316701083948e-02
1.266150183360722006e-02
1.265928421856861441e-02
1.265728219459812467e-02
1.265543935259660392e-02
1.265358340912045923e-02
1.265174486727171400e-02
1.264973145021579259e-02
1.264765758893689716e-02
1.264583026359846277e-02
1.264409573330562385e-02
1.264239408389328766e-02
1.264035884617658624e-02
1.263831093379159248e-02
