1.483881929232995847e-02
1.480411620507780628e-02
1.477127836549942640e-02
1.473774610669622252e-02
1.470369461718756994e-02
1.466900354485478619e-02
1.463429030530373140e-02
1.459950877626817536e-02
1.456470233310285661e-02
1.453101202927597167e-02
1.449695673203655645e-02
1.446307147815056697e-02
1.442927678270481372e-02
1.439594300974998860e-02
1.436285705055639905e-02
1.432671351618947965e-02
1.429060705403738078e-02
1.425590063227115227e-02
1.422135806877055340e-02
1.418798546675074240e-02
1.416015186006207988e-02
1.413343943641530605e-02
1.410654623006354393e-02
1.407928898525656787e-02
1.405163353580476948e-02
1.402492757092872917e-02
1.399905730048444860e-02
1.397311761933550667e-02
1.394759441322987459e-02
1.392438107372307408e-02
1.390135119729095196e-02
1.387899058407536350e-02
1.385745423650826952e-02
1.383287155218290362e-02
1.380593120105758770e-02
1.378017397532416491e-02
1.375778203109458316e-02
1.373749724578572119e-02
1.371909874736624256e-02
1.370075534858168631e-02
1.368182108675246311e-02
1.366286834005117981e-02
1.364484041538988578e-02
1.362633848690804339e-02
1.360743702276207175e-02
1.358858193577591571e-02
1.356933610810013603e-02
1.354930115993649431e-02
1.352886971292615280e-02
1.350880131522625566e-02
1.348851076763582860e-02
1.346889222705714359e-02
1.345006055499383714e-02
1.343228243292368673e-02
1.341508657185825834e-02
1.339749016426160406e-02
1.338001919409862080e-02
1.336236520025681045e-02
1.334450496468906483e-02
1.332731347906777192e-02
1.331085246824474135e-02
1.329488844767624453e-02
1.327881391153521752e-02
1.325880667894777619e-02
1.323686522013697853e-02
1.321218249947269698e-02
1.318778293680574962e-02
1.316497860536243632e-02
1.314172500146752742e-02
1.311835192406233218e-02
1.309450536756359001e-02
1.307105166624390052e-02
1.304778900505681148e-02
1.302421481120241177e-02
1.300084164993255131e-02
1.297831102773430029e-02
1.295656236535634026e-02
1.294038382025762025e-02
1.292409043702738396e-02
1.290773787137369268e-02
1.289129545861710489e-02
1.287438376504127305e-02
1.285742811657378942e-02
1.283968310106549555e-02
1.282155325608911982e-02
1.280354213836499416e-02
1.278565755216471041e-02
1.276758847442482220e-02
1.274960303981903000e-02
1.273157270251338603e-02
1.271336758061359165e-02
1.269368986219421985e-02
1.267541409884143100e-02
1.266180592516382396e-02
1.264823063349240946e-02
1.263426278039741363e-02
1.261678653372633359e-02
1.259642165188798631e-02
1.257458805953451213e-02
1.255269115788281396e-02
1.253076092438035888e-02
1.250866571414177043e-02
1.248801945205367872e-02
1.246454918255906347e-02
1.244101633526774678e-02
1.242258214423010154e-02
1.240895482081236928e-02
1.239527902490136779e-02
1.238145397903284498e-02
1.236786682889778367e-02
1.235374820931548455e-02
1.234109550521775289e-02
1.233184285190581410e-02
1.232255357567368405e-02
1.231292310773753930e-02
1.230688022453520040e-02
1.230351256640757271e-02
1.229790143967370367e-02
1.229057148325591112e-02
1.228344021606976935e-02
1.227570767809653234e-02
1.226732306742166385e-02
1.225901480695461634e-02
1.225041062108026338e-02
1.224303519745718535e-02
1.223395805437497465e-02
1.222376049164846865e-02
1.221373296100177960e-02
1.220438947813301533e-02
1.219524436599348297e-02
1.218625304038575136e-02
1.218057698416165520e-02
1.217636404041754807e-02
1.217203878703866302e-02
1.216711281491299028e-02
1.216222667676179932e-02
1.215720601327186824e-02
1.215212451004605079e-02
1.214689478175307903e-02
1.214137165288332702e-02
1.213709654663300795e-02
1.213366222214585718e-02
1.212803430258974774e-02
1.211970740088657780e-02
1.211132362665863146e-02
1.209639518273986254e-02
1.208028731639787350e-02
1.206372197527341705e-02
1.204210034192465702e-02
1.201883922036450260e-02
1.199556846802450963e-02
1.197195883232103977e-02
1.194729525947212101e-02
1.192465615745879996e-02
1.189881420522478916e-02
1.187072655596748717e-02
1.184314350876003105e-02
1.181757902208318244e-02
1.179210258074793287e-02
1.176673855903390652e-02
1.174216548752392633e-02
1.171795204483757138e-02
1.169316111153363008e-02
1.166769966180925683e-02
1.164269554095199825e-02
1.161903935935117149e-02
1.159475607426335361e-02
1.157022022381652172e-02
1.154608225373780425e-02
1.152161030734090083e-02
1.149781483413869244e-02
1.147291186057511000e-02
1.144944848704735306e-02
1.142618235542127055e-02
1.140253751562276228e-02
1.137852651105607238e-02
1.135387992359733131e-02
1.132935288755594107e-02
1.130364930047081558e-02
1.127835059008329595e-02
1.125374651926011431e-02
1.122923978992460686e-02
1.120437721859881414e-02
1.117806247367833690e-02
1.115014480150762835e-02
1.112216546149474850e-02
1.109415785001583929e-02
1.106622971822576393e-02
1.104254334479555857e-02
1.102284224078305813e-02
1.100396245267422184e-02
1.098842290902960796e-02
1.097706102896010838e-02
1.096633550773703537e-02
1.095699338622550638e-02
1.094853684194021202e-02
1.094525000561102739e-02
1.094173273658702317e-02
1.093905319683568904e-02
1.093598258423566366e-02
1.093288654295261619e-02
1.092986588747956941e-02
1.092792548643382183e-02
1.092618976970593202e-02
1.092828421529335077e-02
1.092991860150847525e-02
1.093037282197531490e-02
1.092986530006029300e-02
1.092907501518258773e-02
1.092823929261262962e-02
1.092763587379024480e-02
1.092695497519923648e-02
1.092617429094675484e-02
1.092520750293668116e-02
1.092422781186668662e-02
1.092642038946936220e-02
1.092876261343904247e-02
1.093124793206644296e-02
1.093397109400042963e-02
1.093664987741163608e-02
1.093882695618260924e-02
1.094139119356796891e-02
1.094288351304036587e-02
1.094406136366561817e-02
1.094696838444217911e-02
1.094966096867767275e-02
1.095214805506222744e-02
1.095449917436904300e-02
1.095687733173555251e-02
1.095918998795727961e-02
1.096165158599116639e-02
1.096387463240575469e-02
1.096621829490649312e-02
1.096824957509462233e-02
1.097130070762856492e-02
1.097442240260857078e-02
1.097721287936383530e-02
1.097928243272712316e-02
1.098226888388192761e-02
1.099129377112043580e-02
1.100197173457084787e-02
1.101201896837279877e-02
1.102293241647046146e-02
1.103381981253692169e-02
1.104482969363421684e-02
1.105561484391737008e-02
1.106602989851675906e-02
1.107618248549408282e-02
1.108656641383757788e-02
1.109668447561120222e-02
1.110712503927537183e-02
1.112038023235174290e-02
1.113421654596504287e-02
1.114781610678736851e-02
1.116236625406633043e-02
1.117535273485684849e-02
1.118847493864685155e-02
1.120176762646931008e-02
1.121489764332981968e-02
1.122821780155035774e-02
1.124131049955143929e-02
1.125453612680461964e-02
1.126295442586964374e-02
1.126864557892498335e-02
1.127482594839284737e-02
1.128083704972841946e-02
1.128671256628080780e-02
1.129258195970443343e-02
1.129836395423179478e-02
1.130523454813308487e-02
1.131464889224442598e-02
1.132386843505332925e-02
1.133244855983446195e-02
1.134344690536998219e-02
1.135437611700006351e-02
1.136532517485943847e-02
1.137626169453892847e-02
1.138698614055283498e-02
1.139816201548592318e-02
1.140705473485350424e-02
1.141373292964799509e-02
1.141806881165875059e-02
1.142378752273470570e-02
1.143065715773749699e-02
1.143745358512019729e-02
1.144413623931514294e-02
1.145105278995305932e-02
1.145778771062373226e-02
1.146502538245567325e-02
1.147273153458884011e-02
1.148055376137614540e-02
1.148927113833498465e-02
1.149628263908027311e-02
1.150194135007520137e-02
1.150749455189731436e-02
1.150904737463872771e-02
1.150923067383360227e-02
1.150959956956523929e-02
1.151049259149904309e-02
1.151109912504592360e-02
1.151372204514965192e-02
1.151873056100323651e-02
1.152403833558668551e-02
1.152981770849545104e-02
1.153549699887099211e-02
1.154100029956755744e-02
1.154490284872910361e-02
1.154612431072167371e-02
1.154734596794018686e-02
1.154865122319835048e-02
1.155003385566277796e-02
1.155109084713183340e-02
1.155230245736346348e-02
1.155345355140267004e-02
1.155454679073813530e-02
1.155563887869882032e-02
1.155638131534799176e-02
1.155663662358566088e-02
1.155693456907735776e-02
1.155717250798049718e-02
1.155761393885676447e-02
1.155680741814651448e-02
1.155748393799379235e-02
1.156031670517915916e-02
1.156314144207078697e-02
1.156628571827638015e-02
1.156957874198474498e-02
1.157256519744735181e-02
1.157574261192755721e-02
1.157918149636110762e-02
1.158164522932356860e-02
1.158423671731742891e-02
1.158735903454575188e-02
1.159056975145534261e-02
1.159661805946416747e-02
1.160263805467038993e-02
1.160924594961145612e-02
1.161624788080269435e-02
1.162389288184667753e-02
1.163135706343186929e-02
1.163886806633880958e-02
1.164777610956799041e-02
1.165742250867422662e-02
1.166708485874811546e-02
1.167667930291523513e-02
1.168545704025236547e-02
1.169345897902660490e-02
1.170034521584184355e-02
1.170686237489787333e-02
1.171444730656936994e-02
1.172413895089158102e-02
1.173029123367064566e-02
1.173667847682823354e-02
1.174501829442307736e-02
1.175348926874678589e-02
1.176201464832431903e-02
1.177071896778393578e-02
1.177944025017816330e-02
1.178928339533051421e-02
1.179956596804767298e-02
1.180986727365632670e-02
1.182017725068804440e-02
1.183106401112450114e-02
1.184211517920888933e-02
1.185303134736301854e-02
1.186383550907834164e-02
1.187548471663969069e-02
1.188434276727126301e-02
1.189272238043698887e-02
1.190340474774470234e-02
1.191432292205160844e-02
1.192729719022212267e-02
1.194104131521274426e-02
1.195868978214398477e-02
1.197588609855330076e-02
1.199340798217541325e-02
1.201087303928374470e-02
1.202882118628459222e-02
1.204744326680143827e-02
1.206593600454088089e-02
1.208483337288325521e-02
1.210369443369157388e-02
1.212034926510456405e-02
1.213720452949265151e-02
1.215569003204870595e-02
1.217746705250702388e-02
1.219936907659413539e-02
1.222160999990110422e-02
1.224294844069845865e-02
1.226394815596288344e-02
1.228522565913641243e-02
1.230833129239948011e-02
1.233280649146221465e-02
1.235730337270299524e-02
1.238073580970147983e-02
1.240212763168718930e-02
1.242358426309459092e-02
1.244619946926932633e-02
1.247468349840465465e-02
1.250344488613532555e-02
1.253205258485551310e-02
1.256082403341302750e-02
1.258982208319585350e-02
1.261865983286623340e-02
1.264590625546519430e-02
1.267326837775616458e-02
1.270076848629271386e-02
1.272852801060241588e-02
1.275614143185012893e-02
1.278316949514976889e-02
1.280945294819309591e-02
1.283604729332434198e-02
1.286230145541894000e-02
1.288901006528569634e-02
1.291552804728571431e-02
1.294141077351170128e-02
1.296708422256915086e-02
1.299313043576485853e-02
1.301933791172938185e-02
1.304379681721668481e-02
1.306856981814714935e-02
1.309481105041845721e-02
1.312270526898775234e-02
1.315299992405303577e-02
1.318449481116044930e-02
1.321602759785572671e-02
1.324999129774126830e-02
1.328898705681241799e-02
1.332816199067836903e-02
1.336112767474379251e-02
1.339327342131068320e-02
1.342524423278530429e-02
1.345758665308222253e-02
1.349062552020409769e-02
1.352309204957338230e-02
1.355596406074903622e-02
1.358956929239709711e-02
1.362114288740928769e-02
1.365317092923125711e-02
1.368514906057882903e-02
1.371718416101011355e-02
1.374925179029944447e-02
1.378126918240880558e-02
1.381353981258178452e-02
1.384576594856290130e-02
1.387902644093995733e-02
1.391232857679767371e-02
1.394579504253373736e-02
1.398128806577741967e-02
1.401787070833600615e-02
1.405522389210536044e-02
1.409424782562533097e-02
1.413275899115176704e-02
1.417176581353038825e-02
1.421260709461865529e-02
1.425437380743844323e-02
1.429584294624575667e-02
1.433718576731538366e-02
1.437767119908093388e-02
1.441602108043702445e-02
1.445398658482760501e-02
1.449241156085040970e-02
1.453067555644877058e-02
1.456958905152420415e-02
1.460810849375984537e-02
1.464768081218417901e-02
1.468969914447954515e-02
1.473330092455481938e-02
1.477654711304228312e-02
1.481528584240457240e-02
1.484338955476987437e-02
1.487127471192249695e-02
1.489503316877383195e-02
1.491215443464849640e-02
1.492804533031587451e-02
1.494383603140133666e-02
1.495992518881971226e-02
1.497618756224220436e-02
1.499151108544927342e-02
1.500604200439362851e-02
1.501849398272317795e-02
1.503008268472412652e-02
1.504156926224765357e-02
1.505322072004003364e-02
1.506553303854274439e-02
1.507887877676932289e-02
1.509223267278226102e-02
1.510559169755483488e-02
1.511899740048346444e-02
1.513230532766126658e-02
1.514570517967758767e-02
1.515901613249086635e-02
1.517237039379628824e-02
1.518569410366248096e-02
1.519995861554523930e-02
1.521938243002472074e-02
1.523989409257904722e-02
1.526159303650061541e-02
1.528143479315094075e-02
1.530014637747548895e-02
