1.367120650516481101e-02
1.365453192661683114e-02
1.363763059988539958e-02
1.362061270349494528e-02
1.360323859860484638e-02
1.358550946031247299e-02
1.356774862551243278e-02
1.354998856069628520e-02
1.353219806085827551e-02
1.351442321771713015e-02
1.349673312860788336e-02
1.347883441303365272e-02
1.346084325753952801e-02
1.344299087138637119e-02
1.342514734568200745e-02
1.340732952187900610e-02
1.338932835820400014e-02
1.337157652604489995e-02
1.335398618875136868e-02
1.333634608420624333e-02
1.331872795827451252e-02
1.330105616205088694e-02
1.328358102132315248e-02
1.326639468411486972e-02
1.324930273566376528e-02
1.323220651286305047e-02
1.321479679501062765e-02
1.319716523916471956e-02
1.317947601179354257e-02
1.316204897869358362e-02
1.314444789596629949e-02
1.312693558245521183e-02
1.310927582910161038e-02
1.309172064760923473e-02
1.307441142633743690e-02
1.305725757762025638e-02
1.304009753576433790e-02
1.302295706866966364e-02
1.300618499030763847e-02
1.298966878430029941e-02
1.297342434612000668e-02
1.295736221973566374e-02
1.294135233528285328e-02
1.292538109865571175e-02
1.290945824921147303e-02
1.289383550944041626e-02
1.287823644385704264e-02
1.286279862041281828e-02
1.284758739222841353e-02
1.283285047734129651e-02
1.281809560653711724e-02
1.280357629339063871e-02
1.278908624553439649e-02
1.277482438495345166e-02
1.276075365637419079e-02
1.274665420551772399e-02
1.273259597884766545e-02
1.271891016387487715e-02
1.270543504305552372e-02
1.269200608451439942e-02
1.267862872723528149e-02
1.266567859457996825e-02
1.265288508120929016e-02
1.264022055275011366e-02
1.262765518748482085e-02
1.261518175507686003e-02
1.260318486248058166e-02
1.259113536147263290e-02
1.257906946436865118e-02
1.256723195521869570e-02
1.255566377516631471e-02
1.254417886283545891e-02
1.253297735179560377e-02
1.252195392434746722e-02
1.251095632489561404e-02
1.249998874944983213e-02
1.248907325925593427e-02
1.247818013347224211e-02
1.246743563550621256e-02
1.245674988382345499e-02
1.244641739109228831e-02
1.243631648054100911e-02
1.242641898685637770e-02
1.241664371510277191e-02
1.240681980612271147e-02
1.239720648639584290e-02
1.238767755904989984e-02
1.237846999400572107e-02
1.236944082161996715e-02
1.236072471449003486e-02
1.235231859321692625e-02
1.234421685006429487e-02
1.233645324949654565e-02
1.232891755557582146e-02
1.232153226446001774e-02
1.231439303605045242e-02
1.230754796938971461e-02
1.230097284083819971e-02
1.229442636319952840e-02
1.228802177829989989e-02
1.228165840229431330e-02
1.227519418576407915e-02
1.226878177010143345e-02
1.226238761191051664e-02
1.225617845106912601e-02
1.225008706717857672e-02
1.224406783480306952e-02
1.223760966921942465e-02
1.223120175595039834e-02
1.222469545805656733e-02
1.221804123901321613e-02
1.221146878152777789e-02
1.220502828908662067e-02
1.219866708137713925e-02
1.219255179847434159e-02
1.218655133224284814e-02
1.218055597312403190e-02
1.217467413753283746e-02
1.216870739444954330e-02
1.216286404195575724e-02
1.215706762843126593e-02
1.215139012241933138e-02
1.214562047965189219e-02
1.213960242505662465e-02
1.213359790232462418e-02
1.212781493212866657e-02
1.212196489016506215e-02
1.211635164910144190e-02
1.211077424797100954e-02
1.210515908972798448e-02
1.209948959154853385e-02
1.209418790850397447e-02
1.208904997608267230e-02
1.208365894915101185e-02
1.207819784992910685e-02
1.207278474082524103e-02
1.206746690743560647e-02
1.206229745021036165e-02
1.205740773752334537e-02
1.205250716725858075e-02
1.204773748459722627e-02
1.204288057107773778e-02
1.203810526082678758e-02
1.203347271846730640e-02
1.202884185182886805e-02
1.202431832201820462e-02
1.201995199930914852e-02
1.201564710629064552e-02
1.201155451205054674e-02
1.200756431010751267e-02
1.200355431716385556e-02
1.199971876340034938e-02
1.199602418483410385e-02
1.199234998857318622e-02
1.198886418402981061e-02
1.198564650290191366e-02
1.198267304134808045e-02
1.197967768864243582e-02
1.197667911756509183e-02
1.197358707366263063e-02
1.197062536469221082e-02
1.196777922949920914e-02
1.196481945595171716e-02
1.196206612876847195e-02
1.195954896879115187e-02
1.195709880707082270e-02
1.195473003076993196e-02
1.195263313068406323e-02
1.195077023916634937e-02
1.194911457526483256e-02
1.194739253123973562e-02
1.194561325943618510e-02
1.194384369586857023e-02
1.194226655422687272e-02
1.194074273142101128e-02
1.193953406865641900e-02
1.193832905674228374e-02
1.193700663382087079e-02
1.193575431216470535e-02
1.193423424430468428e-02
1.193272459510476280e-02
1.193154416955435025e-02
1.193048383895506728e-02
1.192923804257703564e-02
1.192797077786761362e-02
1.192714659032842114e-02
1.192643834197363792e-02
1.192595947691791301e-02
1.192573858329491580e-02
1.192566297248638489e-02
1.192559795472454900e-02
1.192568174882530606e-02
1.192586138096999628e-02
1.192624500518880797e-02
1.192669547957014853e-02
1.192727702345353080e-02
1.192829398866729514e-02
1.192953804708168572e-02
1.193110027249883083e-02
1.193298150734013567e-02
1.193487036904628158e-02
1.193695381721843023e-02
1.193933701609566252e-02
1.194174578165757387e-02
1.194408062930236991e-02
1.194635539137483583e-02
1.194873330285048038e-02
1.195117546371379097e-02
1.195395912182351493e-02
1.195703938416755804e-02
1.196019095721496429e-02
1.196345431207033148e-02
1.196687493948935151e-02
1.197030007037513770e-02
1.197398242256300302e-02
1.197786344991182660e-02
1.198218169879727672e-02
1.198670732446653446e-02
1.199160888041799627e-02
1.199699350441042929e-02
1.200233621606012005e-02
1.200781846971754087e-02
1.201340630721501983e-02
1.201910392026974729e-02
1.202491013485749993e-02
1.203093562798008588e-02
1.203728215341134250e-02
1.204384037826768637e-02
1.205066485926149789e-02
1.205793106042953727e-02
1.206532980292248682e-02
1.207289458560055311e-02
1.208054848251198868e-02
1.208829947305084355e-02
1.209616649291856381e-02
1.210416271930290708e-02
1.211216561315752761e-02
1.212037682977616659e-02
1.212871603059553424e-02
1.213742457310322369e-02
1.214631894679665640e-02
1.215508883850877943e-02
1.216423154408049351e-02
1.217342784375057517e-02
1.218255924692457880e-02
1.219159571671865443e-02
1.220088126261934316e-02
1.220998582528165684e-02
1.221908978912722779e-02
1.222804945155243732e-02
1.223701403167965114e-02
1.224620702605302459e-02
1.225549895074710439e-02
1.226444484897244377e-02
1.227320064166243299e-02
1.228191910435284633e-02
1.229035981748768762e-02
1.229831464556731431e-02
1.230611755984923998e-02
1.231370792048004301e-02
1.232110209780019894e-02
1.232838397551834497e-02
1.233507433604954899e-02
1.234154527585377276e-02
1.234765243234120340e-02
1.235359464647420649e-02
1.235970383174846490e-02
1.236548755636766514e-02
1.237103072621418588e-02
1.237615420654756930e-02
1.238109587678182417e-02
1.238586692019520361e-02
1.239048594678864197e-02
1.239491969647742858e-02
1.239885248176791042e-02
1.240222738180204488e-02
1.240506115969257361e-02
1.240755122213919003e-02
1.240982123070133968e-02
1.241152502476674732e-02
1.241293914928203596e-02
1.241417813599764337e-02
1.241524097132501621e-02
1.241624593713126258e-02
1.241672716364978189e-02
1.241703017350619803e-02
1.241723394182890627e-02
1.241722647539973169e-02
1.241722444875919922e-02
1.241709562428336584e-02
1.241702249352051590e-02
1.241692301696733364e-02
1.241713315442509631e-02
1.241748503652743973e-02
1.241766293768394903e-02
1.241770214944903743e-02
1.241759114781987652e-02
1.241722268986916559e-02
1.241676341406218638e-02
1.241579983743889420e-02
1.241489522441140310e-02
1.241427969714136402e-02
1.241389225036836942e-02
1.241335763955196854e-02
1.241296493971813172e-02
1.241269409211573881e-02
1.241242007818933908e-02
1.241249574265528358e-02
1.241283172070008212e-02
1.241351052669516404e-02
1.241414596408528699e-02
1.241520734583331093e-02
1.241648974944555180e-02
1.241790138211052927e-02
1.241955789862835696e-02
1.242124599629041218e-02
1.242296460194841287e-02
1.242481509753031593e-02
1.242667082578324464e-02
1.242860296702304537e-02
1.243055005131610269e-02
1.243272454377880587e-02
1.243474580944688157e-02
1.243681862808529437e-02
1.243904847460955074e-02
1.244145788030441221e-02
1.244389804350219501e-02
1.244661982066251268e-02
1.244963526699659727e-02
1.245293878228013670e-02
1.245629630965330165e-02
1.245972433106398540e-02
1.246338516340934378e-02
1.246718069518080833e-02
1.247131147525623943e-02
1.247544078028935480e-02
1.247955234993738255e-02
1.248359696479092555e-02
1.248792553897257532e-02
1.249236345515956741e-02
1.249657821606355718e-02
1.250084504451248399e-02
1.250524826259606301e-02
1.250987254117719681e-02
1.251480723433789390e-02
1.251974397452894003e-02
1.252489331129703898e-02
1.253029510136939584e-02
1.253577620192898763e-02
1.254127633584651604e-02
1.254680606451080184e-02
1.255233096615411201e-02
1.255788754659814370e-02
1.256352276037284513e-02
1.256909671562414336e-02
1.257477667431647524e-02
1.258057689644422050e-02
1.258654394483820112e-02
1.259241123605072364e-02
1.259828190660718800e-02
1.260421711898422267e-02
1.261034896217473958e-02
1.261629258266856735e-02
1.262202115497809175e-02
1.262773458516535351e-02
1.263331893654063599e-02
1.263867735693488537e-02
1.264397299600831734e-02
1.264916116947618213e-02
1.265418549144484844e-02
1.265901885257898242e-02
1.266361672044431438e-02
1.266813037943707518e-02
1.267256617937565465e-02
1.267715497913799762e-02
1.268161632590801384e-02
1.268598582513598590e-02
1.269001422525555499e-02
1.269386158901590969e-02
1.269772826193330852e-02
1.270171879816203199e-02
1.270550786743454043e-02
1.270899710336954695e-02
1.271212510042233831e-02
1.271494888622921177e-02
1.271777425868582043e-02
1.272050690200907108e-02
1.272310849568352581e-02
1.272572308357395633e-02
1.272816427109177417e-02
1.273059197020883111e-02
1.273311805556041378e-02
1.273535437853455521e-02
1.273738261215442806e-02
1.273927343396591243e-02
1.274098180554531813e-02
1.274199347316258731e-02
1.274305007081556924e-02
1.274386591677316091e-02
1.274457291169075156e-02
1.274506844971476545e-02
1.274537401902983529e-02
1.274551104343169504e-02
1.274537609288889026e-02
1.274520766280254694e-02
1.274496166824122534e-02
1.274482478871438382e-02
1.274475546065247274e-02
1.274478353904070528e-02
1.274463736336686748e-02
1.274447325162921321e-02
1.274435906435937571e-02
1.274415178737835913e-02
1.274385771416426498e-02
1.274328513536163512e-02
1.274274577586408455e-02
1.274216636378976662e-02
1.274161214870054432e-02
1.274089206995909426e-02
1.274008517835076987e-02
1.273927254217968943e-02
1.273861197782739756e-02
1.273797365500983075e-02
1.273712940362206440e-02
1.273649468980217296e-02
1.273584145746723198e-02
1.273508502636429285e-02
1.273418256660882944e-02
1.273351717925987059e-02
1.273291648128936984e-02
1.273197697484547766e-02
1.273080537835427108e-02
1.272970183878083597e-02
1.272865552832728835e-02
1.272772984349669970e-02
1.272651634566252139e-02
1.272495235142871890e-02
1.272326219117566465e-02
1.272163262865495803e-02
1.272005082820827984e-02
1.271850481940311681e-02
1.271686443418198163e-02
1.271499500075234067e-02
1.271315660250273670e-02
1.271110001013464087e-02
1.270871638387610462e-02
1.270592304221285392e-02
1.270316400105157839e-02
1.270027789725566153e-02
1.269724655169320038e-02
1.269456906148448520e-02
1.269183543757199106e-02
1.268866782686007937e-02
1.268560209199262254e-02
1.268248661589741616e-02
1.267941121974425905e-02
1.267602417891531934e-02
1.267227811337735648e-02
1.266840812818778583e-02
1.266469584991863212e-02
1.266109403241190423e-02
1.265757179931351062e-02
1.265388136283134707e-02
1.265017805125266855e-02
1.264653836676979219e-02
1.264301024181904189e-02
1.263946744317525142e-02
1.263591574209574180e-02
1.263250765602412333e-02
1.262931443529917083e-02
1.262630560787540539e-02
1.262357989172431527e-02
1.262090498122992767e-02
1.261816936193234720e-02
1.261574968687914113e-02
1.261364146601789624e-02
1.261174786367921276e-02
1.260988020778555825e-02
1.260827734988913956e-02
1.260662474016763408e-02
1.260498406331845428e-02
1.260346307402648858e-02
1.260208972538990994e-02
1.260090492139450541e-02
1.259991270123626481e-02
1.259914721490811886e-02
1.259835038151621393e-02
1.259774994136959002e-02
1.259757866502571495e-02
1.259798463849651218e-02
1.259865990350469457e-02
1.259951347384385793e-02
1.260076867931774272e-02
1.260236601197608532e-02
1.260408453084321811e-02
1.260639035707072746e-02
1.260904792334257597e-02
1.261186432776727553e-02
1.261477597437032222e-02
1.261780445838288876e-02
