2.160944997067526865e-02
2.155324323419737301e-02
2.149614628589292115e-02
2.143907107751434268e-02
2.138116979454596916e-02
2.132256088195680702e-02
2.126471778769307985e-02
2.120728791111084130e-02
2.114957631408676680e-02
2.108631310902919775e-02
2.102484538840724768e-02
2.096409664670859097e-02
2.090633225412169560e-02
2.085226619366916528e-02
2.078614706931876388e-02
2.072295116977378518e-02
2.066643838527959867e-02
2.061036502988566194e-02
2.055279333215352319e-02
2.049559673888859054e-02
2.043924887245938959e-02
2.038247440206995484e-02
2.032745040289478389e-02
2.027512370769019023e-02
2.022485023134026200e-02
2.017378416192633361e-02
2.012338574446961154e-02
2.007603934920751051e-02
2.002905888948131735e-02
1.998058962688853066e-02
1.993216336421760673e-02
1.988349431412558127e-02
1.983477664033528320e-02
1.978597617936279918e-02
1.973624191524397942e-02
1.968110022528375344e-02
1.962663407770217500e-02
1.957223416253904558e-02
1.951441833759554392e-02
1.945858897170162777e-02
1.940088849411484434e-02
1.933774880001470561e-02
1.927576015006608398e-02
1.921497401907438368e-02
1.915312777569549985e-02
1.909218435792947241e-02
1.903411906459579264e-02
1.897551602448063063e-02
1.891798571914582797e-02
1.886113313845923234e-02
1.880472301399244150e-02
1.874854412671470710e-02
1.869190951491507199e-02
1.864327304216245942e-02
1.859719547499494308e-02
1.854915190335464439e-02
1.849698422924668170e-02
1.844498771721907876e-02
1.839479714478237105e-02
1.834712092638499797e-02
1.830127733794448264e-02
1.825659480759745518e-02
1.821193173786387134e-02
1.816719048959444111e-02
1.812275406619228216e-02
1.808370324680990890e-02
1.804420292548579094e-02
1.800207751911121756e-02
1.795999032904489409e-02
1.791854798997580961e-02
1.787805327744270562e-02
1.783907885757563677e-02
1.780226229179924374e-02
1.776236775099726897e-02
1.772144768141673682e-02
1.768054383499614857e-02
1.763966081625643195e-02
1.759961429632343061e-02
1.755953057540101184e-02
1.751963217618444230e-02
1.747974725892848316e-02
1.744036833369618997e-02
1.740178667436613133e-02
1.736431983239128743e-02
1.732770761342230376e-02
1.728624838896161697e-02
1.723281823035855212e-02
1.717848371375294697e-02
1.712514870926373084e-02
1.707260296989824774e-02
1.702017612720455042e-02
1.696727166904399633e-02
1.691512363889198858e-02
1.686377122396723327e-02
1.681395742762679599e-02
1.676318285630501795e-02
1.671088516315789169e-02
1.665663169593399953e-02
1.659979748407828734e-02
1.654101039015574287e-02
1.647991483651674999e-02
1.641703303744403500e-02
1.635339704779805933e-02
1.629074538299873920e-02
1.622840064169457988e-02
1.616642757186937535e-02
1.610366783552062003e-02
1.603924656577677618e-02
1.597544563719538457e-02
1.591112439615442742e-02
1.584908814697084598e-02
1.578995520010340048e-02
1.573116738324452021e-02
1.567235645586394222e-02
1.561368494058740404e-02
1.555648894770026228e-02
1.549685656780580220e-02
1.543778445335930276e-02
1.538282914145071636e-02
1.532743593731270004e-02
1.527397824425248858e-02
1.522374344261123551e-02
1.517432522877306018e-02
1.512604423597158770e-02
1.508028048027854062e-02
1.504069524179370634e-02
1.499966338349166192e-02
1.495854209873959464e-02
1.491617739997135039e-02
1.487246951229884845e-02
1.482820481295307052e-02
1.478494197441033130e-02
1.474235655292605897e-02
1.470004957504589781e-02
1.465744864764368348e-02
1.461246659135810762e-02
1.456817669691577201e-02
1.452339209797855364e-02
1.447664212648671136e-02
1.443008916486518758e-02
1.438308269295048361e-02
1.433670568049604313e-02
1.428926261463001578e-02
1.423998219997043950e-02
1.418899753235759037e-02
1.413964249908334671e-02
1.409047641612572697e-02
1.403948800443432024e-02
1.398699519408504871e-02
1.393486141400150993e-02
1.388167415366641476e-02
1.382896142567742806e-02
1.377615158834774416e-02
1.372385868228987241e-02
1.367200234090493356e-02
1.362153617760409469e-02
1.357218631093903664e-02
1.352217231749261971e-02
1.347385748808324971e-02
1.342551466169116144e-02
1.337773967980228004e-02
1.333070021876938543e-02
1.328411152890360616e-02
1.323823027264947778e-02
1.319697370756363168e-02
1.315662345513690830e-02
1.311571080806800751e-02
1.307630733508339041e-02
1.303685130596917742e-02
1.299716945443483811e-02
1.295592013844716790e-02
1.291523720119675325e-02
1.287396488509358512e-02
1.283298701849293864e-02
1.279190073978092590e-02
1.275153146477219293e-02
1.271130940325880358e-02
1.267145587433922069e-02
1.263121104047132751e-02
1.259185796319551437e-02
1.255681511127019513e-02
1.252191036984441792e-02
1.248754851982824751e-02
1.245327887150850937e-02
1.241819241925354485e-02
1.238601095870766645e-02
1.235333490666401524e-02
1.232018323394640062e-02
1.228979093671365291e-02
1.226014435512518680e-02
1.223043433224908251e-02
1.220128055477654253e-02
1.217170683210910646e-02
1.214269114074733799e-02
1.211276399953172683e-02
1.208178448821145556e-02
1.205116980540597328e-02
1.202449480053749582e-02
1.199847990710792463e-02
1.197319185244157501e-02
1.194668483723262779e-02
1.192061977439840686e-02
1.189560548678876561e-02
1.187011590950180599e-02
1.184462528249449580e-02
1.181962019666303945e-02
1.179455022665389791e-02
1.176956810977169629e-02
1.174194784366290600e-02
1.171474007033201405e-02
1.168664696695807803e-02
1.165790161674899739e-02
1.162989130781407095e-02
1.160167002812776023e-02
1.157410987394280957e-02
1.154656208544377165e-02
1.151886714888264093e-02
1.149179174536768371e-02
1.146606487876301352e-02
1.143998483466301605e-02
1.141586667803249494e-02
1.139304687645564980e-02
1.137002351328252406e-02
1.134615171147979919e-02
1.132293486760735206e-02
1.129963933013886784e-02
1.127678407113623382e-02
1.125399156017043226e-02
1.123121635010164605e-02
1.120864362159481979e-02
1.118635545722230715e-02
1.116456428522890829e-02
1.114266768202011246e-02
1.112115249064584734e-02
1.110046221726464395e-02
1.108032867564676290e-02
1.106178186115155601e-02
1.104403583434319241e-02
1.102710148804733961e-02
1.101356033522914689e-02
1.100002968170103387e-02
1.098658148777106013e-02
1.097347956924981521e-02
1.096005112498902451e-02
1.094707906993925423e-02
1.093331719244438477e-02
1.092181578956453666e-02
1.090928683870510778e-02
1.089767036757043756e-02
1.088580031178255567e-02
1.087455394480160188e-02
1.086296453413098349e-02
1.085004550372190707e-02
1.083674715395154149e-02
1.082290311756981850e-02
1.080949278818937875e-02
1.079665171654967983e-02
1.078273289714971016e-02
1.076961549824205673e-02
1.075693082685392869e-02
1.074262305772557061e-02
1.072868527909248172e-02
1.071461904171285180e-02
1.070075051590444956e-02
1.068652827694919344e-02
1.067481712711643334e-02
1.066326187070411671e-02
1.065184740035964896e-02
1.063913984152855229e-02
1.062661397326439272e-02
1.061621558403235029e-02
1.060606944682087639e-02
1.059551586955111320e-02
1.058450009844840757e-02
1.057374759415375190e-02
1.056341288706686560e-02
1.055168766019718915e-02
1.053897565296856367e-02
1.052663301762581799e-02
1.051421389503851868e-02
1.050155874259334036e-02
1.048893749669391369e-02
1.047691205049766650e-02
1.046471562698420010e-02
1.045246015349841386e-02
1.043728305485715213e-02
1.042121969651839397e-02
1.040547446232327825e-02
1.038985703474584917e-02
1.037446456165052287e-02
1.035778148408117091e-02
1.034056870861034018e-02
1.032361740498475948e-02
1.030644412654528608e-02
1.028978939999261599e-02
1.027283404509630495e-02
1.025576452387308261e-02
1.023897905969494912e-02
1.022250951758654422e-02
1.020635569827629818e-02
1.018916838866953944e-02
1.017314547383703881e-02
1.015930486893160296e-02
1.014706957403430608e-02
1.013494203389408814e-02
1.012255667739389922e-02
1.011103850223974386e-02
1.010178995554735989e-02
1.009389109666060380e-02
1.008634164438693831e-02
1.007726695563095944e-02
1.006811996909989966e-02
1.005908252540293861e-02
1.005182385424834880e-02
1.004090624563278543e-02
1.002851467804106826e-02
1.001694266439978782e-02
1.000486673343528761e-02
9.994057393362629563e-03
9.983209458148413137e-03
9.971552310851145018e-03
9.960386373585494030e-03
9.948901993117207840e-03
9.938111201797250258e-03
9.927055732543975733e-03
9.914635327492487757e-03
9.901244494360880374e-03
9.887667790544753949e-03
9.874436989285362287e-03
9.860793488884167166e-03
9.848193002243469177e-03
9.835960457560034495e-03
9.823747971034154855e-03
9.810029452249575954e-03
9.797000483355869371e-03
9.784095699444304156e-03
9.771106327964882571e-03
9.758294350086701638e-03
9.744908275947294571e-03
9.732291178525035585e-03
9.719995622553379011e-03
9.708015057078904497e-03
9.695442650526074277e-03
9.682135246110388713e-03
9.668780581479742911e-03
9.655648753114812882e-03
9.642332708394041330e-03
9.629110452474195017e-03
9.614938526308174083e-03
9.602100061873394127e-03
9.590263046100005670e-03
9.578017770024664992e-03
9.565332440674480588e-03
9.552645209103535068e-03
9.540030163341827601e-03
9.527397147857347842e-03
9.514876661138163549e-03
9.501692405271468245e-03
9.489580452901488078e-03
9.477335702300674139e-03
9.464541454976663909e-03
9.451924980427026460e-03
9.440729942462264615e-03
9.430631951519784922e-03
9.420087751805451826e-03
9.409356914567741648e-03
9.397871390133934189e-03
9.386117528025551479e-03
9.374722897019096418e-03
9.364042015124115007e-03
9.352702227203371632e-03
9.342814813481323602e-03
9.334137352300049539e-03
9.325195001315490784e-03
9.316274717579833484e-03
9.307575565700842296e-03
9.299205329866088929e-03
9.291121989330837147e-03
9.284293719227849906e-03
9.277845835415588979e-03
9.271901371600667699e-03
9.265229388388609294e-03
9.258946892194351921e-03
9.252747571283507014e-03
9.246690672996956892e-03
9.240767125819003211e-03
9.235117732935274257e-03
9.229249441630848344e-03
9.223246199658077446e-03
9.218018009066743582e-03
9.214223800371582063e-03
9.210262860010896141e-03
9.206272596527863283e-03
9.203094114492686370e-03
9.200123113780224113e-03
9.197375056023256168e-03
9.194428412466834274e-03
9.192046972797913995e-03
9.188760251390556619e-03
9.184335670958139811e-03
9.178824643718476450e-03
9.173479885738140827e-03
9.167991490145386418e-03
9.161242915940441545e-03
9.153915272411839929e-03
9.146223309814521460e-03
9.137613220344172754e-03
9.127368179574463225e-03
9.117937088294001888e-03
9.108297092360875466e-03
9.098665312176222944e-03
9.091040602083568650e-03
9.084118829207482593e-03
9.077710491230581505e-03
9.073022826515229552e-03
9.068796214667804861e-03
9.064489419386433794e-03
9.060452532605449416e-03
9.056332392458584998e-03
9.051957309809642582e-03
9.047859983203813614e-03
9.042627906777778862e-03
9.037206909387520901e-03
9.032033899169282509e-03
9.026778901883539263e-03
9.021225282295946071e-03
9.011638163694293130e-03
9.002090489846637997e-03
8.992948776839600200e-03
8.984053870330993563e-03
8.975013691671841765e-03
8.967707153686178476e-03
8.960916080582225982e-03
8.954273782844980253e-03
8.948073270749640554e-03
8.941696823883195019e-03
8.935551550392651504e-03
8.929477253978601939e-03
8.923457378197600931e-03
8.917391494079962913e-03
8.911081795449282347e-03
8.904902013239974351e-03
8.899213571861807476e-03
8.892479194834743833e-03
8.886343999572377667e-03
8.878251880618925201e-03
8.870428634913215399e-03
8.862798800551097492e-03
8.855075883223907651e-03
8.847455156886634489e-03
8.843437321839455259e-03
8.839225243402321769e-03
8.834910957570659557e-03
8.830340111877046580e-03
8.825898456831765548e-03
8.820966255476040893e-03
8.815762563087947354e-03
8.810326371979837826e-03
8.805302981166550011e-03
8.799568618142404250e-03
8.793988576010932506e-03
8.788682083478212975e-03
8.783270535816381855e-03
8.778618191619100980e-03
8.773912996833022407e-03
8.768975537190679126e-03
8.763601473602763980e-03
8.757782140262302187e-03
8.751509715184530719e-03
8.745556944198320040e-03
8.739847308674934812e-03
8.734429473358335319e-03
8.728826656478123891e-03
8.723221907540048073e-03
8.717366561510111675e-03
8.711492639261467913e-03
8.705759158895903793e-03
8.699848527594431294e-03
8.694178810632067003e-03
8.688838677093647586e-03
8.683010608499816194e-03
8.677578400568706704e-03
8.672007452357823748e-03
8.666507022315582051e-03
8.661082556486662809e-03
8.655744615031093700e-03
8.650575190297483258e-03
8.645056506014834122e-03
8.639472786330719759e-03
8.633896363552440167e-03
8.628218166965422389e-03
8.622684586493680262e-03
8.616801380771610744e-03
8.611009222165384377e-03
8.605844515211074838e-03
8.599686696098550812e-03
8.592793200216847921e-03
8.585646813635239641e-03
8.578632701804160890e-03
8.571831305295811443e-03
