1.490195879388090533e-02
1.488833331094467291e-02
1.487479462582596244e-02
1.486139047372458076e-02
1.484813809780964264e-02
1.483496040929578423e-02
1.482190225902180018e-02
1.480893589082516414e-02
1.479605973878132981e-02
1.478317283975535447e-02
1.477037105412806750e-02
1.475770338753805769e-02
1.474515040992159173e-02
1.473280616074724297e-02
1.472062149638306630e-02
1.470859910019976270e-02
1.469676852527327000e-02
1.468500234824367083e-02
1.467344622259244072e-02
1.466208040477094861e-02
1.465085024341265287e-02
1.463964650628106837e-02
1.462845295815850925e-02
1.461735169758894212e-02
1.460647159986231888e-02
1.459579314491924601e-02
1.458526631616984155e-02
1.457500120680910866e-02
1.456473786136337767e-02
1.455443670873944086e-02
1.454407252015298482e-02
1.453367834651140070e-02
1.452360797426697527e-02
1.451326134383445349e-02
1.450290445539622816e-02
1.449264435729401973e-02
1.448252957518954796e-02
1.447240654648245146e-02
1.446249131026257004e-02
1.445268985855981646e-02
1.444294984089677242e-02
1.443323297611807422e-02
1.442360597350923583e-02
1.441403906700457899e-02
1.440452789481428374e-02
1.439495985886404990e-02
1.438538156040833176e-02
1.437573236036910826e-02
1.436620110714644655e-02
1.435669905076689297e-02
1.434721566698757104e-02
1.433777294549887921e-02
1.432832629869933323e-02
1.431891034192094361e-02
1.430943523099298224e-02
1.429997461461658161e-02
1.429053068043632455e-02
1.428100809754586850e-02
1.427152628869065784e-02
1.426211841052298958e-02
1.425279704218671700e-02
1.424353658891516425e-02
1.423411442393592713e-02
1.422446026588561341e-02
1.421488967555846646e-02
1.420520925527363719e-02
1.419557639469707332e-02
1.418594034152434978e-02
1.417622679158592192e-02
1.416653265221216526e-02
1.415682535697234540e-02
1.414713510241139525e-02
1.413741940157660880e-02
1.412767534385824322e-02
1.411802242399826449e-02
1.410839197230562628e-02
1.409877362727960867e-02
1.408929756164765262e-02
1.407976042495849393e-02
1.407039503824331246e-02
1.406113081565339012e-02
1.405175285204424487e-02
1.404241871932304306e-02
1.403301488646044488e-02
1.402362253104478922e-02
1.401425496493462555e-02
1.400487744080430343e-02
1.399536645160518941e-02
1.398592572727026112e-02
1.397650635515644384e-02
1.396709221629045643e-02
1.395767963059962521e-02
1.394823432773532011e-02
1.393889737889981821e-02
1.392973005314077951e-02
1.392066252282295365e-02
1.391150126127170365e-02
1.390234826207231884e-02
1.389323451373157547e-02
1.388405392036185654e-02
1.387485539085641685e-02
1.386551464420391830e-02
1.385612945244307261e-02
1.384677526643816707e-02
1.383744737341629713e-02
1.382812633506412536e-02
1.381888473813395329e-02
1.380959727341398574e-02
1.380034612044428455e-02
1.379112003426670278e-02
1.378189948507231415e-02
1.377272150307676246e-02
1.376350957546693121e-02
1.375413690210286650e-02
1.374475471619717934e-02
1.373530449207001174e-02
1.372566586052153051e-02
1.371593529915282259e-02
1.370619959678184147e-02
1.369643316314169031e-02
1.368667494460568297e-02
1.367676362094726907e-02
1.366675154264386516e-02
1.365672653121366258e-02
1.364671911018583948e-02
1.363664798722758788e-02
1.362658651480431159e-02
1.361654239804472796e-02
1.360647754028457800e-02
1.359636318415958015e-02
1.358624410476217889e-02
1.357605188663907510e-02
1.356593367344993521e-02
1.355577607215876883e-02
1.354551742898645224e-02
1.353518403391616547e-02
1.352493236090798051e-02
1.351473432981498309e-02
1.350444805497413858e-02
1.349414365650660787e-02
1.348384237863870655e-02
1.347360371975341725e-02
1.346347937035996013e-02
1.345317525237891415e-02
1.344276197940766013e-02
1.343230518378360841e-02
1.342177167285619512e-02
1.341128888573458154e-02
1.340084970001197140e-02
1.339039511453142019e-02
1.337985282002725727e-02
1.336921299497274666e-02
1.335859930840871401e-02
1.334804882804899694e-02
1.333750353968909778e-02
1.332697445954818087e-02
1.331630426995682875e-02
1.330559353956899463e-02
1.329483125066558205e-02
1.328405208382545805e-02
1.327329682658321373e-02
1.326245177916764162e-02
1.325150546788161562e-02
1.324056681672647687e-02
1.322974526792858839e-02
1.321897079436231207e-02
1.320823243380587694e-02
1.319743454636783213e-02
1.318660552642995226e-02
1.317569809627038360e-02
1.316475304867346409e-02
1.315356010727167062e-02
1.314233641360171984e-02
1.313112786995174371e-02
1.311992180943211475e-02
1.310877566427537562e-02
1.309767817077428509e-02
1.308667469799267014e-02
1.307576776505914133e-02
1.306477508050767934e-02
1.305372294932074032e-02
1.304262763821448928e-02
1.303154674291358978e-02
1.302048110487749773e-02
1.300943344947488693e-02
1.299840752127531807e-02
1.298718854262816830e-02
1.297574050701846143e-02
1.296414431304798026e-02
1.295260151650446702e-02
1.294100738418464333e-02
1.292939462201252512e-02
1.291776669257126489e-02
1.290620756631462307e-02
1.289462987545254326e-02
1.288296871136274287e-02
1.287124697794156392e-02
1.285945931819714068e-02
1.284762260481643950e-02
1.283570750296299939e-02
1.282379240260948967e-02
1.281186340842547199e-02
1.279997225291814450e-02
1.278813004905200897e-02
1.277615819743314028e-02
1.276412798437650230e-02
1.275208083788582740e-02
1.274010345228362116e-02
1.272827883656997561e-02
1.271660180324485703e-02
1.270496007221864725e-02
1.269321584363142935e-02
1.268144629401434485e-02
1.266963801551346594e-02
1.265778336374715277e-02
1.264587812616838926e-02
1.263396371203181177e-02
1.262215432433438055e-02
1.261038248357769682e-02
1.259861784997372627e-02
1.258687804092354853e-02
1.257517137577628293e-02
1.256346924866034477e-02
1.255173812269175931e-02
1.253992416546451973e-02
1.252814135273653574e-02
1.251635884524384540e-02
1.250463746130582587e-02
1.249299161447794092e-02
1.248134707483706737e-02
1.246971802719968811e-02
1.245810145521115270e-02
1.244654075103054404e-02
1.243498158127599902e-02
1.242348704715688992e-02
1.241200331926706722e-02
1.240064195548095174e-02
1.238939968220628685e-02
1.237824396976056063e-02
1.236718462692112594e-02
1.235630644910199090e-02
1.234569202007373447e-02
1.233515988233015344e-02
1.232467353063030312e-02
1.231429051045127530e-02
1.230391756228691076e-02
1.229342026036471525e-02
1.228286264859863516e-02
1.227235640035753000e-02
1.226206619570605061e-02
1.225185741238116362e-02
1.224158491287653631e-02
1.223138487938002679e-02
1.222132860570624042e-02
1.221124011808473117e-02
1.220124760783841168e-02
1.219136790865612587e-02
1.218157156045745169e-02
1.217178765865902998e-02
1.216208421598356793e-02
1.215248137421050430e-02
1.214297818838537373e-02
1.213356414701468808e-02
1.212430546740766828e-02
1.211523319356841606e-02
1.210614106668581047e-02
1.209702399000544756e-02
1.208791313052549887e-02
1.207889802943129358e-02
1.206993541755782030e-02
1.206112279620683188e-02
1.205238297309795675e-02
1.204359770892872265e-02
1.203482824574809637e-02
1.202611655453364459e-02
1.201749563069543295e-02
1.200898182644550768e-02
1.200051183508439590e-02
1.199220076931522237e-02
1.198378819368744845e-02
1.197531216061746388e-02
1.196680706419793981e-02
1.195830309572406408e-02
1.194980679863053008e-02
1.194140973075549436e-02
1.193307605132599113e-02
1.192473977702152715e-02
1.191639774974427926e-02
1.190810126777236237e-02
1.189982231395582749e-02
1.189164873231178012e-02
1.188355152173768171e-02
1.187559304172864857e-02
1.186772490611623897e-02
1.185997412184908346e-02
1.185221746161506905e-02
1.184447771456607033e-02
1.183680801564169875e-02
1.182929063812749801e-02
1.182176319309841649e-02
1.181423245497801623e-02
1.180672053120101865e-02
1.179924118210436482e-02
1.179185141244119307e-02
1.178459512959576655e-02
1.177739724718622830e-02
1.177019288358899587e-02
1.176300477845832436e-02
1.175595706431271058e-02
1.174905635658337645e-02
1.174226081403650576e-02
1.173525512486585723e-02
1.172827601291454545e-02
1.172131174724784335e-02
1.171438399132186670e-02
1.170746665689371448e-02
1.170049804293654336e-02
1.169356285636862294e-02
1.168659471863850267e-02
1.167958374522248127e-02
1.167256411047382092e-02
1.166550220026226284e-02
1.165828374259417384e-02
1.165107445323429643e-02
1.164402009065904596e-02
1.163698109859314517e-02
1.163001954779562495e-02
1.162313787789892583e-02
1.161633878352320501e-02
1.160950363913460653e-02
1.160268539893145358e-02
1.159580930726595953e-02
1.158893217915040949e-02
1.158201625015453477e-02
1.157514694491202679e-02
1.156828425285085296e-02
1.156139975709032271e-02
1.155451905164714931e-02
1.154772600498001067e-02
1.154094690689073943e-02
1.153417323928979284e-02
1.152733203669311680e-02
1.152051813278101577e-02
1.151371407739434742e-02
1.150695633527600882e-02
1.150002762839585392e-02
1.149306065760950270e-02
1.148608290984245647e-02
1.147917484046785501e-02
1.147222837819327108e-02
1.146555490501430935e-02
1.145887255376315007e-02
1.145215092690454392e-02
1.144541780085004366e-02
1.143865730036461997e-02
1.143195542230438823e-02
1.142533132599613151e-02
1.141867067494931574e-02
1.141194052175156445e-02
1.140519789440489623e-02
1.139851802553412154e-02
1.139184470459782272e-02
1.138516867554202096e-02
1.137852910972918241e-02
1.137188184703723064e-02
1.136525890192350077e-02
1.135857182365011993e-02
1.135194475373514991e-02
1.134538723021898468e-02
1.133887275012870899e-02
1.133235222607967101e-02
1.132588052917782480e-02
1.131940645789039288e-02
1.131285624352202507e-02
1.130632223287285874e-02
1.129976210998194855e-02
1.129319456319876833e-02
1.128665799667276023e-02
1.128005183050051312e-02
1.127338627094022147e-02
1.126674120789227657e-02
1.126014479874987151e-02
1.125363203757676761e-02
1.124736120874580102e-02
1.124114290138401168e-02
1.123502233156259411e-02
1.122885044696385511e-02
1.122269996408384318e-02
1.121656235358355763e-02
1.121046758251899138e-02
1.120429588841107341e-02
1.119814317363860764e-02
1.119203910677197232e-02
1.118599921956274675e-02
1.117995766818371227e-02
1.117385816634710455e-02
1.116766385932882293e-02
1.116148664998666343e-02
1.115533762053661643e-02
1.114934542052951373e-02
1.114338207013224925e-02
1.113728884324327421e-02
1.113113918457354738e-02
1.112499645706983148e-02
1.111893416694012190e-02
1.111294628072515348e-02
1.110700852209471276e-02
1.110111366739688354e-02
1.109533216973678134e-02
1.108956779975135698e-02
1.108381510520333423e-02
1.107810404564906794e-02
1.107238974850081013e-02
1.106671519493744940e-02
1.106109940329256039e-02
1.105549786696075933e-02
1.104986401018636516e-02
1.104413160441069727e-02
1.103840051857142741e-02
1.103261932314676154e-02
1.102683201776651252e-02
1.102104496512408376e-02
1.101524889566614374e-02
1.100949483618389284e-02
1.100380982662436946e-02
1.099811172419574642e-02
1.099241703335273115e-02
1.098682778442884242e-02
1.098137535441213487e-02
1.097590791386873071e-02
1.097043564430802247e-02
1.096500731438001565e-02
1.095956106706538757e-02
1.095410034544822171e-02
1.094869841124830080e-02
1.094338619297528618e-02
1.093808167533120469e-02
1.093278964758528059e-02
1.092754255842392531e-02
1.092235060435580406e-02
1.091720195545096105e-02
1.091211669574161658e-02
1.090702475310429895e-02
1.090194883344489107e-02
1.089700512041491369e-02
1.089210929557737559e-02
1.088708451220389041e-02
1.088209907118463729e-02
1.087715587712965309e-02
1.087229548808458721e-02
1.086740917053892475e-02
1.086259729515615807e-02
1.085785154183720354e-02
1.085316347723843354e-02
1.084849320403235944e-02
1.084384094870806912e-02
1.083918967283658066e-02
1.083456496405991835e-02
1.082990663215343402e-02
1.082524478479134945e-02
1.082057442721434150e-02
1.081602015991835371e-02
1.081160655059455571e-02
1.080726149171755412e-02
1.080295870267872042e-02
1.079861255860401111e-02
1.079417988144902585e-02
1.078977067403811586e-02
1.078531903892164523e-02
1.078094927773496151e-02
1.077660108325905440e-02
1.077229196040042393e-02
1.076813238221076621e-02
1.076399014093570340e-02
1.075989598509357464e-02
1.075589377032113055e-02
1.075192716908259655e-02
1.074794798645031454e-02
1.074390965416824675e-02
1.073984255589730853e-02
1.073578898247465503e-02
1.073170572398242199e-02
1.072768070318391893e-02
1.072366907636500798e-02
1.071963841921310182e-02
1.071570768837110110e-02
1.071184626693932537e-02
1.070802457109331328e-02
1.070425586244403565e-02
1.070053194351150080e-02
1.069687779896678556e-02
1.069319374998805791e-02
1.068946779602858443e-02
1.068578059270185523e-02
1.068216933559054498e-02
1.067861997187181250e-02
1.067503493912184444e-02
1.067139700504600441e-02
1.066775573475592376e-02
1.066417909785138951e-02
