2.044454134868908118e-02
2.027393474251586863e-02
2.011046062856039138e-02
1.995257209736354259e-02
1.979978945105523649e-02
1.965012360008966050e-02
1.950437533381316896e-02
1.936240261718475200e-02
1.922377132340387720e-02
1.908825126830978811e-02
1.895676508646003747e-02
1.882857934565388552e-02
1.870354225078018143e-02
1.858249380981148724e-02
1.846551579744461907e-02
1.835188894037110413e-02
1.824067083246526041e-02
1.813157877797048553e-02
1.802565269801849682e-02
1.792202728313772864e-02
1.782037220046035070e-02
1.772283181442610780e-02
1.762765121179294195e-02
1.753463195758273377e-02
1.744344754845018539e-02
1.735290827054903132e-02
1.726362432810655406e-02
1.717578129590225169e-02
1.709047138398505500e-02
1.700683194447821789e-02
1.692521915071596925e-02
1.684502802078909414e-02
1.676660085749415163e-02
1.668988871350097353e-02
1.661512868802442547e-02
1.654144615778264937e-02
1.646927549356749787e-02
1.639793890262792458e-02
1.632815492953174075e-02
1.626043519373618351e-02
1.619391758919469168e-02
1.612852095719723503e-02
1.606470430531293028e-02
1.600279016322093267e-02
1.594233457225829528e-02
1.588304953134940176e-02
1.582499118329811286e-02
1.576772701898070811e-02
1.571132118771582237e-02
1.565596307209536284e-02
1.560155973526115847e-02
1.554813770350522290e-02
1.549591015752459396e-02
1.544420554047207760e-02
1.539282451485363135e-02
1.534218618375624184e-02
1.529213265646899543e-02
1.524326227796288409e-02
1.519513684215751358e-02
1.514748667507802293e-02
1.510062232697033727e-02
1.505439739364339453e-02
1.500850266076129980e-02
1.496294986733604643e-02
1.491773805901146221e-02
1.487304118967077392e-02
1.482892945113250920e-02
1.478533487968454983e-02
1.474248528041405965e-02
1.470010002914647236e-02
1.465783616258022407e-02
1.461596865799513929e-02
1.457451401284678462e-02
1.453347532978963713e-02
1.449252833096450858e-02
1.445193940035021003e-02
1.441113973396358598e-02
1.437060966233648721e-02
1.433026150325486178e-02
1.429014683414616196e-02
1.425041410753755296e-02
1.421072604735736968e-02
1.417127956646377016e-02
1.413198490062661170e-02
1.409287383303184545e-02
1.405392375389866687e-02
1.401510837268150553e-02
1.397649517001365964e-02
1.393801702943681803e-02
1.389987174339573847e-02
1.386194462172008965e-02
1.382445568338410390e-02
1.378737553874434529e-02
1.375040732310858424e-02
1.371357704340993300e-02
1.367667705551045554e-02
1.364007178836982442e-02
1.360379328841678989e-02
1.356778286522575955e-02
1.353194858692249002e-02
1.349631723518762011e-02
1.346108276785096085e-02
1.342609432933160145e-02
1.339132153850111293e-02
1.335666658500690891e-02
1.332211483497457855e-02
1.328791975748127609e-02
1.325398510961415741e-02
1.322045155538945083e-02
1.318709772125070158e-02
1.315394407816469942e-02
1.312113374646968131e-02
1.308866007768192362e-02
1.305644294101812944e-02
1.302438397458221403e-02
1.299261675601292611e-02
1.296133300344774926e-02
1.293031187105524692e-02
1.289939749436653724e-02
1.286872499464162579e-02
1.283829903216713100e-02
1.280815009250638528e-02
1.277831975492613181e-02
1.274864710128860261e-02
1.271922006390197729e-02
1.269006324661797053e-02
1.266121370518441015e-02
1.263245396807365431e-02
1.260384420806191959e-02
1.257523532992701684e-02
1.254671685502595918e-02
1.251840950785146518e-02
1.249035989294019523e-02
1.246243640371413018e-02
1.243487955463332302e-02
1.240746211564927766e-02
1.238022911712290293e-02
1.235316861462122141e-02
1.232643122241475729e-02
1.230009665327772353e-02
1.227394317459804506e-02
1.224792579217364244e-02
1.222212255299341688e-02
1.219657497101187330e-02
1.217121765569500330e-02
1.214596844074875351e-02
1.212091383912573123e-02
1.209612782118896571e-02
1.207160595626853399e-02
1.204729964101473524e-02
1.202314006376110564e-02
1.199907880491596184e-02
1.197526124202346817e-02
1.195152586563302463e-02
1.192790956158364807e-02
1.190462782910281861e-02
1.188159782754226630e-02
1.185894265020264945e-02
1.183670201673031608e-02
1.181487206271026984e-02
1.179328558504934288e-02
1.177188097652711804e-02
1.175066237660285680e-02
1.172963657936561266e-02
1.170884078853961369e-02
1.168834795207119095e-02
1.166805357825236381e-02
1.164801062743788147e-02
1.162819700609380932e-02
1.160855297669716353e-02
1.158908570656516646e-02
1.156976901314377311e-02
1.155072425216952837e-02
1.153180328105200304e-02
1.151312265475516045e-02
1.149456701225717338e-02
1.147632131425030226e-02
1.145825688550110820e-02
1.144029143227046075e-02
1.142260567609858224e-02
1.140500163587889089e-02
1.138757470584239248e-02
1.137038846766518473e-02
1.135347038514198520e-02
1.133678715840957460e-02
1.132037220965689470e-02
1.130415230705571900e-02
1.128811808724576420e-02
1.127226876497135037e-02
1.125671047035067991e-02
1.124129345040484999e-02
1.122613870898188371e-02
1.121123896484536690e-02
1.119644422596930561e-02
1.118182845059193138e-02
1.116747442067749646e-02
1.115335694068424373e-02
1.113941003824961938e-02
1.112562013327870851e-02
1.111211547550543591e-02
1.109880650159405201e-02
1.108562357210479687e-02
1.107259266298519541e-02
1.105977601647165076e-02
1.104711167970622542e-02
1.103461678389409950e-02
1.102221125892984856e-02
1.100990829217277089e-02
1.099773508088762279e-02
1.098573037603038302e-02
1.097392458130854419e-02
1.096233482620287414e-02
1.095093417976302289e-02
1.093967391625967969e-02
1.092875480733471183e-02
1.091816205039043350e-02
1.090767021485974930e-02
1.089738342504237463e-02
1.088722022321733478e-02
1.087726900593778169e-02
1.086749495725599333e-02
1.085795793561958322e-02
1.084853343780272164e-02
1.083931400445218782e-02
1.083024436158659155e-02
1.082132798853740856e-02
1.081267931568100776e-02
1.080424761567285591e-02
1.079602099489634058e-02
1.078790974236263842e-02
1.077986871686326120e-02
1.077192209922925477e-02
1.076421528300951745e-02
1.075679452952814537e-02
1.074955437213577503e-02
1.074246912857438827e-02
1.073544266203658309e-02
1.072851698715010689e-02
1.072168828088593089e-02
1.071497517630731235e-02
1.070828752399280090e-02
1.070167115944366081e-02
1.069516835099226099e-02
1.068890769185452429e-02
1.068289617216398868e-02
1.067708550656393425e-02
1.067148270792862494e-02
1.066602947290984718e-02
1.066075648855810409e-02
1.065569121996142593e-02
1.065071021611073247e-02
1.064590988368444013e-02
1.064140195262433877e-02
1.063706182917279093e-02
1.063295044113053180e-02
1.062897332103208102e-02
1.062513944747752598e-02
1.062152955641220385e-02
1.061818159208899846e-02
1.061503203749738881e-02
1.061201948544914474e-02
1.060910576148192501e-02
1.060637834594540391e-02
1.060385599239636358e-02
1.060155140675886516e-02
1.059936208751589490e-02
1.059732193484280195e-02
1.059540619184599908e-02
1.059374172226050514e-02
1.059208531862822732e-02
1.059055610593879343e-02
1.058933253553950328e-02
1.058838486923944881e-02
1.058761273571356444e-02
1.058702182025177477e-02
1.058654459690099373e-02
1.058628142028101259e-02
1.058633636145022393e-02
1.058651747982155243e-02
1.058690400571010541e-02
1.058747718523577255e-02
1.058829713475404992e-02
1.058930012687573502e-02
1.059040425887289305e-02
1.059167389864728616e-02
1.059314175652761002e-02
1.059477976097047622e-02
1.059661866045868983e-02
1.059857215920820966e-02
1.060067155320374224e-02
1.060281233543311323e-02
1.060501750086843657e-02
1.060739499964063158e-02
1.060995917231182147e-02
1.061263380015068682e-02
1.061541316882167948e-02
1.061830576654424797e-02
1.062131308466830390e-02
1.062434925064602298e-02
1.062757179268385838e-02
1.063099147576851769e-02
1.063468696374463528e-02
1.063847814093457460e-02
1.064246052621224334e-02
1.064660471263616064e-02
1.065098826823883751e-02
1.065553007544024419e-02
1.066010056069428141e-02
1.066483235315731845e-02
1.066980118290444986e-02
1.067494941328958266e-02
1.068038985125972090e-02
1.068603844072315255e-02
1.069180412861085207e-02
1.069778170711728656e-02
1.070396420518526272e-02
1.071022617654925936e-02
1.071663590903066191e-02
1.072322210115953141e-02
1.073002282705878656e-02
1.073708433441886503e-02
1.074432356838676654e-02
1.075161645705607558e-02
1.075922116923655816e-02
1.076688724619542618e-02
1.077463729243247070e-02
1.078253445124504988e-02
1.079055106769777166e-02
1.079868112282631951e-02
1.080693314769108973e-02
1.081530013900987644e-02
1.082388432277044121e-02
1.083265324671363848e-02
1.084142959394197338e-02
1.085036321470215712e-02
1.085944604578925957e-02
1.086866436861625047e-02
1.087792234469959866e-02
1.088724850282222177e-02
1.089676926677764571e-02
1.090645711171606483e-02
1.091633140082901021e-02
1.092634200099473069e-02
1.093662962171090651e-02
1.094702342298443758e-02
1.095754390746824132e-02
1.096823243284167360e-02
1.097907669992716391e-02
1.099011675439335797e-02
1.100134297378655215e-02
1.101276440158796728e-02
1.102430634064735862e-02
1.103603599639209343e-02
1.104790968787022765e-02
1.105994479594996603e-02
1.107213075195852443e-02
1.108424043626387613e-02
1.109643674075892587e-02
1.110886939207134973e-02
1.112145637764950547e-02
1.113417627071546304e-02
1.114683788926327558e-02
1.115954145610273396e-02
1.117245870172584553e-02
1.118541247984447540e-02
1.119849105288458178e-02
1.121175487351656376e-02
1.122518891448373753e-02
1.123870727834202707e-02
1.125246498281844663e-02
1.126630051323526151e-02
1.128011975811100270e-02
1.129384969599612695e-02
1.130750359163307760e-02
1.132112955130880512e-02
1.133475293874946360e-02
1.134845600264383809e-02
1.136216086273244413e-02
1.137598280022900608e-02
1.138994671426443728e-02
1.140407461568156491e-02
1.141820623550420487e-02
1.143244657069406381e-02
1.144683160371201894e-02
1.146117900626681535e-02
1.147550271287462592e-02
1.148975014028880311e-02
1.150401802207226543e-02
1.151850265061694738e-02
1.153310117321785198e-02
1.154767701708827275e-02
1.156215720922396453e-02
1.157654581563486926e-02
1.159095974460151030e-02
1.160553333428373558e-02
1.162030300021319601e-02
1.163522770561347015e-02
1.165018595630978350e-02
1.166525607207200346e-02
1.168031580329667064e-02
1.169533381517278911e-02
1.171029018162190669e-02
1.172533278403940782e-02
1.174049854143235927e-02
1.175576234981468363e-02
1.177119004995448061e-02
1.178671645075716860e-02
1.180217139916669988e-02
1.181758316085792029e-02
1.183313851933797713e-02
1.184868457820723378e-02
1.186420900972749021e-02
1.187990183623530670e-02
1.189575039910679977e-02
1.191164593900215750e-02
1.192750828962590298e-02
1.194334997185076894e-02
1.195931891148930594e-02
1.197536319118866141e-02
1.199132477356830949e-02
1.200724905457870723e-02
1.202321279315125488e-02
1.203915871743455220e-02
1.205496988643807270e-02
1.207078729046977619e-02
1.208678785409569509e-02
1.210293082132274552e-02
1.211916068756938546e-02
1.213527372321502977e-02
1.215133499806588489e-02
1.216731830927907793e-02
1.218306790668213443e-02
1.219869500252847121e-02
1.221432010932895981e-02
1.222979892463162827e-02
1.224506336470235560e-02
1.226028748412753486e-02
1.227542100865278846e-02
1.229056269703225276e-02
1.230573858455759166e-02
1.232108241781985393e-02
1.233645947349483463e-02
1.235175338467415715e-02
1.236685898276288983e-02
1.238185805515521279e-02
1.239662261060438253e-02
1.241120398379943861e-02
1.242555529731497778e-02
1.243975727339532295e-02
1.245378069781588777e-02
1.246751138447452917e-02
1.248093718928329314e-02
1.249417586711637669e-02
1.250725138325290212e-02
1.252030419162679202e-02
1.253326951248390914e-02
1.254606496315647211e-02
1.255866525518636520e-02
1.257119044850624201e-02
1.258344649483530975e-02
1.259556036547573345e-02
1.260755033619997099e-02
1.261935800915375827e-02
1.263108187532184686e-02
1.264260003681416666e-02
1.265394429585260487e-02
1.266516858122631629e-02
1.267627166467998924e-02
1.268731988939959116e-02
1.269824435441280208e-02
1.270899309801022670e-02
1.271958545478908166e-02
1.273014122427507805e-02
1.274039829255293153e-02
1.275046197673958617e-02
1.276047048338413079e-02
1.277008217225622001e-02
1.277923498277583683e-02
1.278816391095703373e-02
1.279693529151863102e-02
1.280563525064571870e-02
1.281421409531970090e-02
1.282256824853394116e-02
1.283072518839715667e-02
1.283865449632877465e-02
1.284631730291355481e-02
1.285363846432376750e-02
1.286078443312770048e-02
1.286774701900540892e-02
1.287448368596964994e-02
1.288096890572710401e-02
1.288711090045579870e-02
1.289289074687201622e-02
1.289847840313244030e-02
1.290363885272537668e-02
1.290824146402092150e-02
1.291247131961941949e-02
1.291619357484766889e-02
1.291936125485752991e-02
1.292218330488533601e-02
