7.670576930992166302e-03
7.667545145426158532e-03
7.664701447164308512e-03
7.661958020233202230e-03
7.659383691425683711e-03
7.657114855000010482e-03
7.654791923612635357e-03
7.652434355205720365e-03
7.650099831136842124e-03
7.647766138992196511e-03
7.645201027785472614e-03
7.642542106974986593e-03
7.639730829075919855e-03
7.636756015220852976e-03
7.633681200392056915e-03
7.630330736661306013e-03
7.626961998238993880e-03
7.623642207365329687e-03
7.620293239652038871e-03
7.616796829948582412e-03
7.613173536701598951e-03
7.609425255339929278e-03
7.605494713109331971e-03
7.601591339150928252e-03
7.597675247614654390e-03
7.593881293622722732e-03
7.590092808831000112e-03
7.586276365572370423e-03
7.582512674991212683e-03
7.578798498270026239e-03
7.575110178678129066e-03
7.571590797801787745e-03
7.568140879965978667e-03
7.564874946473693768e-03
7.561743094712092446e-03
7.558640463956880877e-03
7.555676951712129996e-03
7.552917729361232138e-03
7.550292491196053564e-03
7.547943911007205971e-03
7.545871269932320421e-03
7.543960267302464613e-03
7.542309324435755684e-03
7.540640523661918879e-03
7.539046419218699453e-03
7.537573908806260818e-03
7.536285189935773912e-03
7.535134998304863010e-03
7.534078056047515196e-03
7.533059613896010351e-03
7.532150913722586785e-03
7.531197050023807037e-03
7.530242171048761451e-03
7.529369690555286730e-03
7.528507812107877728e-03
7.527654763018722800e-03
7.526836524134362071e-03
7.526084119863970037e-03
7.525501091617424997e-03
7.525030346596762836e-03
7.524711788431945499e-03
7.524653651448559230e-03
7.524615253275315774e-03
7.524658843649985850e-03
7.524789450787026240e-03
7.524855920901174326e-03
7.525148780391111708e-03
7.525501950683541851e-03
7.525860596081578729e-03
7.526249256172236682e-03
7.526696433161335180e-03
7.527142840567634281e-03
7.527585209821693706e-03
7.527958475824875553e-03
7.528547347399823335e-03
7.529015010256419858e-03
7.529376854044098413e-03
7.529737730694946278e-03
7.530014219507402511e-03
7.530159039620634709e-03
7.530297717874855079e-03
7.530545613878112873e-03
7.530866831425137714e-03
7.531218342724880707e-03
7.531483778377297787e-03
7.531570432498958106e-03
7.531316108001256948e-03
7.530572337297706392e-03
7.529585238307521383e-03
7.528404936956422863e-03
7.527074524538063076e-03
7.525563904088821907e-03
7.523858575034178715e-03
7.521982627443594450e-03
7.519994028745876670e-03
7.517994313705872976e-03
7.515936829004743296e-03
7.513584848917067953e-03
7.510992054580598910e-03
7.508287171613955459e-03
7.505501433526967289e-03
7.502536248374684288e-03
7.499466641683644359e-03
7.496395498200430010e-03
7.493280944675566671e-03
7.490093440422820360e-03
7.486846773268569094e-03
7.483525236990664492e-03
7.480210012308833797e-03
7.476865989916764085e-03
7.473487001140741159e-03
7.470113829564828736e-03
7.466717906331099032e-03
7.463236837634572643e-03
7.459761634110932682e-03
7.456266757147656660e-03
7.452756090939007677e-03
7.449264863470753811e-03
7.445850252086932443e-03
7.442515404410628491e-03
7.439266708219542841e-03
7.436037913463778952e-03
7.432834818385288499e-03
7.429694001009227999e-03
7.426714853559968424e-03
7.423871757511991791e-03
7.421122429795604970e-03
7.418417183037378723e-03
7.415789107329920880e-03
7.413329069905272295e-03
7.410892400226017779e-03
7.408628592547058730e-03
7.406564760463688578e-03
7.404639878009843836e-03
7.402760090638123291e-03
7.400953596914344387e-03
7.399265872571909181e-03
7.397717224141480384e-03
7.396270402184203403e-03
7.394844787839961915e-03
7.393551409366967350e-03
7.392337288586433956e-03
7.391366072486921755e-03
7.390487205949066232e-03
7.389646115897543013e-03
7.388874912934499835e-03
7.388099071354741094e-03
7.387225464851826170e-03
7.386357811659395589e-03
7.385531028162155634e-03
7.384720931992588139e-03
7.383985699736263751e-03
7.383213571772333922e-03
7.382588725763980855e-03
7.382014268850848812e-03
7.381404888021343355e-03
7.380967965443278704e-03
7.380540892903402796e-03
7.380073272060338682e-03
7.379598734381917491e-03
7.379313495918934582e-03
7.379233713080403552e-03
7.379248984570930571e-03
7.379295169653406899e-03
7.379482221005557313e-03
7.379772638290566823e-03
7.380050291271631792e-03
7.380336371100737307e-03
7.380568184914061171e-03
7.380784155769917407e-03
7.380937282635041848e-03
7.380984893530120709e-03
7.380899184349413132e-03
7.380673702413985404e-03
7.380329349863944816e-03
7.379811123390057730e-03
7.379168038544900096e-03
7.378510857262335354e-03
7.377960629134995216e-03
7.377609682429401433e-03
7.377320848368717869e-03
7.377132894950561362e-03
7.377025053013254972e-03
7.376843591581883422e-03
7.376616072899728691e-03
7.376347916554943165e-03
7.376094934194540875e-03
7.375831539697835261e-03
7.375566437598757644e-03
7.375292485849728810e-03
7.374956011141376236e-03
7.374550491797571099e-03
7.374188425595560800e-03
7.373808199740993635e-03
7.373503005610787010e-03
7.373123319718457094e-03
7.372679609189088969e-03
7.372301489437236774e-03
7.372079594628578279e-03
7.371987836839947149e-03
7.372007143118868185e-03
7.372068064320596442e-03
7.372187006913234406e-03
7.372436087951973402e-03
7.372753011568134590e-03
7.373082732311752457e-03
7.373388434718843205e-03
7.373642887436187600e-03
7.373962212737068811e-03
7.374353841715358161e-03
7.374794822127903569e-03
7.375315351726313348e-03
7.375932695298134147e-03
7.376642902736069152e-03
7.377305051455371881e-03
7.377854662776758485e-03
7.378351439674440959e-03
7.378284995707289767e-03
7.378051265059016456e-03
7.377719834407014433e-03
7.377390057779722142e-03
7.376995289415729136e-03
7.376461271928606324e-03
7.375675402579139235e-03
7.374645216819156364e-03
7.373801857376413929e-03
7.373311391580724891e-03
7.373085220554235174e-03
7.372923996293908461e-03
7.372713790730167464e-03
7.372377626795719764e-03
7.372016134271205598e-03
7.371547830817668130e-03
7.370994908630455235e-03
7.370337978996974876e-03
7.369548925766331721e-03
7.368594709140769555e-03
7.367555768904039855e-03
7.366470329664082453e-03
7.365375033602653172e-03
7.364265061042345704e-03
7.363101476288179403e-03
7.361791160424849961e-03
7.360399644857397623e-03
7.358959409181924441e-03
7.357604064564436490e-03
7.356256927205893914e-03
7.354752471216424378e-03
7.353123302391267879e-03
7.351414761497429042e-03
7.349561894454667565e-03
7.347552991923512328e-03
7.345514057598710560e-03
7.343425788273417673e-03
7.341147270681741901e-03
7.338608147379247632e-03
7.335662270812518850e-03
7.332957513072055518e-03
7.330759800587892047e-03
7.328955412291924404e-03
7.327658661188287195e-03
7.326020635504556025e-03
7.324079204634513160e-03
7.321967740179716536e-03
7.319695954941299841e-03
7.317299035129662399e-03
7.314635397211014835e-03
7.311842885665832160e-03
7.308888773515391860e-03
7.305731302435570715e-03
7.302248884950893713e-03
7.298456048540454683e-03
7.294386903935445518e-03
7.290111006765792080e-03
7.285617568487736360e-03
7.280889711783920457e-03
7.275959714694512151e-03
7.270749482547305895e-03
7.265294209548420548e-03
7.259580074094478669e-03
7.253629959029538228e-03
7.247451791835740446e-03
7.240978961164468673e-03
7.234259890305834093e-03
7.227314524455488894e-03
7.220116286101584645e-03
7.212705594349363807e-03
7.205126911677091524e-03
7.197398756739460841e-03
7.189364445675788980e-03
7.181024520150474169e-03
7.172435481659073311e-03
7.163614257513647998e-03
7.154627895762640487e-03
7.145321087679715535e-03
7.135778742994770482e-03
7.126039636747248489e-03
7.115977606793424427e-03
7.105798664018807796e-03
7.095506263652564746e-03
7.085105155116000301e-03
7.074574457190273627e-03
7.064122344166512933e-03
7.053587003242206901e-03
7.042903242744516859e-03
7.032418994583446333e-03
7.022074522877193477e-03
7.011824543718093820e-03
7.001299113900026454e-03
6.990618560774883652e-03
6.979660072973492210e-03
6.968401924150266664e-03
6.956806614913066920e-03
6.944807590648672223e-03
6.932444255846858736e-03
6.919892028764946558e-03
6.907166887697878052e-03
6.894291850972626007e-03
6.881094399901969971e-03
6.867629145323674196e-03
6.854007813939327030e-03
6.840224968512856503e-03
6.826419005832415517e-03
6.812259201430041246e-03
6.797988137399874932e-03
6.783489618661493747e-03
6.768732276379063259e-03
6.753699932346283671e-03
6.738362225992938249e-03
6.722784343577540428e-03
6.707042968307870383e-03
6.690893294112484208e-03
6.674232827413225169e-03
6.657327305917143390e-03
6.640337460847023365e-03
6.623194544484274290e-03
6.605688786032302799e-03
6.587898452446471799e-03
6.569890214463229398e-03
6.551558199814113033e-03
6.533037063863138087e-03
6.514369492627989505e-03
6.495421676901112773e-03
6.476355386603425100e-03
6.456775776359914391e-03
6.436818329092328442e-03
6.416660462705538193e-03
6.396361670961235937e-03
6.375959936386778500e-03
6.355158401585667138e-03
6.334116720452180431e-03
6.312891444418082358e-03
6.291686079829541742e-03
6.270262887760936349e-03
6.248919970942324285e-03
6.227315803163359365e-03
6.205652701760350221e-03
6.184077368119210091e-03
6.162457254693396239e-03
6.140761914568360069e-03
6.119129653028535822e-03
6.097389826020368359e-03
6.075708132756576542e-03
6.054364543897686884e-03
6.033264029267735792e-03
6.012235258156823497e-03
5.991291552716500324e-03
5.970463855826936735e-03
5.949550991063513004e-03
5.928968653977546334e-03
5.908477167187410270e-03
5.888065466684911688e-03
5.867865889110248853e-03
5.847766737610414489e-03
5.827797945109228737e-03
5.807686238780630957e-03
5.787411760950890958e-03
5.767007324672642279e-03
5.746680473726652194e-03
5.726316085236780699e-03
5.705808881070986716e-03
5.685024258164929865e-03
5.664067398765960416e-03
5.642846714054659991e-03
5.621483711748433663e-03
5.600268953875979332e-03
5.579129259777427380e-03
5.557829541979371346e-03
5.536884819582855305e-03
5.516145604012448640e-03
5.495171562858483863e-03
5.473805151232013881e-03
5.452492446101089851e-03
5.431178241466922893e-03
5.410127390156138118e-03
5.389125226170685297e-03
5.368700390835262279e-03
5.348415159503414409e-03
5.327353560788616882e-03
5.306372560739140189e-03
5.285866068998083464e-03
5.265476456500238489e-03
5.245342802355429553e-03
5.225762638729270979e-03
5.206202797749835860e-03
5.186600985562962382e-03
5.167114545457796547e-03
5.147652786807681465e-03
5.128178239809723891e-03
5.108473406959532573e-03
5.088645991034249604e-03
5.068793872208843601e-03
5.048506398088073270e-03
5.028669833007450712e-03
5.009392534188241916e-03
4.990417668288503993e-03
4.971517977322052230e-03
4.953171526773410618e-03
4.935345490599989289e-03
4.918278274860911695e-03
4.902380292871088945e-03
4.886260587799529445e-03
4.870538849414587923e-03
4.855464964705100833e-03
4.840793346715684294e-03
4.826177465902830276e-03
4.811307672483619916e-03
4.796360322846796552e-03
4.782174990913013249e-03
4.768439951159352853e-03
4.755343480313400581e-03
4.743296718155542123e-03
4.731246519088586067e-03
4.718649432698967909e-03
4.706764865634924418e-03
4.695645941180584884e-03
4.684688408974773538e-03
4.673650382105466738e-03
4.662613300233207567e-03
4.652094099503492099e-03
4.641949894176018200e-03
4.632402623674244067e-03
4.623310771096009360e-03
4.614319623087372903e-03
4.605776572268734798e-03
4.597889275315939286e-03
4.590377376425625565e-03
4.582629998783341145e-03
4.575871252643294758e-03
4.569824835534974650e-03
4.565434227595954395e-03
4.561624958527940414e-03
4.557858064790505127e-03
4.555017166616311640e-03
4.552345278937413274e-03
4.549814282230031127e-03
4.547169608402832665e-03
4.544613572755967085e-03
4.541535431156703412e-03
4.537593428422127990e-03
4.533197679363655704e-03
4.528818608174458270e-03
4.523836659753477374e-03
4.517370720695893307e-03
4.509715807600224620e-03
4.502745807390593456e-03
4.495498740663566618e-03
4.488399430774404550e-03
4.482041168693547822e-03
4.477875535007690144e-03
4.474693555278646054e-03
4.471507926020402285e-03
4.467983772024109596e-03
4.465097405778623713e-03
4.462479668789543809e-03
4.460297850260863672e-03
4.458809747811336502e-03
4.457947467339510271e-03
4.457045242030172570e-03
4.455984091989041891e-03
4.454637410059339789e-03
4.454138099264455877e-03
4.453381249546162560e-03
4.453092394041204688e-03
4.453079053536768313e-03
4.449382121913210419e-03
4.445768017851100921e-03
4.441849344068116330e-03
4.437846787742048306e-03
4.432647065892438704e-03
4.427184516837460657e-03
4.422299178029357077e-03
4.418022212013158513e-03
4.414336661345574266e-03
4.410877719488504045e-03
4.407390707888213070e-03
4.404071218323086026e-03
4.400737670735501914e-03
4.400930911687038309e-03
6.421927242207915200e-03
