1.101663914760103377e-02
1.099720107562307710e-02
1.097814237750590824e-02
1.095968754594871947e-02
1.094168523270378293e-02
1.092401006322405062e-02
1.090651597191146654e-02
1.088929793578486196e-02
1.087248637082845713e-02
1.085625952807776039e-02
1.084044795399917958e-02
1.082486339708110638e-02
1.080926212777194237e-02
1.079375314731133122e-02
1.077847032182908081e-02
1.076352109944499202e-02
1.074893628203343020e-02
1.073477803686286904e-02
1.072099076613642829e-02
1.070749529464324820e-02
1.069416598423364798e-02
1.068121323484954623e-02
1.066846536625527288e-02
1.065590675639753633e-02
1.064352324023140443e-02
1.063142813215800335e-02
1.061999348085742104e-02
1.060888168726353137e-02
1.059809112279647657e-02
1.058768262155896853e-02
1.057753887772975264e-02
1.056763846347767537e-02
1.055803161988627323e-02
1.054880878498362477e-02
1.053994094784761401e-02
1.053147331348907798e-02
1.052314334904297377e-02
1.051491803133627716e-02
1.050685358815381734e-02
1.049912594577333616e-02
1.049176523426649521e-02
1.048459161214281357e-02
1.047770843280006713e-02
1.047142625041472437e-02
1.046585973847951982e-02
1.046147026789802370e-02
1.045801742710793410e-02
1.045555794360270192e-02
1.045388728109331901e-02
1.045278675469561193e-02
1.045219044411248646e-02
1.045206174541025122e-02
1.045234590809710623e-02
1.045306979787618933e-02
1.045419797563013758e-02
1.045559351769109573e-02
1.045728953153691847e-02
1.045925456778761843e-02
1.046142329007423641e-02
1.046380857605395606e-02
1.046620398610592119e-02
1.046872719392631483e-02
1.047151045784732934e-02
1.047437694794198237e-02
1.047725309177212002e-02
1.048038702130314227e-02
1.048370606313025338e-02
1.048706144514885245e-02
1.049052296298682262e-02
1.049411748517889431e-02
1.049761510009927616e-02
1.050105302713199781e-02
1.050427466503994246e-02
1.050745806201407694e-02
1.051048725154900623e-02
1.051352389512308187e-02
1.051656993869626647e-02
1.051983471537178312e-02
1.052306922448206263e-02
1.052620208353804640e-02
1.052950084844399628e-02
1.053290092683139764e-02
1.053654945795323358e-02
1.054018425114604078e-02
1.054390562607700893e-02
1.054773778197733332e-02
1.055162370439188639e-02
1.055563362706427727e-02
1.055969633760328943e-02
1.056392687704815064e-02
1.056850159027983641e-02
1.057306616152772598e-02
1.057769887659070276e-02
1.058207412310026643e-02
1.058640053522168570e-02
1.059087377132829182e-02
1.059555218512356518e-02
1.060054885189767176e-02
1.060551883783867819e-02
1.061038220833965956e-02
1.061528408285321648e-02
1.062026314540021749e-02
1.062530087728943279e-02
1.063022381238121726e-02
1.063522821134875278e-02
1.064038006100227751e-02
1.064576310712845968e-02
1.065128368444634606e-02
1.065694249187608758e-02
1.066285981775117082e-02
1.066908875047091823e-02
1.067588305725650742e-02
1.068314131280307874e-02
1.069051833425895340e-02
1.069792916039892169e-02
1.070527271493646945e-02
1.071262202690071753e-02
1.071980853788138954e-02
1.072690484396626905e-02
1.073399019285523406e-02
1.074107012298028234e-02
1.074832443148605529e-02
1.075569164092543030e-02
1.076301729635151250e-02
1.077035813323892928e-02
1.077766260596080099e-02
1.078490616577582918e-02
1.079183764188484940e-02
1.079856312160505302e-02
1.080509291799140043e-02
1.081163539193379791e-02
1.081825768171120611e-02
1.082500261714704030e-02
1.083179274140317651e-02
1.083856550819124916e-02
1.084545422661141630e-02
1.085240705629063676e-02
1.085926365204395276e-02
1.086614550515974977e-02
1.087300753406319695e-02
1.087987036242921667e-02
1.088655196131491955e-02
1.089319245988048905e-02
1.089975563940292005e-02
1.090622708553481458e-02
1.091259470760447790e-02
1.091882999306454348e-02
1.092482449138885287e-02
1.093066855382631916e-02
1.093640631620898876e-02
1.094203666415791837e-02
1.094760163471835551e-02
1.095268179262326794e-02
1.095692085160928676e-02
1.095997682798409076e-02
1.096156845050476683e-02
1.096104144297615178e-02
1.095969414502675696e-02
1.095864820417726503e-02
1.095752442502770374e-02
1.095628464012647282e-02
1.095509624319554107e-02
1.095397648130690821e-02
1.095302896149849894e-02
1.095219997841191673e-02
1.095149248550812866e-02
1.095087293333119917e-02
1.095038358374067489e-02
1.094996274116123020e-02
1.094943723979006564e-02
1.094887347162033960e-02
1.094834993711824023e-02
1.094795737174163869e-02
1.094774944842059720e-02
1.094763196763752326e-02
1.094747692175188081e-02
1.094748087027640725e-02
1.094768960916905377e-02
1.094803251213447015e-02
1.094845300672484846e-02
1.094912859952760185e-02
1.094997377487336686e-02
1.095107726584324676e-02
1.095216137443599629e-02
1.095294558961270454e-02
1.095371584861348606e-02
1.095462953839066063e-02
1.095539868759764016e-02
1.095597031865848045e-02
1.095645567830221684e-02
1.095685121722351184e-02
1.095723041145006856e-02
1.095769264267084514e-02
1.095838597211103681e-02
1.095930240149580598e-02
1.096067551709347700e-02
1.096255111609645977e-02
1.096491073881244310e-02
1.096773163467198824e-02
1.097114940555552615e-02
1.097497891498561140e-02
1.097925587059474413e-02
1.098395280248351709e-02
1.098903027671140412e-02
1.099446149199550735e-02
1.100028433740973637e-02
1.100636302077678645e-02
1.101255947555424691e-02
1.101885385831423425e-02
1.102530755708176942e-02
1.103193298328825761e-02
1.103861967309697177e-02
1.104537329246581788e-02
1.105216016033991333e-02
1.105881810156490383e-02
1.106529350917976988e-02
1.107130786816015039e-02
1.107664902293798055e-02
1.108159221415076952e-02
1.108625179079530433e-02
1.109084378366976230e-02
1.109532608002660597e-02
1.109959065890489191e-02
1.110373932229636630e-02
1.110783591727190940e-02
1.111180077710513005e-02
1.111575065622780710e-02
1.111961147538145268e-02
1.112333633379284856e-02
1.112690322577433027e-02
1.113044464966341657e-02
1.113400065500316262e-02
1.113760299174483027e-02
1.114123174871441829e-02
1.114484817437046138e-02
1.114853958752255216e-02
1.115231888739045239e-02
1.115628931976952141e-02
1.116044103925177555e-02
1.116472695237959341e-02
1.116906592930569028e-02
1.117350084732935019e-02
1.117802927746586877e-02
1.118262520921978025e-02
1.118726792611455731e-02
1.119183674205581798e-02
1.119646310014773237e-02
1.120105571660123291e-02
1.120556333107026840e-02
1.121005551830666497e-02
1.121445921092993278e-02
1.121879889467299746e-02
1.122297095329374481e-02
1.122697013857036803e-02
1.123080668529505451e-02
1.123450209565826120e-02
1.123803684195562314e-02
1.124135561611204655e-02
1.124451273060322713e-02
1.124750642658031013e-02
1.125032888922832160e-02
1.125306142116479398e-02
1.125566202760780454e-02
1.125814603811837143e-02
1.126059917723391292e-02
1.126278811114011548e-02
1.126495963866105086e-02
1.126698537283758912e-02
1.126887748626688446e-02
1.127070537496169429e-02
1.127254268744865874e-02
1.127440112554771792e-02
1.127614000641928918e-02
1.127776915051083295e-02
1.127930095365342784e-02
1.128081594403716748e-02
1.128226833255467632e-02
1.128361261595086165e-02
1.128497172763559715e-02
1.128624355192844701e-02
1.128749454807355217e-02
1.128873769467599736e-02
1.128991974550861907e-02
1.129102681188386484e-02
1.129207842617263417e-02
1.129310674903536219e-02
1.129412664066665843e-02
1.129506444125339022e-02
1.129604130593077349e-02
1.129700919328383880e-02
1.129794993118180685e-02
1.129894112428608648e-02
1.129998644939061471e-02
1.130109164567987858e-02
1.130228977347847059e-02
1.130346939359000089e-02
1.130459713118725507e-02
1.130578484675688264e-02
1.130703804528853176e-02
1.130837934861501741e-02
1.130980611048653349e-02
1.131131754106523557e-02
1.131277290900130177e-02
1.131421922190984850e-02
1.131574820972221056e-02
1.131734480496288803e-02
1.131893616109777914e-02
1.132071692269252285e-02
1.132259368377075588e-02
1.132446751448329056e-02
1.132626807823965652e-02
1.132809706400382532e-02
1.132994277201781509e-02
1.133179521568388089e-02
1.133364509579544953e-02
1.133559103768329822e-02
1.133745790788197837e-02
1.133917185080101329e-02
1.134085731007059873e-02
1.134246114798759253e-02
1.134389027351235396e-02
1.134513728530643986e-02
1.134642391053978724e-02
1.134764155703524985e-02
1.134878128241324953e-02
1.134978816787435979e-02
1.135061731746392528e-02
1.135138357000191681e-02
1.135214925474221405e-02
1.135277221780208769e-02
1.135335780822674910e-02
1.135382678177383232e-02
1.135418720438289772e-02
1.135438624569084544e-02
1.135449028767271037e-02
1.135455351203274073e-02
1.135458313171167598e-02
1.135464621542457177e-02
1.135470421717446957e-02
1.135466483944938890e-02
1.135451507455980356e-02
1.135432993865210724e-02
1.135413846667778989e-02
1.135383407589053706e-02
1.135343721525515319e-02
1.135294592048680280e-02
1.135240672929157743e-02
1.135184654824781397e-02
1.135128869526141199e-02
1.135072701875659666e-02
1.135006375291285931e-02
1.134931955202246080e-02
1.134856470709578319e-02
1.134785086254539409e-02
1.134703055940017302e-02
1.134617848693214928e-02
1.134532479875845559e-02
1.134445511501180719e-02
1.134363871829735700e-02
1.134272449542304308e-02
1.134169133933438101e-02
1.134055019750082084e-02
1.133944632064664247e-02
1.133828305597372847e-02
1.133708767383294520e-02
1.133577054076004981e-02
1.133443057336430172e-02
1.133312177710693591e-02
1.133171553235331162e-02
1.133024229007638731e-02
1.132875296019813724e-02
1.132723733451476006e-02
1.132571216349232378e-02
1.132410897628537833e-02
1.132247544098624777e-02
1.132079819221022687e-02
1.131908451886486783e-02
1.131733617252791806e-02
1.131554961227752149e-02
1.131372003527446844e-02
1.131187602544440896e-02
1.131007769511245889e-02
1.130831054329852446e-02
1.130658144521657672e-02
1.130487866290817711e-02
1.130315100211840354e-02
1.130138596652293867e-02
1.129961294138882334e-02
1.129778387748735582e-02
1.129591500740795978e-02
1.129400149575422035e-02
1.129207572956768442e-02
1.129015876337721193e-02
1.128829761716965661e-02
1.128649948695600695e-02
1.128481682283118646e-02
1.128319657391127322e-02
1.128166080226216707e-02
1.128019053658217523e-02
1.127874116307910068e-02
1.127738971340751239e-02
1.127615738274339967e-02
1.127506280856856342e-02
1.127413057504721844e-02
1.127333601423459973e-02
1.127264339937084428e-02
1.127204844440814722e-02
1.127158690475671236e-02
1.127120611153718636e-02
1.127087669315655211e-02
1.127069002749421338e-02
1.127063637951111232e-02
1.127073821606775980e-02
1.127108601516234668e-02
1.127165926944414566e-02
1.127261128342230828e-02
1.127406717118845103e-02
1.127599011401397670e-02
1.127824844208802704e-02
1.128075198627177984e-02
1.128340637081819663e-02
1.128606116124446224e-02
1.128888127782012342e-02
1.129183170353242893e-02
1.129500834323192253e-02
1.129834791004873454e-02
1.130177366273858730e-02
1.130518481026528306e-02
1.130870624880419596e-02
1.131210328929300492e-02
1.131528500552929535e-02
1.131843671400474191e-02
1.132145987056453959e-02
1.132441693534254161e-02
1.132729234577665132e-02
1.133015732488156825e-02
1.133284075154206323e-02
1.133542516913083227e-02
1.133802391492945080e-02
1.134060960854369610e-02
1.134323025883132892e-02
1.134581622527497044e-02
1.134839098118692671e-02
1.135085484356128382e-02
1.135316263862188452e-02
1.135553892666683537e-02
1.135801073668957044e-02
1.136057917997609565e-02
1.136327462762568713e-02
1.136627610021728567e-02
1.136955684028456877e-02
1.137328292604841522e-02
1.137736996705723813e-02
1.138178920661514493e-02
1.138672236147192721e-02
1.139215931154529370e-02
1.139807002107520555e-02
1.140444177755747975e-02
1.141166087637966731e-02
1.141972133721689403e-02
1.142850156736508090e-02
1.143773206173564864e-02
1.144741928532176135e-02
1.145781604874432542e-02
1.146888104775978245e-02
1.148048469708672949e-02
1.149266120545097865e-02
1.150512497017841876e-02
1.151788049393080889e-02
1.153122545354812872e-02
1.154511706148046192e-02
1.155926735172602311e-02
1.157349376213287137e-02
1.158808159877896052e-02
1.160282968471207203e-02
1.161774700973679068e-02
1.163276997475962658e-02
1.164773982866770981e-02
1.166285327353364619e-02
1.167813069049473094e-02
1.169369286451073069e-02
1.170943988576052253e-02
1.172524253306080413e-02
1.174120764668539450e-02
1.175731599910738445e-02
1.177365663200950589e-02
1.179021046339556039e-02
1.180684775702722442e-02
1.182353293145830403e-02
1.184021348537053417e-02
1.185675156612235777e-02
1.187311458373230093e-02
1.188952717153514069e-02
1.190587877947181343e-02
1.192202797491025666e-02
1.193792701075265320e-02
1.195364395348393755e-02
1.196914686828217354e-02
1.198432932140452989e-02
1.199929958737833147e-02
