1.360813655361616664e-02
1.359980503519688140e-02
1.359133958506749014e-02
1.358278467640184478e-02
1.357411322311443021e-02
1.356525984924764582e-02
1.355628747200933633e-02
1.354714589403033936e-02
1.353783768783222222e-02
1.352835398186034814e-02
1.351877120294048967e-02
1.350907325933406802e-02
1.349923754110724135e-02
1.348932551140527222e-02
1.347928641742821357e-02
1.346915415828655455e-02
1.345892759030301901e-02
1.344853102826594309e-02
1.343803063941244325e-02
1.342745968842715999e-02
1.341680247211724832e-02
1.340601719395878924e-02
1.339505381785005556e-02
1.338394267437145214e-02
1.337277411890496794e-02
1.336151428919560118e-02
1.335016373634013119e-02
1.333867636796236093e-02
1.332712876134038889e-02
1.331549041051739365e-02
1.330379911698317472e-02
1.329202967642162392e-02
1.328015150434986268e-02
1.326813554521239120e-02
1.325602988447100936e-02
1.324396630234620127e-02
1.323188589104978309e-02
1.321973882149487037e-02
1.320752268359379547e-02
1.319524448779743099e-02
1.318293268876132365e-02
1.317055846262253811e-02
1.315802784928139790e-02
1.314541228871057843e-02
1.313278075125245796e-02
1.312012204419754635e-02
1.310734720481293754e-02
1.309447963041133166e-02
1.308153766900394671e-02
1.306854041014349210e-02
1.305549626243766338e-02
1.304237918791458471e-02
1.302913005538181533e-02
1.301579253566131911e-02
1.300242572791232391e-02
1.298908015551949839e-02
1.297577819842600337e-02
1.296247024400181552e-02
1.294909385425004403e-02
1.293568075345926001e-02
1.292227290261497089e-02
1.290889174368526314e-02
1.289548721792189122e-02
1.288201504294917733e-02
1.286849995900105764e-02
1.285490099582711418e-02
1.284122734489185312e-02
1.282751885206554962e-02
1.281380628178605159e-02
1.280010721452329650e-02
1.278641813900468875e-02
1.277273736877712791e-02
1.275894975901605520e-02
1.274504778033332293e-02
1.273117367665641333e-02
1.271736155386549681e-02
1.270356751073720147e-02
1.268972342899607302e-02
1.267584066640253630e-02
1.266195161039092992e-02
1.264804633999579327e-02
1.263413363508772945e-02
1.262021750668682052e-02
1.260630318941217271e-02
1.259237942053706601e-02
1.257838506687839267e-02
1.256439601852282414e-02
1.255041057771967040e-02
1.253645657229470953e-02
1.252249767069008209e-02
1.250858564443138761e-02
1.249463928072905294e-02
1.248069421884665658e-02
1.246677390595109063e-02
1.245289987111885405e-02
1.243911118841260072e-02
1.242538796108615638e-02
1.241180104050893830e-02
1.239846852357779153e-02
1.238525546208810169e-02
1.237207803077268985e-02
1.235898063897447954e-02
1.234587090318265551e-02
1.233279405135510876e-02
1.231981012782740366e-02
1.230694588633862371e-02
1.229415123031029483e-02
1.228140784644542009e-02
1.226873681640032118e-02
1.225612191706612272e-02
1.224359337002965675e-02
1.223109012233229015e-02
1.221861550638741849e-02
1.220622171710040831e-02
1.219387395942099148e-02
1.218158362103000797e-02
1.216934712448696117e-02
1.215717147032706509e-02
1.214505994556267822e-02
1.213302426623481291e-02
1.212106642262116528e-02
1.210913890741069018e-02
1.209721454197854387e-02
1.208527685817439162e-02
1.207327896238872232e-02
1.206131508075669601e-02
1.204934812851325004e-02
1.203730495355099725e-02
1.202519887574928989e-02
1.201302068285501311e-02
1.200084488163618256e-02
1.198869156585580242e-02
1.197662455379408346e-02
1.196465971279545189e-02
1.195279065262387294e-02
1.194099840003555457e-02
1.192927409712195817e-02
1.191767103372677952e-02
1.190611985395280577e-02
1.189460702829073582e-02
1.188312647366368199e-02
1.187166322637325973e-02
1.186023357882710037e-02
1.184885140563888759e-02
1.183757328278703218e-02
1.182638531422984009e-02
1.181525603249341909e-02
1.180420575902335796e-02
1.179330005540452954e-02
1.178247965586233514e-02
1.177174092857087920e-02
1.176106445930664816e-02
1.175049199654812013e-02
1.174001908024194414e-02
1.172964454240204082e-02
1.171933886742554387e-02
1.170906716502553846e-02
1.169886088952226330e-02
1.168872117170931778e-02
1.167864618865429444e-02
1.166866446812088107e-02
1.165876645493560751e-02
1.164897826939213961e-02
1.163929731976602253e-02
1.162971847424097184e-02
1.162022279406181406e-02
1.161080805911128902e-02
1.160145262208371608e-02
1.159215372121316472e-02
1.158294318693641953e-02
1.157383870930516791e-02
1.156481749956604459e-02
1.155582855366190688e-02
1.154689071434191784e-02
1.153803248648205965e-02
1.152923489983544506e-02
1.152051775829271603e-02
1.151187109318323708e-02
1.150328377981581565e-02
1.149473688713622578e-02
1.148624708920571724e-02
1.147775264413392060e-02
1.146932874435072774e-02
1.146096592076464860e-02
1.145263844976482544e-02
1.144433095388505163e-02
1.143603407780940245e-02
1.142777564846141417e-02
1.141954419023595742e-02
1.141132882549012947e-02
1.140315233780884313e-02
1.139498671903025652e-02
1.138681574436969067e-02
1.137865147853978597e-02
1.137049572383450058e-02
1.136237481922633928e-02
1.135429181137823096e-02
1.134622086275733494e-02
1.133817821034125567e-02
1.133017005691736197e-02
1.132219585593723619e-02
1.131428209265905767e-02
1.130641192286700909e-02
1.129857625363768145e-02
1.129077668056440754e-02
1.128303644391964039e-02
1.127535768469503825e-02
1.126771265939528581e-02
1.126008145165803900e-02
1.125247034202040905e-02
1.124489485600032451e-02
1.123735806304495058e-02
1.122988646201233433e-02
1.122244820887318383e-02
1.121504742882544273e-02
1.120771004648985457e-02
1.120042178214076048e-02
1.119316622160147594e-02
1.118595090024178222e-02
1.117877601536036020e-02
1.117166418945903482e-02
1.116461440930603850e-02
1.115760193674260325e-02
1.115063914020353493e-02
1.114370717972656098e-02
1.113680952320074066e-02
1.112995178622411437e-02
1.112312061165664917e-02
1.111630550057810495e-02
1.110950460267372437e-02
1.110271865633134965e-02
1.109598248258826698e-02
1.108927274233945451e-02
1.108259876979511560e-02
1.107591106485716903e-02
1.106922547210789469e-02
1.106257635559764960e-02
1.105595605813535116e-02
1.104934000109604464e-02
1.104274215347469598e-02
1.103615938030984983e-02
1.102957215922793777e-02
1.102302169035453312e-02
1.101650109617842606e-02
1.101001347191340150e-02
1.100354651758696234e-02
1.099709585082577108e-02
1.099063961043913844e-02
1.098419926555943560e-02
1.097780306702750980e-02
1.097141078604240046e-02
1.096503648710079291e-02
1.095866317641942117e-02
1.095230477539290044e-02
1.094592083937617061e-02
1.093950223211209716e-02
1.093303406606422126e-02
1.092650410086191438e-02
1.091988053795273778e-02
1.091315408567494934e-02
1.090635614523519439e-02
1.089945682591670142e-02
1.089248083425155451e-02
1.088542826321552831e-02
1.087829575620517623e-02
1.087110165939293889e-02
1.086385578591110741e-02
1.085655671342926690e-02
1.084921425628378698e-02
1.084184681357419633e-02
1.083445559147270219e-02
1.082704048108876042e-02
1.081962730817127676e-02
1.081220207300820531e-02
1.080477664194685362e-02
1.079735332262918811e-02
1.078990606613302802e-02
1.078243184116543622e-02
1.077495332072754032e-02
1.076749184778526616e-02
1.076003065141450943e-02
1.075256338450048844e-02
1.074508295942035174e-02
1.073758208616141380e-02
1.073006040234850307e-02
1.072253145407030608e-02
1.071500631141200643e-02
1.070748040044713911e-02
1.069992972630616317e-02
1.069235652564278286e-02
1.068477763251668086e-02
1.067719275407510472e-02
1.066958589754255123e-02
1.066195365747187908e-02
1.065432452559809777e-02
1.064671623443259364e-02
1.063909443717473736e-02
1.063147055455821235e-02
1.062384633888320030e-02
1.061619517604370233e-02
1.060853533693110334e-02
1.060088408676976290e-02
1.059324678988493411e-02
1.058559996633371553e-02
1.057792156913091655e-02
1.057021222314075311e-02
1.056247256432589487e-02
1.055469920975023179e-02
1.054691389815494255e-02
1.053912231488298400e-02
1.053133210865762892e-02
1.052353774218518258e-02
1.051575806295340990e-02
1.050799559010322584e-02
1.050022790328050681e-02
1.049243519173496259e-02
1.048464532013863339e-02
1.047687939189824100e-02
1.046912211543057913e-02
1.046135638465900408e-02
1.045360559031993306e-02
1.044585721041932543e-02
1.043813187385240690e-02
1.043040651236630534e-02
1.042268536997007118e-02
1.041497639818645890e-02
1.040729383047572960e-02
1.039963549363386204e-02
1.039198703777147008e-02
1.038435687237981679e-02
1.037673753154610620e-02
1.036917183668715700e-02
1.036163069329596592e-02
1.035408884295384128e-02
1.034653517777801672e-02
1.033898798174767882e-02
1.033148359373224634e-02
1.032399481936475266e-02
1.031650283188851810e-02
1.030903007406398786e-02
1.030160017765260894e-02
1.029415737771146970e-02
1.028669193251535198e-02
1.027922175330272213e-02
1.027175207247374954e-02
1.026426207643808645e-02
1.025676802150730232e-02
1.024925239619687602e-02
1.024171795774108523e-02
1.023415221409079354e-02
1.022657110012105408e-02
1.021895752818285409e-02
1.021132212871579854e-02
1.020365016631608404e-02
1.019597700423571437e-02
1.018829157982337891e-02
1.018057927724547174e-02
1.017279952158091361e-02
1.016498269203574764e-02
1.015712932405829667e-02
1.014925209543984276e-02
1.014131905099308409e-02
1.013333926716388118e-02
1.012530906303295286e-02
1.011724646710551387e-02
1.010913226040950977e-02
1.010094324737388985e-02
1.009273866613119228e-02
1.008447397437515526e-02
1.007615673183197107e-02
1.006778636515102791e-02
1.005936843445115643e-02
1.005094850812261742e-02
1.004251262639734542e-02
1.003402934608301281e-02
1.002552729973942014e-02
1.001700768935067688e-02
1.000849911669405949e-02
1.000003390425306150e-02
9.991589173495647042e-03
9.983141110059294207e-03
9.974717872620521980e-03
9.966318946462089309e-03
9.957936023654110486e-03
9.949581956840956171e-03
9.941263469385655874e-03
9.932976060339354651e-03
9.924679547833960974e-03
9.916408838199990139e-03
9.908136680531157148e-03
9.899880279743211026e-03
9.891676989062896108e-03
9.883477012215076060e-03
9.875293259430472162e-03
9.867143978880032681e-03
9.858990857006160249e-03
9.850821112990364517e-03
9.842650414088237321e-03
9.834462695174881613e-03
9.826262802298426149e-03
9.818023770809078399e-03
9.809774170026357848e-03
9.801498084968678429e-03
9.793184445655557513e-03
9.784823066423396082e-03
9.776397863929068080e-03
9.767930507181922517e-03
9.759407952350919804e-03
9.750878160277268170e-03
9.742335297778152367e-03
9.733792244929984072e-03
9.725220510311867114e-03
9.716610192841455135e-03
9.708016471337354431e-03
9.699425935928762676e-03
9.690824631663931890e-03
9.682230036941410004e-03
9.673544485317178004e-03
9.664837518063519942e-03
9.656170505683044428e-03
9.647544307364044891e-03
9.638911391126539149e-03
9.630387148282661125e-03
9.621895730703431890e-03
9.613401872510125498e-03
9.604930042664973355e-03
9.596531297641777702e-03
9.588198663838653352e-03
9.579898883151029623e-03
9.571655023831778658e-03
9.563477587117681644e-03
9.555311428741939880e-03
9.547148250616692422e-03
9.539021172220470482e-03
9.530930525669441961e-03
9.522901543834899271e-03
9.514943640723397614e-03
9.506998586277574242e-03
9.499048025529980427e-03
9.491041027021538193e-03
9.483065522590813229e-03
9.475176215916703004e-03
9.467309207513657440e-03
9.459462429298914204e-03
9.451632605551667579e-03
9.443846672023832947e-03
9.436140823723666513e-03
9.428458312133448233e-03
9.420783210335516647e-03
9.413086137566374287e-03
9.405299800934113080e-03
9.397510637963955513e-03
9.389765768945852742e-03
9.382024962592157985e-03
9.374248924911548347e-03
9.366412186614598082e-03
9.358569060630664294e-03
9.350726318485907962e-03
9.342858081085522737e-03
9.334912168707834926e-03
9.326922290724971518e-03
9.318942630863469301e-03
9.310977289899427176e-03
9.303013118461734079e-03
9.295089010787771153e-03
9.287152352012488510e-03
9.279208299987906639e-03
9.271227622418604444e-03
9.263231812413815283e-03
9.255046924445262807e-03
9.245895236473001405e-03
9.236588094890715514e-03
9.227239824092582296e-03
9.217888642985191602e-03
9.208432348367422485e-03
9.198974555248210644e-03
9.189531005850100701e-03
9.180016781042781709e-03
9.170516117715410420e-03
9.160960659408606821e-03
9.151411128307418430e-03
9.141879310766477112e-03
9.132280955028878461e-03
9.122645343437816787e-03
9.112905802311667761e-03
9.103116405858206056e-03
9.093256836567286880e-03
9.083316513837676534e-03
9.073373270956773540e-03
9.063439101590064009e-03
9.053519704482416303e-03
9.043623074712804286e-03
9.033746315164476598e-03
9.023855614485121537e-03
9.013951067535158970e-03
9.004060559298905295e-03
8.994150591065560446e-03
8.984241870885404171e-03
8.974390135012876371e-03
8.964515726453329073e-03
