1.112199580562936788e-02
1.108935424236847343e-02
1.105757473523742360e-02
1.102674441128034463e-02
1.099688642034282564e-02
1.096781547575531417e-02
1.093954811540165037e-02
1.091199574611046580e-02
1.088520507047014557e-02
1.085924251157921808e-02
1.083373835081622751e-02
1.080874865943771100e-02
1.078437504995047660e-02
1.076070352547241898e-02
1.073764649222654251e-02
1.071526333699944836e-02
1.069365745027808443e-02
1.067287713760614425e-02
1.065283994947141891e-02
1.063358904296687717e-02
1.061527302332601619e-02
1.059780073113156772e-02
1.058102062627933916e-02
1.056470798762002873e-02
1.054857537912983270e-02
1.053266739263436676e-02
1.051747163657065255e-02
1.050371271737846231e-02
1.049238541808526423e-02
1.048383459201433950e-02
1.047723477028813209e-02
1.047180689831050254e-02
1.046720713915794305e-02
1.046314638112054093e-02
1.045916641914707360e-02
1.045524184638273180e-02
1.045137430711903619e-02
1.044758093076617739e-02
1.044388471804545172e-02
1.044028181631772960e-02
1.043665557820824472e-02
1.043298197665431040e-02
1.042938838316016456e-02
1.042571233596786308e-02
1.042182855314458846e-02
1.041773276528806282e-02
1.041346143119438288e-02
1.040921943769732710e-02
1.040465353970037102e-02
1.039977852039153210e-02
1.039461777920336859e-02
1.038933499077138688e-02
1.038421639550884956e-02
1.037908891950236993e-02
1.037395667622777705e-02
1.036903758833644836e-02
1.036431148454428422e-02
1.035957862202067058e-02
1.035468753103761970e-02
1.034987779232594482e-02
1.034493023477617291e-02
1.033971372058005087e-02
1.033455853466414692e-02
1.032935256355537595e-02
1.032379772244747425e-02
1.031777909616203928e-02
1.031131653445026969e-02
1.030416331300458392e-02
1.029625274082597401e-02
1.028797967444373788e-02
1.027947142204969563e-02
1.027081849110018409e-02
1.026198682108396890e-02
1.025281193235599679e-02
1.024326206327370002e-02
1.023343334013971859e-02
1.022328100395225939e-02
1.021298543990089430e-02
1.020259643404574680e-02
1.019199953689479618e-02
1.018100620197382247e-02
1.016980050307481238e-02
1.015854206650121383e-02
1.014728738053433804e-02
1.013598708084802180e-02
1.012509356501804271e-02
1.011466444891464568e-02
1.010479601921448686e-02
1.009560254227449133e-02
1.008633669426974022e-02
1.007760745851365991e-02
1.006979909167631665e-02
1.006327728393034519e-02
1.005804942111408230e-02
1.005396149079956607e-02
1.005135022453029249e-02
1.004987412820384195e-02
1.004957779940150384e-02
1.005005358018930262e-02
1.005077842313496610e-02
1.005189371637957123e-02
1.005334080567689067e-02
1.005498340084361696e-02
1.005665034068160824e-02
1.005831889027707267e-02
1.005997629741018674e-02
1.006181173252259677e-02
1.006378943639426281e-02
1.006589302863752922e-02
1.006794144436999779e-02
1.006998033655434610e-02
1.007202676893374955e-02
1.007402994349588556e-02
1.007610581876594406e-02
1.007817331952978561e-02
1.008043057545946440e-02
1.008291203164991476e-02
1.008572716338238667e-02
1.008895237174018203e-02
1.009262082745960090e-02
1.009688664761722830e-02
1.010202000278346245e-02
1.010829512284886975e-02
1.011580884180241467e-02
1.012412177617133188e-02
1.013297097457062021e-02
1.014216954397433208e-02
1.015171677643452071e-02
1.016157302451148152e-02
1.017173749313728462e-02
1.018211622432880527e-02
1.019294725315666485e-02
1.020407205081987241e-02
1.021537266549855071e-02
1.022677830815353281e-02
1.023833523713979163e-02
1.025010841230645370e-02
1.026190597295734488e-02
1.027385324994851273e-02
1.028577834614036006e-02
1.029765077058625300e-02
1.030944622492194380e-02
1.032095966717206693e-02
1.033207430293053841e-02
1.034294596786598797e-02
1.035371262758620799e-02
1.036450374081226110e-02
1.037525870474052467e-02
1.038612578083376696e-02
1.039711854960567727e-02
1.040804884236357607e-02
1.041907990546847053e-02
1.043015005509643871e-02
1.044117064182747967e-02
1.045218411088228924e-02
1.046331255764305218e-02
1.047448192332431187e-02
1.048549466036198877e-02
1.049613742997610420e-02
1.050589603356049881e-02
1.051428770712462685e-02
1.052043243709620615e-02
1.052553316805358505e-02
1.053066171723171345e-02
1.053576189093516358e-02
1.054076780657555237e-02
1.054593377731713119e-02
1.055149986998357714e-02
1.055730863522446467e-02
1.056347280707922720e-02
1.057024903917861032e-02
1.057812102793241095e-02
1.058726249712197733e-02
1.059754930888558676e-02
1.060896182695523528e-02
1.062116773831400102e-02
1.063402642608117510e-02
1.064733260235712665e-02
1.066105237668463386e-02
1.067514248235129637e-02
1.068953143649756590e-02
1.070424121952064447e-02
1.071901987101899802e-02
1.073398438998677054e-02
1.074915955774161623e-02
1.076465851226665604e-02
1.078039866669836498e-02
1.079639330670293003e-02
1.081259995278723365e-02
1.082889603054001081e-02
1.084527478489251406e-02
1.086179265886552496e-02
1.087847191750050332e-02
1.089521593950681932e-02
1.091198234009835462e-02
1.092875311788025529e-02
1.094548972186878445e-02
1.096227643580492857e-02
1.097915372731198859e-02
1.099608677769944171e-02
1.101328557202045644e-02
1.103089931200569758e-02
1.104891387558483602e-02
1.106727955806205942e-02
1.108607560146922071e-02
1.110527227800978123e-02
1.112481499615876161e-02
1.114460542989942349e-02
1.116447332952315123e-02
1.118432319714229850e-02
1.120399030247835187e-02
1.122240204787923641e-02
1.123925231675671800e-02
1.125526308834683305e-02
1.127090067482978790e-02
1.128603989656679595e-02
1.130066609961089333e-02
1.131484378152590627e-02
1.132874916379424286e-02
1.134243617551508772e-02
1.135577340182295294e-02
1.136886303759424184e-02
1.138141646689190371e-02
1.139324576040698714e-02
1.140447935522835229e-02
1.141517646102480424e-02
1.142525903477611092e-02
1.143468267014634450e-02
1.144346633809987558e-02
1.145167508220473057e-02
1.145932386669104922e-02
1.146649911457933192e-02
1.147333829989045928e-02
1.147992373975612740e-02
1.148638093979559294e-02
1.149276378070804988e-02
1.149914259526465914e-02
1.150564310125975868e-02
1.151233280150406983e-02
1.151915869042251933e-02
1.152613001790707935e-02
1.153308115474754349e-02
1.154008660396278231e-02
1.154717254968526743e-02
1.155417599330960630e-02
1.156109969468166639e-02
1.156786251867596670e-02
1.157444491431313359e-02
1.158080592395267783e-02
1.158702531967173779e-02
1.159295296967499493e-02
1.159852176933974868e-02
1.160344211850863200e-02
1.160775712875245815e-02
1.161148385622737950e-02
1.161457204892527538e-02
1.161697310802467520e-02
1.161858010015943271e-02
1.161961580079929127e-02
1.162009928974318783e-02
1.161988297868063631e-02
1.161891103835504223e-02
1.161750252986631753e-02
1.161581520709238473e-02
1.161384114970205779e-02
1.161167285216744421e-02
1.160936968688596090e-02
1.160703590481786986e-02
1.160470597434242260e-02
1.160226274812604930e-02
1.159971414048263996e-02
1.159694498612358002e-02
1.159401340506386636e-02
1.159096400927397616e-02
1.158766521671224063e-02
1.158421056362783121e-02
1.158085516714805509e-02
1.157746479578968327e-02
1.157400141187048606e-02
1.157045598447574257e-02
1.156681863477525100e-02
1.156320488255484225e-02
1.155958690593106124e-02
1.155585758997239830e-02
1.155216857969329318e-02
1.154853710025742324e-02
1.154492307909004735e-02
1.154137635352911126e-02
1.153777790119930348e-02
1.153422458068201727e-02
1.153076632480706798e-02
1.152741198789462157e-02
1.152417278016701178e-02
1.152105718522664947e-02
1.151797004764851771e-02
1.151505175748742706e-02
1.151220359315483985e-02
1.150948654700889064e-02
1.150658290556233303e-02
1.150365258421044354e-02
1.150080113757373339e-02
1.149806072626764764e-02
1.149540226373010204e-02
1.149287124882866946e-02
1.149042321034527379e-02
1.148811840626632122e-02
1.148595023038573477e-02
1.148395303073684523e-02
1.148205158614959767e-02
1.148027461482291692e-02
1.147852406413459904e-02
1.147690570977537641e-02
1.147541273205597914e-02
1.147406473637306058e-02
1.147268972067677813e-02
1.147119909493522771e-02
1.146955540932982805e-02
1.146759800284385435e-02
1.146551498739810902e-02
1.146333230617160512e-02
1.146113473370737913e-02
1.145880610610731584e-02
1.145627305526688254e-02
1.145344188665586675e-02
1.145032272816820171e-02
1.144685584663033412e-02
1.144306390030093608e-02
1.143887985624161656e-02
1.143423250577222695e-02
1.142922139720544024e-02
1.142382558642706519e-02
1.141799109462981847e-02
1.141181902834440508e-02
1.140524653717635631e-02
1.139831638238521239e-02
1.139108391001254078e-02
1.138395397628700657e-02
1.137698795004017140e-02
1.137003628760198740e-02
1.136325463077950300e-02
1.135660453480734008e-02
1.134995634893420403e-02
1.134329268448294042e-02
1.133669400081052832e-02
1.133007194465257897e-02
1.132340534925494781e-02
1.131667375293360367e-02
1.130973728704550395e-02
1.130277751198428653e-02
1.129582529830946980e-02
1.128893160152955912e-02
1.128206390156108116e-02
1.127508963868259148e-02
1.126827484853568963e-02
1.126165543370903806e-02
1.125537372078025226e-02
1.124942398389981724e-02
1.124366067854488949e-02
1.123783670995175468e-02
1.123198372988192320e-02
1.122602771617695755e-02
1.122009682494416218e-02
1.121414700382158264e-02
1.120816612167898491e-02
1.120208343055178676e-02
1.119590334739683016e-02
1.118978795749863211e-02
1.118368761764244185e-02
1.117757986892522169e-02
1.117151244132322772e-02
1.116549990872722949e-02
1.115944429098419434e-02
1.115340698805864818e-02
1.114735837340160088e-02
1.114136228947648632e-02
1.113550311760913222e-02
1.112982037050413812e-02
1.112422588849707079e-02
1.111861741235261811e-02
1.111307763305969566e-02
1.110772876817775652e-02
1.110250093440148626e-02
1.109746938795823021e-02
1.109263379658860342e-02
1.108795928142912446e-02
1.108348064442653789e-02
1.107913748815014116e-02
1.107488319032937443e-02
1.107078121459965057e-02
1.106672657536735341e-02
1.106274700321001336e-02
1.105886996342089409e-02
1.105505583236785286e-02
1.105126668591241770e-02
1.104750080127660065e-02
1.104383728340255395e-02
1.104045213401057095e-02
1.103743864865798334e-02
1.103481270358769653e-02
1.103260120239147810e-02
1.103080280661341422e-02
1.102956547214228866e-02
1.102875600534760844e-02
1.102839641069575972e-02
1.102847884921986411e-02
1.102895456774173090e-02
1.102974886545659075e-02
1.103085619624893758e-02
1.103214608656766758e-02
1.103377538978928332e-02
1.103569121205112691e-02
1.103789915807193087e-02
1.104038247046736781e-02
1.104316356157184278e-02
1.104607550374733793e-02
1.104925194820045864e-02
1.105273387533277016e-02
1.105650323953537122e-02
1.106055746435911230e-02
1.106500852906521642e-02
1.106997771774740659e-02
1.107564007851537767e-02
1.108209365666592942e-02
1.108937918693798236e-02
1.109737751693030787e-02
1.110596304370043037e-02
1.111482892282892807e-02
1.112394146530718171e-02
1.113341698886679068e-02
1.114326619278317894e-02
1.115365358547977179e-02
1.116441650741272634e-02
1.117564428063108108e-02
1.118717016743407157e-02
1.119887997105611238e-02
1.121064012322463103e-02
1.122245682646363582e-02
1.123458723383943467e-02
1.124721665870698044e-02
1.126053897729496593e-02
1.127449716892219879e-02
1.128912627544239808e-02
1.130471157842579712e-02
1.132144310643276759e-02
1.133903276310668437e-02
1.135760131217597967e-02
1.137758595126526183e-02
1.139923741952661440e-02
1.142281785444035705e-02
1.144827513497392348e-02
1.147530560221203880e-02
1.150405816800867398e-02
1.153465304040805946e-02
1.156677150495885771e-02
1.160058733305753889e-02
1.163620677497635009e-02
1.167368077889839248e-02
1.171285507705306130e-02
1.175342231616699658e-02
1.179553415930651925e-02
1.183951686530397562e-02
1.188481840926119797e-02
1.193116305303931063e-02
1.197869426571730039e-02
1.202702287213972161e-02
1.207579475051619514e-02
1.212504403565847766e-02
1.217450973206436922e-02
1.222410634442343096e-02
1.227372475090514163e-02
1.232324955834850945e-02
1.237270165069476874e-02
1.242202190617995930e-02
1.247095118916956985e-02
1.251972894984525707e-02
1.256843567294129403e-02
1.261698320428729717e-02
1.266541890706609878e-02
1.271395975581252925e-02
1.276248115194929603e-02
1.281087684834360772e-02
1.285914172898581197e-02
1.290728652690051152e-02
1.295527080298115342e-02
1.300320113426531830e-02
1.305108426666499663e-02
1.309866007430805952e-02
1.314593437356509180e-02
1.319311667098341766e-02
1.324018229826590468e-02
1.328710908664782094e-02
1.333385268891971141e-02
1.338023782334382510e-02
1.342627992271451867e-02
1.347220899476800696e-02
1.351816999877969612e-02
1.356416775067931235e-02
1.361023988080431110e-02
1.365635533519845429e-02
1.370247350470117295e-02
