1.089893476078348730e-02
1.090750614724979653e-02
1.091607181625258924e-02
1.092468570416013293e-02
1.093340789977317526e-02
1.094217067907518603e-02
1.095086370338655898e-02
1.095943850974558792e-02
1.096790514991552966e-02
1.097626757401787105e-02
1.098447632651416636e-02
1.099245070773689943e-02
1.100022506048391538e-02
1.100783636631529928e-02
1.101530657601320490e-02
1.102256699255949393e-02
1.102960779586626208e-02
1.103638181026541168e-02
1.104292095293910037e-02
1.104923213565169038e-02
1.105531190515862856e-02
1.106117302806247475e-02
1.106672470340607818e-02
1.107208096725774416e-02
1.107732539103050036e-02
1.108237724240255205e-02
1.108721635096933215e-02
1.109190657372208406e-02
1.109650147588637885e-02
1.110098911270988864e-02
1.110530431270312889e-02
1.110949081306908739e-02
1.111357570395497818e-02
1.111750485145375847e-02
1.112122186951583318e-02
1.112482129389342697e-02
1.112830118582043906e-02
1.113169272084758507e-02
1.113498527164178548e-02
1.113822411072392694e-02
1.114140042143854474e-02
1.114449992109153159e-02
1.114755105352219743e-02
1.115053907809177014e-02
1.115344389903403545e-02
1.115631268185894934e-02
1.115918973776982431e-02
1.116208196636741222e-02
1.116503287466165048e-02
1.116798982351802430e-02
1.117096795859300398e-02
1.117397697179881369e-02
1.117700522434805777e-02
1.118009469107176385e-02
1.118323566819928033e-02
1.118638916547456084e-02
1.118956444328505356e-02
1.119276377461275382e-02
1.119595636712606215e-02
1.119917360154397065e-02
1.120241336697875428e-02
1.120566948972252612e-02
1.120890740367274339e-02
1.121204088635973338e-02
1.121508741466778307e-02
1.121807208260413094e-02
1.122099610408834776e-02
1.122382764586282722e-02
1.122655434603752646e-02
1.122925188057818935e-02
1.123191370624732066e-02
1.123462115426102081e-02
1.123735716243127666e-02
1.124005569185933424e-02
1.124266122067867947e-02
1.124519446992612755e-02
1.124759345384451943e-02
1.124983938693695056e-02
1.125199436691811002e-02
1.125403398460508332e-02
1.125598462814347660e-02
1.125782504792439617e-02
1.125955498689893905e-02
1.126115252946785841e-02
1.126257615682651342e-02
1.126380076712017037e-02
1.126488528366645890e-02
1.126587317057569856e-02
1.126674184172418887e-02
1.126744845940573503e-02
1.126797631456939036e-02
1.126832267942749419e-02
1.126849861057084914e-02
1.126849767427804891e-02
1.126836767641427144e-02
1.126805622242512198e-02
1.126756929942260635e-02
1.126695839130345718e-02
1.126646356151839515e-02
1.126587841740777848e-02
1.126515133661027020e-02
1.126421760453471567e-02
1.126311476113373879e-02
1.126192394213373742e-02
1.126059473351250298e-02
1.125912682590452657e-02
1.125755135989559529e-02
1.125590422572146122e-02
1.125415187134973585e-02
1.125230390908421065e-02
1.125034050570081906e-02
1.124824252099609033e-02
1.124601194055948640e-02
1.124367471412347601e-02
1.124127579281061946e-02
1.123884290302521252e-02
1.123633577493430430e-02
1.123373299779386984e-02
1.123112099479494676e-02
1.122844522343782216e-02
1.122570201981642514e-02
1.122284514756366133e-02
1.121980347563144784e-02
1.121654326783295269e-02
1.121318146572620501e-02
1.120968828512053546e-02
1.120604944428097403e-02
1.120230523257200426e-02
1.119850644069536952e-02
1.119475865227466393e-02
1.119106220108981309e-02
1.118743921183207833e-02
1.118390352328919694e-02
1.118040789391774696e-02
1.117696632817470268e-02
1.117359196903698615e-02
1.117028145080315761e-02
1.116702259591200765e-02
1.116377313812902568e-02
1.116056046205670706e-02
1.115734208731125089e-02
1.115414392874739154e-02
1.115083803599879395e-02
1.114745523051996652e-02
1.114409207236687765e-02
1.114069993848901957e-02
1.113733475533463212e-02
1.113399713186896678e-02
1.113076029494321044e-02
1.112765135711352160e-02
1.112467581720361608e-02
1.112177897262498112e-02
1.111896893035836317e-02
1.111624195011545052e-02
1.111361867602765098e-02
1.111106717473825563e-02
1.110857598856251037e-02
1.110615722565492895e-02
1.110384776887161050e-02
1.110164698762310109e-02
1.109960969331645099e-02
1.109769364203889996e-02
1.109584991497674852e-02
1.109410156456901164e-02
1.109248119173224592e-02
1.109099975958492863e-02
1.108960648858618725e-02
1.108830315157129792e-02
1.108710437940136143e-02
1.108602993275475262e-02
1.108508317245002726e-02
1.108429315861607367e-02
1.108359910494104497e-02
1.108304100886277864e-02
1.108262830585495309e-02
1.108232291501127370e-02
1.108209159017708306e-02
1.108198189446852125e-02
1.108203938762462176e-02
1.108227016104182047e-02
1.108264084195928131e-02
1.108314617674376924e-02
1.108371377002930445e-02
1.108435696394467242e-02
1.108509848238062832e-02
1.108591024945796560e-02
1.108683422099935104e-02
1.108783377154637546e-02
1.108890904898063474e-02
1.109004422229816454e-02
1.109122432929938312e-02
1.109243540807815231e-02
1.109367916066794461e-02
1.109494686693742772e-02
1.109624889359580972e-02
1.109760531591863671e-02
1.109898637308332110e-02
1.110036745187220099e-02
1.110180212588150750e-02
1.110327625777009046e-02
1.110478526948644254e-02
1.110630650515139276e-02
1.110786725449999790e-02
1.110946981946277397e-02
1.111110187145791448e-02
1.111277413120363884e-02
1.111448818214912093e-02
1.111625933457373663e-02
1.111809453542476379e-02
1.111998438829159101e-02
1.112192363570442717e-02
1.112387733540435783e-02
1.112584744682254198e-02
1.112784253941849315e-02
1.112983889144946066e-02
1.113186614271228884e-02
1.113390235615792888e-02
1.113594843372460973e-02
1.113799385489231721e-02
1.114004615220550061e-02
1.114206194438845977e-02
1.114403375574745184e-02
1.114596921543825614e-02
1.114779753700481310e-02
1.114954759956056536e-02
1.115125715685865576e-02
1.115293747684896128e-02
1.115458192334482790e-02
1.115621331510444417e-02
1.115782868089355666e-02
1.115941429283563192e-02
1.116099040791921314e-02
1.116252371128051077e-02
1.116400249830039847e-02
1.116540622494656756e-02
1.116679829091956136e-02
1.116819580095822738e-02
1.116958797679608664e-02
1.117095268467366287e-02
1.117230525649453438e-02
1.117365363391898195e-02
1.117501425307967401e-02
1.117637615295079788e-02
1.117772310527098863e-02
1.117908522312795715e-02
1.118046086657059970e-02
1.118184592351394689e-02
1.118319827351242288e-02
1.118453048859442168e-02
1.118584931550902460e-02
1.118714979220085913e-02
1.118843045380504657e-02
1.118973684924852614e-02
1.119099858444976003e-02
1.119223788489666707e-02
1.119342175171773000e-02
1.119453991795406854e-02
1.119551622632719741e-02
1.119627079217507676e-02
1.119683110717484970e-02
1.119720217663028143e-02
1.119743649048637012e-02
1.119752199116131296e-02
1.119751119022430706e-02
1.119743735301275897e-02
1.119733265598119205e-02
1.119719789538829724e-02
1.119703253411695465e-02
1.119683613793936126e-02
1.119660299527761721e-02
1.119632939653581773e-02
1.119602156320434819e-02
1.119571436046233083e-02
1.119538680063266421e-02
1.119498842435208766e-02
1.119455395798633554e-02
1.119408946154188018e-02
1.119359831292736883e-02
1.119309204760490957e-02
1.119258247587316159e-02
1.119206703212593211e-02
1.119152774700531670e-02
1.119098330207256992e-02
1.119041853283724713e-02
1.118985785720169254e-02
1.118930632197417605e-02
1.118873255288808759e-02
1.118813882397175219e-02
1.118753597313257818e-02
1.118695104770536103e-02
1.118635851718800464e-02
1.118575899926519714e-02
1.118512893158543457e-02
1.118449128288116941e-02
1.118383873719868728e-02
1.118318344105801408e-02
1.118251721214249574e-02
1.118181009187278752e-02
1.118105388223725183e-02
1.118025497039551973e-02
1.117941294374398369e-02
1.117849653509067794e-02
1.117756132385037612e-02
1.117659751356484682e-02
1.117560055722375927e-02
1.117456609511022908e-02
1.117349066630659964e-02
1.117238625654654038e-02
1.117124157102431480e-02
1.117006868894592289e-02
1.116885356888398621e-02
1.116760704316547594e-02
1.116632861408511229e-02
1.116501888956181708e-02
1.116369846803716426e-02
1.116236837142879461e-02
1.116101909311244950e-02
1.115969490200218774e-02
1.115839975706972055e-02
1.115713444864452342e-02
1.115585085521792266e-02
1.115458690214151359e-02
1.115331686848076639e-02
1.115206743151770687e-02
1.115083350433467187e-02
1.114962905093046242e-02
1.114844092274772450e-02
1.114727144961915987e-02
1.114611414219337897e-02
1.114494607428876197e-02
1.114376333436731953e-02
1.114260843001748692e-02
1.114149529036033079e-02
1.114039075748186718e-02
1.113928878567549061e-02
1.113826122795840215e-02
1.113727169255301214e-02
1.113630794295474187e-02
1.113537210182254447e-02
1.113446403731858589e-02
1.113356603259976242e-02
1.113269089930450997e-02
1.113184142416386545e-02
1.113099199122528048e-02
1.113016255055323395e-02
1.112935597432921156e-02
1.112856762067544920e-02
1.112784988397195161e-02
1.112716259727508823e-02
1.112644004046859855e-02
1.112569518388461728e-02
1.112490907949599192e-02
1.112414458395692696e-02
1.112336817488110592e-02
1.112260817473332067e-02
1.112180430955564750e-02
1.112091294416247926e-02
1.111986106654947772e-02
1.111870021205803652e-02
1.111741818533929643e-02
1.111602788941135934e-02
1.111447037008980211e-02
1.111275597245963559e-02
1.111089460842439557e-02
1.110889908369330596e-02
1.110677001664860802e-02
1.110450448244343705e-02
1.110207872724752222e-02
1.109953099903151184e-02
1.109688019106451137e-02
1.109413076804539183e-02
1.109131889574401300e-02
1.108841016448447632e-02
1.108544186868015355e-02
1.108241854662193188e-02
1.107935411661878713e-02
1.107623264931153866e-02
1.107308094091529263e-02
1.106993339482795213e-02
1.106679653283720692e-02
1.106365010039594976e-02
1.106049664427639564e-02
1.105734969006422035e-02
1.105416789892389208e-02
1.105097476414899742e-02
1.104782992283001586e-02
1.104472171359621203e-02
1.104165587313745908e-02
1.103860553304174090e-02
1.103554884275679236e-02
1.103246608659651413e-02
1.102939846667571472e-02
1.102636922900484401e-02
1.102335824320153056e-02
1.102037821731733681e-02
1.101744602415417364e-02
1.101449217645161620e-02
1.101155925294867999e-02
1.100866929463006384e-02
1.100580467393966894e-02
1.100296593636527175e-02
1.100014279785789875e-02
1.099728231122544531e-02
1.099436954042663089e-02
1.099134253737224683e-02
1.098816555447647975e-02
1.098486423280384434e-02
1.098148990052198390e-02
1.097806329209563905e-02
1.097462266665633415e-02
1.097116790910754140e-02
1.096771404582387761e-02
1.096426529526740336e-02
1.096078907326287349e-02
1.095730744869717610e-02
1.095380431363713117e-02
1.095026662136836838e-02
1.094673390126952098e-02
1.094331710674027909e-02
1.094006817386721127e-02
1.093689836218255870e-02
1.093375433770013214e-02
1.093063294154346388e-02
1.092762461900400293e-02
1.092470808594390129e-02
1.092192751082934031e-02
1.091922167625966611e-02
1.091657479761830307e-02
1.091400833238543970e-02
1.091153682911072224e-02
1.090910320340510338e-02
1.090677622997688299e-02
1.090454270864965429e-02
1.090242313497567610e-02
1.090039996859318294e-02
1.089846185191651988e-02
1.089666498413781152e-02
1.089493268132477391e-02
1.089325955207711381e-02
1.089157779721678342e-02
1.088986946621986127e-02
1.088810154940273063e-02
1.088636101788565021e-02
1.088467861534577960e-02
1.088302169447917696e-02
1.088141491140311688e-02
1.087983468458334456e-02
1.087830758143701684e-02
1.087679924774383536e-02
1.087529602084862795e-02
1.087374893345764183e-02
1.087217003861857059e-02
1.087059504415661786e-02
1.086903861441550559e-02
1.086747160939633382e-02
1.086590421339775001e-02
1.086432026233342084e-02
1.086267045408333826e-02
1.086096556761153437e-02
1.085920802238649237e-02
1.085738234280836899e-02
1.085550790066879857e-02
1.085349316283977170e-02
1.085141401908754598e-02
1.084927459649451947e-02
1.084708568100026943e-02
1.084484529712988199e-02
1.084254846050623257e-02
1.084011610435017293e-02
1.083739274790393795e-02
1.083301206705570251e-02
1.082830455462491237e-02
1.082346517924345775e-02
1.081855001524117781e-02
1.081360927190797364e-02
1.080863868020906678e-02
1.080359718660879771e-02
1.079850317376623327e-02
1.079332830247526839e-02
1.078808048126233578e-02
1.078278028310826649e-02
1.077737558498183257e-02
1.077187647317525039e-02
1.076629530173107106e-02
1.076062544004307252e-02
1.075481519512250239e-02
1.074891760205336048e-02
1.074294798384540020e-02
1.073685233598797341e-02
1.073062367909750729e-02
1.072426976492502071e-02
1.071778837332828388e-02
1.071107126526734017e-02
1.070419866197437099e-02
1.069716500829811894e-02
1.069001652107414574e-02
1.068274526945426663e-02
1.067536363067472793e-02
1.066789910722476704e-02
1.066027748416696619e-02
