1.059783034680506809e-02
1.060446336165849456e-02
1.061094407325812589e-02
1.061725789732395620e-02
1.062341841011002139e-02
1.062950065104104926e-02
1.063551699080212375e-02
1.064137370179652799e-02
1.064711785498333174e-02
1.065285508660257334e-02
1.065859233964903084e-02
1.066424298536756791e-02
1.066974620781546181e-02
1.067511619529904962e-02
1.068041383332951622e-02
1.068554459341496468e-02
1.069046617145310435e-02
1.069526990884545579e-02
1.069984056490676759e-02
1.070427218000588772e-02
1.070871731850835118e-02
1.071321795893267342e-02
1.071778650158500615e-02
1.072250151913630573e-02
1.072734111337060592e-02
1.073212748772726412e-02
1.073695438146635671e-02
1.074179288119589577e-02
1.074660914573166530e-02
1.075158907587272540e-02
1.075652993009518915e-02
1.076151432557023897e-02
1.076637118493972006e-02
1.077124256147444191e-02
1.077617523952116400e-02
1.078112532837301532e-02
1.078609806871760890e-02
1.079103796250139267e-02
1.079587086160758991e-02
1.080048362136752128e-02
1.080502924059694586e-02
1.080962237599961823e-02
1.081418925078307149e-02
1.081874089402764388e-02
1.082326405212129423e-02
1.082778621656252556e-02
1.083233044051991160e-02
1.083687864617504694e-02
1.084147184226764461e-02
1.084595983456697506e-02
1.085045959805295418e-02
1.085490270875017621e-02
1.085936943598536999e-02
1.086381100841291199e-02
1.086815030253779346e-02
1.087243060494450658e-02
1.087664152030272391e-02
1.088077138642969816e-02
1.088480752991216952e-02
1.088874045857962311e-02
1.089263628511590899e-02
1.089652312534585346e-02
1.090034096773511742e-02
1.090418779214663049e-02
1.090805421203954774e-02
1.091190166704466939e-02
1.091568327017507917e-02
1.091943110244821859e-02
1.092311903294473571e-02
1.092672136919504641e-02
1.093023581237190234e-02
1.093373953900013754e-02
1.093718119314378290e-02
1.094051402851689732e-02
1.094369032732973868e-02
1.094673036536846118e-02
1.094969521959907911e-02
1.095261674835813423e-02
1.095547846396472021e-02
1.095830046289401546e-02
1.096099560408353088e-02
1.096362340456428705e-02
1.096611295878493000e-02
1.096843279472726335e-02
1.097065840923251538e-02
1.097272813684692892e-02
1.097470291157083902e-02
1.097657187431224333e-02
1.097835320047293138e-02
1.098001777580012543e-02
1.098154649334936658e-02
1.098297088052537299e-02
1.098430531082623778e-02
1.098560705147298526e-02
1.098681340523750133e-02
1.098793431512238433e-02
1.098898395809023640e-02
1.098991879310834245e-02
1.099077627985033632e-02
1.099150204766162139e-02
1.099217758260045974e-02
1.099285026630035175e-02
1.099350141210037740e-02
1.099406739148571337e-02
1.099460850169737061e-02
1.099504957196692327e-02
1.099540798759506520e-02
1.099570891137115723e-02
1.099594352963054883e-02
1.099614012878755154e-02
1.099624806425129019e-02
1.099624923784171295e-02
1.099622283721961476e-02
1.099615557800489099e-02
1.099597916562812354e-02
1.099569677353161821e-02
1.099536309718346198e-02
1.099504530992045925e-02
1.099471632505634108e-02
1.099432600925473111e-02
1.099388755176207606e-02
1.099344296839053006e-02
1.099296625118242020e-02
1.099245111523949534e-02
1.099191644509609801e-02
1.099132119605175477e-02
1.099066614538333000e-02
1.098994243456736207e-02
1.098918521680075124e-02
1.098832672030969522e-02
1.098749105956505455e-02
1.098659171714264256e-02
1.098564965547547609e-02
1.098467082451700001e-02
1.098362542402431252e-02
1.098250147341935795e-02
1.098136193426574835e-02
1.098011768980569451e-02
1.097945537629282063e-02
1.097903700215714998e-02
1.097864943959561863e-02
1.097824176976349916e-02
1.097781623476483739e-02
1.097738287549453531e-02
1.097693751749221659e-02
1.097643468411722660e-02
1.097590703316846453e-02
1.097537963462802413e-02
1.097486539389206511e-02
1.097435272174814014e-02
1.097384177410577928e-02
1.097330883616329071e-02
1.097273208054867603e-02
1.097205498761111807e-02
1.097136212131111059e-02
1.097068455658779633e-02
1.097001282351903542e-02
1.096933912743051909e-02
1.096864415827011711e-02
1.096795381277166671e-02
1.096726244196435246e-02
1.096657777396388422e-02
1.096594851965079429e-02
1.096537443326461511e-02
1.096482054178744489e-02
1.096425495460469877e-02
1.096366548953098263e-02
1.096308036653682351e-02
1.096250496203097016e-02
1.096190700508603739e-02
1.096136919257456425e-02
1.096088028472596600e-02
1.096040819719316592e-02
1.095991357432694359e-02
1.095943433026013401e-02
1.095902071048058569e-02
1.095865508559025828e-02
1.095835320161024640e-02
1.095809114597199978e-02
1.095781539771557671e-02
1.095760722199850580e-02
1.095746881782671753e-02
1.095742202900903094e-02
1.095744042515539064e-02
1.095750466300993674e-02
1.095762466106595286e-02
1.095776245704214655e-02
1.095789600934311651e-02
1.095801190549606195e-02
1.095818743552051146e-02
1.095837729463272105e-02
1.095866396943185467e-02
1.095899207164935732e-02
1.095924958431149579e-02
1.095951575227874751e-02
1.095973426379763874e-02
1.095989903516448281e-02
1.096008697844371750e-02
1.096029347980929415e-02
1.096052835622826627e-02
1.096078495492288848e-02
1.096104645206775682e-02
1.096129449240159336e-02
1.096157405875254794e-02
1.096187193573245136e-02
1.096219242900192681e-02
1.096256656950848202e-02
1.096295892630374212e-02
1.096336432353111311e-02
1.096377369728176489e-02
1.096417251351802270e-02
1.096455482742246870e-02
1.096495264459111142e-02
1.096537204522955895e-02
1.096573911684557180e-02
1.096603951139847079e-02
1.096634547666667549e-02
1.096665885919418520e-02
1.096699729838922395e-02
1.096736484428950664e-02
1.096771982725971636e-02
1.096806733700601659e-02
1.096839960404999946e-02
1.096871929382066575e-02
1.096904244129040529e-02
1.096926834948572932e-02
1.096948314993509248e-02
1.096965123606898421e-02
1.096978271460121758e-02
1.096985041571006333e-02
1.096988807043857740e-02
1.096989025357172562e-02
1.096980520199649506e-02
1.096966912662991449e-02
1.096949005537289218e-02
1.096931257238738765e-02
1.096912558006062598e-02
1.096894165006134618e-02
1.096875850206767075e-02
1.096859353597402602e-02
1.096843553757008774e-02
1.096827416307091102e-02
1.096811881783096507e-02
1.096796440034848025e-02
1.096784980976024844e-02
1.096770357474195073e-02
1.096753949913297638e-02
1.096730291638676850e-02
1.096703038473359829e-02
1.096677758848830890e-02
1.096649079042844900e-02
1.096623667227683736e-02
1.096602278390580720e-02
1.096582780211021943e-02
1.096563211751480638e-02
1.096547802192617861e-02
1.096531947630637396e-02
1.096513918453822373e-02
1.096494605026874375e-02
1.096473748599760718e-02
1.096453611307033997e-02
1.096435895404351130e-02
1.096417123650685575e-02
1.096398162745766507e-02
1.096378174709985651e-02
1.096356609017853402e-02
1.096328861845183994e-02
1.096301910225784375e-02
1.096276125319123676e-02
1.096250258421593848e-02
1.096221533546649744e-02
1.096187915074333524e-02
1.096149955060349117e-02
1.096107850079397657e-02
1.096061861675344876e-02
1.096016935851521108e-02
1.095969569549563351e-02
1.095922334220442163e-02
1.095875534267157919e-02
1.095825575348415709e-02
1.095774591037007757e-02
1.095727243994049603e-02
1.095681756783336083e-02
1.095630586957463751e-02
1.095582349328450521e-02
1.095538202786054856e-02
1.095495187389140118e-02
1.095449500816752728e-02
1.095400432176645879e-02
1.095350154484541795e-02
1.095302583067756137e-02
1.095257060895472867e-02
1.095213600666415654e-02
1.095167376844970175e-02
1.095121848431732103e-02
1.095081069327014274e-02
1.095041439832653181e-02
1.095005028140386312e-02
1.094971669392993951e-02
1.094943171267086061e-02
1.094912430251378591e-02
1.094881649799619300e-02
1.094853513230682231e-02
1.094831184018262883e-02
1.094810895088039332e-02
1.094794724718577139e-02
1.094781710783453328e-02
1.094770540471749418e-02
1.094769606428512912e-02
1.094776496271448844e-02
1.094787982750920242e-02
1.094805988032070999e-02
1.094832797830075539e-02
1.094871342775243471e-02
1.094913237585713565e-02
1.094959452740242901e-02
1.095007744001607990e-02
1.095065786306166980e-02
1.095135802410139580e-02
1.095214305051990002e-02
1.095297415038831365e-02
1.095387448550811001e-02
1.095483278066648920e-02
1.095586285395874597e-02
1.095693870599643259e-02
1.095806104711634192e-02
1.095918564216203338e-02
1.096031761478586698e-02
1.096145971543124528e-02
1.096264240137528878e-02
1.096385710633927292e-02
1.096513395044002546e-02
1.096642435470536643e-02
1.096770873247045544e-02
1.096912575861508192e-02
1.097060568011153092e-02
1.097210711303174026e-02
1.097361354007370636e-02
1.097516214348733844e-02
1.097670385507498736e-02
1.097827507627876370e-02
1.097988543949865968e-02
1.098152688044571126e-02
1.098323466503344122e-02
1.098501304901262042e-02
1.098681871091789289e-02
1.098864825541722400e-02
1.099047850605336385e-02
1.099235982001990457e-02
1.099432850104228865e-02
1.099635701436863823e-02
1.099840305760401392e-02
1.100048116959429119e-02
1.100260754939150556e-02
1.100473042459393196e-02
1.100687762623154230e-02
1.100902522192888540e-02
1.101125614343848903e-02
1.101351114341783677e-02
1.101576083547549378e-02
1.101809611832905121e-02
1.102052214891886296e-02
1.102298641880757914e-02
1.102548406012846850e-02
1.102794397243753860e-02
1.103041555475805548e-02
1.103294868114146864e-02
1.103551081124637921e-02
1.103807821777695597e-02
1.104049944736725658e-02
1.104290450903533741e-02
1.104531917088075361e-02
1.104776959125837628e-02
1.105021563128492056e-02
1.105260474398468869e-02
1.105501483622188703e-02
1.105740025376483054e-02
1.105978848626828701e-02
1.106220636769988594e-02
1.106465891052696091e-02
1.106713207541048377e-02
1.106956553752494986e-02
1.107201707359994729e-02
1.107452143477575569e-02
1.107709500737906298e-02
1.107975502172975184e-02
1.108246728805819745e-02
1.108520125545442610e-02
1.108796545539842381e-02
1.109063204449505652e-02
1.109327716614359922e-02
1.109591718397470034e-02
1.109860082421610522e-02
1.110133692521635823e-02
1.110409729258648483e-02
1.110688009108510774e-02
1.110972580836057204e-02
1.111261274361580349e-02
1.111553555770460402e-02
1.111852900602136596e-02
1.112160487124794206e-02
1.112472636565216624e-02
1.112786377417228530e-02
1.113100617413909955e-02
1.113430381824685560e-02
1.113774779557784832e-02
1.114128596434114937e-02
1.114498362271601137e-02
1.114883701871535737e-02
1.115279972908407406e-02
1.115688838470369620e-02
1.116120461788655538e-02
1.116575847510733500e-02
1.117057562059703933e-02
1.117564026182652631e-02
1.118088711559998318e-02
1.118632734507627423e-02
1.119193757575249158e-02
1.119772765899620937e-02
1.120378678218608877e-02
1.121001784452890261e-02
1.121641737535525145e-02
1.122297853717229080e-02
1.122971048308538979e-02
1.123652238212064121e-02
1.124349346234212316e-02
1.125069852032669487e-02
1.125812975651655466e-02
1.126577300696071302e-02
1.127368042616776721e-02
1.128175002380838593e-02
1.129007601884238036e-02
1.129864781260454983e-02
1.130749622162930887e-02
1.131658512606019754e-02
1.132594894687489508e-02
1.133564238242888191e-02
1.134567381440546724e-02
1.135597102349953508e-02
1.136658501637994451e-02
1.137756600573862006e-02
1.138881055972543535e-02
1.140022857267257959e-02
1.141189029946401527e-02
1.142394872141652348e-02
1.143641117009020457e-02
1.144923608822445184e-02
1.146245961724563778e-02
1.147592619413646126e-02
1.148985050094007525e-02
1.150423156488451261e-02
1.151908174935726593e-02
1.153431002557754777e-02
1.155003968071439784e-02
1.156628156877148768e-02
1.158301789845247315e-02
1.160022803247943469e-02
1.161790375058912098e-02
1.163606261868502072e-02
1.165424009280213204e-02
1.167285780110871064e-02
1.169198388435365409e-02
1.171156690353445350e-02
1.173174716275372960e-02
1.175256323978946492e-02
1.177387067188219449e-02
1.179521525932900050e-02
1.181720684693482459e-02
1.183919185551830268e-02
1.186063413829504740e-02
1.188265414762206158e-02
1.190542693642250398e-02
1.192893883396231071e-02
1.195309528725978059e-02
1.197811062768397265e-02
1.200406442594102556e-02
1.203099380269175185e-02
1.205880333807630295e-02
1.208730134794543110e-02
1.211682368669600267e-02
1.214734134803663324e-02
1.217886829634700317e-02
1.221156460091418240e-02
1.224569576000569295e-02
1.228107628505467619e-02
1.231774906646150407e-02
1.235514351133699777e-02
1.239183118318427750e-02
1.242990849742773782e-02
1.246859759839201616e-02
1.250861192089264967e-02
1.255002691484674061e-02
1.259131938080207923e-02
1.263355980555657711e-02
1.267627271449891894e-02
1.272018812242447020e-02
1.276445632413081462e-02
1.281014268360367372e-02
1.285728883253545000e-02
1.290540745638749272e-02
