8.995204593471467849e-03
9.076534246536727482e-03
9.159823296145203075e-03
9.259281449853282511e-03
9.365760591842738764e-03
9.479743640139409039e-03
9.603635070283498762e-03
9.732593067962039962e-03
9.854230512274237200e-03
9.983099994484479628e-03
1.012361702826387877e-02
1.032705961926583434e-02
1.053329104390594156e-02
1.068553212296074854e-02
1.082205285702765758e-02
1.094979569688174850e-02
1.106769378229137402e-02
1.114573758892202331e-02
1.118545317956282266e-02
1.122619138788471041e-02
1.126380398309179305e-02
1.123133705753195585e-02
1.115851190329859507e-02
1.107946033829506141e-02
1.099725462276321397e-02
1.090845875956777608e-02
1.082260603550589187e-02
1.073632251492534495e-02
1.068836834404049418e-02
1.062792126515797048e-02
1.057128999666212370e-02
1.052776166263414553e-02
1.049743900453758462e-02
1.049078692732241871e-02
1.048580178451274936e-02
1.045132662295752447e-02
1.041686856854308167e-02
1.037747283610808598e-02
1.034189678535728414e-02
1.030911071411559805e-02
1.027664527460918527e-02
1.024163081603517503e-02
1.020022058217241560e-02
1.015622950117630111e-02
1.011921180043467809e-02
1.009662353778613582e-02
1.008048938941049147e-02
1.007169299914503421e-02
1.007181819161154582e-02
1.007162932918637122e-02
1.007470055424376960e-02
1.008116524731723744e-02
1.008657101387850676e-02
1.008377634500036250e-02
1.007531084354247944e-02
1.006229988792761709e-02
1.004226894413784085e-02
1.001573253081425134e-02
9.985140514168606984e-03
9.953053453139931728e-03
9.901507014609671475e-03
9.841282265362787107e-03
9.778992031483550382e-03
9.718139851315539535e-03
9.656025988564865756e-03
9.594063158119409823e-03
9.537168860909755325e-03
9.485312792485297087e-03
9.423286837573848287e-03
9.360859340607947249e-03
9.300253846798509430e-03
9.239899553969782575e-03
9.180874089152930156e-03
9.123264485680617972e-03
9.066286705911554694e-03
9.015565472139878966e-03
8.980548230473655441e-03
8.961582507042450615e-03
8.941791409154428369e-03
8.951958097006726747e-03
8.978823523655428407e-03
9.009910261891834055e-03
9.039539544099276999e-03
9.037560313805186735e-03
9.027513618399974488e-03
9.023838181626189087e-03
9.023720628062630381e-03
9.019617800259484286e-03
9.014429596898441283e-03
9.006224770209129288e-03
8.996492818966635857e-03
8.977847489450543200e-03
8.954944879990055923e-03
8.924704097228520691e-03
8.905205616280312611e-03
8.888030118753165176e-03
8.862124514669550771e-03
8.837778616259268569e-03
8.815375294867000902e-03
8.793617323197677055e-03
8.771621863402228464e-03
8.747632329000630536e-03
8.717785677254053650e-03
8.688341394859234318e-03
8.657114934567030143e-03
8.626124249653362858e-03
8.595159812183561510e-03
8.566398955751270902e-03
8.542556132399903301e-03
8.521805118681457375e-03
8.500930675824960522e-03
8.489404479324995367e-03
8.481330131902244801e-03
8.473015348680501546e-03
8.465424613055340039e-03
8.451541160606458603e-03
8.459439639781862058e-03
8.475177202200498069e-03
8.494644774157745701e-03
8.513099187783913085e-03
8.529628728837012480e-03
8.545729983249178430e-03
8.561416546101959305e-03
8.575445980823053968e-03
8.587335023568036171e-03
8.599944694901684797e-03
8.616525529515205867e-03
8.632784913329517168e-03
8.650063701308738015e-03
8.667381522404904101e-03
8.684762666944631851e-03
8.702955258783461739e-03
8.721210304429171181e-03
8.743719413608037200e-03
8.775903924882621707e-03
8.808364967636475237e-03
8.841665254551154748e-03
8.871252440566823952e-03
8.903624441546241150e-03
8.929870197823075104e-03
8.946076197571250013e-03
8.962040929490194124e-03
8.983386888424305800e-03
9.010585583722236988e-03
9.038183549517148779e-03
9.066903066362035080e-03
9.096764191974053212e-03
9.124784422969647521e-03
9.152665273500396742e-03
9.180721466838090081e-03
9.191374576155866491e-03
9.194467772446644413e-03
9.196760589216063098e-03
9.199088497635052319e-03
9.202624725584340401e-03
9.206477778646054988e-03
9.210184805208097847e-03
9.213051320376065834e-03
9.216045640279954890e-03
9.213502847072164298e-03
9.211221053695324568e-03
9.191735525884554142e-03
9.172295319244941694e-03
9.154435815113392411e-03
9.139172450390906088e-03
9.124005334332380493e-03
9.108634505141632517e-03
9.093678606494572450e-03
9.086898497487266163e-03
9.080691940075829791e-03
9.074494511582228626e-03
9.067590857041400026e-03
9.061460161596764096e-03
9.055293740176346279e-03
9.047922563636514107e-03
9.040149725951769979e-03
9.034596978099135312e-03
9.030929805668301211e-03
9.027165271229535548e-03
9.023629437892354346e-03
9.021070529908862407e-03
9.019755700118562911e-03
9.018282369100592832e-03
9.017809339912377653e-03
9.019238521276977047e-03
9.023194195074196386e-03
9.028074201797721410e-03
9.021656453484013655e-03
9.012994192620476727e-03
9.005229720068362587e-03
8.997038058308967634e-03
8.993405024900856873e-03
8.990548696825625963e-03
8.988383577208434658e-03
8.986409672667746915e-03
8.984494714162218065e-03
8.974420369249547919e-03
8.964653357909881798e-03
8.955762208965054386e-03
8.944136095587137264e-03
8.932313935626360127e-03
8.924983712050303317e-03
8.925245098872564703e-03
8.932337720713922832e-03
8.945226726476452478e-03
8.971224385187010625e-03
8.996290159236405848e-03
9.025600753883917041e-03
9.059947652784693106e-03
9.095126700139212483e-03
9.131447628178560386e-03
9.168796334930900613e-03
9.204711232829640086e-03
9.242507597404466674e-03
9.271638925377060150e-03
9.301201950500687099e-03
9.333098796720951107e-03
9.366677170707075548e-03
9.399790799226261442e-03
9.433921774586949763e-03
9.468821151711184075e-03
9.501484187412116353e-03
9.535377095580653897e-03
9.570082929970734689e-03
9.602513871213375768e-03
9.636483638897802226e-03
9.671685755156559858e-03
9.705322408776686713e-03
9.740470533493066768e-03
9.776477951771306296e-03
9.807829289516432208e-03
9.837119964353002038e-03
9.865201867766159802e-03
9.892004899657353204e-03
9.919497128130857697e-03
9.946687375535143844e-03
9.975723747762834867e-03
1.000851083164002939e-02
1.004707580632075402e-02
1.009180951887623731e-02
1.014112259755774528e-02
1.017506945297006957e-02
1.020323281352654085e-02
1.023155981858469427e-02
1.026048259440713248e-02
1.029039691004565889e-02
1.032023543728187616e-02
1.034909816466721318e-02
1.037720105877788443e-02
1.040876560978105762e-02
1.045658577648431349e-02
1.050434819032908251e-02
1.055685852368975185e-02
1.061144801117967600e-02
1.066675396738463351e-02
1.071486744364476447e-02
1.075698035785543731e-02
1.079874621616067065e-02
1.083955236939541759e-02
1.088505328769073799e-02
1.092930384041342247e-02
1.096980145828504484e-02
1.101075720330487936e-02
1.104999650194744484e-02
1.108988390982774616e-02
1.113678158701164773e-02
1.120040679211391568e-02
1.126245041784225236e-02
1.131181583927866330e-02
1.136263680359408251e-02
1.141400349865786222e-02
1.145209889803943705e-02
1.147973768982010756e-02
1.151137406499653897e-02
1.154188309871838694e-02
1.157278348720569214e-02
1.160202077612705780e-02
1.163208328956959539e-02
1.166237631528396594e-02
1.169065737690555030e-02
1.170328264236732835e-02
1.171580675459084515e-02
1.172879497818497124e-02
1.174275736672337339e-02
1.175661577107239147e-02
1.177530596977091962e-02
1.181213606024982508e-02
1.185015009289181603e-02
1.188986384019380046e-02
1.194203735003049154e-02
1.199352974805949386e-02
1.204170148345451441e-02
1.208573130456767897e-02
1.212923754862420093e-02
1.218141232976654130e-02
1.224252668915021096e-02
1.230310172061139379e-02
1.237805558319730187e-02
1.246008447072281117e-02
1.254435653412176201e-02
1.259737410817725507e-02
1.265158783608319980e-02
1.272973471856980732e-02
1.281008199341736320e-02
1.289311344048249715e-02
1.296615143726706498e-02
1.303355417274705379e-02
1.310605233976323142e-02
1.318294375335881015e-02
1.326173470072661287e-02
1.334995137521628912e-02
1.344084992050530170e-02
1.354169247206037791e-02
1.365479970099755039e-02
1.377081350377060490e-02
1.388645966200515412e-02
1.400136836527975451e-02
1.410559558389507320e-02
1.421298112278670048e-02
1.432159335107157684e-02
1.442219718271599109e-02
1.451898204098764703e-02
1.461644834721746548e-02
1.471479408367986838e-02
1.481476428901792701e-02
1.491434415755650729e-02
1.500855582393760719e-02
1.510196711806279651e-02
1.519581146074824168e-02
1.529763742420042066e-02
1.542427365934625344e-02
1.555078797449802042e-02
1.568399784630988489e-02
1.580990398607591205e-02
1.588604964624017873e-02
1.595608268269592053e-02
1.602659610959650260e-02
1.608173975066293573e-02
1.609430708321058293e-02
1.610594712644098508e-02
1.611766100494078577e-02
1.613096034347624719e-02
1.614794648003598301e-02
1.616798979235911995e-02
1.618230687607115012e-02
1.619846750113717454e-02
1.622089261575508645e-02
1.624524643000369376e-02
1.626980487706797610e-02
1.629515162227856626e-02
1.632026383995595006e-02
1.634703870906078008e-02
1.637407741262307537e-02
1.639894300373155936e-02
1.642405735580773282e-02
1.645512330777956431e-02
1.648963062908404345e-02
1.652362886645909745e-02
1.655735987616161614e-02
1.658891991289927759e-02
1.661696164474341791e-02
1.664480093001452499e-02
1.667034965875755642e-02
1.669853345959517593e-02
1.673990479938385414e-02
1.679389073620925210e-02
1.685486719566611086e-02
1.690870654337808116e-02
1.695497038657812344e-02
1.700062080615254156e-02
1.704271255642225008e-02
1.709939496139015191e-02
1.716535793546706060e-02
1.722992399980140948e-02
1.729178695022219603e-02
1.734069047777734782e-02
1.738915587589786108e-02
1.743506196082634033e-02
1.747364681864922026e-02
1.749480056171850637e-02
1.751430375854574548e-02
1.753277728203070721e-02
1.754269784701451007e-02
1.754692846317123384e-02
1.755029388184833200e-02
1.755305002077073989e-02
1.755615753488989558e-02
1.755912337404959278e-02
1.756311919771648064e-02
1.756701839773329443e-02
1.757073313746114820e-02
1.757425245610149192e-02
1.757775552450840592e-02
1.758110021446744609e-02
1.758095550871560317e-02
1.757266627418000576e-02
1.756465680787993450e-02
1.755626312693247398e-02
1.754771853072811111e-02
1.753871390504503636e-02
1.753170998820240134e-02
1.752691658076882888e-02
1.752222803945128332e-02
1.751999536762586032e-02
1.752091798906318942e-02
1.752323125830997433e-02
1.752780255013579661e-02
1.753245159415180165e-02
1.753807123998666478e-02
1.754412670103517452e-02
1.755291891936648987e-02
1.756148453538904086e-02
1.756963029827045275e-02
1.757992107834823250e-02
1.759014458677581397e-02
1.760047562612680402e-02
1.761044926900710503e-02
1.762039208532053397e-02
1.763075638837166906e-02
1.763651203045765378e-02
1.764012774451186386e-02
1.764377736415808501e-02
1.764657558042113591e-02
1.764899214172830147e-02
1.765165488564365143e-02
1.765422707936336461e-02
1.765342547454939667e-02
1.764918780919306693e-02
1.763720853222330159e-02
1.762111963972091272e-02
1.760528135032635860e-02
1.758933598412310007e-02
1.757357474296224881e-02
1.755679488540781014e-02
1.753891666812633365e-02
1.752134462182544303e-02
1.750480055637877383e-02
1.749119025397870633e-02
1.747523143075995974e-02
1.745891387569905792e-02
1.744266125238863943e-02
1.742517818984581565e-02
1.741179358623582557e-02
1.739977208229672584e-02
1.738775495799445292e-02
1.737667058590193145e-02
1.736541554093141981e-02
1.735138185496047994e-02
1.733493400240676552e-02
1.731950565627846800e-02
1.730581232336966466e-02
1.729231391027350254e-02
1.727830758160133623e-02
1.726339433368236434e-02
1.724869215149642254e-02
1.722605238742104528e-02
1.720347797274997259e-02
1.718313619305096920e-02
1.716313691339535832e-02
1.714362607788000661e-02
1.712389196910135344e-02
1.710052642896005282e-02
1.706993954713296666e-02
1.703965664295880450e-02
1.700877370165360114e-02
1.696966709637747275e-02
1.693057918677952356e-02
1.689437588097237805e-02
1.686568081456797999e-02
1.684034189191723624e-02
1.681731752168671989e-02
1.679396962944037716e-02
1.677054093422931241e-02
1.674695382107507444e-02
1.672339047934938774e-02
1.670059775058982746e-02
1.667780701759339831e-02
1.665507837432489077e-02
1.663267020824263365e-02
1.660962533006546740e-02
1.658686620439747683e-02
1.656974874541383008e-02
1.655473713027056856e-02
1.653975985082373201e-02
1.652420801617338758e-02
1.651006568703588043e-02
1.649590484380909078e-02
1.647981601814657235e-02
1.645845686886458076e-02
1.644325114431669996e-02
1.643234165629161095e-02
1.642190801630937988e-02
1.641161257079074010e-02
1.640117661464638582e-02
1.639121035437208357e-02
1.638064756187949250e-02
1.637020288844590055e-02
1.636384551416611086e-02
1.635917367461471594e-02
1.635467890433712004e-02
