2.041486881045462970e-02
2.052166153095112341e-02
2.061704606911423515e-02
2.070345126339107056e-02
2.078891047428347433e-02
2.086401761145507266e-02
2.092240157012995733e-02
2.095180931305704042e-02
2.099375023641069163e-02
2.103751687798130141e-02
2.104993236051592997e-02
2.106824366428970349e-02
2.108738999590753158e-02
2.109035835430231320e-02
2.109761161969594956e-02
2.112294994167245032e-02
2.117093621876471599e-02
2.121033632457399593e-02
2.123046274900414546e-02
2.121056883365716669e-02
2.117401744446532202e-02
2.112931548296250253e-02
2.109036389748542364e-02
2.104523968313740459e-02
2.102107393376855329e-02
2.100947179172642232e-02
2.101780821604694316e-02
2.098565681809972175e-02
2.094247264892454968e-02
2.089401723012537446e-02
2.082173297052363273e-02
2.075943937350697294e-02
2.072037557187422080e-02
2.068063008069034522e-02
2.064377391525562891e-02
2.061559290580256346e-02
2.058109802631934507e-02
2.050107878304935349e-02
2.042256071446066704e-02
2.033169465571934773e-02
2.023341589619595191e-02
2.014443713874827097e-02
2.005830944384632414e-02
1.996314031520639645e-02
1.983008244602395623e-02
1.972207481500229745e-02
1.961188582216562976e-02
1.949629392168216943e-02
1.937207348445449048e-02
1.923453610849062967e-02
1.910467001052056774e-02
1.896195635563244913e-02
1.880763063137901731e-02
1.865828927382921776e-02
1.851656608429689405e-02
1.837194521136538417e-02
1.823277556196500546e-02
1.807532286765676025e-02
1.793604943079507574e-02
1.780693391058671762e-02
1.767281120452779061e-02
1.753469023224741782e-02
1.738254475060683341e-02
1.725773974173196515e-02
1.714544694227245272e-02
1.704781379596112534e-02
1.696394711830916807e-02
1.689862199215568656e-02
1.683583032492308104e-02
1.678201189099287963e-02
1.672615176664057554e-02
1.667044264235790704e-02
1.661589564538517444e-02
1.656400761527851775e-02
1.651866606855836861e-02
1.648367133161052558e-02
1.645132885683901758e-02
1.642341749239321219e-02
1.640115096998566099e-02
1.637454331050980719e-02
1.633769408002892429e-02
1.629108181723200321e-02
1.623868594451912534e-02
1.617710365823397597e-02
1.611709458417208765e-02
1.606105308144646290e-02
1.600605269784623197e-02
1.595433562621676599e-02
1.591051535008533233e-02
1.586284062493154012e-02
1.580720799750409689e-02
1.575133539954482950e-02
1.569964375459066350e-02
1.565505091718940103e-02
1.560865413256891897e-02
1.557067807221988731e-02
1.553827601594668338e-02
1.549806720942975211e-02
1.545453505825030577e-02
1.537803967988496737e-02
1.529705413999019915e-02
1.521562381294722273e-02
1.513812835325083379e-02
1.506244719145591153e-02
1.499398922692440211e-02
1.492466925535416121e-02
1.486877549018174663e-02
1.482054884408756656e-02
1.477131947282299580e-02
1.471235848981362372e-02
1.465128387952711018e-02
1.458564651833987348e-02
1.451578723908582627e-02
1.445170874604802605e-02
1.438561041590907114e-02
1.432275692824227370e-02
1.425167125648946730e-02
1.417691402343795350e-02
1.410169775686621191e-02
1.402710746863174845e-02
1.395009061404045222e-02
1.386966088639687844e-02
1.378834633789278834e-02
1.371339523732578551e-02
1.363592378039161362e-02
1.354340540738556593e-02
1.345334973328668818e-02
1.336880136751878410e-02
1.329094719983715985e-02
1.321257384457100170e-02
1.313261362105152402e-02
1.305784116884620844e-02
1.298140965693336812e-02
1.290962953280411565e-02
1.284018466727488567e-02
1.276993674748308494e-02
1.269716008753399988e-02
1.262329953989294734e-02
1.255659283686163738e-02
1.248119874554734152e-02
1.240338410878720141e-02
1.231623658428634971e-02
1.222979051482768822e-02
1.214640515516521822e-02
1.206601566654976615e-02
1.199035072458235623e-02
1.192028794436000329e-02
1.184581936149574008e-02
1.177355776563513388e-02
1.170450812969569925e-02
1.163603715841900546e-02
1.157199304519525296e-02
1.151888297315752617e-02
1.146820986518349954e-02
1.142282612965144634e-02
1.136845729598514980e-02
1.131102232794803548e-02
1.126617691479703948e-02
1.122681046604796264e-02
1.119209047926835940e-02
1.115874665345745198e-02
1.112475994332593268e-02
1.109548070465257372e-02
1.106418222786845033e-02
1.103656609821997148e-02
1.101230411941560294e-02
1.099061216860340237e-02
1.096680537114924116e-02
1.094234592357219184e-02
1.091760157858029205e-02
1.089535600351299212e-02
1.087553853412876782e-02
1.085557957860832159e-02
1.083786429141662781e-02
1.082483338666366361e-02
1.081283301788023461e-02
1.079951915794893219e-02
1.078198690217278821e-02
1.076362353855076989e-02
1.074573144815764089e-02
1.072909995337128879e-02
1.071071215550663952e-02
1.068916954587733129e-02
1.067362329898934731e-02
1.066112330292513614e-02
1.065029095662023938e-02
1.063868419612378109e-02
1.062701400409894748e-02
1.061477763970749243e-02
1.060601620261358152e-02
1.059776093259568591e-02
1.059020702850609584e-02
1.058275944644773703e-02
1.057688964376071912e-02
1.057117437508989753e-02
1.056502940418210627e-02
1.056059949400901289e-02
1.056187138036701785e-02
1.056309768092714672e-02
1.056270765249852153e-02
1.055814755986162271e-02
1.055232883051982970e-02
1.054699875864040758e-02
1.054370990707120988e-02
1.054128151246718978e-02
1.054280229735726077e-02
1.054306756405710629e-02
1.054160488147907679e-02
1.053755335996997035e-02
1.054094743139027783e-02
1.054448851818963993e-02
1.054939117415874296e-02
1.055679122300802117e-02
1.056334800197500368e-02
1.056645265525952941e-02
1.056965352488069103e-02
1.057509406503660820e-02
1.058636923103922593e-02
1.059736810818876808e-02
1.060825888266829324e-02
1.061910403002529375e-02
1.062980904789503390e-02
1.064069885541365015e-02
1.065196385806901035e-02
1.066244328366007521e-02
1.067281226690834986e-02
1.068296913504900199e-02
1.068989304864622659e-02
1.069746959599114991e-02
1.070324993979513382e-02
1.070745445751827493e-02
1.071228502013801993e-02
1.071857661301949850e-02
1.072617457387229668e-02
1.073331834624077427e-02
1.073802374569072203e-02
1.074220337607762615e-02
1.074551180419713869e-02
1.074943893956551919e-02
1.075254309167109242e-02
1.075540025181559098e-02
1.075867230902228383e-02
1.076242102917497438e-02
1.076848571339240890e-02
1.077600214091573895e-02
1.078313457855106447e-02
1.078532608559433330e-02
1.078874359421996831e-02
1.079165767386408049e-02
1.079357937231356472e-02
1.079592936574914029e-02
1.079808620940840048e-02
1.080018441648530891e-02
1.080289981025799387e-02
1.080566092170306448e-02
1.080718344552926424e-02
1.080832846721024518e-02
1.080964840610107100e-02
1.080850141741417428e-02
1.080454248931079879e-02
1.079987175181305187e-02
1.079582930620290142e-02
1.079091391536517522e-02
1.078480616185916244e-02
1.078403216943984826e-02
1.078324699466974221e-02
1.077995033786008361e-02
1.077150874511895347e-02
1.076306401506644042e-02
1.075380470432830277e-02
1.074241925596503520e-02
1.073129014024707881e-02
1.071957700903094363e-02
1.070522417124341111e-02
1.069013296511434410e-02
1.067364199924404275e-02
1.065869250358925276e-02
1.064438531506827976e-02
1.062902233371582766e-02
1.061350388831602473e-02
1.059791760686182305e-02
1.058545874811728932e-02
1.057308414457150576e-02
1.054802387307116410e-02
1.052150375290122376e-02
1.050111112711678285e-02
1.048122371205236110e-02
1.045775097331637024e-02
1.043743358457290514e-02
1.042588569132399737e-02
1.041469882485585724e-02
1.040204191422546692e-02
1.039111993456452200e-02
1.038014406763012633e-02
1.036947915322914554e-02
1.035787415181823636e-02
1.034382884438447142e-02
1.032953397951566835e-02
1.031277996360611612e-02
1.029605704192598260e-02
1.027907514749604352e-02
1.026414785610350877e-02
1.024831692367015809e-02
1.022953468413505783e-02
1.021077217681340236e-02
1.019161756655555598e-02
1.017226777038435746e-02
1.015397139691542189e-02
1.013460896110575209e-02
1.011622796457201622e-02
1.010011434564719521e-02
1.008513590399552802e-02
1.007270716023073338e-02
1.006196911857073877e-02
1.005290524292276957e-02
1.004500830391742879e-02
1.003480763603311482e-02
1.002353712548083482e-02
1.001529623303893009e-02
1.001092762880969808e-02
1.000684741287907048e-02
1.000343510421207276e-02
1.000373126214162967e-02
1.000825208060693826e-02
1.001594813449685310e-02
1.002409990226543236e-02
1.003095914731432121e-02
1.003326148581289157e-02
1.003519183512408160e-02
1.003810856991030689e-02
1.004091789177007435e-02
1.004259602967839428e-02
1.004795058807223494e-02
1.005341199286683730e-02
1.006085536854840583e-02
1.006914546051210918e-02
1.007885068502817338e-02
1.008919537499357137e-02
1.010200011500583112e-02
1.011582249204126885e-02
1.013158548102192219e-02
1.014881298056131108e-02
1.016762389367183161e-02
1.018830161832057907e-02
1.020921148985171056e-02
1.023026967446532577e-02
1.025228695330051600e-02
1.027604214408802188e-02
1.029956103697008546e-02
1.032571527158371825e-02
1.035309472565237865e-02
1.037870712133370614e-02
1.040369400240707953e-02
1.042711430704240660e-02
1.045235824174111858e-02
1.047555373329885769e-02
1.049443580739984130e-02
1.051557438078667625e-02
1.053811856907923249e-02
1.056059058357411776e-02
1.057421238464418926e-02
1.058911079462214119e-02
1.060487018435125016e-02
1.062181930777986345e-02
1.063930446157379181e-02
1.065436294830679649e-02
1.067293764496304170e-02
1.069492593586787721e-02
1.071773608233912364e-02
1.073950255334902258e-02
1.076860067829989512e-02
1.079672138109979279e-02
1.082549375292538203e-02
1.085333377655070194e-02
1.088091938494972766e-02
1.090767354139085543e-02
1.093513537251138493e-02
1.096241193990806634e-02
1.098979541251917172e-02
1.101661053942182278e-02
1.104460372372388297e-02
1.107279708164055597e-02
1.112781736918620409e-02
1.119656286317859302e-02
1.125627913605127366e-02
1.130345264120551085e-02
1.135342953273410678e-02
1.140150356990603589e-02
1.144226124022468434e-02
1.148237990016074545e-02
1.152034244705836194e-02
1.155472643113446794e-02
1.158980917981627598e-02
1.162788778786005839e-02
1.166474281822215894e-02
1.170151764813956961e-02
1.173780625591837844e-02
1.177424139036063917e-02
1.181062171263816407e-02
1.184729596392707258e-02
1.188357765243624325e-02
1.191274421115338586e-02
1.193673802018635488e-02
1.196221785160618729e-02
1.198520331627397559e-02
1.200831163511123165e-02
1.203307590286693124e-02
1.205032782991865767e-02
1.206457460799362745e-02
1.207935012489497716e-02
1.209226870419217136e-02
1.210482697295876472e-02
1.211719329520595523e-02
1.212781987439049032e-02
1.213436480917097840e-02
1.213714294068816632e-02
1.214192753224993537e-02
1.214752966329617212e-02
1.215216750463797395e-02
1.215240229580525494e-02
1.215231587576482038e-02
1.210772013237172359e-02
1.205520478322571337e-02
1.200376973912455937e-02
1.195223923690998460e-02
1.188293303727669566e-02
1.181422996649132175e-02
1.174605512291162536e-02
1.167705880203248094e-02
1.160789020403204218e-02
1.153707172350835163e-02
1.147724510438034688e-02
1.142139927232995247e-02
1.136568341505223012e-02
1.130668100674852260e-02
1.124846308839201094e-02
1.118754446949491062e-02
1.112450340683703541e-02
1.105914811985181379e-02
1.099561300507980593e-02
1.093294083981683970e-02
1.086209851423745182e-02
1.079118780294645828e-02
1.072291675416069644e-02
1.065106716542297410e-02
1.058492759999581263e-02
1.052306012749421732e-02
1.046217603527424544e-02
1.040137766177251857e-02
1.034039477335689516e-02
1.027928496150412423e-02
1.021937433968038260e-02
1.015889099093824320e-02
1.010179218755895975e-02
1.004493995030712565e-02
9.988532106241124892e-03
9.932611998918920715e-03
9.882575137893336720e-03
9.832296212409061612e-03
9.781707558582096104e-03
9.731353836599019105e-03
9.682766263033269413e-03
9.626614222529576714e-03
9.569183316857198668e-03
9.511358791400015972e-03
9.452222168240815084e-03
9.390411201959179832e-03
9.332512552603026978e-03
9.278436457734998491e-03
9.223576605899555178e-03
9.168748916075946873e-03
9.115029499745443131e-03
9.056233464988884541e-03
8.993096577830813482e-03
8.928000820503092724e-03
8.866022811481428373e-03
8.802875482573996324e-03
8.736611109516838336e-03
8.667194326108441926e-03
8.599643567475391895e-03
8.531670924115979798e-03
8.465304954430461631e-03
8.402808748787104695e-03
8.342298672101636225e-03
8.291683127763646230e-03
8.247408767951387720e-03
8.200374469584532575e-03
8.154692834981823110e-03
8.109711057552673047e-03
8.068230983363558137e-03
8.026794780718509228e-03
7.985162633452809813e-03
7.943686317441536748e-03
7.899336269899510585e-03
7.856489744698639047e-03
7.816664264813680610e-03
7.768093950123363019e-03
7.721137855250871304e-03
7.676299141905219489e-03
7.630068514746086300e-03
