1.820974053345199521e-08
1.909374102769817485e-08
2.006017889934953635e-08
2.092858875514424493e-08
2.192695804535769276e-08
2.317947998044178371e-08
2.481656793469015433e-08
2.671106581144219873e-08
2.897204222795379441e-08
3.159056681441121574e-08
3.452287732484573266e-08
3.765405733807030704e-08
4.113304941073243783e-08
4.481538066491340902e-08
4.875737236112366665e-08
5.343043957876109603e-08
5.847799515104653258e-08
6.387549095993109541e-08
7.116304926131951671e-08
7.885335075541700057e-08
8.837359759030082279e-08
1.005703831497053637e-07
1.187609202959184261e-07
1.429930308671070904e-07
1.761325229547922334e-07
2.132196355917016140e-07
2.629580879241009439e-07
3.316351672631412290e-07
4.268104821888791322e-07
5.701590579554894664e-07
6.413307774161385510e-07
7.119042344982187661e-07
7.914685352824081552e-07
8.601107598623997040e-07
9.091283462276386463e-07
9.367219814695701570e-07
1.024932938184820018e-06
1.105211740957798010e-06
1.164072045887962347e-06
1.189575472544756086e-06
1.218527214667145065e-06
1.289996397087283665e-06
1.398553899311702191e-06
1.502396856802290374e-06
1.635010677848996259e-06
1.812683993502866608e-06
2.053468665867247447e-06
2.897085415737449649e-06
5.492914747620663165e-06
1.266330274772068556e-05
3.053919882931802748e-05
6.958276871870563269e-05
1.312594655656505098e-04
1.776065430959463548e-04
1.893475457060923492e-04
1.661021621188549647e-04
1.933861193728746576e-04
2.264780013208687437e-04
2.900672769198149592e-04
4.365179969543309200e-04
5.017401256209510097e-04
7.519455636993384665e-04
4.951980945327890109e-04
3.873985075780614026e-04
2.068163571261809428e-04
1.173836582837411134e-04
7.976698849043041388e-05
9.299334009396306461e-05
1.448105817889426149e-04
2.204039268343406771e-04
2.693549686697379784e-04
3.158032627277347756e-04
3.673306619014097890e-04
4.533438411022138511e-04
5.816368532504342416e-04
7.590444364241171740e-04
9.217702559962417073e-04
1.170060907280858625e-03
1.630178971536857613e-03
2.482588858869174114e-03
3.338511333840828849e-03
4.677582983455327165e-03
5.845740742028207419e-03
3.770061215785547315e-03
2.323588256355058404e-03
1.950504611204838300e-03
1.552159989602319148e-03
1.415170675042324439e-03
1.384984410054543834e-03
1.471756660615515262e-03
1.601385020409769669e-03
1.726874576517506248e-03
1.840618771842612205e-03
1.933869362056390030e-03
1.984587262749882078e-03
1.957522262691088234e-03
1.804033663796755218e-03
1.645256174501704425e-03
1.459571739165635386e-03
1.324984696434490343e-03
1.297995620132798332e-03
1.266080909802521021e-03
1.202370838746811936e-03
1.196813375366893081e-03
1.270599995866891416e-03
1.371926116679918640e-03
1.476536662995949021e-03
1.551764461598613247e-03
1.629364519871073389e-03
1.628434029658018664e-03
1.602415627032181865e-03
1.555090420913480794e-03
1.526703226119544010e-03
1.524579053854484756e-03
1.524806365353689871e-03
1.576650205459613485e-03
1.645572311364476830e-03
1.709563723902685723e-03
1.803065602737309028e-03
1.917632611619344424e-03
2.010306671269564572e-03
2.102296027895229555e-03
2.164215581248355152e-03
2.195161168092022667e-03
2.272335046005778941e-03
2.312762159584017766e-03
2.331712700419051858e-03
2.387230040490307022e-03
2.419677366581501118e-03
2.450539303352104997e-03
2.523479597966937597e-03
2.552125475718692877e-03
2.648589324024191831e-03
2.751973264089996405e-03
2.832517859640653907e-03
2.838749115222392611e-03
2.962771689179344563e-03
3.207189215227484753e-03
3.251929137985318675e-03
3.338621041943426980e-03
3.224227519187290465e-03
2.998966316430150356e-03
3.004163471725254577e-03
3.210257122527729497e-03
3.250165908673908859e-03
3.166942960782279971e-03
2.971669746846261183e-03
2.813340556186429923e-03
2.782921335051035793e-03
2.856995680337024758e-03
3.094513790647543654e-03
3.219342189969271687e-03
3.330704209167191683e-03
3.284324951498885682e-03
3.146066409899271957e-03
3.059302696797641143e-03
3.070811347749649502e-03
3.116552857876383077e-03
3.078226537393462508e-03
3.069361562324589288e-03
3.136700712042004863e-03
3.072058830419823090e-03
3.029310375519516860e-03
3.044965900307081662e-03
3.064212807914873642e-03
3.128994771404967640e-03
3.264252166694145939e-03
3.331708670716607319e-03
3.294298636250313477e-03
3.284561121497333539e-03
3.206017059844340662e-03
3.134609560538522289e-03
3.159872945679589526e-03
3.244587900208855541e-03
3.395354989823782567e-03
3.542121692590258653e-03
3.683696974679592871e-03
3.864513049957029808e-03
4.054531193447100459e-03
4.184802094199574843e-03
4.220717564452142710e-03
4.282329552912723936e-03
4.346481678973222393e-03
4.410562894580264716e-03
4.499231080074937369e-03
4.565550247876398911e-03
4.630219039064135261e-03
4.709374189347578094e-03
4.725558748007671790e-03
4.691900830253265160e-03
4.677628989020192647e-03
4.716986830483375914e-03
4.841588889953517098e-03
5.097085746660164583e-03
5.494221863489764587e-03
5.868433946757132917e-03
6.441566967495698272e-03
7.355296407796032068e-03
8.004300320532115390e-03
8.237513332817985104e-03
8.523476546042201354e-03
8.479925344698198073e-03
8.152701490304248635e-03
8.003786836182922096e-03
8.068512485392805716e-03
7.871043887344218379e-03
7.605092112278249994e-03
7.361977732232343787e-03
7.133489809671032279e-03
6.844211243049403738e-03
6.603339222513143932e-03
6.288278983856698812e-03
5.947927457502884090e-03
5.695158216352705360e-03
5.437659435710491193e-03
5.178603662344404522e-03
4.980468413529926495e-03
4.845889351207005244e-03
4.789347838835994811e-03
4.764679515864560233e-03
4.816742981671533717e-03
4.879603623710285394e-03
4.949752923785966964e-03
5.091336292838675309e-03
5.225294971224228764e-03
5.381166094267321107e-03
5.498600033600156700e-03
5.715837381236869852e-03
5.906485056034245333e-03
6.043571368226312475e-03
6.074709071134606203e-03
6.146582308871668954e-03
6.239467430785828293e-03
6.409283120788616950e-03
6.643774905504211403e-03
6.687901995532047859e-03
6.694674553523162486e-03
6.811513793782903933e-03
6.950206483505698592e-03
6.948399254877815102e-03
6.859098974551895884e-03
6.817327210128799539e-03
6.751698225243022572e-03
6.740210174408090352e-03
6.812170448324306703e-03
6.733850791586304743e-03
6.590635923257016048e-03
6.465704646528572935e-03
6.391192734303561933e-03
6.336749189305333589e-03
6.325595411339667018e-03
6.354131990035746802e-03
6.443823586643729687e-03
6.562062203945412224e-03
6.571884023938545649e-03
6.541083724210965990e-03
6.648541938377692390e-03
6.880706461581543275e-03
7.259449364048884204e-03
7.385262678261591933e-03
7.496160525994627170e-03
7.545578845540096107e-03
7.541734553734322742e-03
7.665570134003965933e-03
7.880489419388993222e-03
7.959125918312029771e-03
7.999907207186063990e-03
7.956685095363907542e-03
7.891831044741809409e-03
7.738938655507239528e-03
7.395496341252028906e-03
7.091400193734786334e-03
6.831994597015580289e-03
6.585481011380769391e-03
6.346056077991248968e-03
6.119247164778772625e-03
5.913307599936842851e-03
5.989968863808945408e-03
6.023086304195388908e-03
6.111566858734688093e-03
5.760453946079963951e-03
5.367930435531432024e-03
5.036564101500343171e-03
4.788653468506666108e-03
4.554749417236253657e-03
4.485463579812010333e-03
4.575287787761542560e-03
4.745520100419511715e-03
4.984049164956328055e-03
5.219876336777252816e-03
5.430584932762046006e-03
5.121652447296355312e-03
4.718801347955259122e-03
4.494995487931519734e-03
4.311997426142867226e-03
4.187037735362028439e-03
4.107164279879577801e-03
4.071561810943101316e-03
4.068361250102023666e-03
4.130535734587354769e-03
4.198965199173627927e-03
4.316259952546783012e-03
4.494521631040623855e-03
4.718484726322126795e-03
4.981459129932521920e-03
5.183892880418598109e-03
5.528258432052492177e-03
6.040916664511003856e-03
6.323998519934122611e-03
6.530107532275483510e-03
6.845280048003704772e-03
6.858102556696821055e-03
6.725615184317168191e-03
6.777051989954489125e-03
6.859699234371463561e-03
7.084810899706410481e-03
6.654363448733035917e-03
6.267785905422792840e-03
6.025373467991285148e-03
5.877765720842223658e-03
5.676171660184550945e-03
5.388579356093561000e-03
5.032297912232886264e-03
4.683885731309279238e-03
4.429118499875565537e-03
4.231611079440685506e-03
4.042069491029271627e-03
3.883357093126040341e-03
3.687105400925264759e-03
3.575765893003087555e-03
3.378886947249594517e-03
3.293684029760309082e-03
3.319231048965140280e-03
3.419662931827344848e-03
3.567271818286758996e-03
3.727823280167224390e-03
3.955622541559622452e-03
4.306434350652583835e-03
4.504800915724921882e-03
4.476091535115973852e-03
4.500478579951443237e-03
4.549064614630783134e-03
4.631421843994094380e-03
4.736576519642365750e-03
4.873907068748926930e-03
5.039249268744511005e-03
5.202017460459891322e-03
5.281780986750021778e-03
5.405645297232755490e-03
5.637736314516045982e-03
6.015528032937238895e-03
6.573349251020559406e-03
6.929799512483801431e-03
7.222492452601691863e-03
7.556294006303271131e-03
7.537943218497160543e-03
7.225181469242605500e-03
6.988110018740640618e-03
6.717622201431307748e-03
6.482864444283674595e-03
6.176316495660842502e-03
6.016831081620035646e-03
5.945069205979428700e-03
5.887843890180584003e-03
5.732089841289776666e-03
5.614341445194323370e-03
5.598829517379884206e-03
5.692647382130236640e-03
5.830506293114591683e-03
5.973255145741023647e-03
6.101316689687110231e-03
6.232499799898040885e-03
6.409988690933001929e-03
6.565941432567962838e-03
6.711473881346340445e-03
6.876961314152500900e-03
6.959684889291361740e-03
7.013485435715356014e-03
6.861438930912272700e-03
6.651727508591836688e-03
6.486512669138655776e-03
6.342954723990479153e-03
6.255951364687400117e-03
6.269849450992177713e-03
6.270051792647909558e-03
6.318421362890349995e-03
6.403684307765123915e-03
6.528387061084769266e-03
6.669268696061840009e-03
6.778465327333155384e-03
6.755788231382142163e-03
6.739309963709303949e-03
6.612777341208572919e-03
6.565307710495731086e-03
6.673486143893231706e-03
6.978395735663084354e-03
7.752516461290181495e-03
8.490042977432200877e-03
7.700175357489831215e-03
7.569357325380225883e-03
7.653834330186148373e-03
7.809786935137773625e-03
8.135018290394108870e-03
8.859420550992242946e-03
9.650767688928691204e-03
1.002588789113347326e-02
9.702817708372730998e-03
9.243908730618071584e-03
8.997534612923402744e-03
8.945321610898324116e-03
9.046125188180773394e-03
9.395032752669259593e-03
9.768627076838194007e-03
1.005057076983588600e-02
1.033420494982515564e-02
1.058550016561781056e-02
1.082024293718880648e-02
1.099975203464751382e-02
1.109523486041188826e-02
1.129449276361166148e-02
1.131629198310720244e-02
1.132414407841111394e-02
1.147820916562709501e-02
1.168592047407439501e-02
1.187016440904630800e-02
1.205787307443545453e-02
1.219794730762249237e-02
1.243223403052421544e-02
1.268996113571099066e-02
1.290373050917061580e-02
1.315646562226501469e-02
1.331824960322620759e-02
1.341623682443365308e-02
1.342783652885420551e-02
1.346888973897334210e-02
1.361822002342691351e-02
1.390803455197433397e-02
1.431433714812168669e-02
1.447112248615968835e-02
1.391293440551741138e-02
1.372712330034087970e-02
1.380832857528242578e-02
1.394524612457922683e-02
1.418776735724135499e-02
1.449505633796558876e-02
1.486394135256198165e-02
1.525807930406069060e-02
1.573314819626122837e-02
1.628349399980398224e-02
1.681770930579288420e-02
1.739569313000956935e-02
1.802565330496745319e-02
1.875378038842763842e-02
1.949312844486511195e-02
1.994098574924118780e-02
2.020100206182932553e-02
2.050040156292881610e-02
2.097215913619686692e-02
2.143235956476736634e-02
2.204967766937042037e-02
2.275999995567398043e-02
2.355178653030196717e-02
2.445570567070123186e-02
2.550142539258169749e-02
2.654115023264338666e-02
2.711372629945247095e-02
2.771741127805375446e-02
2.838606088890504101e-02
2.928266228555119477e-02
3.041087336974371974e-02
3.151323113583795466e-02
3.257558500643448207e-02
3.395989286138683533e-02
3.561966697843410579e-02
3.746818442060755733e-02
3.942361506307173746e-02
4.173533458487027614e-02
4.373104286018651005e-02
4.562445865886387980e-02
4.774922187597276102e-02
5.003642605696467793e-02
5.263459870700968463e-02
5.554673230340075041e-02
5.891465082521044755e-02
6.293512342872592535e-02
6.772958663838829496e-02
7.270519659588191297e-02
7.838622294900000897e-02
8.533561240348434829e-02
9.326404984460422154e-02
1.028932247309260334e-01
1.147054370687336095e-01
1.281773693987784957e-01
1.448491977281934073e-01
1.653060788545435700e-01
1.927459835308998337e-01
2.311078110074545333e-01
2.920424030170090668e-01
4.115034597618183465e-01
7.464610147300241305e-01
