1.211191293920413532e-02
1.211464173239510181e-02
1.211734583630530264e-02
1.212008523882374469e-02
1.212281279112953358e-02
1.212557482013772690e-02
1.212845065741959862e-02
1.213124697210130401e-02
1.213405836040761139e-02
1.213699894203745626e-02
1.213991578310987494e-02
1.214284423520750437e-02
1.214585625522308747e-02
1.214896051972115532e-02
1.215214416073846955e-02
1.215531415522939918e-02
1.215850885665922983e-02
1.216170695968762407e-02
1.216486911236213525e-02
1.216808605340807120e-02
1.217124541288696835e-02
1.217442911008925245e-02
1.217755514867082528e-02
1.218064258175739420e-02
1.218373990179326578e-02
1.218689246128560125e-02
1.218997309117503952e-02
1.219311913802679885e-02
1.219629986866270673e-02
1.219955748120522820e-02
1.220291489109538545e-02
1.220627968047992978e-02
1.220946988550693571e-02
1.221274288952045595e-02
1.221604364248763883e-02
1.221926911722775837e-02
1.222257693505350226e-02
1.222587242910756419e-02
1.222923121633210861e-02
1.223254587748710473e-02
1.223588933103090387e-02
1.223937315549654924e-02
1.224276688816667256e-02
1.224627258945405056e-02
1.224972822351270453e-02
1.225323203377454845e-02
1.225682372053884042e-02
1.226028634400766655e-02
1.226381324629186378e-02
1.226730049161949346e-02
1.227084223636727700e-02
1.227439377977369503e-02
1.227797575617001896e-02
1.228148281552836861e-02
1.228502093875356513e-02
1.228858212189541839e-02
1.229211879073255353e-02
1.229565077695382591e-02
1.229916269390408587e-02
1.230273647853189628e-02
1.230624242221728566e-02
1.230973503561740359e-02
1.231323256279440170e-02
1.231663043870468398e-02
1.232008809381694540e-02
1.232351349233572722e-02
1.232693166707275224e-02
1.233034029999671537e-02
1.233376225517952667e-02
1.233718052623364141e-02
1.234053796341363918e-02
1.234400121615412092e-02
1.234744247007122167e-02
1.235085889504777476e-02
1.235414779780230447e-02
1.235752500567033341e-02
1.236088017939871407e-02
1.236423890883300500e-02
1.236761195901331205e-02
1.237094327981432679e-02
1.237432936972334904e-02
1.237767848992261770e-02
1.238104807910881885e-02
1.238438829318782089e-02
1.238773625437143699e-02
1.239100093016723241e-02
1.239436006252801759e-02
1.239768112395365010e-02
1.240098924838879679e-02
1.240430669952883626e-02
1.240766150243641924e-02
1.241092748974992679e-02
1.241427296916318770e-02
1.241761583356745281e-02
1.242088336355968645e-02
1.242414208695931215e-02
1.242731865188107312e-02
1.243044852709340210e-02
1.243362438568983673e-02
1.243675148054883099e-02
1.243990988006739642e-02
1.244303113008430467e-02
1.244618232026867624e-02
1.244927783917496207e-02
1.245232263429102426e-02
1.245530026428958228e-02
1.245830892123343456e-02
1.246124724422751663e-02
1.246413378394338467e-02
1.246700301226758879e-02
1.246980611088300758e-02
1.247258749481046022e-02
1.247532177807556160e-02
1.247805129846055877e-02
1.248077585530484555e-02
1.248354838929700145e-02
1.248614232090367558e-02
1.248881614111545940e-02
1.249145728575442281e-02
1.249404738073034253e-02
1.249666073467823810e-02
1.249917700260458689e-02
1.250174320773158806e-02
1.250424891448900441e-02
1.250672740364204040e-02
1.250916240081303456e-02
1.251159121282155971e-02
1.251399357776242574e-02
1.251634713080730481e-02
1.251866304634394016e-02
1.252093293836434827e-02
1.252322707179105363e-02
1.252558523842455147e-02
1.252785612732684219e-02
1.253014469362573845e-02
1.253242374861198750e-02
1.253464087652514727e-02
1.253682750402643903e-02
1.253905052333494433e-02
1.254115535996859487e-02
1.254326984917996171e-02
1.254541810234726697e-02
1.254756085259815801e-02
1.254960735478618215e-02
1.255164329901584629e-02
1.255370385226203464e-02
1.255580041044179231e-02
1.255781112762027057e-02
1.255977281939988158e-02
1.256183712419673033e-02
1.256383793355720507e-02
1.256577931045722678e-02
1.256774799164701167e-02
1.256973415278336663e-02
1.257166380468295076e-02
1.257362314472027995e-02
1.257557358987433475e-02
1.257752594050149005e-02
1.257948501245625093e-02
1.258143369340227261e-02
1.258332575434687253e-02
1.258519617123603739e-02
1.258706702636796376e-02
1.258892843279335073e-02
1.259077362905246938e-02
1.259259265595820583e-02
1.259435573868743566e-02
1.259606665608065980e-02
1.259779793169616378e-02
1.259948250797052714e-02
1.260116346272230174e-02
1.260284335156494628e-02
1.260451698621787263e-02
1.260622891333525869e-02
1.260786056818445806e-02
1.260956772921116922e-02
1.261122718277786145e-02
1.261274889648455154e-02
1.261433063500180113e-02
1.261584025449254479e-02
1.261736480634282481e-02
1.261885500991348670e-02
1.262030470893718559e-02
1.262175582863796393e-02
1.262319763768669778e-02
1.262472656072758347e-02
1.262615320786104889e-02
1.262757834442148480e-02
1.262896719993935983e-02
1.263045806328208683e-02
1.263184902814423576e-02
1.263335286539900293e-02
1.263471211946451574e-02
1.263621147957987717e-02
1.263763544428238295e-02
1.263899566633465248e-02
1.264052497464389878e-02
1.264191233243102189e-02
1.264332375343782573e-02
1.264468226104589060e-02
1.264606416889099867e-02
1.264743053597361735e-02
1.264881206015564842e-02
1.265015399640836112e-02
1.265148205015781575e-02
1.265268598328381407e-02
1.265394356984485963e-02
1.265520542164771077e-02
1.265646179140285030e-02
1.265765664343253619e-02
1.265885251160752192e-02
1.266009696854389875e-02
1.266123560670922438e-02
1.266243208649773209e-02
1.266360570221433147e-02
1.266477156119460816e-02
1.266593206012881986e-02
1.266706746525048631e-02
1.266814655698013381e-02
1.266919766217396506e-02
1.267028112991007427e-02
1.267124503603165621e-02
1.267220376671492933e-02
1.267318374976413552e-02
1.267413917837650374e-02
1.267509158423752585e-02
1.267596470668582234e-02
1.267693869239088465e-02
1.267775449814413993e-02
1.267862086394856529e-02
1.267948234647652168e-02
1.268038281655727018e-02
1.268119572798196738e-02
1.268200191005263572e-02
1.268286538473907196e-02
1.268369060548788646e-02
1.268449164262065720e-02
1.268520517888763015e-02
1.268595464142921632e-02
1.268663017418300044e-02
1.268730730419519517e-02
1.268806123103390776e-02
1.268881136137398405e-02
1.268957646741628899e-02
1.269021920580617503e-02
1.269091142389053642e-02
1.269152921936465318e-02
1.269219123401484073e-02
1.269265765594485007e-02
1.269315399075248048e-02
1.269358892983630215e-02
1.269399705424223770e-02
1.269442698323208947e-02
1.269481678331163023e-02
1.269520877942082598e-02
1.269554642700664038e-02
1.269593880838419502e-02
1.269630334770156972e-02
1.269656737692484091e-02
1.269681092431890028e-02
1.269707383947449655e-02
1.269729494659184443e-02
1.269751949222930852e-02
1.269777507765434618e-02
1.269789245287092881e-02
1.269806198218651969e-02
1.269816301078762442e-02
1.269825919624438006e-02
1.269829616113828108e-02
1.269827750130735587e-02
1.269820707425106665e-02
1.269815766518912238e-02
1.269804347646293942e-02
1.269791683072643562e-02
1.269763116226358540e-02
1.269736827760840035e-02
1.269705614120918841e-02
1.269674197412465864e-02
1.269635466063132739e-02
1.269598355409369203e-02
1.269550287883963041e-02
1.269496237622504478e-02
1.269441897286076142e-02
1.269388322831042741e-02
1.269320718668134895e-02
1.269248543456658919e-02
1.269181590236751964e-02
1.269117591383055535e-02
1.269043643134479087e-02
1.268974895045597850e-02
1.268895800253839676e-02
1.268810529931320430e-02
1.268729182924938428e-02
1.268646977733283582e-02
1.268561427770146036e-02
1.268467227408616969e-02
1.268369957260897553e-02
1.268267068455726336e-02
1.268160289082228588e-02
1.268047371741634968e-02
1.267929311068429106e-02
1.267806711291823499e-02
1.267680900785018820e-02
1.267550610570352884e-02
1.267416211468622850e-02
1.267277130553670986e-02
1.267137943689919909e-02
1.266996017086540610e-02
1.266859561614936715e-02
1.266715897932837141e-02
1.266577264571297316e-02
1.266431845670759095e-02
1.266274639163675851e-02
1.266120958022619140e-02
1.265959209843680114e-02
1.265793999546936839e-02
1.265620134196476267e-02
1.265447592724419125e-02
1.265260774170094520e-02
1.265069419241354222e-02
1.264875682872560955e-02
1.264681204380588113e-02
1.264473847972610518e-02
1.264265020160552748e-02
1.264051275200516258e-02
1.263832492375081482e-02
1.263609948688334747e-02
1.263383922657195131e-02
1.263152450215666509e-02
1.262918817863391968e-02
1.262690272658760320e-02
1.262463308980748405e-02
1.262228553089617816e-02
1.261988893534901103e-02
1.261753052792278888e-02
1.261515669370929897e-02
1.261271931911146262e-02
1.261030061718683079e-02
1.260784929587434669e-02
1.260537741246840759e-02
1.260292466084713542e-02
1.260038089118098968e-02
1.259790959049344669e-02
1.259536314963333702e-02
1.259285639141435355e-02
1.259039260988097791e-02
1.258793275969016454e-02
1.258541847429058870e-02
1.258288794982961867e-02
1.258037932948022700e-02
1.257793265707262548e-02
1.257544884640036074e-02
1.257292040399382235e-02
1.257050886163955418e-02
1.256798280629156661e-02
1.256543036808731306e-02
1.256281136835265058e-02
1.256021864392017212e-02
1.255757049702875723e-02
1.255493241527325977e-02
1.255225364436304315e-02
1.254957647552709318e-02
1.254693832634963188e-02
1.254424438870829252e-02
1.254158219075871515e-02
1.253887768713259077e-02
1.253628076327498349e-02
1.253367340346066110e-02
1.253097534023729642e-02
1.252831702386644937e-02
1.252569442347790246e-02
1.252305735786770485e-02
1.252042217365133443e-02
1.251771675019699992e-02
1.251508749108695695e-02
1.251236724282716803e-02
1.250959928068622225e-02
1.250700371168901592e-02
1.250431287064212443e-02
1.250160842641153888e-02
1.249885183450308128e-02
1.249619892152098975e-02
1.249350503043291163e-02
1.249083126961666665e-02
1.248817520064459015e-02
1.248547922108094073e-02
1.248281962690336519e-02
1.248015068836276498e-02
1.247746407242555922e-02
1.247477728793344558e-02
1.247204523761954835e-02
1.246933460662120845e-02
1.246661924324317383e-02
1.246395437249434544e-02
1.246121757374790695e-02
1.245851076974861284e-02
1.245571244685557931e-02
1.245298843420285240e-02
1.245011460352702520e-02
1.244724831608463866e-02
1.244437564602974590e-02
1.244149342934594039e-02
1.243853662310226427e-02
1.243565132266629021e-02
1.243272572155452657e-02
1.242976447027714301e-02
1.242685655458840993e-02
1.242388776328815468e-02
1.242095568485208218e-02
1.241801710822299475e-02
1.241509173506167955e-02
1.241211241309290482e-02
1.240908911755664139e-02
1.240604534982287302e-02
1.240297684786036310e-02
1.239989412628478456e-02
1.239683998359512700e-02
1.239378770143059229e-02
1.239064241066799126e-02
1.238752391531985908e-02
1.238442931945235408e-02
1.238136508433693682e-02
1.237829167180811742e-02
1.237521473728436794e-02
1.237208700191672582e-02
1.236898195725022812e-02
1.236584750537083298e-02
1.236282329321692838e-02
1.235967459122405167e-02
1.235659807728493008e-02
1.235349292666963403e-02
1.235041227751677677e-02
1.234721327552887327e-02
1.234404519132689670e-02
1.234098354393063472e-02
1.233775657145976326e-02
1.233462314535737833e-02
1.233138718168614451e-02
1.232822686064163203e-02
1.232500070205017062e-02
1.232173328282259138e-02
1.231858339291893797e-02
1.231537403523856253e-02
1.231211939568355694e-02
1.230893368866465935e-02
1.230570341091231229e-02
1.230256036915376543e-02
1.229930050279133547e-02
1.229618401565453142e-02
1.229295791324804162e-02
1.228978503245497719e-02
1.228657924813864565e-02
1.228340252589897076e-02
1.228025135337273283e-02
1.227711583237363867e-02
1.227391428761455752e-02
1.227069794212929353e-02
1.226750089377303538e-02
1.226426345484503931e-02
1.226102002820460626e-02
1.225781900997895135e-02
1.225463997612911277e-02
1.225147102507332525e-02
1.224827124612756259e-02
1.224502748077203017e-02
1.224179738281158496e-02
1.223856816534987096e-02
1.223532916929558415e-02
1.223208833679544430e-02
1.222881080989189975e-02
1.222557215817121103e-02
1.222226141391121249e-02
1.221899129780511066e-02
1.221570938205282682e-02
1.221240350180587998e-02
1.220914669591898968e-02
1.220587022368758122e-02
1.220254719498538309e-02
1.219929093168476558e-02
1.219599342781408843e-02
1.219267937024619275e-02
1.218935083300908169e-02
1.218603786462694495e-02
1.218265870633784137e-02
1.217937166571372160e-02
1.217592126889684156e-02
1.217252676087414442e-02
1.216911032385795295e-02
1.216569221574025084e-02
1.216220520799477650e-02
1.215875548138431808e-02
1.215529558288649947e-02
1.215179176700615857e-02
1.214829780436413667e-02
1.214474662776530295e-02
1.214120891228245500e-02
1.213769082301200362e-02
1.213412427982408538e-02
1.213060807435538575e-02
1.212708721516595096e-02
