1.050121110525607977e-02
1.050347959364112023e-02
1.050591807316208874e-02
1.051016675750428633e-02
1.051477427995082571e-02
1.052015719466921698e-02
1.052782622736474910e-02
1.053501574684632958e-02
1.054167524723329669e-02
1.054818009005259113e-02
1.055506968432173148e-02
1.056192089043899926e-02
1.056911128827804983e-02
1.057642410289239693e-02
1.058304918474744193e-02
1.058838295906091437e-02
1.059378953412213643e-02
1.059899111445981347e-02
1.060404283191319907e-02
1.060922789023059122e-02
1.061474007960167346e-02
1.062236996055206974e-02
1.062938712275500810e-02
1.063654177566723813e-02
1.064416563188733990e-02
1.065267311827227358e-02
1.066113350231080899e-02
1.067266105133548269e-02
1.068515829061192357e-02
1.069794694417035806e-02
1.071091231141870631e-02
1.072380426912431829e-02
1.073499953814851214e-02
1.074599666652957010e-02
1.075716465265741384e-02
1.076791691103432501e-02
1.077880535215310423e-02
1.078963985990363632e-02
1.080062587393235303e-02
1.081197184197112311e-02
1.082304643072774797e-02
1.083349509261752677e-02
1.084340207346989188e-02
1.085224348566417307e-02
1.086053384386483425e-02
1.086868013648716567e-02
1.087663414700400233e-02
1.088366087056705407e-02
1.089011792621059037e-02
1.089583223524708683e-02
1.090164481501745657e-02
1.090710785074516798e-02
1.091146715216876305e-02
1.091558175984044289e-02
1.091680514324868539e-02
1.091780623308212343e-02
1.091917296955727604e-02
1.092122206143069166e-02
1.092373490016929419e-02
1.092620267940642639e-02
1.092902908234113721e-02
1.093205273985991925e-02
1.093517228078789982e-02
1.093881783044345531e-02
1.094295086352484875e-02
1.094561574230146044e-02
1.094802968244580101e-02
1.095112758839795856e-02
1.095432143607849400e-02
1.095802358130225015e-02
1.096174108878066218e-02
1.096394878245182669e-02
1.096596943310814039e-02
1.096815378485123567e-02
1.097031186319906600e-02
1.097313139291898956e-02
1.097557581181085248e-02
1.097775930146630344e-02
1.097946125292727053e-02
1.098099744839291410e-02
1.098284623970768696e-02
1.098556781331665004e-02
1.098903890067180582e-02
1.099269496835339650e-02
1.099671152530526386e-02
1.100058161230010184e-02
1.100421967801620306e-02
1.100815413158502849e-02
1.101215630072376571e-02
1.101621494734281691e-02
1.102085131435721031e-02
1.102572330068428419e-02
1.103040688316946245e-02
1.103398131216051445e-02
1.103757569566769965e-02
1.104141972651486586e-02
1.104560365004185821e-02
1.104975376111412208e-02
1.105416711932425723e-02
1.105825799615020935e-02
1.106264561427605479e-02
1.106695482164257206e-02
1.107140569493789140e-02
1.107519132838963132e-02
1.107822813674598332e-02
1.108193517511276913e-02
1.108507058606754067e-02
1.108763090317958083e-02
1.109026564288366490e-02
1.109268014266226801e-02
1.109525381007823649e-02
1.109957571093013462e-02
1.110436846664842811e-02
1.111099620595370867e-02
1.111703128952047301e-02
1.112274341024491534e-02
1.112891848760172268e-02
1.113531096919462629e-02
1.114170286029282468e-02
1.114792129899016583e-02
1.115375875313582080e-02
1.115916344129978116e-02
1.116398606403683040e-02
1.116838869338244826e-02
1.117274058590028533e-02
1.117231454479631486e-02
1.117011986218654704e-02
1.116774006960639595e-02
1.116566094785698821e-02
1.116304516309397574e-02
1.116052224518213933e-02
1.115791142892435736e-02
1.115445237989395877e-02
1.114967977170624146e-02
1.114479026821506638e-02
1.113990019815143916e-02
1.113558543307111189e-02
1.113228496444589911e-02
1.112834836565883279e-02
1.112434465104894868e-02
1.111986058353755386e-02
1.111501662028563202e-02
1.111063368234998378e-02
1.110589260022124339e-02
1.110119145572091570e-02
1.109522020309905085e-02
1.109006160717007985e-02
1.108498447516562818e-02
1.107988237147245272e-02
1.107536253803255259e-02
1.107072270450476514e-02
1.106543460284072251e-02
1.106062409399291568e-02
1.105516246039507655e-02
1.105087417092670034e-02
1.104470198619913676e-02
1.103838244396706386e-02
1.103226020175838290e-02
1.102660729029592869e-02
1.102277319798653128e-02
1.102001342711868975e-02
1.101725596583650810e-02
1.101447304961745456e-02
1.101134583044920470e-02
1.100852588608125342e-02
1.100602809357501682e-02
1.100394170501095559e-02
1.100163625745016402e-02
1.099975763794602650e-02
1.099833361029411462e-02
1.099695640177942614e-02
1.099583280764459062e-02
1.099472656597670801e-02
1.099324738161080138e-02
1.099218133200530884e-02
1.099087155433530263e-02
1.098956721515674702e-02
1.098994855717639989e-02
1.099119502813596799e-02
1.099270758216396721e-02
1.099432293212745937e-02
1.099642836703860344e-02
1.099914738424978208e-02
1.100126593864003688e-02
1.100424815584854360e-02
1.100858431262611778e-02
1.101312475618159217e-02
1.101932229221961289e-02
1.102576627812985356e-02
1.103249286806869817e-02
1.103998698939735387e-02
1.104879380706578346e-02
1.105725762503819223e-02
1.106647700603822192e-02
1.107559561390020035e-02
1.108291752934824868e-02
1.108925377476203608e-02
1.109618309824439604e-02
1.110245330426299672e-02
1.110986832816672487e-02
1.111767362734474018e-02
1.112536222750262413e-02
1.113322137693959456e-02
1.114217375842572501e-02
1.115263219198086263e-02
1.116345559781887174e-02
1.117342453210579470e-02
1.118291199836529172e-02
1.119265529804774374e-02
1.120259435327846526e-02
1.121381873710272127e-02
1.122717851562141621e-02
1.124094156594974622e-02
1.125486956377552347e-02
1.126938022834125634e-02
1.128423154791033910e-02
1.130025447794981430e-02
1.131946292983257094e-02
1.133695161681239072e-02
1.135287451360178328e-02
1.136827665424317187e-02
1.138630173389113334e-02
1.140548620507659400e-02
1.142491697206076025e-02
1.144434613571567762e-02
1.146352859509227815e-02
1.148246893855060444e-02
1.150009023349772910e-02
1.151758676505919114e-02
1.153459493098214425e-02
1.155189123202433887e-02
1.156943560615136292e-02
1.158727926508886646e-02
1.160520519906847216e-02
1.162305123870433117e-02
1.164151684052265427e-02
1.165939854915883263e-02
1.167731346059717144e-02
1.169568520407928552e-02
1.171438838602609570e-02
1.173381922395809636e-02
1.175407683264235309e-02
1.177489058285335725e-02
1.179497899774978840e-02
1.181434121662454546e-02
1.183317723372866344e-02
1.185189921892693989e-02
1.187076384985823879e-02
1.188956473117052347e-02
1.190791544235523906e-02
1.192572932979276377e-02
1.194332500905426198e-02
1.196132001373938387e-02
1.197938159337002054e-02
1.199786247904600228e-02
1.201731687275733700e-02
1.203680633885870210e-02
1.205591917638890176e-02
1.207503242357574336e-02
1.209354463748490115e-02
1.211215469670926491e-02
1.213125953097254905e-02
1.215164764683864668e-02
1.217253637477011194e-02
1.219431579377599530e-02
1.221752445024315743e-02
1.224232484529847072e-02
1.227032874641703630e-02
1.229757354963221735e-02
1.232488621570306496e-02
1.235221981273047429e-02
1.237894836888012162e-02
1.240580129080112379e-02
1.243078009455483336e-02
1.245490288114492819e-02
1.247868226061412539e-02
1.250278711251554854e-02
1.252591861750510481e-02
1.254883206126683644e-02
1.257233221211274087e-02
1.259585498813582324e-02
1.261846197259324995e-02
1.264101525219158209e-02
1.266291659625935935e-02
1.268477871659607140e-02
1.270697504533832914e-02
1.272886759345935245e-02
1.274938518111880595e-02
1.276947480365570563e-02
1.278993684733653775e-02
1.280970544238219273e-02
1.282921863462946691e-02
1.284810995399273542e-02
1.286562622160045306e-02
1.288223308280806757e-02
1.289877951301279455e-02
1.291690315573608937e-02
1.293498340577140145e-02
1.295292629349511365e-02
1.297091293746394265e-02
1.298843482216647735e-02
1.300580945449033958e-02
1.302357794366255060e-02
1.304311788117255844e-02
1.306184616376861521e-02
1.308052998948903284e-02
1.309926021872267858e-02
1.311789315675345076e-02
1.313604571842080272e-02
1.315353324642897816e-02
1.317081533880442787e-02
1.318797231314066017e-02
1.320622300681897551e-02
1.322457849220639269e-02
1.324287176082487340e-02
1.326049776227813948e-02
1.327788681300773668e-02
1.329475931860832176e-02
1.331078887534056093e-02
1.332662913979599899e-02
1.334205958203559493e-02
1.335623770498798983e-02
1.337033595956867334e-02
1.338505380658980455e-02
1.339939251873881014e-02
1.341734613657011473e-02
1.343718327206076639e-02
1.345706840490033286e-02
1.347681178880576376e-02
1.349597188270206319e-02
1.351461261950654032e-02
1.353300422403383267e-02
1.355132167319241659e-02
1.356969629121091911e-02
1.358843878156575265e-02
1.360782505376753604e-02
1.362632805119331873e-02
1.364386836042377066e-02
1.366036373307909571e-02
1.367685391407857248e-02
1.369330468969781264e-02
1.370967898372571145e-02
1.372639308945488787e-02
1.374271245665237284e-02
1.375901843748789620e-02
1.377637804863758933e-02
1.379373006153246720e-02
1.381077714928615439e-02
1.382747572052434731e-02
1.384401197337430285e-02
1.386039862141218507e-02
1.387554239123904229e-02
1.389005185806048773e-02
1.390442036345671158e-02
1.391875008533686661e-02
1.393287796244058012e-02
1.394694088214881202e-02
1.396036325008794508e-02
1.397350559637612274e-02
1.398664066234653683e-02
1.399866129754046874e-02
1.400941291466003928e-02
1.402001187763430787e-02
1.403047007744846059e-02
1.404095659262859404e-02
1.405116421344147597e-02
1.406094435553191871e-02
1.407077486353190340e-02
1.408069454818777246e-02
1.409043763894332266e-02
1.409988317897747749e-02
1.410919791222090512e-02
1.411854829987648115e-02
1.412791793741839490e-02
1.413627386303401359e-02
1.414422244782282713e-02
1.415123647064383573e-02
1.415764756930359101e-02
1.416267673100448515e-02
1.416707146031089860e-02
1.417113519548380933e-02
1.417839256495758739e-02
1.418567108387687979e-02
1.419266336209258107e-02
1.419958029194549540e-02
1.420617918902182357e-02
1.421271263767611218e-02
1.421881061888078876e-02
1.422500045185663177e-02
1.423115857849606078e-02
1.423803149012923056e-02
1.424465484607597039e-02
1.425069815185797326e-02
1.425679101126272469e-02
1.426292074045886794e-02
1.426927979733522492e-02
1.427514519444974227e-02
1.428099128067176690e-02
1.428704187971303365e-02
1.429384660247079789e-02
1.430200988428595617e-02
1.431233016324004459e-02
1.432292679487407600e-02
1.433372605239853666e-02
1.434354052667158666e-02
1.435371067640791622e-02
1.436406532391915937e-02
1.437445070595184254e-02
1.438488117291378959e-02
1.439551257458793372e-02
1.440601893908008760e-02
1.441602192357373420e-02
1.442594211914881124e-02
1.443583188843899738e-02
1.444576025137592375e-02
1.445560416131864284e-02
1.446552329030356514e-02
1.447477838334587479e-02
1.448325117484693808e-02
1.449054254156190158e-02
1.449776632436105932e-02
1.450468347703828646e-02
1.451214350481543763e-02
1.452033267596334297e-02
1.452884462313836812e-02
1.453604096907699927e-02
1.454317017793869612e-02
1.454982147137712754e-02
1.455679327513014105e-02
1.456364173109036056e-02
1.457296919103685980e-02
1.458193012726687748e-02
1.458843717320898806e-02
1.459312694557730536e-02
1.459776462311890288e-02
1.460319791269444438e-02
1.460714283093264565e-02
1.461221810538275954e-02
1.461796184132623487e-02
1.462835333668448083e-02
1.463963186087958827e-02
1.465081047652047261e-02
1.466177092124925849e-02
1.467303068497631188e-02
1.468457823730408632e-02
1.469673735096727399e-02
1.470931134939779637e-02
1.472356061270065596e-02
1.473767321258232475e-02
1.475093664261063926e-02
1.476418100972142974e-02
1.477749874873605061e-02
1.479014938123098845e-02
1.480105956548696290e-02
1.481158622420546481e-02
1.482141915196606013e-02
1.483085043909931032e-02
1.484120162394282107e-02
1.485138344295688570e-02
1.486039590655081379e-02
1.486792672622435849e-02
1.487533675404793289e-02
1.488328818790571502e-02
1.489270006127245589e-02
1.490201497766325406e-02
1.490906522328259813e-02
1.491621715468578399e-02
1.492267992453773229e-02
1.492895190159478080e-02
1.493632749765409946e-02
1.494357364643744170e-02
1.495022533195846173e-02
1.495705663476667828e-02
1.496237029762545988e-02
1.496659972681622063e-02
1.497123805332580514e-02
1.497577179020550750e-02
1.498093885552507706e-02
1.498607758265052547e-02
1.499013015514593858e-02
1.499415533741699398e-02
1.499753043652647840e-02
1.500119378848499031e-02
1.500490321311829557e-02
1.500790106593383536e-02
1.501119658540613945e-02
1.502257368698737237e-02
1.503393839362930466e-02
1.504562694957695644e-02
1.505743120464875587e-02
1.507082834764638182e-02
1.508696117199666113e-02
1.510389477941369123e-02
1.512006205526384220e-02
1.513540409977209150e-02
1.515090186902913125e-02
1.516585259657190175e-02
1.517826136955013894e-02
1.518027984214207621e-02
1.518223998157326900e-02
