1.175961240217542579e-02
1.177340473873295101e-02
1.178656915139746249e-02
1.179905056752071461e-02
1.181126435861603111e-02
1.182303143611483642e-02
1.183462867528669617e-02
1.184651158157276792e-02
1.185808357050295928e-02
1.186915874622204888e-02
1.188015797951075606e-02
1.189121094051727445e-02
1.190255257806325032e-02
1.191368520803318988e-02
1.192474082016045482e-02
1.193555742922159345e-02
1.194611865097447781e-02
1.195668803159510678e-02
1.196700955428992540e-02
1.197733319738254233e-02
1.198754684814393526e-02
1.199791044842300237e-02
1.200835473621461071e-02
1.201878438772473363e-02
1.202908428312683860e-02
1.203927665176495430e-02
1.204922076909051114e-02
1.205900720467071099e-02
1.206878571980945537e-02
1.207882907966625029e-02
1.208906169745494613e-02
1.209937308038188872e-02
1.210979729314564865e-02
1.212026141487855015e-02
1.213062036700888156e-02
1.214095742049942778e-02
1.215103947990220194e-02
1.216086817828763295e-02
1.217045488962047693e-02
1.217968672055008347e-02
1.218875999866367819e-02
1.219781122251196309e-02
1.220663542296805681e-02
1.221520687958838058e-02
1.222351425365669590e-02
1.223169546829582476e-02
1.223962619699945145e-02
1.224750262569567101e-02
1.225530003918869418e-02
1.226314908111758757e-02
1.227110985652141682e-02
1.227902199396022770e-02
1.228672372136433398e-02
1.229430798840714344e-02
1.230200788222331545e-02
1.230958419008455242e-02
1.231708436680283188e-02
1.232449494079411803e-02
1.233189843083115286e-02
1.233923584386581104e-02
1.234652536414230020e-02
1.235368087986691080e-02
1.236095121364419978e-02
1.236815867238106638e-02
1.237527880025759974e-02
1.238271396008926856e-02
1.239046336077964661e-02
1.239831992261378711e-02
1.240640719629810748e-02
1.241435753182286786e-02
1.242230420216696232e-02
1.243009090709411291e-02
1.243780694739118724e-02
1.244558148526195458e-02
1.245335618075344569e-02
1.246120900291948670e-02
1.246927326763574637e-02
1.247732812299325207e-02
1.248525633275806949e-02
1.249292960729348617e-02
1.250022093754805247e-02
1.250735841235025604e-02
1.251433038738586356e-02
1.252116712716431005e-02
1.252802037089682276e-02
1.253498989516292281e-02
1.254159780190363359e-02
1.254820647413571605e-02
1.255456818229116513e-02
1.256058938179471784e-02
1.256635213751132810e-02
1.257218809142828311e-02
1.257796494089850024e-02
1.258386912829547941e-02
1.258963735551297050e-02
1.259548618644464046e-02
1.260171784686047597e-02
1.260791812612047265e-02
1.261402078128820090e-02
1.261978404877336923e-02
1.262550943441163864e-02
1.263107974553091990e-02
1.263653898358615447e-02
1.264204233116961174e-02
1.264743146391557327e-02
1.265280144208551921e-02
1.265805021357540791e-02
1.266307633315423911e-02
1.266825844072069600e-02
1.267330738271647654e-02
1.267812023081262181e-02
1.268273949106237843e-02
1.268706852799460910e-02
1.269139573699197034e-02
1.269584514062545647e-02
1.270035301755771152e-02
1.270453135211715469e-02
1.270837880153482050e-02
1.271204001508209093e-02
1.271566438860890179e-02
1.271915809854465632e-02
1.272258495667573548e-02
1.272574672268408057e-02
1.272933278040819759e-02
1.273286279897639477e-02
1.273575045389719988e-02
1.273824229125304457e-02
1.274070990356700357e-02
1.274308776384657296e-02
1.274548371060559709e-02
1.274778686398180157e-02
1.274986288788773452e-02
1.275179687689811762e-02
1.275377577185368011e-02
1.275565965476507281e-02
1.275751473232261159e-02
1.275958118392853460e-02
1.276157287010525228e-02
1.276360332299965317e-02
1.276547906283862638e-02
1.276724317594581624e-02
1.276893761537179449e-02
1.277039979899605680e-02
1.277138938979563779e-02
1.277263096026974749e-02
1.277389212293353338e-02
1.277506671923075814e-02
1.277614750991417671e-02
1.277708657495789900e-02
1.277800895548203940e-02
1.277853571530085906e-02
1.277889828885912793e-02
1.277951302565024164e-02
1.277994109294769767e-02
1.278023896818613996e-02
1.278054908131053338e-02
1.278072223000524706e-02
1.278071379097830106e-02
1.278060001408699853e-02
1.278048014053244363e-02
1.278023899146346273e-02
1.277979961604281713e-02
1.277926167113808270e-02
1.277841651412838474e-02
1.277738659769559436e-02
1.277621799763660297e-02
1.277482484856478501e-02
1.277331227485820064e-02
1.277186572428361776e-02
1.277024989304022771e-02
1.276835480442586185e-02
1.276640891405310396e-02
1.276422854123647997e-02
1.276174264890875959e-02
1.275899079588164835e-02
1.275592860693291683e-02
1.275292613562209985e-02
1.275044723646707491e-02
1.274796111934692680e-02
1.274558258668527337e-02
1.274299913377912111e-02
1.274043584368957441e-02
1.273788479747157455e-02
1.273514562193927245e-02
1.273234620868717026e-02
1.272955797387031844e-02
1.272686127479581188e-02
1.272406019388983012e-02
1.272117818305462320e-02
1.271814586589364166e-02
1.271493080213288371e-02
1.271155983351779546e-02
1.270823771768415586e-02
1.270524042657515673e-02
1.270210887918666633e-02
1.269872962484242668e-02
1.269524183732254063e-02
1.269161894556356147e-02
1.268819079055309718e-02
1.268463434557338607e-02
1.268115570038811334e-02
1.267763220412563251e-02
1.267396567935847283e-02
1.267023503022374729e-02
1.266645174474509590e-02
1.266275265001599176e-02
1.265928676978175446e-02
1.265570204817593851e-02
1.265228537287578156e-02
1.264839422793369653e-02
1.264469921238906697e-02
1.264159608528101289e-02
1.263856200137126670e-02
1.263548806934595113e-02
1.263258021636002280e-02
1.262974218869043416e-02
1.262709047204373797e-02
1.262426550627730910e-02
1.262142642181728579e-02
1.261886959883294808e-02
1.261638547491665888e-02
1.261395409541757849e-02
1.261146268769459781e-02
1.260897176214472240e-02
1.260664717367997872e-02
1.260449275441269217e-02
1.260267335433962882e-02
1.260080998872520688e-02
1.259873784814170491e-02
1.259651805617730859e-02
1.259422601805505054e-02
1.259198523792670610e-02
1.258945828839278663e-02
1.258632835911073153e-02
1.258275551891530238e-02
1.257921855306398662e-02
1.257570299769375510e-02
1.257213732425333831e-02
1.256832760271971161e-02
1.256453205241992062e-02
1.256085034019753695e-02
1.255716834465688860e-02
1.255350430723788623e-02
1.254943473097904980e-02
1.254528582361050075e-02
1.254124029083043823e-02
1.253739618270612553e-02
1.253364165502908467e-02
1.252971174669464949e-02
1.252587886422529967e-02
1.252212755214407273e-02
1.251843308727438112e-02
1.251451421704619787e-02
1.251063329816434755e-02
1.250669305935426037e-02
1.250292624657155759e-02
1.249927049521424097e-02
1.249572807515376971e-02
1.249241703965809323e-02
1.248960052222953913e-02
1.248692910232708855e-02
1.248426885354415698e-02
1.248191830687461409e-02
1.247938337321913456e-02
1.247659777073490545e-02
1.247346354246394763e-02
1.247055416381580642e-02
1.246777067291724578e-02
1.246489512552938564e-02
1.246204073390219484e-02
1.245943075016911310e-02
1.245708215613438100e-02
1.245487911054073658e-02
1.245245019577755942e-02
1.245013325624093510e-02
1.244757836261408714e-02
1.244540924737561061e-02
1.244329211438830254e-02
1.244111478292010860e-02
1.243933597118146613e-02
1.243799931816615134e-02
1.243676812605247137e-02
1.243579198289453645e-02
1.243505536870394799e-02
1.243412183967254267e-02
1.243301024644101298e-02
1.243194523578693839e-02
1.243107969981407067e-02
1.242991330445003713e-02
1.242861751045114954e-02
1.242781883825415205e-02
1.242712280242198875e-02
1.242653452928610402e-02
1.242609207660344724e-02
1.242564502964242645e-02
1.242547903839179811e-02
1.242515682571525455e-02
1.242522233674616533e-02
1.242547729126248883e-02
1.242578770965233753e-02
1.242603503386240094e-02
1.242617424555128580e-02
1.242578881565768213e-02
1.242520569013536545e-02
1.242459525632355101e-02
1.242375382701075941e-02
1.242237692351473230e-02
1.242097616674891006e-02
1.241942664328591836e-02
1.241776946752766453e-02
1.241616629848255743e-02
1.241460819965401786e-02
1.241353035388440863e-02
1.241244247425873914e-02
1.241127651584329923e-02
1.241022872508722175e-02
1.240911553902177694e-02
1.240815507679829920e-02
1.240722788252390102e-02
1.240628854014750974e-02
1.240543632146328193e-02
1.240460841228436736e-02
1.240365101601677462e-02
1.240283392547221475e-02
1.240216164913549024e-02
1.240133034412778043e-02
1.240057301578057977e-02
1.240016275762990949e-02
1.239961642490833987e-02
1.239905160799763782e-02
1.239862758297347219e-02
1.239815348576870160e-02
1.239759305563565943e-02
1.239708717224964098e-02
1.239658817296543890e-02
1.239594565369252048e-02
1.239542079263813643e-02
1.239509245802582031e-02
1.239508145250782165e-02
1.239508185221269848e-02
1.239515401656739874e-02
1.239506503600997823e-02
1.239496346242117616e-02
1.239499706888902951e-02
1.239519802799833419e-02
1.239553866301283842e-02
1.239615244077827208e-02
1.239688611471051645e-02
1.239770881775002428e-02
1.239866755013591983e-02
1.239966140933134939e-02
1.240077002705601908e-02
1.240182971518407479e-02
1.240300123554942055e-02
1.240422177795560098e-02
1.240508929183579967e-02
1.240597058190042422e-02
1.240673871824091688e-02
1.240746019884665652e-02
1.240810646044793880e-02
1.240861075765070654e-02
1.240889309161862658e-02
1.240919729828874295e-02
1.240960077874821675e-02
1.241013731969788092e-02
1.241081606846034489e-02
1.241142799401598676e-02
1.241172320366848957e-02
1.241196522064906028e-02
1.241196633995573194e-02
1.241216159479093320e-02
1.241251684197826506e-02
1.241281304723509601e-02
1.241296730338993862e-02
1.241315391967828807e-02
1.241325947036387746e-02
1.241340233393210292e-02
1.241351910162679165e-02
1.241373715959201776e-02
1.241409284705327631e-02
1.241425138424022759e-02
1.241410075402713843e-02
1.241424704933774201e-02
1.241456364153854103e-02
1.241518142965407877e-02
1.241597952191321637e-02
1.241685238824741938e-02
1.241780295561370658e-02
1.241872149604472848e-02
1.241978233673277435e-02
1.242084636907424440e-02
1.242175073760636191e-02
1.242250086261989864e-02
1.242327224780952373e-02
1.242400364388951059e-02
1.242478558900267892e-02
1.242546846250666172e-02
1.242613434489547343e-02
1.242693012671410198e-02
1.242762783718334013e-02
1.242834367270588200e-02
1.242928979875906718e-02
1.243023657192181448e-02
1.243110926666889798e-02
1.243197704790577167e-02
1.243272503340085364e-02
1.243349499468341703e-02
1.243415483959988202e-02
1.243476893327183190e-02
1.243553041429333768e-02
1.243632104916346515e-02
1.243701310723377418e-02
1.243774030275467991e-02
1.243844235610720023e-02
1.243926278328964970e-02
1.244014538286992121e-02
1.244090527305271102e-02
1.244147322242593334e-02
1.244199236324461909e-02
1.244253534536190510e-02
1.244310598093812531e-02
1.244367161920577336e-02
1.244425817846566730e-02
1.244478814922483564e-02
1.244519627317758163e-02
1.244562890083501620e-02
1.244610342168705336e-02
1.244669424003186885e-02
1.244741446765259933e-02
1.244802200044498389e-02
1.244878970781767950e-02
1.244926443550535208e-02
1.244964490998956390e-02
1.245029188121664528e-02
1.245092506827850595e-02
1.245153929961919162e-02
1.245210062692674383e-02
1.245241407735409207e-02
1.245280471272203551e-02
1.245324127457947752e-02
1.245369796533513963e-02
1.245383566965113653e-02
1.245411328364315340e-02
1.245441529659190721e-02
1.245493798487451627e-02
1.245552193541164462e-02
1.245609698204044533e-02
1.245672421044032377e-02
1.245725101980658597e-02
1.245774479599219033e-02
1.245820861426395233e-02
1.245853073848667003e-02
1.245856406496158829e-02
1.245851268592560075e-02
1.245816660701046935e-02
1.245803995077671839e-02
1.245802437392514589e-02
1.245779847782042468e-02
1.245768777021033676e-02
1.245767223525794457e-02
1.245768268411540786e-02
1.245760272917345590e-02
1.245748098844511736e-02
1.245739222403426105e-02
1.245723774840752293e-02
1.245706673025286960e-02
1.245686761038456054e-02
1.245682641550962741e-02
1.245697885703092589e-02
1.245734681197358668e-02
1.245803429471992532e-02
1.245880312439208958e-02
1.245963188186313686e-02
1.246076701445314287e-02
1.246221024534902889e-02
1.246376311808617028e-02
1.246530324017120286e-02
1.246690936044824935e-02
1.246853261083933490e-02
1.247019193376430746e-02
1.247186314275513033e-02
1.247334781992103132e-02
1.247475611255369210e-02
1.247609864209529504e-02
1.247749134723532237e-02
1.247890949615132646e-02
1.248026857187871028e-02
1.248157364754361176e-02
1.248303413591374256e-02
1.248467239086680468e-02
1.248628522033321323e-02
1.248783044347717003e-02
1.248939419038170608e-02
1.249106448656896011e-02
1.249281185330539633e-02
1.249485747968862547e-02
1.249727039395296530e-02
1.249975584567422637e-02
1.250215448362424452e-02
1.250469634693858467e-02
