1.153637100013103420e-02
1.153336814987415519e-02
1.153056398899749910e-02
1.152798126368377932e-02
1.152555354578601449e-02
1.152347065994303865e-02
1.152152963571784032e-02
1.151951464903985464e-02
1.151765219536616917e-02
1.151554203599616452e-02
1.151364476751418064e-02
1.151190831057063817e-02
1.151019596002525631e-02
1.150840163463372028e-02
1.150656290397597190e-02
1.150462316726042454e-02
1.150274833669930920e-02
1.150085712506623489e-02
1.149898248928153156e-02
1.149721691728850664e-02
1.149546099316683077e-02
1.149378232257543785e-02
1.149205497183164622e-02
1.149034953101976848e-02
1.148857098788345216e-02
1.148682729496932654e-02
1.148523536427074714e-02
1.148386486967168003e-02
1.148247463585138663e-02
1.148105591343192254e-02
1.147946228206160428e-02
1.147792871560552458e-02
1.147645612623972647e-02
1.147485468100847492e-02
1.147335483367629624e-02
1.147200465511565362e-02
1.147063338999611964e-02
1.146930769611840574e-02
1.146809708424794023e-02
1.146705520133565505e-02
1.146608572185999105e-02
1.146515630918032089e-02
1.146408521222062535e-02
1.146311415038781846e-02
1.146190987250680395e-02
1.146081590058660275e-02
1.145973580822971447e-02
1.145866272406768742e-02
1.145753971999870918e-02
1.145649182155372703e-02
1.145566725411983379e-02
1.145482465752650607e-02
1.145414760210438851e-02
1.145343224923950701e-02
1.145292708963615257e-02
1.145261717299731266e-02
1.145237462216876743e-02
1.145217383558851283e-02
1.145193639697009852e-02
1.145175165771268773e-02
1.145148400970183097e-02
1.145127114134992206e-02
1.145117973970096771e-02
1.145108672296384772e-02
1.145103215847113019e-02
1.145091339073610673e-02
1.145078503549432601e-02
1.145055554166093600e-02
1.145029969372030748e-02
1.144991008562657418e-02
1.144959981484880082e-02
1.144930519003641532e-02
1.144909383187242731e-02
1.144893526884792519e-02
1.144885446453826165e-02
1.144889360145126891e-02
1.144886901857527194e-02
1.144878704855828606e-02
1.144878295288786520e-02
1.144900041189983973e-02
1.144925485508936636e-02
1.144949839294604442e-02
1.144982028806601493e-02
1.145014286785458850e-02
1.145054364178791674e-02
1.145099429967772788e-02
1.145152680283103609e-02
1.145212827293187741e-02
1.145279467762557769e-02
1.145341284805999164e-02
1.145426822128848589e-02
1.145519782203739331e-02
1.145609139666187853e-02
1.145703772135362071e-02
1.145788131892601022e-02
1.145861122341331612e-02
1.145932663449649239e-02
1.146026112880156773e-02
1.146129369705504476e-02
1.146239246728950577e-02
1.146358803925507860e-02
1.146486658060697460e-02
1.146591158986849310e-02
1.146682966983401074e-02
1.146778352802669924e-02
1.146888087848598088e-02
1.147014229078156464e-02
1.147149985930956753e-02
1.147286332156794049e-02
1.147443375871613942e-02
1.147593720082677737e-02
1.147725252540920948e-02
1.147861423199699089e-02
1.148021249051441733e-02
1.148205552449678077e-02
1.148396379140722429e-02
1.148597357546233579e-02
1.148801814239958433e-02
1.149001937292630851e-02
1.149232603969779255e-02
1.149477259993310525e-02
1.149726175181403284e-02
1.149980115869246242e-02
1.150265860164963877e-02
1.150545632497803304e-02
1.150840213686711577e-02
1.151137701336771291e-02
1.151455035415568061e-02
1.151777662690954204e-02
1.152112765583412912e-02
1.152449406136388591e-02
1.152818666963081884e-02
1.153183811622222193e-02
1.153559000788315948e-02
1.153974141386962526e-02
1.154393810778676921e-02
1.154812328467654317e-02
1.155232555037956875e-02
1.155647939080291578e-02
1.156058480111741595e-02
1.156490101316851732e-02
1.156937992523075082e-02
1.157379223824713844e-02
1.157809351314729486e-02
1.158243031140190372e-02
1.158694730842354040e-02
1.159168173548214692e-02
1.159637748681322141e-02
1.160113867497055209e-02
1.160590059394186330e-02
1.161083946057748020e-02
1.161593568723837469e-02
1.162117136039683522e-02
1.162665918959754525e-02
1.163220245012649805e-02
1.163787986975143261e-02
1.164367435000075723e-02
1.164978081377251486e-02
1.165600299995275639e-02
1.166249113642327251e-02
1.166905486599538987e-02
1.167580491020659902e-02
1.168264605129265034e-02
1.168985236327631759e-02
1.169723165817795896e-02
1.170487859089554966e-02
1.171265117586268306e-02
1.172083802235904769e-02
1.172920470972748860e-02
1.173790182267159601e-02
1.174689820125783893e-02
1.175602735618850106e-02
1.176553920277221416e-02
1.177515189900236146e-02
1.178463187415522764e-02
1.179414324855369671e-02
1.180368044665586549e-02
1.181324827241002004e-02
1.182275232418118077e-02
1.183234734780541121e-02
1.184174777798812327e-02
1.185092070932010355e-02
1.185990489908815212e-02
1.186894960100498900e-02
1.187794157324438375e-02
1.188691707373078742e-02
1.189592482876197441e-02
1.190482233980666091e-02
1.191376987512196735e-02
1.192290904574555034e-02
1.193210877788274116e-02
1.194110842957124552e-02
1.195012986992590766e-02
1.195913883815122834e-02
1.196827940976989343e-02
1.197725515439753211e-02
1.198602239650876401e-02
1.199462402179183110e-02
1.200302058668160747e-02
1.201135781881255971e-02
1.201949314292330082e-02
1.202752555586975719e-02
1.203548709864020114e-02
1.204366850749421722e-02
1.205201116331658905e-02
1.206023995113071103e-02
1.206825081096705651e-02
1.207607699539831568e-02
1.208381875203473274e-02
1.209143982134213736e-02
1.209894886738318957e-02
1.210629202562613603e-02
1.211366236349563710e-02
1.212095165398738815e-02
1.212797533223057382e-02
1.213465918626543266e-02
1.214122232506942116e-02
1.214760322827094195e-02
1.215373431757634133e-02
1.215970903307973632e-02
1.216553979003360750e-02
1.217111121533923958e-02
1.217656939559919743e-02
1.218198157428487111e-02
1.218760158208640441e-02
1.219304107561531778e-02
1.219833542154641001e-02
1.220361051627045883e-02
1.220881911658062112e-02
1.221390689005249185e-02
1.221894675067298694e-02
1.222379320850998548e-02
1.222849932967291602e-02
1.223323012788060486e-02
1.223794292295270376e-02
1.224271299409494460e-02
1.224761881849494027e-02
1.225274606772638712e-02
1.225798351640868152e-02
1.226324339603638083e-02
1.226876539642470648e-02
1.227421729984035960e-02
1.227959397556139913e-02
1.228484910006905594e-02
1.228986108888235548e-02
1.229501037199434189e-02
1.230011458931734754e-02
1.230519298669267327e-02
1.231032159238354927e-02
1.231563941450647230e-02
1.232100924676091461e-02
1.232643588397339986e-02
1.233169333506653476e-02
1.233685266177329820e-02
1.234199885851082479e-02
1.234728929818216733e-02
1.235273739084826947e-02
1.235822304907000305e-02
1.236375980524721634e-02
1.236949636768372787e-02
1.237535823735260929e-02
1.238121494088565908e-02
1.238700344369905032e-02
1.239300321828799324e-02
1.239910570711851186e-02
1.240529265915776315e-02
1.241153419581126315e-02
1.241779317219750441e-02
1.242414951640057746e-02
1.243053970770048415e-02
1.243702392932606593e-02
1.244344318792035657e-02
1.244991916132823576e-02
1.245638630809149140e-02
1.246296520929745556e-02
1.246947294896764979e-02
1.247600730378840318e-02
1.248261008254365582e-02
1.248929217232273674e-02
1.249585455563033583e-02
1.250240246431389736e-02
1.250911019911748849e-02
1.251593349482074680e-02
1.252278855571317337e-02
1.252964635206057012e-02
1.253654804446532184e-02
1.254355939974677835e-02
1.255052854059424128e-02
1.255737433914383937e-02
1.256417854675859376e-02
1.257089267001391258e-02
1.257748684963197645e-02
1.258405504296437709e-02
1.259084147173153423e-02
1.259765183814428452e-02
1.260453078731748125e-02
1.261146259440933982e-02
1.261848463717454329e-02
1.262573431293401507e-02
1.263306876096892579e-02
1.264041209574476472e-02
1.264778327657224179e-02
1.265546904867247656e-02
1.266327813516872174e-02
1.267110956139276719e-02
1.267904094601359812e-02
1.268699235450823463e-02
1.269513848468560753e-02
1.270340476025211274e-02
1.271158769297668981e-02
1.271993121161028167e-02
1.272836029021015211e-02
1.273687371075299911e-02
1.274529066063097814e-02
1.275368246771784418e-02
1.276218362861471049e-02
1.277075820358559120e-02
1.277952453191106078e-02
1.278819572027553066e-02
1.279705550908493382e-02
1.280589057685049825e-02
1.281482191030960775e-02
1.282376233226152455e-02
1.283243358823433697e-02
1.284118991159836562e-02
1.285024181004758466e-02
1.285940973299653026e-02
1.286874239279204614e-02
1.287819318689681185e-02
1.288785172426557511e-02
1.289748073503248910e-02
1.290709248528242731e-02
1.291664186415417657e-02
1.292620484088781614e-02
1.293591791994489620e-02
1.294553104919037544e-02
1.295507269066300746e-02
1.296458197027602899e-02
1.297413929151821840e-02
1.298370408938449329e-02
1.299327481961447435e-02
1.300274545730413511e-02
1.301204840913574266e-02
1.302140108636617478e-02
1.303068170168942760e-02
1.303996135869126514e-02
1.304934504132187860e-02
1.305850737102197574e-02
1.306777844069125470e-02
1.307708590940398312e-02
1.308660703442774895e-02
1.309622011645470395e-02
1.310591715194495827e-02
1.311574619540546022e-02
1.312571416327689040e-02
1.313554650130262062e-02
1.314535774069653870e-02
1.315513036392265515e-02
1.316485789453108318e-02
1.317457103422104217e-02
1.318423929967898686e-02
1.319400570079136067e-02
1.320377234658154375e-02
1.321355827040747444e-02
1.322336040574793696e-02
1.323330828750296159e-02
1.324322678323856285e-02
1.325320543376457341e-02
1.326300869752045607e-02
1.327256701732712312e-02
1.328206428250854575e-02
1.329147596035840789e-02
1.330064228860900616e-02
1.330963105642762878e-02
1.331852186780758604e-02
1.332737359405394145e-02
1.333623682444988641e-02
1.334505409190488677e-02
1.335381372324849665e-02
1.336264389853103994e-02
1.337164125475536966e-02
1.338074827331982991e-02
1.338995829426617955e-02
1.339908554543178809e-02
1.340824364853737162e-02
1.341732262198118766e-02
1.342642716801200654e-02
1.343564799931758202e-02
1.344476867101106719e-02
1.345399800916308002e-02
1.346306969646663201e-02
1.347211538889933266e-02
1.348085002339999457e-02
1.348950612115331488e-02
1.349820770590631769e-02
1.350681995857682879e-02
1.351539251978495747e-02
1.352392743870735152e-02
1.353234383001165018e-02
1.354072605764037110e-02
1.354913238227720314e-02
1.355738504173829677e-02
1.356569678981698127e-02
1.357403899169763034e-02
1.358219729781541887e-02
1.359021851192297042e-02
1.359814238557897209e-02
1.360599579256271605e-02
1.361380500354416115e-02
1.362147773796591049e-02
1.362893099853978475e-02
1.363624662516354016e-02
1.364328564030540918e-02
1.365020963595091688e-02
1.365714871791498357e-02
1.366416989250322615e-02
1.367113198974193554e-02
1.367809051232371682e-02
1.368491722654082907e-02
1.369171981799427278e-02
1.369842876330912632e-02
1.370512282888646828e-02
1.371180446847984451e-02
1.371846220047578079e-02
1.372508419126816474e-02
1.373149617552682153e-02
1.373784551690077592e-02
1.374412576684199729e-02
1.375028708136877796e-02
1.375626371297843098e-02
1.376212615624507023e-02
1.376781340161567849e-02
1.377338722057855520e-02
1.377894036265689404e-02
1.378445959003005844e-02
1.378985059925613536e-02
1.379493098463865398e-02
1.379958167018074770e-02
1.380416299975905682e-02
1.380879367752456920e-02
1.381334587380987459e-02
1.381769333593896830e-02
1.382207343089761342e-02
1.382642099443921919e-02
1.383048246523386170e-02
1.383441328666398101e-02
1.383817363205051311e-02
1.384204763510823478e-02
1.384589287027994213e-02
1.384971046920050256e-02
1.385374387931384912e-02
1.385770396120504337e-02
1.386156812402958641e-02
1.386539367444234762e-02
1.386918535253928858e-02
1.387301494335533257e-02
1.387684994015584913e-02
1.388073257937437639e-02
1.388459862289128516e-02
1.388841600771876204e-02
1.389234455139165200e-02
1.389637797813879708e-02
1.390032725664622909e-02
1.390422843235504004e-02
1.390830301058280580e-02
1.391256829208956276e-02
1.391670367275272581e-02
1.392067400589288954e-02
1.392469816385831678e-02
1.392851925963255535e-02
1.393243329702353525e-02
1.393626170791304256e-02
1.393999646085933124e-02
1.394367020317945419e-02
1.394756261073022349e-02
1.395131549988248842e-02
1.395514621052876617e-02
1.395907582305734411e-02
1.396329946694730914e-02
1.396767426645575440e-02
1.397220936051345522e-02
1.397675965410685554e-02
1.398143472962654413e-02
1.398613287568801176e-02
1.399075554401131571e-02
1.399544092926655395e-02
1.400015006168356564e-02
1.400473702368063705e-02
1.400936878747221018e-02
1.401397857426010460e-02
1.401851143938882306e-02
1.402302002829366318e-02
1.402747524631496427e-02
1.403194913282379032e-02
1.403653014045761448e-02
1.404113313582660248e-02
1.404570819017032964e-02
1.405036184994288770e-02
1.405510649551944269e-02
1.406002554056970562e-02
