2.254026832363598826e-02
2.244508903991494775e-02
2.235175604935043733e-02
2.225927825568806487e-02
2.216723727556890039e-02
2.207617950985166222e-02
2.198762734543641129e-02
2.190095964660349753e-02
2.181662193175043160e-02
2.173439098492845750e-02
2.165463982853609373e-02
2.157611324353520335e-02
2.149825383576568424e-02
2.142061965369778873e-02
2.134358381171527763e-02
2.126668593700939067e-02
2.118932349056454681e-02
2.111265977958155793e-02
2.103378472518663972e-02
2.095742160004572877e-02
2.087293061444261966e-02
2.078884114169215341e-02
2.070547650088225625e-02
2.062065317813770518e-02
2.053486678722767078e-02
2.044830660886236967e-02
2.036242675575989508e-02
2.027782221579525410e-02
2.019362333975478763e-02
2.011081983714014393e-02
2.002821253964978329e-02
1.994728300848742572e-02
1.986755762808448122e-02
1.978750878491571802e-02
1.970342631290819893e-02
1.961585882971641354e-02
1.952927323455112829e-02
1.944996000369734329e-02
1.936090590845204740e-02
1.926555808191979247e-02
1.917073274837572186e-02
1.907406029360107433e-02
1.897632075713853381e-02
1.887801297951752916e-02
1.877724273484251277e-02
1.867744906811686159e-02
1.857800144164258038e-02
1.848000143964621811e-02
1.838529822476693207e-02
1.829751059657295717e-02
1.821003812200897021e-02
1.812461956469189200e-02
1.803880774410254392e-02
1.794997574435197238e-02
1.785988186366979646e-02
1.776544307103254325e-02
1.766794117525037622e-02
1.757198970186452450e-02
1.747706232205314611e-02
1.738291497425270213e-02
1.729438057813284524e-02
1.720891960333067669e-02
1.712556608635401947e-02
1.704066370341173614e-02
1.695549138820189386e-02
1.687496050858555696e-02
1.679577553287769920e-02
1.671802442667014860e-02
1.664012173797243740e-02
1.656347180675525957e-02
1.648901146020937541e-02
1.641419699724216280e-02
1.634383954144882217e-02
1.627706379140933177e-02
1.621126678194249535e-02
1.614553340306448467e-02
1.607862897333521557e-02
1.601268478915037971e-02
1.594902596972918446e-02
1.588602611287419711e-02
1.582371397836111401e-02
1.576181038517756455e-02
1.570021864980784831e-02
1.563878147554586054e-02
1.557792437410045715e-02
1.551751112103462969e-02
1.545753155902279859e-02
1.539848122596086839e-02
1.534362651898390877e-02
1.529489611076931092e-02
1.524651762601703445e-02
1.519809617963873392e-02
1.515041503799541278e-02
1.510333416647477271e-02
1.505625109967062905e-02
1.500936425009857626e-02
1.496326885632036710e-02
1.491819963404281656e-02
1.487256517105694544e-02
1.482823291148162130e-02
1.478381509785613862e-02
1.474031188735995188e-02
1.469547461276467411e-02
1.464968554924268515e-02
1.460407329420993112e-02
1.455585245012835233e-02
1.450639097537007732e-02
1.445649633560630067e-02
1.440761569808285056e-02
1.435838637539224236e-02
1.430845691489612652e-02
1.425657214776147180e-02
1.420525023697022209e-02
1.415594317657252466e-02
1.410636517869738246e-02
1.405707340606200152e-02
1.400769688378675389e-02
1.396073021175135015e-02
1.391517626243798066e-02
1.387069659342527947e-02
1.382590575513987889e-02
1.378205276407691929e-02
1.373827450462691661e-02
1.369456754986881665e-02
1.365202962013067206e-02
1.361037907474104379e-02
1.356911450748865024e-02
1.352705746006208944e-02
1.348445353069229434e-02
1.344091265269076879e-02
1.339818600835088191e-02
1.335968152362021835e-02
1.332297170552686032e-02
1.328766696306207633e-02
1.325496255827188392e-02
1.322208756378979652e-02
1.319027821266388276e-02
1.315853786423599667e-02
1.312686779740890840e-02
1.309634149799992348e-02
1.306581631368078714e-02
1.303527356514518412e-02
1.300557777620332811e-02
1.297560567718169383e-02
1.294552484909691423e-02
1.291844288865306133e-02
1.289393456397956716e-02
1.286941523224429881e-02
1.284585481958166846e-02
1.282204397776820666e-02
1.279864863236815711e-02
1.277532744785516913e-02
1.275177380611869186e-02
1.273161745026195162e-02
1.271202478770432250e-02
1.269304366421494801e-02
1.267540567357077451e-02
1.265788293106980857e-02
1.264086307212679804e-02
1.262455446593791289e-02
1.260887955765266702e-02
1.259350730970050167e-02
1.257724188321792703e-02
1.255809556051610924e-02
1.253848194998495244e-02
1.251874686107972388e-02
1.249938395439988310e-02
1.248094834162370367e-02
1.246400457184227220e-02
1.244710581885091934e-02
1.243039733126377090e-02
1.241374874404470828e-02
1.239734018044408997e-02
1.238078752930917882e-02
1.236417759482661034e-02
1.234702626229735277e-02
1.233039618431563261e-02
1.231340390111867848e-02
1.229632821705338788e-02
1.227907785250973230e-02
1.226373910079676770e-02
1.224901236401536656e-02
1.223447417403196458e-02
1.222013520613883693e-02
1.220574738074118280e-02
1.219164691409999231e-02
1.217798125924810480e-02
1.216506578633843629e-02
1.215310481909835649e-02
1.214186260617886731e-02
1.213038526538647022e-02
1.211922876256887535e-02
1.210768310249474983e-02
1.209645221287119522e-02
1.208511160465833637e-02
1.207259823173105484e-02
1.206323888261674748e-02
1.205543822090959782e-02
1.204708472941871771e-02
1.203552904617025653e-02
1.202420657460560177e-02
1.201295144759018628e-02
1.200293963741435113e-02
1.199403603867196279e-02
1.198562785168641801e-02
1.197698613822668033e-02
1.196847634497483909e-02
1.196008708380824279e-02
1.195175555343628952e-02
1.194323379725715194e-02
1.193457173728515106e-02
1.192587987390504936e-02
1.191846011449546223e-02
1.191125930340199493e-02
1.190547193797402911e-02
1.189972748817422037e-02
1.189415207216299245e-02
1.188857246636918462e-02
1.188275538396239665e-02
1.187476719615341951e-02
1.186679373028458502e-02
1.185809406950490835e-02
1.184909294483614366e-02
1.184082962801832374e-02
1.183302488517719124e-02
1.182530395360876195e-02
1.181786097203979015e-02
1.181157126050687810e-02
1.180309934093744587e-02
1.178881409179606890e-02
1.177331750069027759e-02
1.175818188651006103e-02
1.174275582368911226e-02
1.172834655920232567e-02
1.171323295153068982e-02
1.169789721415750473e-02
1.168306344664754928e-02
1.166899841572372268e-02
1.165478832979416866e-02
1.164107503135253935e-02
1.162867968919974702e-02
1.161694088165998034e-02
1.160596562372247925e-02
1.159571194253503947e-02
1.158562428562660666e-02
1.157581190463117388e-02
1.156684542798662972e-02
1.155808664355776651e-02
1.155084351889504486e-02
1.154296076131249363e-02
1.153447174718536146e-02
1.152589271913839752e-02
1.151756557437019421e-02
1.150895561380548687e-02
1.150047023613169107e-02
1.149234933438433859e-02
1.148439091624393026e-02
1.147764556202868214e-02
1.147155224765179435e-02
1.146572231981352052e-02
1.145998237616391302e-02
1.145451771463721138e-02
1.144912070588851791e-02
1.144213979496221632e-02
1.143523785493049880e-02
1.142937337675271892e-02
1.142374879976699141e-02
1.141848473965120271e-02
1.141353701093113931e-02
1.140737882055160857e-02
1.140154525906235047e-02
1.139546519814990146e-02
1.138655638160420390e-02
1.137586096009471359e-02
1.136525271659830430e-02
1.135457573430281690e-02
1.134171634027867498e-02
1.132931362214424469e-02
1.131632516242225307e-02
1.130291104149443691e-02
1.128949211479080179e-02
1.127372167988495953e-02
1.125892855640984840e-02
1.124452831624380908e-02
1.122960974216364108e-02
1.121388907162190925e-02
1.119828914034476375e-02
1.118270181506381133e-02
1.116699344760555858e-02
1.115143977862747583e-02
1.113631185468848955e-02
1.112134336800277290e-02
1.110657474740510582e-02
1.109199578613678447e-02
1.107685851541443008e-02
1.106253353092649140e-02
1.104816423840425041e-02
1.103382445229994166e-02
1.101912597815333551e-02
1.100418198028675285e-02
1.098889622224802180e-02
1.097331943042935409e-02
1.095777473782505972e-02
1.094186486235576919e-02
1.092432410981681798e-02
1.090723771693141025e-02
1.089016816804954692e-02
1.087333935543407896e-02
1.085595139061220488e-02
1.083819089116299685e-02
1.081981213836752387e-02
1.080165108922007296e-02
1.078385772598503163e-02
1.076579067880778159e-02
1.074304461977573615e-02
1.071995809566159662e-02
1.069705431997660869e-02
1.067340825201872762e-02
1.065035477445470426e-02
1.062438604648975257e-02
1.059741880250435891e-02
1.057054135782300140e-02
1.054369819683583821e-02
1.051719450830489351e-02
1.049162794724255859e-02
1.046656245668034849e-02
1.044190419961492193e-02
1.041760263952802405e-02
1.039562283785619087e-02
1.037356645278672551e-02
1.035136973010056596e-02
1.033375431831360866e-02
1.031724705190928230e-02
1.030196031382163251e-02
1.028767877400611069e-02
1.027267289924829047e-02
1.025723097375489182e-02
1.024169950099344806e-02
1.022773158906766650e-02
1.021394533914392853e-02
1.020003652244244781e-02
1.018679509796635921e-02
1.017339942315676794e-02
1.016026755260364400e-02
1.014672053056926530e-02
1.013364019273822574e-02
1.012044281149764718e-02
1.010605777903302374e-02
1.009082348973689564e-02
1.007553780267800639e-02
1.006012964840288966e-02
1.004497984005002335e-02
1.002974376306685518e-02
1.001454873251542491e-02
9.999211207917526115e-03
9.984164158616158635e-03
9.969520040193066701e-03
9.955009930651884456e-03
9.940565214506216773e-03
9.926264382283507548e-03
9.912816146486586391e-03
9.899494961923265002e-03
9.885050516508141205e-03
9.870465918497169089e-03
9.856881127528553319e-03
9.843555879060316219e-03
9.830273216477544707e-03
9.817118696105278999e-03
9.804602173760695871e-03
9.796029662635942145e-03
9.787817588781857342e-03
9.779242132310742713e-03
9.770605195314856217e-03
9.761687815963813672e-03
9.752187258981919946e-03
9.742853143292954862e-03
9.733661031097589136e-03
9.724042201735064866e-03
9.713673081137155080e-03
9.704377595387995992e-03
9.694430193226152501e-03
9.684330243991939174e-03
9.673911213613472712e-03
9.663137373162744223e-03
9.653335601722363643e-03
9.644364251637116414e-03
9.635559424243716684e-03
9.626897038604309564e-03
9.618519656810049778e-03
9.611148059858137457e-03
9.603921595666038702e-03
9.597248847016185552e-03
9.590421671376230667e-03
9.584747228339501185e-03
9.572929713031157542e-03
9.561190030912349730e-03
9.548730492434980011e-03
9.537856760986137758e-03
9.527153129173106250e-03
9.516515894030618331e-03
9.506830579290104569e-03
9.497573121139980465e-03
9.487580789691800465e-03
9.478258787831981766e-03
9.468117690060635222e-03
9.456832433623517387e-03
9.446231777823653822e-03
9.435395260972223933e-03
9.424905673022244620e-03
9.414211859241407646e-03
9.403651914681778953e-03
9.393177985090248039e-03
9.382659161017187222e-03
9.371772798314959713e-03
9.360163748922074867e-03
9.348400171479667037e-03
9.336591188155463419e-03
9.325334557069311914e-03
9.314462922018765939e-03
9.306131593276844791e-03
9.299403621653407059e-03
9.293277110134215077e-03
9.287666868500531886e-03
9.282056356938316044e-03
9.276747076490406141e-03
9.271489246123514744e-03
9.264922795425151181e-03
9.258757929343259738e-03
9.252935740391016184e-03
9.246557346282073195e-03
9.241121662615920176e-03
9.236281650109515531e-03
9.231666109878335080e-03
9.227812522149872118e-03
9.223958256629487609e-03
9.220014056193675048e-03
9.216826785290363130e-03
9.214105214809472505e-03
9.211181792348291722e-03
9.208534582398878246e-03
9.205891784867609173e-03
9.203571969643281267e-03
9.201349031350641861e-03
9.199169003163139985e-03
9.196739244563123875e-03
9.194359488136467917e-03
9.191657480868831512e-03
9.187560610257805224e-03
9.184040724188085453e-03
9.180813566180745858e-03
9.177350746235079723e-03
9.172345712527153749e-03
9.167619469011508565e-03
9.163352344464336871e-03
9.159266578171664300e-03
9.155291758926374299e-03
9.155191767220530186e-03
9.154459522808064409e-03
9.154087721567958150e-03
9.154446384143021323e-03
9.155608692392220790e-03
9.155213775682145838e-03
9.154877066930758311e-03
9.154867488722989721e-03
9.156777859825262697e-03
9.158726745361302907e-03
9.162536661313835928e-03
9.169662328891997269e-03
9.177484463663149183e-03
9.186346044386426574e-03
9.195389685090543316e-03
9.204311824089402364e-03
9.213242016120243988e-03
9.220533322762680672e-03
9.228497905091632286e-03
9.236316610397636573e-03
9.243811484695883471e-03
9.251337227392325557e-03
9.258765263261251738e-03
9.266365011854548958e-03
9.273729371218198195e-03
9.280853453506784576e-03
9.288050891775118112e-03
9.295384256263665088e-03
9.302674040979747733e-03
9.309955726241665730e-03
9.317305524033129074e-03
9.324815289881086336e-03
9.330416650524833017e-03
9.327377520657029186e-03
9.324858963870261488e-03
9.322241376471179092e-03
9.319736227009836615e-03
9.315866940030186408e-03
9.310884118393305750e-03
9.302214405276844691e-03
9.293282171161550143e-03
9.283913765769197593e-03
9.274504974626954917e-03
9.264815113450827755e-03
