1.476201893624930206e-02
1.475125934653075815e-02
1.474057152197867301e-02
1.472988823058312378e-02
1.471937440402064021e-02
1.470904696072588419e-02
1.469889350942102033e-02
1.468871712909616128e-02
1.467845388045770430e-02
1.466791926377214970e-02
1.465717065577436945e-02
1.464633061968273822e-02
1.463561601504625130e-02
1.462494443621124504e-02
1.461427680968576531e-02
1.460371737369631565e-02
1.459310204290057561e-02
1.458251136829159279e-02
1.457192494560269856e-02
1.456114658466378664e-02
1.455017859761343138e-02
1.453918274265609926e-02
1.452810668993869715e-02
1.451704492778259706e-02
1.450598870860936654e-02
1.449487791831605490e-02
1.448382181951202337e-02
1.447264510289586643e-02
1.446143290998939956e-02
1.445016473153101604e-02
1.443888404067563552e-02
1.442755825824333128e-02
1.441622723131377216e-02
1.440476261182237205e-02
1.439331489726627944e-02
1.438167150814023340e-02
1.436986445440159403e-02
1.435797107982297004e-02
1.434611487495304587e-02
1.433424508748770004e-02
1.432218684610441981e-02
1.430993408884534239e-02
1.429782526014999021e-02
1.428566286228626948e-02
1.427345515085632309e-02
1.426130519489299600e-02
1.424907856187492688e-02
1.423683023240246426e-02
1.422464407118395960e-02
1.421266348030850689e-02
1.420064745214086495e-02
1.418874012598460299e-02
1.417682794756218272e-02
1.416488541585256451e-02
1.415283117627642515e-02
1.414081536034855584e-02
1.412863499560070360e-02
1.411647533885488151e-02
1.410432154307660578e-02
1.409221602847153879e-02
1.408032083073077791e-02
1.406865579989769952e-02
1.405702801601959803e-02
1.404537275496568934e-02
1.403383931354098939e-02
1.402227595605801992e-02
1.401073057295881830e-02
1.399929667273698032e-02
1.398781159573147734e-02
1.397634793019410411e-02
1.396496037323886712e-02
1.395364961558248282e-02
1.394250989768326329e-02
1.393149832160857186e-02
1.392017663247900085e-02
1.390877596915539305e-02
1.389750804568472102e-02
1.388632466113990695e-02
1.387522266492278653e-02
1.386413931055727015e-02
1.385292638343618536e-02
1.384138944493001899e-02
1.382993945198372938e-02
1.381850499153888974e-02
1.380718500557723792e-02
1.379589876273942285e-02
1.378470394274571194e-02
1.377359177326886557e-02
1.376245060418958450e-02
1.375140138892881787e-02
1.374026379867706281e-02
1.372919455413155847e-02
1.371838045179011450e-02
1.370759561078849394e-02
1.369675721111799846e-02
1.368581700910361139e-02
1.367479011426716955e-02
1.366381104087609211e-02
1.365252114496432606e-02
1.364112741430661621e-02
1.362981959350869493e-02
1.361858892374267528e-02
1.360749374994676443e-02
1.359658446894221849e-02
1.358572245515974643e-02
1.357479453830330758e-02
1.356379306574170135e-02
1.355280236716087036e-02
1.354185773810983456e-02
1.353089652360809324e-02
1.351995423894407355e-02
1.350886826195494758e-02
1.349786544920792905e-02
1.348691100088010748e-02
1.347612371349638481e-02
1.346538795462937262e-02
1.345472581971423991e-02
1.344414146205082788e-02
1.343377149130557495e-02
1.342339646355403086e-02
1.341299971384932350e-02
1.340268257805782119e-02
1.339257452993986366e-02
1.338297778018116349e-02
1.337346607407399919e-02
1.336390475410784845e-02
1.335437164853197668e-02
1.334477047398651729e-02
1.333510619523220822e-02
1.332540097520096105e-02
1.331557506123625528e-02
1.330575716588511259e-02
1.329578471123256736e-02
1.328591694703472846e-02
1.327605903586204748e-02
1.326624177348040105e-02
1.325654010302809022e-02
1.324695912125949115e-02
1.323746088375324023e-02
1.322793252244872965e-02
1.321834887380865346e-02
1.320873067058384899e-02
1.319904992862294332e-02
1.318933451958272975e-02
1.317977032875493337e-02
1.317009311687390369e-02
1.316052374154596041e-02
1.315096857728315256e-02
1.314137105656160674e-02
1.313180716496938939e-02
1.312232702109116141e-02
1.311300099028583910e-02
1.310378607937537354e-02
1.309446831842150591e-02
1.308506370490328252e-02
1.307558215184296581e-02
1.306596415110840292e-02
1.305623920702770648e-02
1.304660704397566165e-02
1.303701356930912596e-02
1.302744871101349684e-02
1.301786905068121405e-02
1.300833610634757193e-02
1.299880607187369613e-02
1.298931955930239003e-02
1.297988210111703129e-02
1.297049311234581108e-02
1.296109699666805545e-02
1.295178138661053080e-02
1.294259881789141392e-02
1.293347830568163971e-02
1.292437061935375331e-02
1.291514565292788651e-02
1.290598016688551154e-02
1.289695787519224562e-02
1.288809658423995148e-02
1.287931725608766620e-02
1.287064353034613612e-02
1.286203376302229133e-02
1.285341813623082884e-02
1.284478730767197804e-02
1.283619271361689622e-02
1.282750199969407041e-02
1.281883957515790769e-02
1.281016510920205027e-02
1.280145102490550142e-02
1.279277362809089040e-02
1.278403089592495233e-02
1.277527779250883094e-02
1.276636277339583160e-02
1.275731554615427109e-02
1.274827798744676034e-02
1.273915164201810252e-02
1.272998354160172034e-02
1.272084111169821501e-02
1.271167555440927410e-02
1.270255402449854340e-02
1.269351428414617136e-02
1.268449294940678616e-02
1.267551031205247855e-02
1.266667315718700629e-02
1.265780398261464462e-02
1.264897631554193214e-02
1.264011666701048489e-02
1.263125988484090252e-02
1.262220630465550608e-02
1.261322629292466191e-02
1.260435784506727663e-02
1.259548540815213537e-02
1.258642725093731679e-02
1.257724799630848510e-02
1.256806139653363422e-02
1.255891731745960478e-02
1.254980117903904679e-02
1.254071757255069246e-02
1.253164850861149607e-02
1.252264499451329061e-02
1.251367861487548243e-02
1.250470066554524619e-02
1.249560849746949795e-02
1.248647511962974917e-02
1.247740105568151577e-02
1.246851245404539260e-02
1.245982542919477944e-02
1.245113810735848023e-02
1.244254545645975298e-02
1.243396829156471518e-02
1.242541882508482222e-02
1.241688390340398018e-02
1.240841313513142523e-02
1.239996843785244260e-02
1.239149429099271026e-02
1.238301220276569019e-02
1.237455073029514706e-02
1.236620738538174273e-02
1.235784951966813032e-02
1.234961657618420527e-02
1.234139290900323170e-02
1.233323408669722253e-02
1.232515642547985825e-02
1.231716188950648071e-02
1.230924557026364351e-02
1.230136978356744133e-02
1.229353979041433557e-02
1.228565205529395798e-02
1.227783551574248948e-02
1.227009825262049235e-02
1.226241598584808246e-02
1.225480782375438539e-02
1.224726334184178013e-02
1.223974304101382859e-02
1.223227768403799612e-02
1.222473517003055260e-02
1.221720176658404843e-02
1.220970604882137649e-02
1.220212295651950350e-02
1.219475464486681482e-02
1.218742242822461706e-02
1.218016711437628144e-02
1.217300478554676595e-02
1.216591622541215480e-02
1.215889269914339869e-02
1.215163961793746736e-02
1.214422550074226170e-02
1.213684578213930151e-02
1.212954790859202374e-02
1.212232038990417038e-02
1.211507092277406758e-02
1.210784125993954671e-02
1.210054531604927430e-02
1.209329570117629281e-02
1.208597809008021655e-02
1.207869499082092971e-02
1.207141844399586481e-02
1.206421982816511217e-02
1.205705959998436098e-02
1.204992641100052428e-02
1.204281550719270982e-02
1.203572995891294753e-02
1.202870944224915077e-02
1.202167472651964261e-02
1.201471954520717290e-02
1.200781432573691694e-02
1.200085766699564814e-02
1.199390862413735048e-02
1.198699118850582099e-02
1.198019974755229478e-02
1.197343551828736891e-02
1.196663915232119152e-02
1.195983452850298001e-02
1.195304485371433828e-02
1.194627873754034765e-02
1.193954670272389176e-02
1.193282605760853654e-02
1.192616143179347186e-02
1.191956278179886856e-02
1.191295676490929448e-02
1.190624416690612940e-02
1.189963604711789975e-02
1.189316603992367910e-02
1.188684223968338068e-02
1.188058417152528835e-02
1.187440693747160089e-02
1.186825556892138860e-02
1.186212890118078407e-02
1.185606712856272088e-02
1.185000873228194383e-02
1.184398500308047469e-02
1.183802756243439343e-02
1.183214248205109037e-02
1.182619907472870838e-02
1.182028910529487296e-02
1.181441678779649417e-02
1.180855258715694626e-02
1.180267712656004123e-02
1.179691657692529157e-02
1.179125607921879121e-02
1.178557420754235488e-02
1.177994108426661142e-02
1.177435268133568240e-02
1.176881414275166710e-02
1.176331412006147506e-02
1.175786180707203213e-02
1.175246235978485987e-02
1.174701629324438612e-02
1.174160611922416171e-02
1.173613309523283479e-02
1.173069911660981450e-02
1.172531659525693874e-02
1.171998594965404164e-02
1.171468659254327506e-02
1.170939964433449255e-02
1.170406296077257900e-02
1.169871176615999014e-02
1.169337640553432325e-02
1.168802088213034829e-02
1.168269587850555118e-02
1.167742214915971910e-02
1.167218919009906271e-02
1.166703795310001894e-02
1.166188885424793154e-02
1.165670370913300322e-02
1.165151588964695971e-02
1.164631678695468228e-02
1.164119473329921876e-02
1.163611021008507072e-02
1.163103555564532106e-02
1.162602041083765463e-02
1.162104495261739347e-02
1.161604208621799805e-02
1.161110100634095768e-02
1.160617394403837613e-02
1.160135431405836214e-02
1.159668853391394167e-02
1.159207458977141308e-02
1.158746065612837987e-02
1.158286053606963698e-02
1.157826922583632401e-02
1.157369913358046593e-02
1.156911415229214604e-02
1.156442983829091865e-02
1.155971805161366654e-02
1.155502984080023637e-02
1.155034319591133861e-02
1.154572120915640585e-02
1.154108830517759990e-02
1.153643969095590957e-02
1.153184417867510539e-02
1.152726314369660436e-02
1.152272148707036113e-02
1.151817220181176014e-02
1.151365129668545199e-02
1.150906084366082847e-02
1.150447923346004792e-02
1.149988202476099827e-02
1.149527541751488822e-02
1.149077151406922501e-02
1.148625013796561282e-02
1.148175481410647868e-02
1.147723710907594917e-02
1.147264494463380406e-02
1.146798178186324464e-02
1.146327523368353626e-02
1.145844353903494907e-02
1.145353450436357133e-02
1.144865085146898158e-02
1.144379333106500078e-02
1.143896176391026934e-02
1.143424423475976164e-02
1.142952066765023922e-02
1.142486697542327047e-02
1.142022186353279511e-02
1.141533978106252199e-02
1.141036083251046815e-02
1.140537303588482453e-02
1.140041985534094582e-02
1.139545011559509567e-02
1.139052911375044476e-02
1.138565943493240890e-02
1.138077207421650874e-02
1.137587611666491041e-02
1.137088796230650671e-02
1.136584411788194547e-02
1.136078473120640496e-02
1.135581465172692817e-02
1.135088446432495207e-02
1.134601029547330220e-02
1.134116912353144886e-02
1.133616930648509956e-02
1.133111368312819493e-02
1.132611762790055286e-02
1.132120482241089944e-02
1.131634091831456614e-02
1.131150217325575455e-02
1.130662106648846164e-02
1.130179731170723179e-02
1.129695928586376026e-02
1.129215356321351844e-02
1.128731978441537172e-02
1.128256636799435976e-02
1.127793752356991488e-02
1.127341046649008374e-02
1.126899325361658578e-02
1.126457223542647566e-02
1.126006994965285390e-02
1.125555404378561844e-02
1.125108617160351827e-02
1.124670334119804403e-02
1.124235545910832329e-02
1.123811482035027946e-02
1.123401081375758996e-02
1.122988198411118549e-02
1.122579127250277788e-02
1.122159996074254158e-02
1.121732279161998663e-02
1.121297481428485537e-02
1.120848650896247994e-02
1.120400419322645225e-02
1.119963514940656817e-02
1.119528797715763774e-02
1.119093386811800990e-02
1.118661741663856853e-02
1.118237376227585421e-02
1.117813201057144511e-02
1.117398922147278158e-02
1.116989318287109519e-02
1.116580002863040363e-02
1.116173737991957467e-02
1.115764404531257616e-02
1.115356370382940623e-02
1.114964019928787325e-02
1.114580576120400603e-02
1.114195133658333822e-02
1.113804928213307267e-02
1.113402943910933064e-02
1.112999965643960559e-02
1.112600398100116808e-02
1.112206320779185464e-02
1.111808547336379585e-02
1.111416572501624199e-02
1.111022778067059964e-02
1.110627928920824778e-02
1.110234191033535392e-02
1.109841038493036489e-02
1.109438844088287725e-02
1.109029555737913939e-02
1.108623288579441320e-02
1.108223425999815999e-02
1.107819245803267488e-02
1.107408648015998677e-02
1.107000491773565617e-02
1.106590022417607531e-02
1.106180844611906119e-02
1.105773797228534576e-02
1.105377105758585492e-02
1.104975495425688896e-02
1.104565839518028593e-02
1.104154491016938466e-02
1.103739066462283529e-02
1.103324547413990150e-02
1.102902783564841706e-02
1.102474572913880561e-02
1.102043536211614119e-02
1.101615258176400457e-02
1.101188540253501130e-02
1.100763754649978533e-02
1.100343849211268647e-02
1.099923743832194496e-02
1.099514912284806079e-02
1.099112532413995362e-02
1.098707805118812920e-02
1.098303077336153927e-02
1.097890552179269820e-02
1.097478665579112132e-02
1.097067246693914089e-02
1.096655908879808940e-02
1.096246920664970849e-02
1.095838642290923592e-02
1.095425619758009367e-02
1.095005615774048528e-02
