1.861004529314299119e-02
1.856355168385086934e-02
1.851600669197539170e-02
1.846846741034981546e-02
1.841915651600362427e-02
1.837978915305114869e-02
1.833994787260954940e-02
1.829968278986309621e-02
1.825998518538298268e-02
1.822208012705041694e-02
1.816934016563824181e-02
1.811262071979901148e-02
1.805371722886699518e-02
1.799594079357515544e-02
1.793864344344863263e-02
1.788001491199994394e-02
1.782182653919557602e-02
1.776254893956483172e-02
1.770246642490131209e-02
1.764154846973944868e-02
1.758302894635406510e-02
1.752255745943389134e-02
1.746304184445500798e-02
1.740349230347386367e-02
1.733709146119745415e-02
1.727191960875765209e-02
1.720634351556748001e-02
1.714165750704922317e-02
1.708187981923894525e-02
1.702680799588243352e-02
1.697213017991494252e-02
1.691776235354503985e-02
1.686571931603012692e-02
1.681538794029864212e-02
1.676371806886403637e-02
1.670901765797263780e-02
1.664256788166643825e-02
1.658009447455243215e-02
1.651691861792275312e-02
1.645813203279069062e-02
1.640422309894441419e-02
1.634775897013112517e-02
1.629019886395630459e-02
1.623006533530725604e-02
1.616428734396633399e-02
1.609803184298245343e-02
1.602773406361322761e-02
1.595838686737562073e-02
1.588910585253371088e-02
1.582095510766768492e-02
1.575769919656996171e-02
1.569546133134033447e-02
1.562578192050542714e-02
1.555533250287191235e-02
1.548500432615890904e-02
1.542480048699774488e-02
1.538241856458434469e-02
1.534030667406434401e-02
1.530140987436191986e-02
1.526181758593428243e-02
1.522123808898080688e-02
1.518102061323297475e-02
1.513880949408172825e-02
1.509270746519116718e-02
1.504548968716323473e-02
1.499775055507597543e-02
1.495040287618888859e-02
1.490333747724416867e-02
1.485531426492001442e-02
1.480143415137223639e-02
1.474821596883733182e-02
1.469497227725259300e-02
1.464202488826783083e-02
1.458900050435010462e-02
1.453708360794263472e-02
1.447252346030340406e-02
1.441347232820792794e-02
1.435520434821523084e-02
1.429698763586052107e-02
1.424102614928963312e-02
1.418636272681755503e-02
1.413461875964090904e-02
1.408588004211502355e-02
1.403984790151046116e-02
1.399146318669140625e-02
1.394550235790625869e-02
1.389553987193663243e-02
1.384359148659491945e-02
1.379451757153785270e-02
1.376462465178979883e-02
1.373312698360456760e-02
1.370126107665980107e-02
1.367085293266653845e-02
1.363968047798526373e-02
1.360909867761877362e-02
1.357884305472001688e-02
1.354731301580835816e-02
1.351326856007047626e-02
1.348014036035177429e-02
1.344646140743100370e-02
1.341147989961340679e-02
1.337062532992340687e-02
1.332129710324255444e-02
1.326864637889059624e-02
1.321148955014545684e-02
1.315999630646245110e-02
1.310673967419846708e-02
1.305567734919646852e-02
1.300496384134542868e-02
1.295482275670360554e-02
1.291190821172029726e-02
1.287136823076330538e-02
1.283268514019911440e-02
1.279545552049344247e-02
1.275833110023480085e-02
1.272187251417358431e-02
1.268483903023487867e-02
1.264653972871449331e-02
1.260650062318980670e-02
1.256553365911244717e-02
1.252429687526851812e-02
1.248742648114146807e-02
1.244896186653823671e-02
1.241131255981593566e-02
1.237315580432398789e-02
1.234323436115607533e-02
1.231911632660209754e-02
1.229569594366624816e-02
1.227179878449770160e-02
1.224756942010064506e-02
1.222586835507888381e-02
1.220545319026255203e-02
1.218357627710623878e-02
1.216382693223150638e-02
1.214242899641532897e-02
1.212284299737326557e-02
1.210432412679682615e-02
1.208594717534261856e-02
1.206763608248069899e-02
1.205672355162972637e-02
1.204603668144677182e-02
1.203600693838377707e-02
1.202578345573609639e-02
1.201735350859537907e-02
1.200778235891000918e-02
1.199804734436829383e-02
1.198832641906707845e-02
1.197846857398842356e-02
1.196863854154840527e-02
1.195817986054317945e-02
1.194885060380691463e-02
1.193877226607490370e-02
1.192978868083322853e-02
1.192130064084838577e-02
1.191460022295939489e-02
1.190769978788495768e-02
1.190100417544675583e-02
1.189619635573480917e-02
1.189028565349770257e-02
1.188647221762282637e-02
1.188293328933988022e-02
1.187861834139669268e-02
1.187089505386055774e-02
1.186249842516057945e-02
1.185357000439704774e-02
1.184591127665496693e-02
1.183866377314640207e-02
1.183095480619217495e-02
1.182993691815002919e-02
1.183042597073181816e-02
1.183028974935781616e-02
1.182984647592852032e-02
1.182962866633620672e-02
1.182619658810982709e-02
1.182069580630999879e-02
1.181599242328952408e-02
1.182111184135036137e-02
1.182946898962801592e-02
1.183817104161474787e-02
1.184256384543532804e-02
1.183971029095261251e-02
1.182903781773352557e-02
1.181842315852337823e-02
1.181606646851762581e-02
1.181270856602483280e-02
1.181065087380212333e-02
1.181972399806792938e-02
1.182662400467794986e-02
1.183130519392130812e-02
1.183569090124021901e-02
1.183990478491200350e-02
1.184443344529099995e-02
1.184920591346402645e-02
1.185452210834488096e-02
1.186056382111086958e-02
1.186714203830976054e-02
1.187563209209590610e-02
1.188705206897926192e-02
1.189819742154402289e-02
1.190980179982679445e-02
1.192066553722095565e-02
1.192971716648095343e-02
1.193233424049565568e-02
1.193426494527177924e-02
1.193679039561176478e-02
1.193957581693327191e-02
1.194233621831423432e-02
1.194465991497613462e-02
1.194799225153678375e-02
1.195065526924069324e-02
1.195475689113771958e-02
1.195690106385389508e-02
1.196400357670709610e-02
1.197478980598221110e-02
1.198689241127626724e-02
1.199812896606722128e-02
1.200782522652110371e-02
1.201857996774826666e-02
1.202909863505493247e-02
1.203941196564019440e-02
1.205010949456257474e-02
1.206250710138262634e-02
1.207457237544220727e-02
1.208670349375867356e-02
1.209855072496088431e-02
1.211056967857818481e-02
1.212171013354412102e-02
1.213025153971513184e-02
1.213127112797577657e-02
1.213069657706822985e-02
1.212918387600632995e-02
1.212816001160120505e-02
1.212439606595140662e-02
1.212012523488193924e-02
1.211458886525391965e-02
1.210975029723604032e-02
1.210509566294803302e-02
1.210068762835315656e-02
1.209676077728943921e-02
1.209103168281690406e-02
1.208648833294743291e-02
1.208166345527127671e-02
1.207477098890459219e-02
1.206878231189606118e-02
1.206217200366961791e-02
1.205530094223972691e-02
1.204901387349709141e-02
1.204430569051236598e-02
1.203618909160250952e-02
1.202958098316202727e-02
1.202488617183720271e-02
1.201818000104298845e-02
1.201151908597789843e-02
1.200300901552720477e-02
1.199513868728471766e-02
1.198814378544683576e-02
1.198136483702026862e-02
1.197405797980987188e-02
1.196176551097933097e-02
1.194969709052586329e-02
1.193706445561953586e-02
1.192637342787138295e-02
1.190861310934530730e-02
1.188557442493732956e-02
1.186361744846037118e-02
1.184317555933146575e-02
1.182520331157097329e-02
1.180680768317087480e-02
1.178941051714296750e-02
1.177159817271425726e-02
1.175200715132375742e-02
1.173129522777281893e-02
1.170835255912728266e-02
1.168289067681962771e-02
1.165566778806718592e-02
1.162894433089422218e-02
1.160152850421212849e-02
1.157509525348291053e-02
1.154773732691263648e-02
1.151690258650189466e-02
1.148479809031534293e-02
1.145343056632953417e-02
1.142034810693551630e-02
1.138743008275178333e-02
1.135348282504478751e-02
1.132027286723296354e-02
1.128660923784646601e-02
1.125394476661426349e-02
1.121503578231860046e-02
1.117813764354623485e-02
1.114104867220757841e-02
1.110448489791478720e-02
1.106768149988153482e-02
1.103105427694143874e-02
1.099477602129010113e-02
1.095825833244599284e-02
1.091784037023553477e-02
1.087798312528154634e-02
1.083812034954875249e-02
1.079889334553931629e-02
1.075868105856115677e-02
1.071906358883151743e-02
1.067974310892573150e-02
1.064015500492197959e-02
1.060411921138353260e-02
1.056889526357722431e-02
1.053423411153166234e-02
1.049988006073052094e-02
1.046940480504805759e-02
1.044493158260002136e-02
1.042525478665521504e-02
1.040935172261736943e-02
1.039649651234843264e-02
1.038391697987406555e-02
1.037472310233726255e-02
1.036789670317594080e-02
1.035867283844166091e-02
1.034864474246169688e-02
1.034201262478556989e-02
1.033397204265627291e-02
1.032423278406477754e-02
1.031431127839893373e-02
1.030420969378446731e-02
1.029424853183740808e-02
1.028752413502828471e-02
1.028109321720745671e-02
1.027509658389106663e-02
1.026935317153728280e-02
1.026469464501465235e-02
1.025935653290943952e-02
1.025466267459873050e-02
1.025052149914876774e-02
1.025511371410534923e-02
1.026420791872899481e-02
1.027371875425992127e-02
1.028362148246219319e-02
1.029393977888637748e-02
1.030446547612202252e-02
1.031509626986602639e-02
1.032626695173714804e-02
1.033683357081432823e-02
1.034789321166799773e-02
1.035821796470049773e-02
1.036852746725996748e-02
1.037661990614470453e-02
1.038340304143568586e-02
1.038948759226990433e-02
1.039544017824012637e-02
1.040100843900631893e-02
1.040685582774243667e-02
1.041303546195690606e-02
1.042145297810099201e-02
1.042947317116188835e-02
1.043769792913898202e-02
1.044635910065791311e-02
1.045503854928044041e-02
1.046429927767913298e-02
1.047544931337494011e-02
1.048863385290703561e-02
1.050847390502401488e-02
1.052797097819643812e-02
1.054840992451392540e-02
1.056769533226879949e-02
1.058702917162572706e-02
1.060727745950188969e-02
1.063024804729941104e-02
1.065434424308044255e-02
1.067969999178361613e-02
1.070914906503156287e-02
1.073884119957128382e-02
1.076880237142793968e-02
1.079828284996880126e-02
1.082833933036201485e-02
1.085855005651654125e-02
1.088821547528166268e-02
1.091890534773834291e-02
1.095011532455368412e-02
1.098062231321082598e-02
1.101142201011407265e-02
1.104293181011052095e-02
1.107443862219132519e-02
1.110621688459661333e-02
1.113712868262748019e-02
1.116891360504751116e-02
1.120082335305449921e-02
1.123143430804848103e-02
1.126297362308209538e-02
1.129227728661235872e-02
1.132100045435192361e-02
1.135018815181676986e-02
1.137934198875209524e-02
1.140566157356227156e-02
1.143315492294748673e-02
1.146204629369426166e-02
1.148685286479968898e-02
1.150993427600724775e-02
1.153076314557190986e-02
1.154577108578816978e-02
1.156127337513796274e-02
1.157647918653068563e-02
1.159204623197875386e-02
1.160714601362851546e-02
1.162068459688356259e-02
1.163052757104960332e-02
1.164056082012706640e-02
1.165079068304243799e-02
1.165475613016301801e-02
1.165321020390272522e-02
1.165164332560593430e-02
1.165043223123320669e-02
1.164972209577069123e-02
1.164936522455956545e-02
1.165113509927596588e-02
1.165403608718512153e-02
1.165764809588513279e-02
1.166294566895340404e-02
1.166943894527829387e-02
1.167561343133865191e-02
1.168254958128056055e-02
1.168958351651220098e-02
1.169863272628662854e-02
1.170798696670305276e-02
1.171744401750928616e-02
1.172695271846452975e-02
1.173737141874029062e-02
1.174710016337943315e-02
1.175837715887870227e-02
1.177263951516024226e-02
1.178707551639173075e-02
1.180283207495690274e-02
1.181863719144723296e-02
1.183427174902665878e-02
1.185284587956551318e-02
1.187192276757764037e-02
1.189109229613691081e-02
1.190956144745879651e-02
1.192795796497343394e-02
1.194440987566602018e-02
1.195951997877543922e-02
1.196944650169193963e-02
1.197773235574007590e-02
1.198661943749232232e-02
1.199572820608491713e-02
1.200217076780261787e-02
1.200849773745434751e-02
1.201489650574081615e-02
1.202196976946809381e-02
1.202982610703706191e-02
1.203741610726514338e-02
1.204546165540465799e-02
1.205381331425602401e-02
1.206244639998796733e-02
1.207095463279338893e-02
1.207906305959979831e-02
1.208613160864974168e-02
1.209518926654872158e-02
1.210561488605738090e-02
1.211772536808927193e-02
1.212896569375096142e-02
1.214067210419882484e-02
1.215243110431291768e-02
1.215670911577930273e-02
1.215291329291545014e-02
1.214976037452944121e-02
1.214567890990074332e-02
1.213559640900610526e-02
1.212678382063585129e-02
1.212109628274655668e-02
1.211210500819240136e-02
1.209237257529619143e-02
1.206644069260284606e-02
1.204046982757688185e-02
1.201665304641737729e-02
1.199269859543480692e-02
1.196871790571118165e-02
1.194498079833479845e-02
1.192187727971471753e-02
1.189926634472301438e-02
1.187666455682464574e-02
1.185397959990582180e-02
1.183236191112570744e-02
1.181103021106852044e-02
1.178910488030835736e-02
1.176632875246794510e-02
1.174424030689340606e-02
1.172170523138283890e-02
1.169991963888286808e-02
1.167843570225135519e-02
1.165664590189976514e-02
1.163558331415831884e-02
1.161436388641115883e-02
1.159488746575612628e-02
1.157484858723990297e-02
1.155255411159205464e-02
1.153051166982537595e-02
1.150970690815665207e-02
1.149526886257972932e-02
1.148084774227247154e-02
1.146723844503888014e-02
1.145550546657774643e-02
