1.363931897383903816e-02
1.363655333580923897e-02
1.363372593287654790e-02
1.363082252706214990e-02
1.362804158740706442e-02
1.362530974078285384e-02
1.362220613629955453e-02
1.361873934286732951e-02
1.361538443000851091e-02
1.361202863221202576e-02
1.360870897131095242e-02
1.360526095116308502e-02
1.360236633372136419e-02
1.359922114729283406e-02
1.359578052660088791e-02
1.359251326838744126e-02
1.358995534087157307e-02
1.358777596088386191e-02
1.358565624710962594e-02
1.358379397400494119e-02
1.358164991153528595e-02
1.357957766089671996e-02
1.357743353033546464e-02
1.357527235383958024e-02
1.357295565005487391e-02
1.357045929987358950e-02
1.356783389965749743e-02
1.356481812397206457e-02
1.356178231821865594e-02
1.355855039195159872e-02
1.355529476474527130e-02
1.355184070849225000e-02
1.354851632522357727e-02
1.354517395412866559e-02
1.354181588779345552e-02
1.353844606515245894e-02
1.353524199113409834e-02
1.353217385807106189e-02
1.352895792421730456e-02
1.352534890515229293e-02
1.352166828739049392e-02
1.351806229726259037e-02
1.351454982727652056e-02
1.351113693960968691e-02
1.350775157056802352e-02
1.350430603411820890e-02
1.350108914343825690e-02
1.349803494156213979e-02
1.349528900225494682e-02
1.349264440223276774e-02
1.349036984537638033e-02
1.348838499372327464e-02
1.348716742985675912e-02
1.348604427309477508e-02
1.348507206984051431e-02
1.348425013335602211e-02
1.348326781634761121e-02
1.348136687278312165e-02
1.347969119319008570e-02
1.347812492439447694e-02
1.347656692176719614e-02
1.347474897350950732e-02
1.347280219037633869e-02
1.347085198443792597e-02
1.346943507140216899e-02
1.346840663486482265e-02
1.346727911720291444e-02
1.346670865818386069e-02
1.346617796567155245e-02
1.346570375248335068e-02
1.346528211537588275e-02
1.346472140990894947e-02
1.346410223780508501e-02
1.346334314328577822e-02
1.346253768699344489e-02
1.346164779509244173e-02
1.346087668354486663e-02
1.346010911731679131e-02
1.345930623635507167e-02
1.345899060926197648e-02
1.345884952194860949e-02
1.345883778589311054e-02
1.345872436174135739e-02
1.345823386883886717e-02
1.345775968931677349e-02
1.345716765918268665e-02
1.345659576213992410e-02
1.345607139227437271e-02
1.345515718838160256e-02
1.345422614181648532e-02
1.345321124740736507e-02
1.345218065067034681e-02
1.345059817632713629e-02
1.344883152711627561e-02
1.344711368743223105e-02
1.344571403270602115e-02
1.344427230547130987e-02
1.344282524026018527e-02
1.344127737518114457e-02
1.343992294618670189e-02
1.343864566750601480e-02
1.343739421503251964e-02
1.343611822578904061e-02
1.343474396442007925e-02
1.343328004109576104e-02
1.343148224668594230e-02
1.342936120980839192e-02
1.342665457833887820e-02
1.342355682694873834e-02
1.342068458557107470e-02
1.341771455756862741e-02
1.341491385287123771e-02
1.341226276642808191e-02
1.340960483437443271e-02
1.340699334914502959e-02
1.340420424356055136e-02
1.340137494241631227e-02
1.339858239807948520e-02
1.339621351916978412e-02
1.339382659598616077e-02
1.339139335811143257e-02
1.338905372112657137e-02
1.338671092079330230e-02
1.338448863575704244e-02
1.338258248862744110e-02
1.337988886594414402e-02
1.337695147786517602e-02
1.337391402652258685e-02
1.337174193157665732e-02
1.336972335762207954e-02
1.336761961955465483e-02
1.336535413482813246e-02
1.336309855856844531e-02
1.336083369653833647e-02
1.335864257036998085e-02
1.335649518103082870e-02
1.335427214572133120e-02
1.335214300999347167e-02
1.335011340266845439e-02
1.334695985767964978e-02
1.334391175012827023e-02
1.334083455607302897e-02
1.333789074941155693e-02
1.333506127563359629e-02
1.333216289265047420e-02
1.332916611097755694e-02
1.332553324719621540e-02
1.332186688892916283e-02
1.331806751157048503e-02
1.331438725274507358e-02
1.331065079202452782e-02
1.330706939739245004e-02
1.330336511514190224e-02
1.329973854692255431e-02
1.329598888908809472e-02
1.329206324307192523e-02
1.328807251414286517e-02
1.328405406028880693e-02
1.328013799316600518e-02
1.327626258735963016e-02
1.327181117142349140e-02
1.326732510572260423e-02
1.326282755127288285e-02
1.325845265181642592e-02
1.325414809250123963e-02
1.324993351889291841e-02
1.324566744095045587e-02
1.324142897326572449e-02
1.323725348904507965e-02
1.323316146563477229e-02
1.322891656468607596e-02
1.322461812500849015e-02
1.322054040893423828e-02
1.321644245826408652e-02
1.321217674077678275e-02
1.320799283167616370e-02
1.320402640587936896e-02
1.319952053817939619e-02
1.319492331762486467e-02
1.319041398256900859e-02
1.318590689225778399e-02
1.318147822119410464e-02
1.317749186227759953e-02
1.317349078367851395e-02
1.316945727879650398e-02
1.316532528131398282e-02
1.316103019255311472e-02
1.315661165498761831e-02
1.315217374346354037e-02
1.314768147206132019e-02
1.314322815968553375e-02
1.313877202087553910e-02
1.313439558366269466e-02
1.313002858586934801e-02
1.312578908263541816e-02
1.312110847189343343e-02
1.311612314061135105e-02
1.311094143442135401e-02
1.310547311550046799e-02
1.309992853500042270e-02
1.309434539212649649e-02
1.308844645408206719e-02
1.308256725247640938e-02
1.307707853265411592e-02
1.307139038190203648e-02
1.306566890145097887e-02
1.305959176414631280e-02
1.305346336829539891e-02
1.304641508227031774e-02
1.303824520128685910e-02
1.302991554222560598e-02
1.302135259476240939e-02
1.301287076084782501e-02
1.300436828404086947e-02
1.299591222317646698e-02
1.298750489590029533e-02
1.297950974555554630e-02
1.297086427157975903e-02
1.296179404752069442e-02
1.295260429131619116e-02
1.294304752999563511e-02
1.293354597805288116e-02
1.292461713265822924e-02
1.291557922780867812e-02
1.290649428685144463e-02
1.289748816711001021e-02
1.288838926534980819e-02
1.287922947603052301e-02
1.287019096392540314e-02
1.286118058883868077e-02
1.285213436643569025e-02
1.284347691137589960e-02
1.283502316511962900e-02
1.282662051236974771e-02
1.281818536170154302e-02
1.280967604510605332e-02
1.280124457239674614e-02
1.279288188131577630e-02
1.278453730158781408e-02
1.277624937002075182e-02
1.276797328537952400e-02
1.275971398772234554e-02
1.275125734111830916e-02
1.274292323104334219e-02
1.273469476419937171e-02
1.272649434755068060e-02
1.271816777108980383e-02
1.271016696053590619e-02
1.270234472513825062e-02
1.269457177843989759e-02
1.268669311181257371e-02
1.267878151593575427e-02
1.267080847333872107e-02
1.266287398172478117e-02
1.265493417972544943e-02
1.264662073380565764e-02
1.263826268738179985e-02
1.263000266678927265e-02
1.262176903105881147e-02
1.261346749028443778e-02
1.260554250921913817e-02
1.259822923093828310e-02
1.259026183222360096e-02
1.258208083092002272e-02
1.257388325677920825e-02
1.256571026851533227e-02
1.255781865157450453e-02
1.255012208466637670e-02
1.254240335482849356e-02
1.253463272577581659e-02
1.252685262059999131e-02
1.251925169239371215e-02
1.251125834913420672e-02
1.250340602028702369e-02
1.249588379268075367e-02
1.248799691873750742e-02
1.248009974992658234e-02
1.247237361291235642e-02
1.246465575269785873e-02
1.245727446432471144e-02
1.245003345110174374e-02
1.244265608052686628e-02
1.243516872480571363e-02
1.242746080393974419e-02
1.241975166274068322e-02
1.241252585875105528e-02
1.240515597318957164e-02
1.239781273359233035e-02
1.239074559454737476e-02
1.238363334051442548e-02
1.237636480841315841e-02
1.236953369371087547e-02
1.236275690635970509e-02
1.235604421016347869e-02
1.234939803604293181e-02
1.234288426363329416e-02
1.233634107324786157e-02
1.232927264755011298e-02
1.232213174024293992e-02
1.231512640482955619e-02
1.230810938094885863e-02
1.230094734803302906e-02
1.229361471629700914e-02
1.228637989371422073e-02
1.227910810954296363e-02
1.227185587778596883e-02
1.226477320335144124e-02
1.225769420080072628e-02
1.225070799178613196e-02
1.224366438699524794e-02
1.223660566359107207e-02
1.222934364828621653e-02
1.222212238871476543e-02
1.221467931784628487e-02
1.220711460880222025e-02
1.219955625379286202e-02
1.219197741447621518e-02
1.218444743847621643e-02
1.217695731441387381e-02
1.216939913545547237e-02
1.216139117971335587e-02
1.215344791440819971e-02
1.214559758110052116e-02
1.213766778717413966e-02
1.212978822421835988e-02
1.212178841845853311e-02
1.211376878563988867e-02
1.210549729667538370e-02
1.209698629171197630e-02
1.208850129014579777e-02
1.208085994527190524e-02
1.207379391075369748e-02
1.206656079716880887e-02
1.205946039790868271e-02
1.205231713688500322e-02
1.204518555091282396e-02
1.203780761934163460e-02
1.203038643422706805e-02
1.202266929131580800e-02
1.201453583465531341e-02
1.200635454345617796e-02
1.199816515549504553e-02
1.198980024333696874e-02
1.198149050986485088e-02
1.197323349827555256e-02
1.196489141319345695e-02
1.195656027712668594e-02
1.194797897461089865e-02
1.193943703935473367e-02
1.193111585858359566e-02
1.192286358556212886e-02
1.191431946631220026e-02
1.190566359191409795e-02
1.189652142692834702e-02
1.188783918051445655e-02
1.187908155600358659e-02
1.187009919630695708e-02
1.186106967982357603e-02
1.185203913373951770e-02
1.184288802736483716e-02
1.183377317590678969e-02
1.182464270552672538e-02
1.181556110675327162e-02
1.180647522061375847e-02
1.179749436962700820e-02
1.178848305429401264e-02
1.177960565393812269e-02
1.177069088249493509e-02
1.176234832716313745e-02
1.175440132321149515e-02
1.174638421332583997e-02
1.173821983402973008e-02
1.173031211766547600e-02
1.172275200328561952e-02
1.171504535692227157e-02
1.170728145115567873e-02
1.169935310651723168e-02
1.169090538472219998e-02
1.168305933650242226e-02
1.167521197505134826e-02
1.166651989433730753e-02
1.165729342347130923e-02
1.164811825279121922e-02
1.163912999456484174e-02
1.162998036620819381e-02
1.162083828671663446e-02
1.161165399707788509e-02
1.160247996724849892e-02
1.159325403605272753e-02
1.158397286757171900e-02
1.157470890601514958e-02
1.156552142600651006e-02
1.155641751634962217e-02
1.154734914436941241e-02
1.153826186298492762e-02
1.152918614268077895e-02
1.152002104860821302e-02
1.151109578080695972e-02
1.150223175184403833e-02
1.149329723984873937e-02
1.148453541049174013e-02
1.147606767331019531e-02
1.146749187115283022e-02
1.145884034309975659e-02
1.145027392442046418e-02
1.144179317104869129e-02
1.143305208260812257e-02
1.142386687347964752e-02
1.141454282323792722e-02
1.140509238587451846e-02
1.139565506525668306e-02
1.138619306029487604e-02
1.137637153725543776e-02
1.136507565009535134e-02
1.135364795955713831e-02
1.134245101309851178e-02
1.133152354730912643e-02
1.132054822230106096e-02
1.130910021698845400e-02
1.129690872202992157e-02
1.128438895272303177e-02
1.127190436367520553e-02
1.125974281092184497e-02
1.124754749732818047e-02
1.123549110243168316e-02
1.122334622294434044e-02
1.121108419135344141e-02
1.119859603920382932e-02
1.118688871038768864e-02
1.117536015859786798e-02
1.116385580666383499e-02
1.115242216083177883e-02
1.114192372641664708e-02
1.113167388171233674e-02
1.112134365734257328e-02
1.111085138825475792e-02
1.110031078185157345e-02
1.108973744009541726e-02
1.107913239315650757e-02
1.106878416621576156e-02
1.105885829748265090e-02
1.104890442747136735e-02
1.103891323687194656e-02
1.102897453546685877e-02
1.101895560823524210e-02
1.100900915324729001e-02
1.099872480337795409e-02
1.098715239945884277e-02
1.097554511213726276e-02
1.096393502894675402e-02
1.095226143964483229e-02
1.094108157810264569e-02
1.092991613172930587e-02
1.091883405750800409e-02
1.090780254129948730e-02
1.089677437050213908e-02
1.088573858730441414e-02
1.087474510829116760e-02
1.086374095427432990e-02
1.085277808996572800e-02
1.084173580053971429e-02
1.083065030129829083e-02
1.081973178177056405e-02
1.080870670180027193e-02
1.079723884892542889e-02
1.078488853094339804e-02
1.077210425513456214e-02
1.075950417735464792e-02
1.074705655432503862e-02
1.073446885491450252e-02
1.072218418267685547e-02
1.071078060251346060e-02
1.070072541283463401e-02
1.068924521006738189e-02
1.067740336446083502e-02
1.066568003316952992e-02
1.065408510225842112e-02
1.064228956716635650e-02
1.063058559945536004e-02
1.061877989776854533e-02
1.060702320608641717e-02
1.059524962439688765e-02
1.058335757952410042e-02
1.057163926884919537e-02
1.055982280704429073e-02
1.054627011367253661e-02
1.053279285187118386e-02
1.051971307528938582e-02
1.050622862545779607e-02
1.049361665803659124e-02
1.048121130020965124e-02
1.046893423423400984e-02
1.045666688662560788e-02
1.044459286524398144e-02
1.043192252876693100e-02
1.041843376062430611e-02
1.040493230238440439e-02
1.039233169999541698e-02
1.038057566958017555e-02
1.036856092060716925e-02
