1.321649248065615359e-02
1.321177519605447673e-02
1.320706506664853785e-02
1.320235181757725522e-02
1.319764669680833363e-02
1.319295985756452350e-02
1.318827532229374135e-02
1.318361570856971601e-02
1.317895233836792815e-02
1.317430425881943416e-02
1.316965144253135975e-02
1.316502420606805238e-02
1.316039204683007620e-02
1.315574932652318826e-02
1.315110765803007530e-02
1.314650127180714938e-02
1.314188454632638121e-02
1.313729571179860119e-02
1.313268896781588820e-02
1.312808857764699057e-02
1.312351637179410765e-02
1.311895635123956627e-02
1.311437751252023283e-02
1.310983227460008754e-02
1.310529548696610924e-02
1.310074529765051406e-02
1.309621517150376911e-02
1.309172163702802989e-02
1.308719657675986789e-02
1.308269022017336490e-02
1.307821314264782410e-02
1.307371446358635003e-02
1.306923397303244236e-02
1.306475376868636469e-02
1.306026007679631992e-02
1.305579064817502521e-02
1.305129767180455286e-02
1.304683468285942199e-02
1.304236196284808656e-02
1.303790829712300411e-02
1.303343003899016563e-02
1.302895819191271162e-02
1.302450462636036733e-02
1.302003237143675544e-02
1.301555584486128667e-02
1.301113593734969792e-02
1.300672148925245686e-02
1.300228913170028283e-02
1.299787806085542924e-02
1.299349900235631169e-02
1.298908051872867467e-02
1.298469200821598425e-02
1.298031856654552167e-02
1.297597080487256256e-02
1.297164164670852604e-02
1.296728954183175471e-02
1.296292188871464232e-02
1.295858677742775002e-02
1.295424224990326598e-02
1.294993309766651231e-02
1.294560891236351367e-02
1.294129943814295233e-02
1.293698574235690492e-02
1.293266497008227142e-02
1.292836214303855202e-02
1.292407898562791639e-02
1.291980588842248957e-02
1.291552992913876791e-02
1.291124583439749035e-02
1.290697539892487859e-02
1.290273094396799346e-02
1.289845947814719472e-02
1.289419456648569287e-02
1.288994451616573902e-02
1.288569224773510741e-02
1.288146389912383019e-02
1.287722378021556070e-02
1.287301529442765394e-02
1.286874666206436722e-02
1.286453531419816387e-02
1.286036392810016062e-02
1.285616484423945244e-02
1.285198806312386199e-02
1.284781214778695467e-02
1.284361179030140548e-02
1.283943659048407404e-02
1.283529087007318284e-02
1.283112484321678737e-02
1.282698259307583043e-02
1.282283198566625156e-02
1.281870405307196717e-02
1.281458771904997636e-02
1.281050658859101722e-02
1.280639877640715046e-02
1.280231918431527435e-02
1.279823845454727826e-02
1.279417271491435290e-02
1.279009045393446863e-02
1.278604791144612694e-02
1.278203363198095362e-02
1.277797813858832544e-02
1.277396726499632415e-02
1.276993793815451271e-02
1.276593845563412689e-02
1.276192509203400750e-02
1.275793466083622978e-02
1.275392987631580183e-02
1.274993412165239398e-02
1.274596929890016613e-02
1.274198769005873387e-02
1.273803024431331178e-02
1.273408614300794092e-02
1.273013316925985551e-02
1.272620666258080478e-02
1.272226768439558425e-02
1.271835572422947043e-02
1.271446264662491263e-02
1.271055611725236539e-02
1.270668448376943357e-02
1.270279177107985769e-02
1.269893104927042812e-02
1.269508393664329354e-02
1.269128288201112724e-02
1.268746104869053655e-02
1.268368215369957211e-02
1.267988555675435107e-02
1.267614111403086823e-02
1.267244280085431073e-02
1.266873390514325695e-02
1.266503319497612814e-02
1.266134864839617118e-02
1.265768765672058670e-02
1.265404287871854487e-02
1.265041611749937248e-02
1.264682446682569017e-02
1.264322241249740339e-02
1.263967027996978389e-02
1.263612123133152874e-02
1.263259058585671120e-02
1.262912953897084301e-02
1.262564327717519315e-02
1.262222598431126525e-02
1.261880331789533814e-02
1.261542073488593901e-02
1.261204478474298868e-02
1.260872002287035179e-02
1.260539089632831469e-02
1.260211770910656115e-02
1.259892032402846161e-02
1.259576891108298187e-02
1.259258662346788953e-02
1.258946181354016550e-02
1.258634987580957432e-02
1.258331196573409493e-02
1.258030221850904053e-02
1.257731145401828204e-02
1.257435430463710313e-02
1.257140741580661109e-02
1.256848276532447628e-02
1.256557140919602363e-02
1.256268492452795697e-02
1.255980297625398923e-02
1.255694833220695993e-02
1.255410413474570760e-02
1.255126787239652965e-02
1.254842788934556856e-02
1.254562306692646664e-02
1.254278498000237566e-02
1.253997844033629544e-02
1.253725594559935985e-02
1.253448221966093658e-02
1.253176428993888272e-02
1.252902147444604972e-02
1.252633139274580976e-02
1.252362170580924652e-02
1.252094100457062063e-02
1.251826828137524161e-02
1.251562671190210863e-02
1.251298597243168109e-02
1.251035494256187187e-02
1.250773909601741833e-02
1.250513367459315725e-02
1.250254772961169498e-02
1.249996415300002293e-02
1.249737498102528391e-02
1.249482199287539272e-02
1.249231695169214680e-02
1.248982706521347373e-02
1.248732250342834277e-02
1.248483905662583528e-02
1.248239305296262695e-02
1.247995693062473391e-02
1.247753804515337392e-02
1.247511218336617121e-02
1.247272785033503271e-02
1.247033574676132371e-02
1.246797670019192568e-02
1.246560403728503609e-02
1.246328301342579381e-02
1.246095359652194846e-02
1.245865464644155783e-02
1.245640246987570962e-02
1.245415722669453336e-02
1.245191438050392840e-02
1.244968928635395086e-02
1.244748014113527569e-02
1.244529716962261036e-02
1.244313459757299609e-02
1.244097036551797091e-02
1.243881966393808533e-02
1.243671915605630736e-02
1.243462291982638454e-02
1.243250382990127370e-02
1.243043387470529892e-02
1.242838967105878642e-02
1.242632795149310569e-02
1.242429807254846232e-02
1.242230483536119548e-02
1.242030147357195760e-02
1.241834034174797013e-02
1.241637714922760871e-02
1.241443242426744885e-02
1.241251817328594027e-02
1.241060648386450513e-02
1.240870415343909607e-02
1.240684149857405709e-02
1.240494558635922388e-02
1.240308234476813522e-02
1.240120520778692156e-02
1.239935160424449068e-02
1.239749794346049587e-02
1.239563930981546144e-02
1.239380259253497311e-02
1.239196822215868875e-02
1.239016568524824516e-02
1.238838142270771644e-02
1.238659439826163278e-02
1.238487496894969189e-02
1.238312649669824801e-02
1.238140283151042964e-02
1.237967457268694671e-02
1.237797665904859061e-02
1.237624144537484948e-02
1.237454637950439855e-02
1.237283333978225069e-02
1.237116058381211234e-02
1.236946585423586049e-02
1.236778640100250938e-02
1.236613492458449662e-02
1.236449127595062175e-02
1.236284559524115576e-02
1.236119537098239775e-02
1.235956651213811382e-02
1.235796589485141025e-02
1.235636090574011164e-02
1.235478763561151903e-02
1.235318560875125517e-02
1.235159225398822606e-02
1.235000745683930042e-02
1.234845150228439624e-02
1.234687507671448567e-02
1.234533479203824870e-02
1.234379437141329243e-02
1.234225116026200011e-02
1.234072982254407792e-02
1.233921068147124898e-02
1.233771281995054564e-02
1.233620743831912239e-02
1.233474852252882357e-02
1.233328786802596194e-02
1.233182171117757492e-02
1.233035066733050023e-02
1.232890982556463823e-02
1.232744576518860283e-02
1.232601675811649186e-02
1.232457527953820936e-02
1.232317693247983632e-02
1.232176638581273034e-02
1.232036383865446096e-02
1.231895500923433154e-02
1.231759507842188073e-02
1.231619980094248064e-02
1.231484746179270680e-02
1.231346595806510381e-02
1.231211018442137511e-02
1.231074322005151246e-02
1.230938665933625428e-02
1.230805975690733162e-02
1.230673468620851682e-02
1.230539713684833565e-02
1.230408639800658656e-02
1.230277793451708089e-02
1.230147981744061404e-02
1.230020308724421099e-02
1.229891524502882416e-02
1.229764030363135474e-02
1.229639470569160800e-02
1.229513006777600143e-02
1.229387898180112418e-02
1.229263631033643452e-02
1.229142994433492231e-02
1.229018800985539478e-02
1.228897987652053519e-02
1.228776559687253661e-02
1.228656067622056411e-02
1.228534450044569369e-02
1.228414319316756959e-02
1.228294899815400923e-02
1.228173292970707528e-02
1.228054916696890049e-02
1.227935168772049598e-02
1.227814467059617186e-02
1.227696560882159810e-02
1.227575427711424284e-02
1.227457325481603675e-02
1.227338220093340641e-02
1.227219596965270151e-02
1.227100695500085541e-02
1.226984736966908220e-02
1.226867823215099795e-02
1.226753051728895517e-02
1.226640330206270162e-02
1.226528215444243515e-02
1.226413066879223843e-02
1.226301468006809822e-02
1.226188318603479467e-02
1.226077506087077176e-02
1.225966474621685391e-02
1.225854621024303169e-02
1.225743664688466565e-02
1.225634345461414955e-02
1.225524255619782343e-02
1.225415900197596684e-02
1.225307286472844884e-02
1.225200359227728714e-02
1.225092299315127045e-02
1.224987489292429961e-02
1.224881949439767317e-02
1.224779135716681268e-02
1.224678561569861150e-02
1.224577071557986750e-02
1.224477169284046534e-02
1.224380748012833184e-02
1.224281423878708676e-02
1.224185049116267680e-02
1.224087819307935823e-02
1.223992617997595768e-02
1.223897431713166957e-02
1.223802183894054721e-02
1.223709607825031187e-02
1.223615777450194619e-02
1.223521740290201346e-02
1.223431322228212687e-02
1.223337820992380191e-02
1.223244331920380311e-02
1.223152340430848709e-02
1.223062413930807099e-02
1.222970627079873578e-02
1.222881242228149486e-02
1.222795129447436582e-02
1.222705675190313875e-02
1.222620744447936933e-02
1.222534445632134786e-02
1.222449333147786199e-02
1.222364927596776389e-02
1.222283532952133517e-02
1.222197134679110612e-02
1.222113821726490170e-02
1.222031167051877698e-02
1.221947867694129185e-02
1.221868051485666164e-02
1.221786965229959554e-02
1.221706180207993500e-02
1.221627070217349773e-02
1.221546642239651134e-02
1.221468547571282794e-02
1.221390471506423464e-02
1.221311901017538455e-02
1.221232850415019527e-02
1.221158367689459921e-02
1.221080453332024258e-02
1.221006010675560784e-02
1.220931376975371158e-02
1.220857713519723706e-02
1.220781741797931017e-02
1.220704965116617587e-02
1.220631909852607985e-02
1.220556725202346510e-02
1.220483803024977401e-02
1.220412175938037115e-02
1.220341647173642761e-02
1.220268667039188168e-02
1.220198897441061685e-02
1.220130830064001214e-02
1.220060945267223244e-02
1.219991769550343025e-02
1.219924786900956556e-02
1.219857686190840319e-02
1.219789368381929071e-02
1.219722866561696352e-02
1.219657297063468301e-02
1.219590987718000875e-02
1.219525135589541107e-02
1.219460685163926451e-02
1.219395824745595977e-02
1.219335950783175838e-02
1.219272116419914398e-02
1.219212613812152915e-02
1.219152437184952906e-02
1.219091859866791583e-02
1.219030895452540876e-02
1.218967953342187972e-02
1.218908306199472519e-02
1.218848267667550431e-02
1.218789138561006402e-02
1.218727153100323743e-02
1.218668458314161283e-02
1.218611009963096320e-02
1.218550578610928109e-02
1.218494073314661634e-02
1.218438471004097169e-02
1.218380290676508368e-02
1.218324017208583659e-02
1.218269433082372864e-02
1.218211943231172802e-02
1.218158024538165685e-02
1.218103825361485648e-02
1.218046735485727242e-02
1.217991894487989446e-02
1.217937190870009914e-02
1.217884283921680244e-02
1.217829848623540843e-02
1.217777150606926678e-02
1.217725668258068557e-02
1.217674470686000952e-02
1.217621462849411383e-02
1.217571587557516113e-02
1.217520618951711993e-02
1.217470875315418248e-02
1.217421681913676869e-02
1.217370653204228638e-02
1.217321660147967916e-02
1.217272941851223547e-02
1.217223926613856221e-02
1.217174248805363325e-02
1.217123270897804699e-02
1.217072654327630912e-02
1.217022105016297116e-02
1.216973629280688335e-02
1.216925753150482382e-02
1.216876338653192710e-02
1.216828551962933526e-02
1.216781072946091120e-02
1.216732632270941389e-02
1.216685774325089106e-02
1.216636236758432757e-02
1.216591224137561315e-02
1.216542379193852504e-02
1.216495188531398382e-02
1.216448106627919350e-02
1.216399406934683992e-02
1.216355023971037522e-02
1.216309894004956142e-02
1.216267088046450555e-02
1.216221100887919515e-02
1.216179484838465254e-02
1.216138714533147175e-02
1.216097245880725167e-02
1.216056417618321603e-02
1.216018874306281673e-02
1.215979303927289083e-02
1.215942491160734024e-02
1.215904309605234275e-02
1.215866580258105102e-02
1.215830573166590267e-02
1.215794246953345349e-02
1.215756639244543885e-02
1.215718932078521490e-02
1.215683661256648090e-02
1.215648566452589945e-02
1.215614158547322597e-02
1.215581311905765405e-02
1.215546969828298907e-02
1.215514279885528300e-02
1.215481982047484331e-02
1.215448907870702623e-02
1.215416112746554693e-02
1.215383030699057794e-02
1.215347875791355364e-02
1.215312466874204217e-02
1.215281476290421513e-02
1.215250812699084255e-02
1.215220180590608108e-02
1.215189688008448850e-02
1.215161672555054376e-02
1.215131276568037592e-02
1.215104026005067554e-02
1.215072347091454910e-02
1.215046869585988815e-02
1.215020054774439140e-02
