1.307526875620318094e-02
1.307050070546180928e-02
1.306575707110284659e-02
1.306102609441484215e-02
1.305629663311572847e-02
1.305158118274269211e-02
1.304685875259117486e-02
1.304214160222149504e-02
1.303746555195956121e-02
1.303274837911589344e-02
1.302805537383548359e-02
1.302336718762016343e-02
1.301870811645597717e-02
1.301401527009876657e-02
1.300935127071012332e-02
1.300468506244954053e-02
1.300004329786121071e-02
1.299533529922040041e-02
1.299069333076089371e-02
1.298605120819404379e-02
1.298137543243581792e-02
1.297670785647255312e-02
1.297206042201816747e-02
1.296743470385709231e-02
1.296279745172444590e-02
1.295815617353742073e-02
1.295353365952488581e-02
1.294890026007585425e-02
1.294431729065005643e-02
1.293971681880365203e-02
1.293509409770937299e-02
1.293049713019977370e-02
1.292590101509642590e-02
1.292130673964950183e-02
1.291671264399448134e-02
1.291212357930214723e-02
1.290754319920079524e-02
1.290296444685827028e-02
1.289839407410260826e-02
1.289385581828073057e-02
1.288926128598823391e-02
1.288472385046690941e-02
1.288019622805180835e-02
1.287563108370886819e-02
1.287108726557502185e-02
1.286656425193269566e-02
1.286204060901871213e-02
1.285753661318587981e-02
1.285301659821563337e-02
1.284850029947979221e-02
1.284402183730761794e-02
1.283952877025397281e-02
1.283503354569750371e-02
1.283055490373342759e-02
1.282606339380607668e-02
1.282155711686348669e-02
1.281709672056689613e-02
1.281262962862724127e-02
1.280816716311849145e-02
1.280370860968889704e-02
1.279924182114807601e-02
1.279478881237231663e-02
1.279034947901810590e-02
1.278590815029483942e-02
1.278148308310699845e-02
1.277705287258652962e-02
1.277263828951397465e-02
1.276822509982866033e-02
1.276380961940187971e-02
1.275941447793401719e-02
1.275500947520138463e-02
1.275061049068161589e-02
1.274617267592686315e-02
1.274177554230051385e-02
1.273738791517098345e-02
1.273297481217105197e-02
1.272858470969229910e-02
1.272421000671101338e-02
1.271982023331565299e-02
1.271547331460437004e-02
1.271110100670806362e-02
1.270674058915656490e-02
1.270238056329456647e-02
1.269805461441914085e-02
1.269372248038122888e-02
1.268937265770967056e-02
1.268505680607588670e-02
1.268076756524888840e-02
1.267644044130496021e-02
1.267216241339256567e-02
1.266788476753796279e-02
1.266363576959660640e-02
1.265936641182762931e-02
1.265514107096895290e-02
1.265089897254183596e-02
1.264672903487882617e-02
1.264252825166762607e-02
1.263835658350755987e-02
1.263421046987685259e-02
1.263009199282994453e-02
1.262597852748230561e-02
1.262188120487901105e-02
1.261782740315300390e-02
1.261379037344299847e-02
1.260978518776835477e-02
1.260579918845811456e-02
1.260186649263097050e-02
1.259796188768323201e-02
1.259407456523207840e-02
1.259020259251455824e-02
1.258634344120705337e-02
1.258256492014646864e-02
1.257883232146928681e-02
1.257511345921447782e-02
1.257143785617552585e-02
1.256786046767362393e-02
1.256431672273139108e-02
1.256079038068210266e-02
1.255732541027751448e-02
1.255389360987356658e-02
1.255051145290328116e-02
1.254720577009746547e-02
1.254392935484484502e-02
1.254072993868483692e-02
1.253756004852888371e-02
1.253441452178093857e-02
1.253133676052721121e-02
1.252828541584080115e-02
1.252524234479245567e-02
1.252225109233873028e-02
1.251931914713340192e-02
1.251638389183073324e-02
1.251344698790053493e-02
1.251059038352858067e-02
1.250774942265738682e-02
1.250492377941413158e-02
1.250212480637320246e-02
1.249934700382873513e-02
1.249657801429803622e-02
1.249387390556469871e-02
1.249114267714928131e-02
1.248844481136868363e-02
1.248577594505871288e-02
1.248314474194164685e-02
1.248051692597559187e-02
1.247790037589854156e-02
1.247533221713297870e-02
1.247277749620680741e-02
1.247023488715475088e-02
1.246775129961038946e-02
1.246529749652094086e-02
1.246285146140482976e-02
1.246041840983250215e-02
1.245802133911456770e-02
1.245567153600873368e-02
1.245330911375877418e-02
1.245099157045707547e-02
1.244869876138418423e-02
1.244641981555116676e-02
1.244418463299344461e-02
1.244195278300704900e-02
1.243974171503818733e-02
1.243757061866182859e-02
1.243543454478481490e-02
1.243327801155252182e-02
1.243119357808350998e-02
1.242913941386543375e-02
1.242709567757767537e-02
1.242508920958275073e-02
1.242311068478102812e-02
1.242115328713308021e-02
1.241920552119416682e-02
1.241731773993385440e-02
1.241543291560821480e-02
1.241358781887178658e-02
1.241172865662959132e-02
1.240993685534983425e-02
1.240813021481702166e-02
1.240635463172999782e-02
1.240460704641586052e-02
1.240287741139679996e-02
1.240117652542392819e-02
1.239949157511366189e-02
1.239780085219911038e-02
1.239617418014965673e-02
1.239456686623008341e-02
1.239299173185040223e-02
1.239143590423148755e-02
1.238989169887481055e-02
1.238839255867943412e-02
1.238689365767149837e-02
1.238545619573022671e-02
1.238400270341454869e-02
1.238258897400434412e-02
1.238118952360278691e-02
1.237979968083099611e-02
1.237846914691288595e-02
1.237716152040943540e-02
1.237583554389498457e-02
1.237453739980908136e-02
1.237327959653119515e-02
1.237203436102831886e-02
1.237084568452619278e-02
1.236964414327136434e-02
1.236847848013269795e-02
1.236731030311797458e-02
1.236621665626777902e-02
1.236511125873255949e-02
1.236401409951913555e-02
1.236296436844629663e-02
1.236190404249351733e-02
1.236089188632291669e-02
1.235986892176949188e-02
1.235889780149524407e-02
1.235794270838483540e-02
1.235701637555761123e-02
1.235610947470336916e-02
1.235523271307199106e-02
1.235436908427588361e-02
1.235353391557469580e-02
1.235271691869789350e-02
1.235190384192666815e-02
1.235111518314313712e-02
1.235035174980557426e-02
1.234960605807605867e-02
1.234886629305816975e-02
1.234813989043128703e-02
1.234744215979692063e-02
1.234675127891296693e-02
1.234608702007279103e-02
1.234542604725068042e-02
1.234480134423423560e-02
1.234416578788699072e-02
1.234355877992533192e-02
1.234294892258308400e-02
1.234238149612971319e-02
1.234178975924273350e-02
1.234123770018113152e-02
1.234069782041560814e-02
1.234018732699435593e-02
1.233964798981510881e-02
1.233916030588614286e-02
1.233867387889520453e-02
1.233821236431969365e-02
1.233775860648052627e-02
1.233733591090300369e-02
1.233689344784796686e-02
1.233648465082658532e-02
1.233605827112035577e-02
1.233566733770866813e-02
1.233529486828320414e-02
1.233490825790358944e-02
1.233456063668215801e-02
1.233422907473026055e-02
1.233391191218337520e-02
1.233358042567986486e-02
1.233327047888833211e-02
1.233297822875687073e-02
1.233267411717572926e-02
1.233239616531633248e-02
1.233213936950583803e-02
1.233188139381098496e-02
1.233162782622830057e-02
1.233138285976178791e-02
1.233115716473977275e-02
1.233091828551337137e-02
1.233067401092462385e-02
1.233047232775323979e-02
1.233024894915724784e-02
1.233006395934290941e-02
1.232989266581882223e-02
1.232969179331628098e-02
1.232955452380436745e-02
1.232938831582265117e-02
1.232921899198306283e-02
1.232906608860209578e-02
1.232892635016209944e-02
1.232878038642749516e-02
1.232862270571884709e-02
1.232849955950295062e-02
1.232838717672190589e-02
1.232827510857668722e-02
1.232818886464868285e-02
1.232810545725899001e-02
1.232802508867349850e-02
1.232794960175920447e-02
1.232789332207801652e-02
1.232782991332685360e-02
1.232778821123729253e-02
1.232773822266738928e-02
1.232769217988762163e-02
1.232767320702610366e-02
1.232765063832654343e-02
1.232762766027935102e-02
1.232762761212080616e-02
1.232762594101928857e-02
1.232764174986438789e-02
1.232764374523344364e-02
1.232767439172631485e-02
1.232772020013449613e-02
1.232774372076796479e-02
1.232779294522228473e-02
1.232785331998509891e-02
1.232787775242035616e-02
1.232796152420970875e-02
1.232802749339018816e-02
1.232811770397703073e-02
1.232818410176856477e-02
1.232829066057621221e-02
1.232842461838550181e-02
1.232852184888294858e-02
1.232864066564563071e-02
1.232879234258897963e-02
1.232894398742663197e-02
1.232908584163204709e-02
1.232923743028472956e-02
1.232941086044293810e-02
1.232958568398838731e-02
1.232976610034621813e-02
1.232995167608952336e-02
1.233016821938266727e-02
1.233036559718011377e-02
1.233056582275286403e-02
1.233081803708042760e-02
1.233101622394143157e-02
1.233123561179931202e-02
1.233146158935145842e-02
1.233169815375712193e-02
1.233194075242849581e-02
1.233219268101535919e-02
1.233244130913659087e-02
1.233270876724899129e-02
1.233297570203853270e-02
1.233323555431136385e-02
1.233351608746878145e-02
1.233377358960460572e-02
1.233404350059224067e-02
1.233434073192255995e-02
1.233459876380238289e-02
1.233484135605261711e-02
1.233514335026305621e-02
1.233539606543948910e-02
1.233567226593312513e-02
1.233591938829717814e-02
1.233620065185919885e-02
1.233646725756534779e-02
1.233674907976649304e-02
1.233703079441355287e-02
1.233732526304866239e-02
1.233759316582496227e-02
1.233787242438621860e-02
1.233818376135442305e-02
1.233850590349488095e-02
1.233878528726835462e-02
1.233909650384019431e-02
1.233940196867645486e-02
1.233973280985545956e-02
1.234003612039946685e-02
1.234036596309130013e-02
1.234067413925365488e-02
1.234099147035544984e-02
1.234132276743534797e-02
1.234164731108192657e-02
1.234196628278482789e-02
1.234230049987784968e-02
1.234263283397175372e-02
1.234295302087527919e-02
1.234328250879916308e-02
1.234359991213877621e-02
1.234392673528982715e-02
1.234424047055358159e-02
1.234454977362589231e-02
1.234488320573462819e-02
1.234520707676685890e-02
1.234552629247305522e-02
1.234586597716624129e-02
1.234620723343328452e-02
1.234650869789972495e-02
1.234683537657513958e-02
1.234717581735748394e-02
1.234751146154872831e-02
1.234784812027999064e-02
1.234816089718869699e-02
1.234846607949482630e-02
1.234879370047244247e-02
1.234910672780558175e-02
1.234941258754191327e-02
1.234972703555213547e-02
1.235002930266099717e-02
1.235034430609977321e-02
1.235066320717014172e-02
1.235097267077093705e-02
1.235128488582994816e-02
1.235157928062195591e-02
1.235189738707632816e-02
1.235220011971779192e-02
1.235253098658135353e-02
1.235283840344397928e-02
1.235315726919808052e-02
1.235347632758636294e-02
1.235382135948334854e-02
1.235414437168818984e-02
1.235445547107423894e-02
1.235480075660622817e-02
1.235510217291412374e-02
1.235544582587143336e-02
1.235577609075317988e-02
1.235609797604806347e-02
1.235644256809700393e-02
1.235676046425906137e-02
1.235711941237032166e-02
1.235745330198523631e-02
1.235780690770854964e-02
1.235811527971565453e-02
1.235849084252500438e-02
1.235884110765056616e-02
1.235918363690848704e-02
1.235953871146742988e-02
1.235989654711629540e-02
1.236022661294272282e-02
1.236055359180640231e-02
1.236090568053554301e-02
1.236123255666099312e-02
1.236158651715225584e-02
1.236191854463675709e-02
1.236225064435907475e-02
1.236259600212888388e-02
1.236292283651692879e-02
1.236327031567065193e-02
1.236361724501431822e-02
1.236395243972580708e-02
1.236431608730843498e-02
1.236467038169894450e-02
1.236501857600706342e-02
1.236538203416608084e-02
1.236573112502578273e-02
1.236607891399948110e-02
1.236644449193712719e-02
1.236678449527935271e-02
1.236712601401046725e-02
1.236746652703062978e-02
1.236781037101683522e-02
1.236815481136635704e-02
1.236848937439826226e-02
1.236881120671874668e-02
1.236915924290630901e-02
1.236947737905845154e-02
1.236979203896627390e-02
1.237012360252345497e-02
1.237042871981554847e-02
1.237075232035728285e-02
1.237104301737566338e-02
1.237135362153133841e-02
1.237164900919201886e-02
1.237195324036688068e-02
1.237227107472547126e-02
1.237259757280634309e-02
1.237290257933378219e-02
1.237322288823895430e-02
1.237351160353319934e-02
1.237382004296226808e-02
1.237411553015060894e-02
1.237443136352164852e-02
1.237470357568510107e-02
1.237499785008074407e-02
1.237528592165576882e-02
1.237557873604485173e-02
1.237583692042673426e-02
1.237610339851273958e-02
1.237636993759956908e-02
1.237665363477340533e-02
1.237690799376151528e-02
1.237720105616710482e-02
1.237746075513523371e-02
1.237771722828347708e-02
1.237798011213672549e-02
1.237826361988695126e-02
1.237853720055573023e-02
1.237879483512755417e-02
1.237904457731646597e-02
1.237933417712265734e-02
1.237956899257048812e-02
1.237984751350335900e-02
1.238010007457244870e-02
1.238035775248696319e-02
1.238063462559494711e-02
1.238090914776328322e-02
1.238119313067782140e-02
1.238146514378595311e-02
1.238173492956137073e-02
1.238200285400901761e-02
1.238226678290269694e-02
1.238253246476742238e-02
1.238277698817531920e-02
1.238306209318396078e-02
1.238331993724545686e-02
1.238358076633411242e-02
1.238383462046013968e-02
1.238410339249818026e-02
1.238432746939307702e-02
