1.054460798108101602e-02
1.054775531914825711e-02
1.055092519250451673e-02
1.055410220674613854e-02
1.055729468157697894e-02
1.056051968750530354e-02
1.056373557055904563e-02
1.056699896232377901e-02
1.057022028690388950e-02
1.057352044743079152e-02
1.057683941896732371e-02
1.058018107962958518e-02
1.058349241836104883e-02
1.058684254183108429e-02
1.059017122475705043e-02
1.059354494427387598e-02
1.059699532634678261e-02
1.060036849491353440e-02
1.060377086562294853e-02
1.060723548653540009e-02
1.061068484899291113e-02
1.061415857310315722e-02
1.061765218329119645e-02
1.062117339464684757e-02
1.062470376644185886e-02
1.062824320029229046e-02
1.063180860571450066e-02
1.063540102736706960e-02
1.063899912308986957e-02
1.064261044161441891e-02
1.064626592558474277e-02
1.064992486372581815e-02
1.065358264988037519e-02
1.065728846886401446e-02
1.066098515781787291e-02
1.066473404929113751e-02
1.066847734897892128e-02
1.067221255435151124e-02
1.067599135275421746e-02
1.067979553958024914e-02
1.068357839855654454e-02
1.068740414577617343e-02
1.069120121139363437e-02
1.069505484956630344e-02
1.069888790939599148e-02
1.070279049626279670e-02
1.070668997777464611e-02
1.071062408685633655e-02
1.071451773688364764e-02
1.071847169984474837e-02
1.072240152475298185e-02
1.072635331074577557e-02
1.073034996160473001e-02
1.073433391020242600e-02
1.073832486373676315e-02
1.074235611712237234e-02
1.074637247339042638e-02
1.075043482325677147e-02
1.075446110020373582e-02
1.075852871808295232e-02
1.076262638957312459e-02
1.076672999093177679e-02
1.077089409304810529e-02
1.077507242148238731e-02
1.077929675961415007e-02
1.078351714450026012e-02
1.078777740886989293e-02
1.079201494476021879e-02
1.079631503137180697e-02
1.080062820483642175e-02
1.080494295602170245e-02
1.080923882643419244e-02
1.081356706337466451e-02
1.081791567294624126e-02
1.082222460695737506e-02
1.082660701588488220e-02
1.083100974914592146e-02
1.083544705989043094e-02
1.083990431932069405e-02
1.084436650331443465e-02
1.084889130063739805e-02
1.085335314297054127e-02
1.085784693325271381e-02
1.086239017488152547e-02
1.086691768939007478e-02
1.087148545366352706e-02
1.087603898088623094e-02
1.088064867102918852e-02
1.088523868438382759e-02
1.088984282388368030e-02
1.089450817071679206e-02
1.089917830974225683e-02
1.090391785416651091e-02
1.090868759351683835e-02
1.091350526910110294e-02
1.091834496480029171e-02
1.092322271898568328e-02
1.092813372336573323e-02
1.093302523341495650e-02
1.093797976642836046e-02
1.094292650385599378e-02
1.094791149653771140e-02
1.095293666206597662e-02
1.095800877641116451e-02
1.096315821337924198e-02
1.096837671229671483e-02
1.097368162451327692e-02
1.097902416232669938e-02
1.098444663440946087e-02
1.098988356356523852e-02
1.099535424735697230e-02
1.100088805070803012e-02
1.100644266852352816e-02
1.101205685692125541e-02
1.101766310662929786e-02
1.102332836881429919e-02
1.102901088933145451e-02
1.103470679364226305e-02
1.104046997825872296e-02
1.104622485211531786e-02
1.105197525755216570e-02
1.105778607072914477e-02
1.106356785527696021e-02
1.106943484747338440e-02
1.107531392479543277e-02
1.108123877748230096e-02
1.108717168334198699e-02
1.109316429931021981e-02
1.109923925011596646e-02
1.110528055719128826e-02
1.111134482171217963e-02
1.111742680249775198e-02
1.112357948377254435e-02
1.112978655169024472e-02
1.113599276456205336e-02
1.114223763695650592e-02
1.114857787022233843e-02
1.115490826867161084e-02
1.116131805044014852e-02
1.116772552465805646e-02
1.117415860374396108e-02
1.118064603369679257e-02
1.118715021754047856e-02
1.119369486401613871e-02
1.120032180239813845e-02
1.120694997862900152e-02
1.121365039729377115e-02
1.122034776426755233e-02
1.122704218687828152e-02
1.123384656338212439e-02
1.124062958878184471e-02
1.124746223546410281e-02
1.125428495073465748e-02
1.126120226842584199e-02
1.126817538233349479e-02
1.127517798280284166e-02
1.128225795598144718e-02
1.128935527693215174e-02
1.129647638175353477e-02
1.130371579415907247e-02
1.131093730426483909e-02
1.131819077663002819e-02
1.132543553038919439e-02
1.133276774210602994e-02
1.134006544789135582e-02
1.134741835243430544e-02
1.135478190390853438e-02
1.136223460196663163e-02
1.136969665544317401e-02
1.137716868326259234e-02
1.138471515016101394e-02
1.139225315604045809e-02
1.139985949046173203e-02
1.140749367648247019e-02
1.141510934843419957e-02
1.142282390161361745e-02
1.143054531304816407e-02
1.143829368168270376e-02
1.144605321242261539e-02
1.145387705763954017e-02
1.146173235709698965e-02
1.146967527192641577e-02
1.147762958856027304e-02
1.148564645591538917e-02
1.149372136264084458e-02
1.150178282475348285e-02
1.150991808197750384e-02
1.151811697393494149e-02
1.152629709781392321e-02
1.153454034482982553e-02
1.154276746045690590e-02
1.155110707722678716e-02
1.155943243726913379e-02
1.156783322380749469e-02
1.157621435860072510e-02
1.158466640853904675e-02
1.159316729984357155e-02
1.160170694368828359e-02
1.161028298959138408e-02
1.161890134416696148e-02
1.162760951791481055e-02
1.163632024606753995e-02
1.164509079523435263e-02
1.165393946125078094e-02
1.166279713208106389e-02
1.167171071361094818e-02
1.168067612022366183e-02
1.168966809050060209e-02
1.169868749022045726e-02
1.170772804069895347e-02
1.171685905789493325e-02
1.172606468231701497e-02
1.173525045822608297e-02
1.174450674858928088e-02
1.175380745483010740e-02
1.176312667871753925e-02
1.177246747552016144e-02
1.178189219561375303e-02
1.179130554967889460e-02
1.180075963827344893e-02
1.181028189799552576e-02
1.181981709788911851e-02
1.182936363876797847e-02
1.183897409701048682e-02
1.184859490166605134e-02
1.185824663823285136e-02
1.186796838839007835e-02
1.187764605538628102e-02
1.188739893064502846e-02
1.189723099961035452e-02
1.190703890547962530e-02
1.191692599790027986e-02
1.192683113572461963e-02
1.193677100486913861e-02
1.194678425054608757e-02
1.195686213626145737e-02
1.196694012214956707e-02
1.197706335749561084e-02
1.198721298835878080e-02
1.199743278307149018e-02
1.200772184007907473e-02
1.201799633626330494e-02
1.202839071775235226e-02
1.203879117400259192e-02
1.204924730483097547e-02
1.205968830957553951e-02
1.207025445869379897e-02
1.208072645974635900e-02
1.209119320173004074e-02
1.210177670935319236e-02
1.211234190683041674e-02
1.212295844283715722e-02
1.213360702696567039e-02
1.214427113786896266e-02
1.215496883526111412e-02
1.216564128196745767e-02
1.217635218785096535e-02
1.218712727584036516e-02
1.219793756023766773e-02
1.220881273510524001e-02
1.221965448805345522e-02
1.223054215589280957e-02
1.224150728588137109e-02
1.225245962237992738e-02
1.226349997494142335e-02
1.227456371068263649e-02
1.228558277653677214e-02
1.229669685623529206e-02
1.230784416466288236e-02
1.231907873070266397e-02
1.233026322468257392e-02
1.234151683069825006e-02
1.235284798472548011e-02
1.236425652219476368e-02
1.237566340681382944e-02
1.238710412119840669e-02
1.239863464044486246e-02
1.241018685424483646e-02
1.242176771029340591e-02
1.243341146051262988e-02
1.244506863387908301e-02
1.245674363083815357e-02
1.246847096805414785e-02
1.248010189616258377e-02
1.249176211764242879e-02
1.250347523748446439e-02
1.251526166230697290e-02
1.252701217520200624e-02
1.253887389414940975e-02
1.255078129186648975e-02
1.256272909497397998e-02
1.257471679545298093e-02
1.258672066667437979e-02
1.259881007826098819e-02
1.261091341385852868e-02
1.262308244130826498e-02
1.263522741298988422e-02
1.264740792452880187e-02
1.265961066010572351e-02
1.267190651340015586e-02
1.268416881598170842e-02
1.269644088540546403e-02
1.270874373648134097e-02
1.272111203613275621e-02
1.273357904886476127e-02
1.274597274230590029e-02
1.275845739975062926e-02
1.277097267427797743e-02
1.278360622419109915e-02
1.279617711605502556e-02
1.280885145773912569e-02
1.282153304763652447e-02
1.283426151837648542e-02
1.284701382307349565e-02
1.285984300319366162e-02
1.287268441869856075e-02
1.288562169951613934e-02
1.289851898994466388e-02
1.291142587549069104e-02
1.292446126119721830e-02
1.293744110111912787e-02
1.295054683671028641e-02
1.296361324734559249e-02
1.297673125409746532e-02
1.298992247996746084e-02
1.300312549760005744e-02
1.301640002425899327e-02
1.302969354796265113e-02
1.304296323770925969e-02
1.305634036987527238e-02
1.306971155607361719e-02
1.308315068801081671e-02
1.309662630429115487e-02
1.311005650654405857e-02
1.312365170045579586e-02
1.313724450453215148e-02
1.315086845517561553e-02
1.316458269723426618e-02
1.317819224446868144e-02
1.319192562667596998e-02
1.320572719074357242e-02
1.321952662971803867e-02
1.323334341288700568e-02
1.324718803692264205e-02
1.326111427312101979e-02
1.327500831093851585e-02
1.328895282866203974e-02
1.330300342216257994e-02
1.331700583973012553e-02
1.333110112458332948e-02
1.334520759300749336e-02
1.335931961386356039e-02
1.337354120223217119e-02
1.338775279479231632e-02
1.340203564594695182e-02
1.341629619435642969e-02
1.343065152764402748e-02
1.344496554683135767e-02
1.345939822062983300e-02
1.347385241010193475e-02
1.348830659241884167e-02
1.350287960107159242e-02
1.351737227118644628e-02
1.353199057938350193e-02
1.354658321473819864e-02
1.356130153826146968e-02
1.357598813564677744e-02
1.359067871132092244e-02
1.360546677653718187e-02
1.362024023084371788e-02
1.363508786306460822e-02
1.364997615110776115e-02
1.366482102142309307e-02
1.367970734894260847e-02
1.369462171051907817e-02
1.370959836522976302e-02
1.372450590074948684e-02
1.373955069438931136e-02
1.375463687368136401e-02
1.376965808379599157e-02
1.378487304945637607e-02
1.380000386285952681e-02
1.381522204835799843e-02
1.383039757457940090e-02
1.384565179364367730e-02
1.386095682175298750e-02
1.387628750839426175e-02
1.389172659625117004e-02
1.390707731028535329e-02
1.392244341514559808e-02
1.393791193232263304e-02
1.395345752526830525e-02
1.396900675305341906e-02
1.398455836351871623e-02
1.400010721207845497e-02
1.401570261949694821e-02
1.403139437878143242e-02
1.404708889281628195e-02
1.406281851024148745e-02
1.407849848491856716e-02
1.409425580726172272e-02
1.411002312541334396e-02
1.412581697503081067e-02
1.414169815381242576e-02
1.415755687243457593e-02
1.417346485457947509e-02
1.418937813156923196e-02
1.420535116875390469e-02
1.422134906308861711e-02
1.423729974028656656e-02
1.425334297709675811e-02
1.426941250925133596e-02
1.428551140632927825e-02
1.430165705545626172e-02
1.431780759158194326e-02
1.433400490837744880e-02
1.435022479981554883e-02
1.436650543886558093e-02
1.438278712972938800e-02
1.439911915024011217e-02
1.441546938787921853e-02
1.443188691297917284e-02
1.444828246447297376e-02
1.446474179022650894e-02
1.448119341698941506e-02
1.449768210766631468e-02
1.451417567818671581e-02
1.453074474317749172e-02
1.454731637688354284e-02
1.456387601848151483e-02
1.458056234282026700e-02
1.459719616948778990e-02
1.461385745064141227e-02
1.463053120330123046e-02
1.464734436063987351e-02
1.466409641260680088e-02
1.468093805477973211e-02
1.469789102464336139e-02
1.471474435840615033e-02
1.473165015406418914e-02
1.474853854113096670e-02
1.476552580584783274e-02
1.478250280285879625e-02
1.479949338043129448e-02
1.481654739596932786e-02
1.483354104312080424e-02
1.485057868757095820e-02
1.486775748972289819e-02
1.488484683046235532e-02
1.490201487835508126e-02
1.491919306516018527e-02
1.493642321299683794e-02
1.495369158388919553e-02
1.497090707788494880e-02
1.498828265507525133e-02
1.500553617178122974e-02
1.502292149434814560e-02
1.504023737574029275e-02
1.505769720536057066e-02
1.507500953777562470e-02
1.509248543081036405e-02
1.510997163448218189e-02
1.512741433456383025e-02
1.514489029915052666e-02
1.516241122698732714e-02
1.518000663325670338e-02
1.519767371312192444e-02
1.521523315022225813e-02
1.523292674724293499e-02
1.525060732896253886e-02
1.526836766249398819e-02
1.528607678628944588e-02
1.530384243613133917e-02
1.532163453157673119e-02
1.533944186758907230e-02
1.535723990900213394e-02
1.537510274786792024e-02
1.539297303529248498e-02
1.541086068837713846e-02
1.542865711987115480e-02
1.544653237300157127e-02
1.546443436509850958e-02
1.548235881019971796e-02
1.550028711195143571e-02
1.551826324618675243e-02
1.553623590299693484e-02
1.555422921685725018e-02
1.557221244189155827e-02
1.559024560303701352e-02
1.560826642862499572e-02
1.562636290609765652e-02
1.564439870035514921e-02
1.566262319859020036e-02
1.568075348436278812e-02
1.569901194831207006e-02
1.571709571100187927e-02
1.573539150360739672e-02
1.575361415580193991e-02
1.577190401675018089e-02
1.579018574224085036e-02
