1.468745820476268817e-02
1.467484661189931427e-02
1.466228479891881244e-02
1.464970760730954953e-02
1.463718065469462280e-02
1.462461570338226095e-02
1.461210706225149654e-02
1.459958995324320621e-02
1.458709724135390587e-02
1.457459485441287873e-02
1.456211716638439006e-02
1.454964300195612549e-02
1.453719745494069446e-02
1.452473447934776035e-02
1.451231195853806659e-02
1.449990533486413859e-02
1.448746350247782574e-02
1.447508347034726431e-02
1.446267242571888829e-02
1.445028219360845571e-02
1.443795104561182603e-02
1.442557622102528386e-02
1.441323842714941836e-02
1.440088118685300782e-02
1.438856508358589414e-02
1.437624851639146203e-02
1.436392045856814924e-02
1.435162920671563536e-02
1.433935151630944503e-02
1.432706853809499400e-02
1.431480397410293641e-02
1.430256620392013692e-02
1.429033424807902436e-02
1.427810372896784301e-02
1.426588482248719071e-02
1.425367621069821393e-02
1.424149665295954686e-02
1.422933800566120004e-02
1.421716762694124649e-02
1.420500060326660569e-02
1.419284227381465736e-02
1.418069417644827503e-02
1.416856640359324612e-02
1.415642923821661993e-02
1.414430844514007364e-02
1.413219165403863109e-02
1.412009210209107940e-02
1.410801461959950223e-02
1.409596048758120050e-02
1.408389954433932403e-02
1.407185558340576410e-02
1.405981537241758964e-02
1.404780218639968895e-02
1.403579998695122892e-02
1.402378749281109338e-02
1.401179913091794849e-02
1.399982346522260154e-02
1.398786721865795737e-02
1.397591398521295589e-02
1.396397536628113389e-02
1.395205340539009027e-02
1.394014018366971502e-02
1.392823508790119562e-02
1.391637627249459920e-02
1.390452773733211536e-02
1.389266657018322845e-02
1.388081670584489710e-02
1.386899004589892126e-02
1.385718163964685425e-02
1.384538597775112831e-02
1.383358971868944159e-02
1.382184562977975539e-02
1.381008198689543699e-02
1.379834865339417405e-02
1.378662605443263349e-02
1.377490460164446789e-02
1.376321053501566340e-02
1.375152604230564339e-02
1.373986175210532672e-02
1.372820808246950908e-02
1.371656692923958407e-02
1.370493940166737749e-02
1.369335635172221760e-02
1.368178248079577122e-02
1.367020220959866937e-02
1.365866254729215107e-02
1.364713205116206869e-02
1.363562058568375604e-02
1.362413212554247979e-02
1.361265800541067335e-02
1.360119646750143976e-02
1.358973862495790712e-02
1.357830849926241340e-02
1.356689769316996204e-02
1.355550866597692722e-02
1.354415571435009166e-02
1.353281202842734898e-02
1.352145542477750477e-02
1.351015277956696750e-02
1.349889488969775730e-02
1.348761955198762678e-02
1.347640618148287020e-02
1.346520428073828997e-02
1.345404372731532315e-02
1.344290095081666740e-02
1.343182268911042622e-02
1.342075159179042382e-02
1.340975891424011496e-02
1.339876134699218707e-02
1.338780536785859343e-02
1.337691815431167087e-02
1.336604753619941889e-02
1.335521699241789921e-02
1.334445595265407528e-02
1.333370982919697932e-02
1.332302026955648790e-02
1.331236118945924515e-02
1.330176774143266433e-02
1.329120320940189830e-02
1.328071015588917943e-02
1.327026497999679762e-02
1.325988022542049123e-02
1.324955496912147423e-02
1.323929412327135881e-02
1.322909147220724391e-02
1.321895612110473954e-02
1.320888970574909775e-02
1.319883470396866418e-02
1.318885767889931004e-02
1.317893717269858454e-02
1.316908244304415727e-02
1.315928694518973645e-02
1.314957993384623970e-02
1.313994716532128348e-02
1.313033941837112202e-02
1.312083338387367432e-02
1.311135057463728472e-02
1.310190618789352883e-02
1.309254582015298776e-02
1.308322864741690711e-02
1.307397633460948179e-02
1.306479320957863732e-02
1.305564078722563394e-02
1.304651408153575942e-02
1.303743058369262464e-02
1.302840238470164003e-02
1.301938803289768090e-02
1.301039273100891396e-02
1.300145703013566578e-02
1.299254305518743498e-02
1.298365356083300802e-02
1.297479687368484520e-02
1.296597515285105584e-02
1.295716174418216557e-02
1.294839738820211493e-02
1.293965172736930708e-02
1.293095303556561666e-02
1.292227411926586376e-02
1.291362219422540272e-02
1.290498975734289192e-02
1.289636644168884114e-02
1.288780909200469733e-02
1.287925632540877149e-02
1.287076093811414905e-02
1.286228765238119597e-02
1.285385099122185633e-02
1.284543962614101767e-02
1.283704490144282548e-02
1.282868728611426604e-02
1.282035408074697763e-02
1.281209333472677417e-02
1.280382264236170492e-02
1.279561008859766633e-02
1.278741356520803583e-02
1.277924052553032312e-02
1.277109325549013845e-02
1.276300192962660958e-02
1.275492175888743099e-02
1.274687041424811540e-02
1.273888644983465178e-02
1.273088146100564630e-02
1.272293725789237252e-02
1.271502863110171057e-02
1.270717235104438028e-02
1.269930826288159093e-02
1.269150531520248440e-02
1.268373163026071532e-02
1.267599183127662496e-02
1.266828773864321807e-02
1.266059600188722094e-02
1.265294213701115798e-02
1.264533430688843593e-02
1.263775201363694090e-02
1.263020916062866823e-02
1.262270268016428727e-02
1.261523073740322860e-02
1.260779607738256834e-02
1.260039702257964751e-02
1.259304052066725042e-02
1.258570085979810599e-02
1.257839844795837804e-02
1.257112878392937366e-02
1.256387377936152468e-02
1.255665765479248817e-02
1.254947505659732322e-02
1.254234330901002163e-02
1.253522748424304098e-02
1.252812878786529679e-02
1.252107949412849079e-02
1.251407760284770770e-02
1.250707333253479360e-02
1.250011214325111655e-02
1.249319386323119972e-02
1.248630829891631162e-02
1.247945716314537677e-02
1.247262259712455384e-02
1.246581830517051910e-02
1.245904479776385222e-02
1.245232470460493415e-02
1.244561385949197706e-02
1.243894553034799282e-02
1.243230554411313589e-02
1.242570472522307699e-02
1.241910910906118305e-02
1.241256650743111263e-02
1.240604265392268417e-02
1.239953013854107680e-02
1.239305724479987728e-02
1.238660970813800118e-02
1.238019145989802290e-02
1.237380334445976719e-02
1.236741855196112939e-02
1.236107002284701425e-02
1.235472924244282109e-02
1.234843515174818308e-02
1.234215327406060388e-02
1.233589621568192962e-02
1.232966992740305683e-02
1.232344462316379251e-02
1.231724946296324300e-02
1.231105883929765020e-02
1.230491976774939281e-02
1.229879773308913821e-02
1.229269397299149504e-02
1.228660978934247028e-02
1.228054735248716549e-02
1.227449714148119882e-02
1.226846960833415795e-02
1.226248024886060321e-02
1.225650012459072839e-02
1.225052450475011198e-02
1.224455273919839750e-02
1.223862535977249429e-02
1.223269790489820222e-02
1.222678872458652505e-02
1.222091800368903074e-02
1.221506550437975042e-02
1.220922018872012613e-02
1.220339415895256401e-02
1.219757756023343541e-02
1.219177615714059533e-02
1.218599386175320091e-02
1.218024101852675616e-02
1.217448284254407480e-02
1.216874768955656001e-02
1.216303167798547281e-02
1.215732376507640093e-02
1.215162381598541841e-02
1.214594678715137308e-02
1.214029093202436023e-02
1.213464565090858691e-02
1.212899969557317860e-02
1.212338710126730640e-02
1.211779790880382346e-02
1.211221637997016501e-02
1.210664705772242569e-02
1.210110879934161478e-02
1.209558945924263905e-02
1.209005206771564256e-02
1.208455573295369977e-02
1.207905152426961941e-02
1.207359006271553105e-02
1.206813655534782169e-02
1.206269858071622007e-02
1.205725925443478300e-02
1.205183218931894958e-02
1.204643315889755359e-02
1.204103005265795036e-02
1.203566394823389618e-02
1.203030417023739571e-02
1.202495242348094670e-02
1.201962990896142565e-02
1.201429886235298207e-02
1.200902092338288277e-02
1.200371371364902101e-02
1.199843981036500910e-02
1.199316829092898426e-02
1.198789039048572119e-02
1.198263572814579556e-02
1.197739282451731890e-02
1.197214603770481445e-02
1.196692016133263023e-02
1.196170937142736895e-02
1.195651899432412409e-02
1.195133115036035865e-02
1.194615092668372368e-02
1.194098257248319382e-02
1.193583696837940793e-02
1.193069533896088524e-02
1.192557414963422470e-02
1.192045431195739788e-02
1.191535770114691452e-02
1.191026419174674028e-02
1.190520086812268778e-02
1.190014801898221265e-02
1.189508440480160564e-02
1.189005968025151801e-02
1.188503932368147921e-02
1.188002772233495707e-02
1.187503188970141094e-02
1.187004100616102613e-02
1.186506660086951784e-02
1.186009226621054236e-02
1.185514926350106531e-02
1.185019958280665586e-02
1.184526053872959200e-02
1.184032347557402096e-02
1.183539251731669309e-02
1.183048659347643930e-02
1.182557672063547921e-02
1.182067861292710777e-02
1.181576870316459506e-02
1.181089772155944143e-02
1.180603923549147782e-02
1.180116693915804135e-02
1.179632001114092228e-02
1.179148552568659407e-02
1.178664219671808622e-02
1.178182665844071907e-02
1.177701795065034390e-02
1.177222975518964730e-02
1.176743483037490448e-02
1.176265003009164395e-02
1.175787518578495783e-02
1.175310934070508163e-02
1.174836086320188433e-02
1.174360516994333269e-02
1.173887446454859387e-02
1.173414258408535076e-02
1.172941489181025462e-02
1.172469118866798637e-02
1.171997299165271518e-02
1.171527957381422735e-02
1.171057746656890483e-02
1.170588696392768462e-02
1.170121591573343618e-02
1.169653566925705525e-02
1.169187613577096080e-02
1.168720832864680176e-02
1.168257223874050177e-02
1.167792512694849384e-02
1.167330544626382464e-02
1.166866727911894212e-02
1.166405890927125176e-02
1.165946029634481323e-02
1.165487023798128692e-02
1.165028175119161777e-02
1.164569431425823386e-02
1.164111249421650139e-02
1.163653264064870053e-02
1.163197950223119649e-02
1.162745089898717908e-02
1.162289700287523139e-02
1.161837584012644607e-02
1.161387363900218302e-02
1.160936339700616160e-02
1.160487123372799974e-02
1.160038461670895998e-02
1.159591682004937861e-02
1.159146170192945982e-02
1.158699717684038080e-02
1.158254798061623438e-02
1.157809698807835304e-02
1.157367717498790707e-02
1.156923772123745302e-02
1.156483049036957991e-02
1.156042083873216886e-02
1.155600395047070260e-02
1.155160801438696004e-02
1.154721868565561881e-02
1.154284443054891945e-02
1.153847734303902785e-02
1.153411575041914106e-02
1.152976616693513964e-02
1.152541406636451056e-02
1.152107146586956073e-02
1.151674579631381361e-02
1.151243936930743637e-02
1.150811901806036291e-02
1.150380931306234367e-02
1.149951627814474117e-02
1.149519521254591288e-02
1.149090508239122670e-02
1.148663526952411335e-02
1.148234767732475743e-02
1.147808679626249016e-02
1.147382058164134362e-02
1.146955773249986113e-02
1.146533579725308484e-02
1.146109819763684382e-02
1.145688123716778403e-02
1.145265656892356827e-02
1.144843904339424602e-02
1.144425134726781076e-02
1.144003473193499175e-02
1.143584247198375752e-02
1.143166376786034985e-02
1.142748196232663306e-02
1.142329786123559565e-02
1.141914958849689181e-02
1.141498754883540391e-02
1.141082374416323326e-02
1.140667374173011395e-02
1.140252096375950729e-02
1.139837952471836439e-02
1.139424603906095956e-02
1.139010463613872488e-02
1.138597417885116835e-02
1.138183691836646382e-02
1.137772772307660621e-02
1.137361246141534166e-02
1.136950815582310481e-02
1.136538441103410527e-02
1.136129477533737511e-02
1.135718617560819467e-02
1.135310731137273606e-02
1.134901593554724086e-02
1.134493832102603100e-02
1.134086345234453994e-02
1.133680561734047923e-02
1.133275051292593170e-02
1.132869651696056558e-02
1.132462964901871476e-02
1.132058157414647832e-02
1.131651881573381667e-02
1.131247354128098355e-02
1.130841225892773028e-02
1.130436767715530498e-02
1.130035039806743039e-02
1.129629706508470353e-02
1.129225875034429137e-02
1.128823371532271594e-02
1.128420036733359701e-02
1.128015537460825245e-02
1.127614678171664532e-02
1.127211937970257205e-02
1.126808809209654642e-02
1.126408049207361026e-02
1.126006274183463489e-02
1.125603123751515479e-02
1.125204067357758048e-02
1.124803204617234702e-02
1.124402236329233307e-02
1.124003649882612463e-02
1.123603218642654084e-02
1.123205806782950379e-02
1.122806306126613446e-02
1.122408746901761359e-02
1.122010887328115866e-02
1.121612901819874636e-02
1.121215078766459212e-02
1.120817538965553778e-02
1.120420398559516389e-02
1.120024297735940956e-02
1.119627541635094189e-02
1.119230472985289181e-02
1.118833349755799476e-02
1.118437618308265602e-02
1.118041761407721595e-02
1.117646247556547921e-02
1.117251993613180283e-02
1.116856701692635692e-02
1.116462669519368602e-02
1.116067252226077972e-02
1.115672019941865017e-02
1.115276895211736279e-02
1.114881159349669255e-02
1.114486697602179270e-02
1.114091946903418041e-02
1.113699451870649171e-02
1.113307047375945366e-02
1.112911051216941387e-02
1.112519594241614083e-02
1.112127860996765805e-02
1.111736938501025652e-02
1.111343515533355295e-02
1.110952055267193893e-02
1.110561194173598915e-02
1.110169984572665150e-02
1.109780307938489086e-02
