3.107905707000498726e-03
3.141702828336152397e-03
3.176137959309986800e-03
3.211239602819668162e-03
3.246993953189799761e-03
3.283414540876151283e-03
3.320539414436297302e-03
3.358382655808489145e-03
3.396944001111323538e-03
3.436258332325546182e-03
3.476289206309381066e-03
3.517034333235526024e-03
3.558527736399489695e-03
3.600769002738477172e-03
3.643751067302879610e-03
3.687474837150701672e-03
3.731959358084141736e-03
3.777213152440253314e-03
3.823249417583560530e-03
3.870080067435434975e-03
3.917723995926256086e-03
3.966141752566728837e-03
4.015359438115646655e-03
4.065382143298792300e-03
4.116195676007705119e-03
4.167804517394440439e-03
4.220211080826282053e-03
4.273399775996699831e-03
4.327349672432432084e-03
4.382017349398585788e-03
4.437357665605208383e-03
4.493391377196922359e-03
4.550188879616700807e-03
4.607784196599304730e-03
4.666169501804488980e-03
4.725438153463561511e-03
4.785599827777012490e-03
4.846696515545617645e-03
4.908743313410135652e-03
4.971740932082358878e-03
5.035611303078457029e-03
5.100429539147001423e-03
5.166313075528462459e-03
5.233267957775421253e-03
5.301342424682082589e-03
5.370490408353720095e-03
5.440312259472878179e-03
5.510628568555099756e-03
5.580598182058683215e-03
5.649240318698636742e-03
5.714771295250666364e-03
5.776210069623152234e-03
5.830281326082236391e-03
5.874936936878463571e-03
5.910635191750760256e-03
5.939686391375456793e-03
5.964746287712818784e-03
5.988503976548717814e-03
6.012163389493313526e-03
6.035848721894916148e-03
6.059553380671743768e-03
6.083301737242463418e-03
6.107070731688860575e-03
6.130923242347967143e-03
6.154783355932125395e-03
6.178593938988021471e-03
6.202387351743372454e-03
6.226238099679102904e-03
6.250183290033028277e-03
6.274087967618528078e-03
6.298115432635792606e-03
6.322290128321396419e-03
6.346523400956376355e-03
6.370802829666178703e-03
6.395142184711405386e-03
6.419463403867583726e-03
6.443833855408867377e-03
6.468139899133230897e-03
6.492426721244275167e-03
6.516601128999360143e-03
6.540666165874587171e-03
6.564670754471691599e-03
6.588650070851483249e-03
6.612528077637256328e-03
6.636233141844853634e-03
6.659825014328014763e-03
6.683257046169749187e-03
6.706562529473588351e-03
6.729687285972410504e-03
6.752592985108041984e-03
6.775373125563022986e-03
6.798067978626294236e-03
6.820633316105638617e-03
6.843077256719261661e-03
6.865390114493287108e-03
6.887563433472812524e-03
6.909535838665124829e-03
6.931377496936779771e-03
6.953064988511319794e-03
6.974620426825974689e-03
6.996000680833384076e-03
7.017212304961043499e-03
7.038257350631541183e-03
7.059154491928993844e-03
7.079932946553405687e-03
7.100552658889195366e-03
7.121055914860427265e-03
7.141407202048098528e-03
7.161547371814703036e-03
7.181639954638954770e-03
7.201624532770834614e-03
7.221504136179403809e-03
7.241279971163958051e-03
7.260905784355074603e-03
7.280340465490068962e-03
7.299642789072473444e-03
7.318824409260258311e-03
7.337941626572722260e-03
7.356975675561067997e-03
7.375899976460809776e-03
7.394663334742480366e-03
7.413311162605488655e-03
7.431744142359587336e-03
7.450094334731966091e-03
7.468382763592115725e-03
7.486619322900335723e-03
7.504887615292415992e-03
7.523041408742327588e-03
7.541103811156703828e-03
7.559044446414850404e-03
7.576835548988077734e-03
7.594404844582451630e-03
7.611903537900466081e-03
7.629357036449441361e-03
7.646639618146511622e-03
7.663737106531612851e-03
7.680709086201125205e-03
7.697506798175154236e-03
7.714182444300731606e-03
7.730824284725889423e-03
7.747407474077682918e-03
7.763884417726825762e-03
7.780162570939068781e-03
7.796167689369556779e-03
7.811996817023793976e-03
7.827732762477470491e-03
7.843386379020029706e-03
7.858954711794718245e-03
7.874474770744752106e-03
7.889868000583864088e-03
7.905151549210681292e-03
7.920304938527904237e-03
7.935337768196139285e-03
7.950260707457709394e-03
7.965111666285785638e-03
7.979928406954620024e-03
7.994698688903128722e-03
8.009341673167288955e-03
8.023961330557060484e-03
8.038542688246198831e-03
8.052998682173326955e-03
8.067415813277127590e-03
8.081733637122947081e-03
8.095966033455260710e-03
8.110049614513061347e-03
8.124095133286620904e-03
8.138031864618479674e-03
8.151911543319624934e-03
8.165815343943580093e-03
8.179732226518262803e-03
8.193620822609872997e-03
8.207535804974904620e-03
8.221376832133548557e-03
8.235142989231052091e-03
8.248885406007027549e-03
8.262557657344019729e-03
8.276167543062363380e-03
8.289542678655160285e-03
8.302885369463984880e-03
8.316135593396200773e-03
8.329316302862781532e-03
8.342451288040507104e-03
8.355511758073735223e-03
8.368500349580226816e-03
8.381384608771318481e-03
8.394101543213938407e-03
8.406743103552292984e-03
8.419319894897725129e-03
8.431810114584697285e-03
8.444136192572025690e-03
8.456225457920074629e-03
8.468243348455075856e-03
8.480102706225263812e-03
8.491835666341054911e-03
8.503480600430804795e-03
8.515004186741385872e-03
8.526460726640650023e-03
8.537916116465036828e-03
8.549355897204817187e-03
8.560769461991633508e-03
8.572062299773966151e-03
8.583269887501117010e-03
8.594331363557633843e-03
8.605351719248640480e-03
8.616267798738849737e-03
8.626941694949848485e-03
8.637466720320794225e-03
8.647784978086001453e-03
8.658060356495972040e-03
8.668199242003436084e-03
8.678111722868059319e-03
8.688049174182999393e-03
8.697885530698768602e-03
8.707531292804418857e-03
8.717082735922044787e-03
8.726494935203738673e-03
8.735858469395927500e-03
8.745103976563677745e-03
8.754176627466516911e-03
8.763069893702709126e-03
8.771920984926285386e-03
8.780648262293017439e-03
8.789195217297183366e-03
8.797600863865231990e-03
8.805945332555475263e-03
8.814225741317389604e-03
8.822409473618973708e-03
8.830570828821552448e-03
8.838654202512449126e-03
8.846717407779602221e-03
8.854668965187752205e-03
8.862471754980368391e-03
8.870202998651158938e-03
8.877830412292663301e-03
8.885289241626943488e-03
8.892624269403473503e-03
8.899878229365023458e-03
8.907001896044732664e-03
8.914065084686909057e-03
8.921051145176694605e-03
8.927959500115666830e-03
8.934830344472505584e-03
8.941693766766825938e-03
8.948407165291070997e-03
8.954895035922004129e-03
8.961215068646834550e-03
8.967463636182254616e-03
8.973583710056482615e-03
8.979636924202033521e-03
8.985625584478951905e-03
8.991481393921859494e-03
8.997252013487281458e-03
9.002905274901180227e-03
9.008385236184740866e-03
9.013874480427301952e-03
9.019378856066536873e-03
9.024772765218441045e-03
9.030193045818969005e-03
9.035651066621276650e-03
9.041048244476398640e-03
9.046428254556680010e-03
9.051742157898204702e-03
9.056982910196265460e-03
9.062173846121998610e-03
9.067364811916953440e-03
9.072385294512794879e-03
9.077335542487265790e-03
9.082288006933740901e-03
9.087229829591224328e-03
9.092140557070409190e-03
9.097038862247466134e-03
9.101961469990241596e-03
9.106765629354876546e-03
9.111394874113774509e-03
9.115962489662130311e-03
9.120341009312899969e-03
9.124575225259499642e-03
9.128793741196065958e-03
9.132968627642623627e-03
9.136980761967261264e-03
9.140925293676127952e-03
9.144823460445240804e-03
9.148657356334641624e-03
9.152488980625752765e-03
9.156361865733609814e-03
9.160267392850154899e-03
9.164143846671210167e-03
9.167866035402419053e-03
9.171492923524354052e-03
9.175020236004558655e-03
9.178420967112684709e-03
9.181790645650080712e-03
9.185024687389594863e-03
9.188156139331432951e-03
9.191284840669286874e-03
9.194279457091066032e-03
9.197206353177196994e-03
9.200069617057870033e-03
9.202911533449206066e-03
9.205612002380764158e-03
9.208228446993394281e-03
9.210644334931721716e-03
9.212992627721581021e-03
9.215303134846948921e-03
9.217533214918048612e-03
9.219684510302859556e-03
9.221908658478163504e-03
9.224243669127617923e-03
9.226717739456069892e-03
9.229543022643798070e-03
9.232750309905836741e-03
9.236526689752324812e-03
9.240998087750204940e-03
9.246175576156678497e-03
9.252116524084435037e-03
9.259129354096120104e-03
9.267005335672940866e-03
9.275377897245374800e-03
9.284261569750876936e-03
9.293561792502310834e-03
9.303015394150118342e-03
9.312611948578660218e-03
9.322111030729758260e-03
9.331493716693997284e-03
9.340786414378021707e-03
9.349892622473741227e-03
9.359066916583457657e-03
9.368258515954287075e-03
9.377337815394634971e-03
9.386205250244099643e-03
9.394952392730193669e-03
9.403710162729549474e-03
9.412360149420182648e-03
9.420949877809730796e-03
9.429542349226141887e-03
9.438043972194621808e-03
9.446452666082237257e-03
9.454797115555149678e-03
9.462925072903973292e-03
9.470928151755835314e-03
9.478736093989317824e-03
9.486385815437623631e-03
9.493975637015514973e-03
9.501473197287326963e-03
9.508884013383957570e-03
9.516178879794676485e-03
9.523406843210272324e-03
9.530602047446367145e-03
9.537670773095649826e-03
9.544462313239392842e-03
9.551200401311486787e-03
9.557953955161806528e-03
9.564721336705094348e-03
9.571514778046808988e-03
9.578239976780734966e-03
9.584895962706211150e-03
9.591442837899579951e-03
9.597968022766431226e-03
9.604389319622565896e-03
9.610618955232200222e-03
9.616842231991856726e-03
9.623029239718753486e-03
9.629040821878544557e-03
9.634938432639347100e-03
9.640628217084211762e-03
9.646291798424270689e-03
9.651871531915401717e-03
9.657495827101793620e-03
9.663164237043246271e-03
9.668806456947676153e-03
9.674338423402612658e-03
9.679656537096551286e-03
9.684724765534617058e-03
9.689789177081383278e-03
9.694911462003600808e-03
9.700077050270271978e-03
9.705250191496934964e-03
9.710340467154797081e-03
9.715074843230796578e-03
9.719499849274847864e-03
9.723656249747502853e-03
9.727745640925739012e-03
9.731742765856298341e-03
9.735586242298789605e-03
9.739158026097895909e-03
9.742594695151630957e-03
9.745925205145425721e-03
9.749272000124795806e-03
9.752596763697487722e-03
9.755761829495878182e-03
9.758881703490188478e-03
9.761922411196931673e-03
9.764915396122248598e-03
9.767784082364923751e-03
9.770640946654881795e-03
9.773488122664882038e-03
9.776345069863892970e-03
9.779209482611496418e-03
9.782074804174117899e-03
9.784756740900365721e-03
9.787392504091474085e-03
9.789894728577950081e-03
9.792440867739617485e-03
9.794940454290574153e-03
9.797411979146321975e-03
9.799857965926713974e-03
9.802093832061523418e-03
9.804199972429717899e-03
9.806122446290378367e-03
9.808025784082293613e-03
9.809728320865275519e-03
9.811367469997058291e-03
9.812951647570313657e-03
9.814608017187326922e-03
9.816406021715450361e-03
9.818638177697508809e-03
9.821253972434922791e-03
9.824217750751380873e-03
9.827501648066578471e-03
9.831242497539584638e-03
9.835818489977256329e-03
9.841297653521969765e-03
9.847974891124664301e-03
9.855696191803509434e-03
9.864477657650002132e-03
9.873819919355351221e-03
9.883516588114853868e-03
9.893033550674315904e-03
9.902447344939543927e-03
9.911615740646527103e-03
9.920282163645486803e-03
9.928668278157967014e-03
9.936754577220740722e-03
9.944397196218189919e-03
9.951733080044437157e-03
9.958875850343055364e-03
9.965869012624818321e-03
9.972748346923783133e-03
9.979460761740327826e-03
9.985819904642981998e-03
9.991709361655129115e-03
9.997254336925122040e-03
1.000231696532323696e-02
1.000697966289745659e-02
1.001134582514577077e-02
1.001551999330341745e-02
1.001945779175380212e-02
1.002319404921820853e-02
1.002667634043441676e-02
1.002977801825216848e-02
1.003238689096200807e-02
1.003453810969712375e-02
1.003642113949256703e-02
1.003794635911914139e-02
1.003916209148805055e-02
1.004011664194037062e-02
1.004089476395546472e-02
1.004149293186695248e-02
1.004199507791529548e-02
1.004225805659738832e-02
1.004226270433624703e-02
1.004206817619346034e-02
1.004157372520354113e-02
1.004071718706310741e-02
1.003940117902001918e-02
1.003787171247319705e-02
1.003606844602032873e-02
1.003398294866158710e-02
1.003126166085454782e-02
1.002831056773329822e-02
1.002497796195233638e-02
1.002144212076590615e-02
1.001773743537158132e-02
1.001387638006809647e-02
1.000991422776917675e-02
1.000576385742033177e-02
1.000140562462696961e-02
9.996914924824594484e-03
9.992362489759466782e-03
9.987755920874157381e-03
9.982775655374382523e-03
9.977404475520243454e-03
9.971812409087574616e-03
9.966088437039024445e-03
9.960222961525905250e-03
9.954166966193363567e-03
9.948063105678976031e-03
9.941881392436473577e-03
9.935531220183743684e-03
9.929008409727900497e-03
9.922324358895175458e-03
9.915467585165814099e-03
9.908558906991342743e-03
9.901548146246910015e-03
9.894443361253396282e-03
9.887059333374383779e-03
9.879548814691826303e-03
9.871989669217160271e-03
9.864346124411083397e-03
9.856639260889117973e-03
