2.700407903705498609e-03
2.735236121880666848e-03
2.770922492451321790e-03
2.807481177629237400e-03
2.844936624110089730e-03
2.883298064832904520e-03
2.922598241159944654e-03
2.962852061155036958e-03
3.004123577251698735e-03
3.046450144618732380e-03
3.089849022670175180e-03
3.134369441924264241e-03
3.180194541345200340e-03
3.227441341737895958e-03
3.276191884522133401e-03
3.326439735680727754e-03
3.378184764371109598e-03
3.431365463275572875e-03
3.485872107146773761e-03
3.541685742370810804e-03
3.598882961320833563e-03
3.657467612239838003e-03
3.717548727782572695e-03
3.779126613834033789e-03
3.842269220898527054e-03
3.907081659154001962e-03
3.973606004890866544e-03
4.041837538442541802e-03
4.111765906005469297e-03
4.183288365141547491e-03
4.256351539275825616e-03
4.330894907433814785e-03
4.406769568851456875e-03
4.483825757710283716e-03
4.561944438570257436e-03
4.641041655086963237e-03
4.721019093483585366e-03
4.801850662939455804e-03
4.883492455752562987e-03
4.965873352425881002e-03
5.048998439622095526e-03
5.132786824843259960e-03
5.217133986565712471e-03
5.301953742364369504e-03
5.387038387102464909e-03
5.471500961413792996e-03
5.553604030448430415e-03
5.630323716161796978e-03
5.698704704870064842e-03
5.755766037910807140e-03
5.804354096243223744e-03
5.845740392953118272e-03
5.880272370404305941e-03
5.910234081966539779e-03
5.937754828623255897e-03
5.964455578427653448e-03
5.990831259178662320e-03
6.017201510265087795e-03
6.043498571324383214e-03
6.069780164244478575e-03
6.095871804229108758e-03
6.121973480052836196e-03
6.148061605517141440e-03
6.174009260970130322e-03
6.199894568594277629e-03
6.225655641227611017e-03
6.251210675800154652e-03
6.276500681091838271e-03
6.301754155061682801e-03
6.326985399082386309e-03
6.352166083953524056e-03
6.377202672557968736e-03
6.402177382346252096e-03
6.427067943836440277e-03
6.451889453065307208e-03
6.476622047878468139e-03
6.501141318736840084e-03
6.525468361217991696e-03
6.549664800304600548e-03
6.573740252733237775e-03
6.597571816591859227e-03
6.621103881702633358e-03
6.644460141731624303e-03
6.667827166046355787e-03
6.691203918503268837e-03
6.714385268593735592e-03
6.737332357667369202e-03
6.760055358939727824e-03
6.782609338793091878e-03
6.804974387633725558e-03
6.827222408366860271e-03
6.849272784510323890e-03
6.871264570307235656e-03
6.892985769610537536e-03
6.914498669906651677e-03
6.935810796921861553e-03
6.956856682152466435e-03
6.977794905802500551e-03
6.998635613853817182e-03
7.019372841521538502e-03
7.039909703151044779e-03
7.060315074808187590e-03
7.080618159368150082e-03
7.100668666214620013e-03
7.120470299844959897e-03
7.140235870397445943e-03
7.159933777497638589e-03
7.179466815330190314e-03
7.198820546079353483e-03
7.218017771107866111e-03
7.237062225331380994e-03
7.256013353279340203e-03
7.275027940696354896e-03
7.293873698648055404e-03
7.312724550345399942e-03
7.331539397550295399e-03
7.350355651463789421e-03
7.369158101349099037e-03
7.387755591485489250e-03
7.406120098282996736e-03
7.424330571202727297e-03
7.442281188476432621e-03
7.460090818078840731e-03
7.477764442404891826e-03
7.495274868163116604e-03
7.512616139353701060e-03
7.529878124834801616e-03
7.547138394702440113e-03
7.564233454990966846e-03
7.581190408835118341e-03
7.598058422677059567e-03
7.614877692913014223e-03
7.631589318534554890e-03
7.648300871185146829e-03
7.664928859469959284e-03
7.681541247619963660e-03
7.698140749396771218e-03
7.714568444779038026e-03
7.730971670459738619e-03
7.747161611114471332e-03
7.763360179362316198e-03
7.779510198044306546e-03
7.795558826858828977e-03
7.811622357999432019e-03
7.827545894730196172e-03
7.843411297224024692e-03
7.859016567232451900e-03
7.874577991089233911e-03
7.889955708356776592e-03
7.905225799678167534e-03
7.920481356328466782e-03
7.935632856624318110e-03
7.950565804259167660e-03
7.965276020287216652e-03
7.979774687877101008e-03
7.994204753220639920e-03
8.008538009998508039e-03
8.022671206678063868e-03
8.036733850167872631e-03
8.050512783923550325e-03
8.064269944992740954e-03
8.077878249058480578e-03
8.091498311604831267e-03
8.105178852188662728e-03
8.118821992333153173e-03
8.132295973517469218e-03
8.145439863446126208e-03
8.158388654861788852e-03
8.171292802771304431e-03
8.183932962869466116e-03
8.196608204039890211e-03
8.209308360204881777e-03
8.221925760834086425e-03
8.234361541107459992e-03
8.246596857389137253e-03
8.258743294285558409e-03
8.270847461620130583e-03
8.283024887615158399e-03
8.295184599184666011e-03
8.307319599463307627e-03
8.319469837657531355e-03
8.331584957442964706e-03
8.343560091274184257e-03
8.355405482537459419e-03
8.367158428227983863e-03
8.378788622835057695e-03
8.390316689299728500e-03
8.401825928161278656e-03
8.413225152527207748e-03
8.424671273658746601e-03
8.436189860928026973e-03
8.447554867464185033e-03
8.458776145278823141e-03
8.469881220617392695e-03
8.480777795056990837e-03
8.491469492327284596e-03
8.502104561395386687e-03
8.512706517904759101e-03
8.523180685534918755e-03
8.533680384871239130e-03
8.544121945413370861e-03
8.554446439687876658e-03
8.564815433393456467e-03
8.575081761749883680e-03
8.585186468622446262e-03
8.595139927526191173e-03
8.605076635726092993e-03
8.614895768344201649e-03
8.624760054880758336e-03
8.634646912885872092e-03
8.644522916832857867e-03
8.654190485000169339e-03
8.663714454684558544e-03
8.673067039492825259e-03
8.682358125878262070e-03
8.691486883582068626e-03
8.700589433788558785e-03
8.709644059816036565e-03
8.718668096575198090e-03
8.727594281102918697e-03
8.736596673986615769e-03
8.745509452284893834e-03
8.754331606044669922e-03
8.763192468120403061e-03
8.771971468760379406e-03
8.780689841138255777e-03
8.789255449794091887e-03
8.797817853438440888e-03
8.806349368902621766e-03
8.814772819387009864e-03
8.823165876400225829e-03
8.831539584416689750e-03
8.839887878886121264e-03
8.848175428691337427e-03
8.856260263331847127e-03
8.864215369240889542e-03
8.872142927490885705e-03
8.880052753964858686e-03
8.887933237112415411e-03
8.895674607102008538e-03
8.903179767876698639e-03
8.910655315733279763e-03
8.918009634189549145e-03
8.925248781536429532e-03
8.932322489190390805e-03
8.939223939940673519e-03
8.946120600414416216e-03
8.952997803835101645e-03
8.959754811638050501e-03
8.966250126837795736e-03
8.972727932743299051e-03
8.979218502799776389e-03
8.985681426914287478e-03
8.991980380528258321e-03
8.998151969142421935e-03
9.004258249690141186e-03
9.010308546639844360e-03
9.016246981704483660e-03
9.022130702173801475e-03
9.027948994550722209e-03
9.033725811755334220e-03
9.039397468871845226e-03
9.045032092105866062e-03
9.050555941814615937e-03
9.056012932124182097e-03
9.061407083959006903e-03
9.066691511644620755e-03
9.071985601145171260e-03
9.077331069881146991e-03
9.082682336101412235e-03
9.087991957817233638e-03
9.093105364438247573e-03
9.097867939032864421e-03
9.102283850334246668e-03
9.106508224148898364e-03
9.110624133592719678e-03
9.114596985713645239e-03
9.118487348266640993e-03
9.122383765706341616e-03
9.126290220961780567e-03
9.130104507483844875e-03
9.133809850190134985e-03
9.137381346934239992e-03
9.140911766469500543e-03
9.144472640532138458e-03
9.147952798951175177e-03
9.151310866923679718e-03
9.154656754512805264e-03
9.157918986865633618e-03
9.161168978327945481e-03
9.164275327601632826e-03
9.167106411895126900e-03
9.169793092883892285e-03
9.172301847856459411e-03
9.174777150288264752e-03
9.177188202814753892e-03
9.179426018683147989e-03
9.181509555625345237e-03
9.183503168198752648e-03
9.185469190834988362e-03
9.187444687395575696e-03
9.189698511739598230e-03
9.192305766622553206e-03
9.195454831409970858e-03
9.199421734394416100e-03
9.204314847044649597e-03
9.210131640469784720e-03
9.217046106404285996e-03
9.224821616146381548e-03
9.233336751636478726e-03
9.242500381986869934e-03
9.252089020294753524e-03
9.261920613869266058e-03
9.271892960224389912e-03
9.281913886234217231e-03
9.291932572821058958e-03
9.301994522560643255e-03
9.312041482343120374e-03
9.322044066014877409e-03
9.331938614466251877e-03
9.341748790710174832e-03
9.351507514143752101e-03
9.361240024699160958e-03
9.370942028126612311e-03
9.380647411827607376e-03
9.390268240262351906e-03
9.399605842800442396e-03
9.408954308291538754e-03
9.418230779732346056e-03
9.427481352580700455e-03
9.436717582711638339e-03
9.445912162737655701e-03
9.455105093587268250e-03
9.464278210051290177e-03
9.473472064870156265e-03
9.482552040862755882e-03
9.491462295211741326e-03
9.500294541144847088e-03
9.509067385650236959e-03
9.517579010957637545e-03
9.525917359744706311e-03
9.534054326500744983e-03
9.542220892008975927e-03
9.550284664784604999e-03
9.558274788623250320e-03
9.565997102488208587e-03
9.573602757602762275e-03
9.581049255993364863e-03
9.588401168330033808e-03
9.595637485677904754e-03
9.602831360617767459e-03
9.609982143164596050e-03
9.617148326370339451e-03
9.624335717382864405e-03
9.631395741528755994e-03
9.638396899586855124e-03
9.645367587743713250e-03
9.652370702235880950e-03
9.659411594376136542e-03
9.666430790918854876e-03
9.673450845982091775e-03
9.680293025653067748e-03
9.686948531139709384e-03
9.693521189945509056e-03
9.700015887115902638e-03
9.706537103653435986e-03
9.712946835514652336e-03
9.719236464111128890e-03
9.725444488235012938e-03
9.731561823250165638e-03
9.737731332219719954e-03
9.743911239192694362e-03
9.749949853762414007e-03
9.755899835367960737e-03
9.761744007888699393e-03
9.767521468599353260e-03
9.773354327767762306e-03
9.779125413485887514e-03
9.784835324730472086e-03
9.790594649057933821e-03
9.795967976718803968e-03
9.801060683254911310e-03
9.806069749269704164e-03
9.811113592887657150e-03
9.816191136236147516e-03
9.821301015598492279e-03
9.826455748045699601e-03
9.831572868662928275e-03
9.836652748070124491e-03
9.841685817793670646e-03
9.846675863428064335e-03
9.851609619963792863e-03
9.856518034715492510e-03
9.861214359484652206e-03
9.865663250305930707e-03
9.869853958706703914e-03
9.873962161781334873e-03
9.878003960303544800e-03
9.882053241395403684e-03
9.886087799101984236e-03
9.890081965328981900e-03
9.893833908579457645e-03
9.897529381868733211e-03
9.901144560209228576e-03
9.904716516522067346e-03
9.908218006452586615e-03
9.911645958632106165e-03
9.915018408250845725e-03
9.918064144416672070e-03
9.920751823608494127e-03
9.923337358734983515e-03
9.926498845440169874e-03
9.930566918390915446e-03
9.935626144493678660e-03
9.941417279103737653e-03
9.947630777915664885e-03
9.954270894438508807e-03
9.961125101303284698e-03
9.968085598345013953e-03
9.975166408614545566e-03
9.982205366338304381e-03
9.989112426682291573e-03
9.995862925081210743e-03
1.000253663541964856e-02
1.000896012941526747e-02
1.001525589800377446e-02
1.002142100911467687e-02
1.002748898309846481e-02
1.003339427249565902e-02
1.003904816148793767e-02
1.004447192964508413e-02
1.004968335700607424e-02
1.005464360660865072e-02
1.005933246912362605e-02
1.006369003710351658e-02
1.006765905970461762e-02
1.007140314592203101e-02
1.007490120111160202e-02
1.007811648415314620e-02
1.008112023105561805e-02
1.008376807178772670e-02
1.008592451615248145e-02
1.008777985371807177e-02
1.008943403436993180e-02
1.009080600045088663e-02
1.009183430899383144e-02
1.009254022680274900e-02
1.009301148738838555e-02
1.009309048071991080e-02
1.009280883069926978e-02
1.009219017521960186e-02
1.009115729207347122e-02
1.008976185795312785e-02
1.008796752176783704e-02
1.008586802615034882e-02
1.008348445630087402e-02
1.008077862093200924e-02
1.007773917643785613e-02
1.007438713738120946e-02
1.007069603932904227e-02
1.006666801238518226e-02
1.006234764410589115e-02
1.005778932730601316e-02
1.005299848355140080e-02
1.004797443592531092e-02
1.004269636599153422e-02
1.003706447672477430e-02
1.003116431569187408e-02
1.002495145009098948e-02
1.001840784102569874e-02
1.001154036647470755e-02
1.000444832900139643e-02
9.997117737620405536e-03
9.989531462868031508e-03
9.981692890069232202e-03
9.973524339534292280e-03
9.965180133469581439e-03
9.956636466269571176e-03
9.947781812915277785e-03
9.938606847098902311e-03
9.929171040061975095e-03
9.919529797461886303e-03
9.909696151030350508e-03
9.899635330974680333e-03
9.889377357085055512e-03
9.878850828591361974e-03
9.868149286996396805e-03
9.857279767634482062e-03
9.846256279843527970e-03
9.834993547549528495e-03
9.823596558042470284e-03
9.812104453908798013e-03
9.800460670953758252e-03
9.788709295490725243e-03
9.776839599166933792e-03
9.764843976878229831e-03
9.752655877063046153e-03
9.740363663224265584e-03
9.727967070790721066e-03
9.715430933478447911e-03
