2.017528288983118367e-02
1.994241371207432223e-02
1.970069776436817258e-02
1.945053031843162888e-02
1.919221772267302659e-02
1.892604689557154246e-02
1.865223040759781195e-02
1.837142776195774263e-02
1.808387846105773480e-02
1.778994742685122143e-02
1.749024762541712824e-02
1.718513137477554326e-02
1.687479912574049723e-02
1.656004588522188084e-02
1.624090335786186265e-02
1.591824720186330380e-02
1.559244701722696004e-02
1.526385541627261512e-02
1.493277142329957514e-02
1.459980995115725891e-02
1.426558252737013602e-02
1.393049137330271310e-02
1.359505096368899928e-02
1.326002747922339249e-02
1.292567605511655768e-02
1.259330902684089280e-02
1.226360984481209525e-02
1.193733518164827312e-02
1.161521886791896593e-02
1.129792402583777722e-02
1.098571429368017799e-02
1.067970598399712798e-02
1.038080052817712436e-02
1.008982810128426430e-02
9.807441128397254709e-03
9.534748184620701547e-03
9.272276829604282275e-03
9.020488040767334070e-03
8.780901026279092428e-03
8.552344174017758455e-03
8.336415824068471245e-03
8.133561126896358962e-03
7.944700399803897306e-03
7.768129308475919641e-03
7.603574772338836212e-03
7.449042769545687059e-03
7.303041284669626980e-03
7.164652587829566793e-03
7.033274298950393903e-03
6.910520602971034938e-03
6.797661287535105082e-03
6.695682820499279306e-03
6.605367377855979154e-03
6.531552654853235371e-03
6.481089567467978631e-03
6.459789705729118009e-03
6.467658208570474521e-03
6.491756194244402249e-03
6.519477101469146538e-03
6.547672566286959206e-03
6.576030851640195934e-03
6.604329355831286240e-03
6.632595883262801251e-03
6.660711535981018831e-03
6.688741521463360991e-03
6.716786695555098524e-03
6.744832686877546245e-03
6.772787051505186132e-03
6.800691330278674403e-03
6.828616340598577146e-03
6.856529368638330894e-03
6.884451660529557031e-03
6.912588475701646369e-03
6.940843514793315974e-03
6.969359059625762284e-03
6.998076017236898316e-03
7.027011102092168594e-03
7.056034447644435499e-03
7.085190213342727056e-03
7.114416227828224311e-03
7.143653797639691085e-03
7.172933246736459649e-03
7.202078501543245082e-03
7.231193459294960914e-03
7.260143813252788181e-03
7.288966023634431239e-03
7.317736635812914503e-03
7.346370368985425184e-03
7.374939759021136368e-03
7.403376540031917329e-03
7.431740871486794235e-03
7.459977315230516617e-03
7.488092046285559598e-03
7.516125578079180247e-03
7.544053343395594295e-03
7.571802464406959809e-03
7.599519677841140748e-03
7.627216200030395056e-03
7.654796620771872444e-03
7.682251169535452701e-03
7.709696390316583998e-03
7.736996160942679647e-03
7.764216137698191390e-03
7.791409341307995763e-03
7.818465116405987417e-03
7.845357116361384789e-03
7.872225817884069554e-03
7.898997876219972930e-03
7.925663759573127812e-03
7.952208231565349034e-03
7.978708925160752849e-03
8.005065901894524785e-03
8.031311669363818892e-03
8.057372386677997059e-03
8.083331342187033072e-03
8.109182076891215118e-03
8.134913128696080395e-03
8.160540627201342059e-03
8.185956882878974231e-03
8.211249949976939452e-03
8.236333886396628168e-03
8.261212587216414799e-03
8.285953552047099421e-03
8.310594128397991165e-03
8.335107703231203757e-03
8.359520384662991188e-03
8.383805847146727150e-03
8.407940413174129490e-03
8.431873126071437463e-03
8.455728078181923638e-03
8.479356475095777348e-03
8.502807596417773922e-03
8.526129287810381777e-03
8.549224357020235657e-03
8.572188672610973545e-03
8.594980498274231231e-03
8.617635962811126191e-03
8.640050317933526541e-03
8.662348272476675173e-03
8.684445081307119729e-03
8.706425897185345389e-03
8.728262710248060538e-03
8.749914953039856363e-03
8.771396681445758209e-03
8.792692084763924568e-03
8.813791681053638472e-03
8.834619906453304930e-03
8.855343901005200899e-03
8.875807023259463246e-03
8.896046808506181611e-03
8.916004481583006056e-03
8.935796409027066747e-03
8.955378549987716777e-03
8.974749593293945837e-03
8.993973276791546873e-03
9.012982845843264465e-03
9.031781228950654453e-03
9.050407968791243304e-03
9.068846528357911441e-03
9.087065984220425718e-03
9.105001558161620809e-03
9.122746343103723538e-03
9.140247192695419298e-03
9.157506641208453674e-03
9.174523281055719029e-03
9.191366221930879349e-03
9.207914752642713113e-03
9.224216645937647480e-03
9.240277502514505567e-03
9.256054714586440038e-03
9.271603031998825253e-03
9.286980879829147273e-03
9.302097456739497408e-03
9.317041145539280145e-03
9.331688303241318649e-03
9.346252740547858484e-03
9.360540118414875654e-03
9.374541538229993684e-03
9.388456119869830960e-03
9.402054804174487385e-03
9.415432707486378131e-03
9.428596934946775407e-03
9.441467851475154535e-03
9.454121899220020719e-03
9.466546250887743902e-03
9.478625066605871063e-03
9.490466876193932866e-03
9.502035875019727504e-03
9.513364389927688944e-03
9.524394688103480708e-03
9.535173643800970086e-03
9.545624566913178677e-03
9.555834493718612030e-03
9.565662513525158978e-03
9.575140878943446884e-03
9.584315997959993658e-03
9.593197823175398861e-03
9.601797552912535658e-03
9.610111356663262466e-03
9.618090786988124988e-03
9.625865391975640256e-03
9.633337991671530112e-03
9.640572187753073535e-03
9.647420588565779748e-03
9.653964461894582599e-03
9.660215625409467044e-03
9.666172640226532164e-03
9.671846278263541985e-03
9.677268343104466000e-03
9.682440394537668651e-03
9.687365752549182557e-03
9.692024102224318025e-03
9.696519796413444539e-03
9.700707407912510447e-03
9.704711349719674640e-03
9.708477947171754302e-03
9.712024358709436811e-03
9.715356102012675729e-03
9.718529131908380109e-03
9.721443246379772238e-03
9.724193668507814109e-03
9.726728597154329914e-03
9.728983846325377910e-03
9.731069430187103131e-03
9.732952575174497883e-03
9.734639062629295639e-03
9.736106871247663871e-03
9.737453247860190786e-03
9.738555139177219530e-03
9.739452228327508815e-03
9.740099904968551811e-03
9.740469606546630493e-03
9.740549809032569492e-03
9.740411918755756404e-03
9.740011566633540244e-03
9.739416097769383607e-03
9.738602589072494625e-03
9.737584837927347817e-03
9.736263811938811533e-03
9.734736596511894477e-03
9.733006308477993793e-03
9.731036423598236548e-03
9.728870911783865996e-03
9.726447608264863001e-03
9.723839680117349338e-03
9.720965055503278870e-03
9.717875459240570002e-03
9.714539980527521490e-03
9.710926456470982474e-03
9.707121119296351422e-03
9.702991176919896488e-03
9.698666181383409912e-03
9.694103811732432061e-03
9.689260683360701246e-03
9.684181264731920452e-03
9.678853214696020793e-03
9.673309686113207642e-03
9.667524167522908995e-03
9.661503811341034392e-03
9.655267386914729785e-03
9.648834718677499686e-03
9.642191518653872931e-03
9.635253495843378382e-03
9.628060481952195951e-03
9.620650191979905619e-03
9.612878347150128136e-03
9.604940252754269950e-03
9.596738613094820194e-03
9.588296219706212917e-03
9.579537538431361077e-03
9.570495814593286965e-03
9.561261892521811384e-03
9.551739541928231519e-03
9.541963754771287665e-03
9.531939739606446957e-03
9.521722818461376622e-03
9.511132330748701263e-03
9.500417020763632717e-03
9.489333822822333675e-03
9.478046988876821094e-03
9.466470468497651530e-03
9.454656450299284490e-03
9.442567795307901801e-03
9.430258447284220469e-03
9.417704253832263200e-03
9.404882254909055495e-03
9.391733026135919149e-03
9.378386558698107583e-03
9.364773247588987354e-03
9.350889276027082517e-03
9.336763248130446405e-03
9.322388159182086811e-03
9.307768439325767723e-03
9.292915407184852358e-03
9.277782848703140794e-03
9.262451735004888220e-03
9.246867636734889401e-03
9.231025700419035612e-03
9.214923638865552338e-03
9.198578960050914424e-03
9.181991796849234624e-03
9.165183789704304043e-03
9.148121189991215846e-03
9.130789703365326318e-03
9.113246020540038614e-03
9.095588887764433084e-03
9.077862152288276518e-03
9.060150308129410329e-03
9.042722225097211269e-03
9.025782853441679729e-03
9.009679152649897535e-03
8.994820385590830691e-03
8.981402060326177522e-03
8.969601756273790777e-03
8.959633635675801761e-03
8.951077240881849181e-03
8.943637438278469881e-03
8.937059621515934874e-03
8.931242497582154993e-03
8.925788569446266654e-03
8.920475844737343202e-03
8.915124190246467850e-03
8.909604302027585021e-03
8.903810931592905098e-03
8.897777938149348947e-03
8.891517619443270806e-03
8.884995496508842419e-03
8.878176742848537667e-03
8.871032053186265337e-03
8.863604140317860383e-03
8.855893948253508799e-03
8.847838651805899415e-03
8.839516085611310095e-03
8.830928145816293109e-03
8.822000355930732785e-03
8.812798422204138130e-03
8.803308435599344062e-03
8.793548600803419157e-03
8.783502958399840715e-03
8.773170854395393251e-03
8.762512758027293791e-03
8.751588361234368188e-03
8.740360056990983950e-03
8.728845870659061174e-03
8.717008916329571297e-03
8.704889655666516249e-03
8.692471407052364263e-03
8.679752594377745586e-03
8.666747557697099258e-03
8.653504102714575791e-03
8.639959314250850175e-03
8.626192619235306669e-03
8.612099747808989875e-03
8.597729736834335001e-03
8.583072961132877030e-03
8.568214103971983145e-03
8.553105620660032132e-03
8.537698916841080302e-03
8.522057230271072592e-03
8.506136564642389347e-03
8.489957788122939539e-03
8.473512110842984849e-03
8.456888858853419885e-03
8.440077756482866622e-03
8.423043525022556530e-03
8.405736807984669212e-03
8.388174941515289321e-03
8.370359968197032055e-03
8.352243997096884739e-03
8.333874291194129369e-03
8.315280467909212658e-03
8.296371073256224304e-03
8.277143816817615976e-03
8.257757069342192696e-03
8.238110210589155366e-03
8.218218989229546592e-03
8.198059559356360437e-03
8.177667761112675932e-03
8.157042282352887363e-03
8.136165696417280505e-03
8.115033438132891741e-03
8.093638767515180105e-03
8.071951591775572074e-03
8.049992494047785926e-03
8.027686518081042499e-03
8.005108011266181059e-03
7.982186989589627746e-03
7.958930502146688291e-03
7.935368466909994978e-03
7.911552851982004558e-03
7.887377233343956240e-03
7.862892712266294354e-03
7.838049830937821733e-03
7.812828002868654059e-03
7.787332622783600840e-03
7.761483881191132660e-03
7.735281280163351821e-03
7.708744409565652239e-03
7.681929013067660336e-03
7.654865162641459608e-03
7.627521498911674948e-03
7.599862918170786560e-03
7.571997858077496660e-03
7.543914931786919846e-03
7.515518466635511159e-03
7.486842895151792597e-03
7.457864808574985425e-03
7.428637030412111285e-03
7.399136503497178580e-03
7.369392908976676697e-03
7.339248805863706968e-03
7.308426739500617671e-03
7.276719658750790964e-03
7.243759229122728391e-03
7.208213953042692280e-03
7.169163994293483583e-03
7.126662950929770445e-03
7.081298994919791277e-03
7.033667991251791977e-03
6.984412561248969781e-03
6.933870863389483136e-03
6.881422093847309150e-03
6.826959753271750163e-03
6.768865214884997594e-03
6.704905657794850427e-03
6.633078092304672303e-03
6.551612312299342697e-03
6.461286171069555335e-03
6.364637024884246819e-03
6.265498987484195530e-03
6.166306352186084853e-03
6.067785537586043408e-03
5.969955136056764693e-03
5.872909512066035349e-03
5.776659231803229350e-03
5.681203251609440001e-03
5.586647259136501460e-03
5.492908183409899586e-03
5.400075815711515535e-03
5.308114530020511049e-03
5.217055685348505334e-03
5.126914456674315328e-03
5.037749187947411326e-03
4.949558053662084928e-03
4.862351710689490764e-03
4.776116993133499439e-03
4.690882851226587866e-03
4.606637091826447719e-03
4.523359396923030268e-03
4.441114945929591079e-03
4.359891486540181695e-03
4.279669260713743831e-03
4.200452650854417588e-03
4.122243078150717929e-03
4.045062169640629979e-03
3.968898364092286919e-03
3.893742348188464989e-03
3.819601250893065163e-03
3.746482606540703277e-03
3.674399775174021828e-03
3.603356733364887314e-03
3.533317730521264802e-03
3.464311407624169961e-03
3.396343462546917453e-03
3.329419656720711360e-03
3.263568543270765725e-03
3.198746476888001018e-03
3.134954485508287779e-03
3.072175935722137700e-03
3.010433277946076604e-03
2.949719735088957538e-03
2.890051519143083808e-03
2.831400158817326020e-03
2.773789373023020487e-03
2.717215798945227939e-03
2.661634773692334120e-03
2.607074342376846082e-03
2.553512929772931792e-03
2.500976814668190787e-03
2.449428195115776422e-03
2.398869251459109699e-03
2.349294179108636811e-03
2.300697276290097123e-03
2.253075746401887128e-03
2.206436693959860050e-03
2.160751616753574245e-03
2.116026477816470869e-03
2.072233954246490567e-03
2.029381478564573193e-03
1.987452925509060678e-03
1.946429465071669931e-03
1.906289174120820657e-03
1.867036493323910454e-03
1.828663731532048815e-03
1.791167306579480095e-03
1.754518320314409595e-03
1.718714097987694223e-03
1.683746980934166214e-03
1.649616561805613332e-03
1.616294469887036723e-03
