2.586497169351148658e-03
2.621086574117684719e-03
2.656352333108693686e-03
2.692305051078619504e-03
2.728955038592027500e-03
2.766324945716358650e-03
2.804379702031241806e-03
2.843176812845292587e-03
2.882712573331708012e-03
2.922990595964291248e-03
2.964024938796885281e-03
3.005793954083105582e-03
3.048259502779233389e-03
3.091440587777897955e-03
3.135343841995657296e-03
3.180010116096482296e-03
3.225453343907900509e-03
3.271694193998395811e-03
3.318795613502993017e-03
3.366811942828134077e-03
3.415752742376158575e-03
3.465736923141167318e-03
3.516879639842918331e-03
3.569217734135689702e-03
3.622733585209814578e-03
3.677484885852695413e-03
3.733511438450374219e-03
3.790782037407285955e-03
3.849312666655785396e-03
3.909121941090596720e-03
3.970206230228532848e-03
4.032390503391318493e-03
4.095787086590009507e-03
4.160276894748943417e-03
4.225880843736195061e-03
4.292577396305031004e-03
4.360311512538177225e-03
4.429060859316880094e-03
4.498767518901156288e-03
4.569466583344599514e-03
4.641038549402435112e-03
4.713290641827110744e-03
4.786099571065565751e-03
4.858985608085979700e-03
4.930836118808566357e-03
5.001023237902851339e-03
5.068827841547570053e-03
5.132151282213387802e-03
5.190439426525685247e-03
5.242785767524077087e-03
5.289232396927743760e-03
5.329658220406750281e-03
5.363274154051809843e-03
5.391644025160345285e-03
5.417277252197105937e-03
5.441224792482220185e-03
5.464350513617877159e-03
5.486983926002206302e-03
5.509494261541870823e-03
5.531969143357779069e-03
5.554357565524878880e-03
5.576748399631686545e-03
5.599105742378723653e-03
5.621383006673933737e-03
5.643619319331826499e-03
5.665780689616570047e-03
5.687884050027956426e-03
5.709942162850134388e-03
5.731914174234545474e-03
5.753824534006546712e-03
5.775671136550679201e-03
5.797434825812189212e-03
5.819128162293254157e-03
5.840749709525866126e-03
5.862362426504887265e-03
5.883903724196521551e-03
5.905291946186474669e-03
5.926593207065104611e-03
5.947777484859691037e-03
5.968891878282538317e-03
5.990011369569028972e-03
6.011171629708570059e-03
6.032297057228479600e-03
6.053364832756633930e-03
6.074404704940404923e-03
6.095352861315826015e-03
6.116239462055676583e-03
6.137054879606773997e-03
6.157806132412781304e-03
6.178480407345984284e-03
6.199182544004321754e-03
6.219938474253687045e-03
6.240683626820086628e-03
6.261425043317793947e-03
6.282056279446858287e-03
6.302661335147586967e-03
6.323127976157950046e-03
6.343528013524345026e-03
6.363928492065743653e-03
6.384370936809700449e-03
6.404772359306377602e-03
6.425102343737591586e-03
6.445457170247332647e-03
6.465789078882403645e-03
6.485972780553950906e-03
6.506043896451038817e-03
6.525909375655002641e-03
6.545726657684045220e-03
6.565492969532270469e-03
6.585242941378459391e-03
6.604970520861609858e-03
6.624625763512199950e-03
6.644260014578431267e-03
6.663831077908659827e-03
6.683345692581467261e-03
6.702713915559797148e-03
6.721979252574014109e-03
6.741185145223506196e-03
6.760336138626582905e-03
6.779338229892926948e-03
6.798294838075403211e-03
6.817133888301117953e-03
6.835865994191939708e-03
6.854425208677727803e-03
6.872930723407968262e-03
6.891428366719601524e-03
6.909962388163499135e-03
6.928466287045677470e-03
6.946975963810469133e-03
6.965400849704534228e-03
6.983910388488893256e-03
7.002521336632589258e-03
7.021077894349876843e-03
7.039569817321074396e-03
7.058070758930609818e-03
7.076573264775946892e-03
7.095076089134812886e-03
7.113661836934032784e-03
7.132184686465154431e-03
7.150652037937839899e-03
7.169122088127711720e-03
7.187589472214952341e-03
7.205988960210383404e-03
7.224340625988466026e-03
7.242633926647109796e-03
7.260936925688525785e-03
7.279266655652438973e-03
7.297436905162732988e-03
7.315468866597417408e-03
7.333423881840439584e-03
7.351051841836581287e-03
7.368716559479812286e-03
7.386295571123034469e-03
7.403760184522989451e-03
7.421067486062722131e-03
7.438289775183359182e-03
7.455470847083170600e-03
7.472644887526441737e-03
7.489643823277260422e-03
7.506675101246387989e-03
7.523737134192130457e-03
7.540633241740641972e-03
7.557581345455797496e-03
7.574565872711023357e-03
7.591478893157649864e-03
7.608280106076799505e-03
7.624919657759654870e-03
7.641476076917598503e-03
7.657928414464027812e-03
7.674352368342623500e-03
7.690757342526652329e-03
7.707076814414376420e-03
7.723387990674646444e-03
7.739704607086672628e-03
7.756007515831698194e-03
7.772331147557707751e-03
7.788704732373585848e-03
7.805143821272683170e-03
7.821595276249478784e-03
7.837994415722502467e-03
7.854478633722239422e-03
7.871057283268577745e-03
7.887529676680085991e-03
7.904010433364050750e-03
7.920497963553072701e-03
7.937069213768256290e-03
7.953623954978707167e-03
7.970096134144432840e-03
7.986380414158255822e-03
8.002487157004828378e-03
8.018601041340887511e-03
8.034682998003911739e-03
8.050747865518447302e-03
8.066834361864023278e-03
8.082964502963623649e-03
8.099206087559552777e-03
8.115436429028771020e-03
8.131552107714438288e-03
8.147548676945889218e-03
8.163485633139356754e-03
8.179413086747196193e-03
8.195197663675043293e-03
8.210888183300076026e-03
8.226424037236399270e-03
8.241916983046432624e-03
8.257371240306905780e-03
8.272841213390518325e-03
8.288298021504545907e-03
8.303637001136706178e-03
8.318837154333465211e-03
8.333837681633760042e-03
8.348803840989476102e-03
8.363723810667533093e-03
8.378632189330286265e-03
8.393469637594543759e-03
8.408313433947066373e-03
8.423131893566972520e-03
8.437838438865950114e-03
8.452353850626476497e-03
8.466799717228601710e-03
8.481323259182818250e-03
8.495827168712107719e-03
8.510223100178841704e-03
8.524445736292249678e-03
8.538690374986326534e-03
8.552989388458413431e-03
8.567174676019270393e-03
8.581221178818881565e-03
8.595212569993121790e-03
8.609162493846706649e-03
8.622924937376381938e-03
8.636576085712614065e-03
8.650185872368600440e-03
8.663699706289003377e-03
8.676940726262448791e-03
8.690082972231460284e-03
8.703185234457736646e-03
8.716128422814202123e-03
8.728933963800859785e-03
8.741684528122711795e-03
8.754425967891284188e-03
8.767156056751370871e-03
8.779811339187197639e-03
8.792396485614067253e-03
8.804893855401009842e-03
8.817380906524655351e-03
8.829828319762608388e-03
8.842271710813271596e-03
8.854714411467604421e-03
8.867201174660731960e-03
8.879690669075786941e-03
8.892160786601507536e-03
8.904517300273501190e-03
8.916576776168987431e-03
8.928618056052649646e-03
8.940657407037934032e-03
8.952678933070595119e-03
8.964636311626309612e-03
8.976511186832515990e-03
8.988289911721526401e-03
9.000020088472254765e-03
9.011623857960018857e-03
9.023045088448635939e-03
9.034454060009898882e-03
9.045787200863179833e-03
9.056870687590364705e-03
9.067819196482038505e-03
9.078777049883069578e-03
9.089754049592923754e-03
9.100724551291879474e-03
9.111561972564734269e-03
9.122241368382976584e-03
9.132800603778641613e-03
9.143261522295260610e-03
9.153668499219953791e-03
9.163941736097400148e-03
9.174170777369768104e-03
9.184326272160972179e-03
9.194404670947696478e-03
9.204443520056277209e-03
9.214321373397267242e-03
9.224091617456273845e-03
9.233748505290585371e-03
9.243273680588387498e-03
9.252683066582721369e-03
9.261943036239464466e-03
9.271167516785108059e-03
9.280217202998189766e-03
9.289142721645830131e-03
9.298041839414896911e-03
9.306682783466154948e-03
9.315201458377150856e-03
9.323585338648703383e-03
9.331812031121629672e-03
9.339935918755032720e-03
9.348008978415863618e-03
9.355988155486867283e-03
9.363829834149827933e-03
9.371533853610596737e-03
9.379240829081154918e-03
9.386890214000510185e-03
9.394589010328092613e-03
9.402335058832089754e-03
9.410196970694910748e-03
9.418184824802474167e-03
9.426442438976084803e-03
9.435051239845670956e-03
9.444015491434904971e-03
9.453282513948058075e-03
9.462730809889328271e-03
9.472391047400446559e-03
9.482417256392195598e-03
9.492915209477637700e-03
9.503747051986876498e-03
9.515019911341059469e-03
9.526707181942135547e-03
9.538817253390306783e-03
9.551332024909346338e-03
9.564051177117964889e-03
9.577041370817962820e-03
9.590473411345681876e-03
9.604214034982872308e-03
9.618265298546696887e-03
9.632512496618585857e-03
9.646980530891973923e-03
9.661512366483278325e-03
9.676171188177267943e-03
9.690913975138009187e-03
9.705801565288682195e-03
9.720837530540796592e-03
9.735761596639946544e-03
9.750614957855974554e-03
9.765402402790768904e-03
9.780068640795799503e-03
9.794590858003330430e-03
9.809106672023766224e-03
9.823597931786378842e-03
9.838045951333503417e-03
9.852360988202104458e-03
9.866588838347921386e-03
9.880666336560407770e-03
9.894672811870402693e-03
9.908615904786564205e-03
9.922379566544004686e-03
9.935954505810470211e-03
9.949468243012793423e-03
9.962908157409331583e-03
9.976206441493303337e-03
9.989364984053774807e-03
1.000250614147768502e-02
1.001544016145162856e-02
1.002795400884355648e-02
1.004027216351575588e-02
1.005238287210079642e-02
1.006425117376513398e-02
1.007592718673041253e-02
1.008758766032196406e-02
1.009913927685025803e-02
1.011055665542399604e-02
1.012192307417368424e-02
1.013319595968402605e-02
1.014435141606235408e-02
1.015545748027724127e-02
1.016642353213466701e-02
1.017714058199238256e-02
1.018776513615442941e-02
1.019831331236755248e-02
1.020872126236864463e-02
1.021905631287432434e-02
1.022929818185898572e-02
1.023944316098866596e-02
1.024953956804762131e-02
1.025950091563859051e-02
1.026941595511823672e-02
1.027928609360695758e-02
1.028901589965298784e-02
1.029863055561887342e-02
1.030811858694633334e-02
1.031756379652940328e-02
1.032689590486743879e-02
1.033603904376493611e-02
1.034511087233044857e-02
1.035408595832808948e-02
1.036296967769627722e-02
1.037180387608999978e-02
1.038061757590625321e-02
1.038936257189197569e-02
1.039787147467026093e-02
1.040635090067835826e-02
1.041475336866583973e-02
1.042308523318623108e-02
1.043094620462152629e-02
1.043861624922478096e-02
1.044615292718038650e-02
1.045350685856908345e-02
1.046062111023366228e-02
1.046760226735083191e-02
1.047449195416791552e-02
1.048129593322797391e-02
1.048798880356789816e-02
1.049457214847953311e-02
1.050105825076776481e-02
1.050742079290232882e-02
1.051367890292529035e-02
1.051978318001854477e-02
1.052565088922256809e-02
1.053144389604701754e-02
1.053699296592867062e-02
1.054236145502284762e-02
1.054768359998006777e-02
1.055308328883254425e-02
1.055848500833229953e-02
1.056404699018738055e-02
1.056960391999156243e-02
1.057514960639106480e-02
1.058092786547226716e-02
1.058696132840785190e-02
1.059337957814868517e-02
1.059988024761618526e-02
1.060656026052558473e-02
1.061339744259280106e-02
1.062044269093161478e-02
1.062780435398774474e-02
1.063537043820995606e-02
1.064302361672302306e-02
1.065043292165558132e-02
1.065755434498085429e-02
1.066452549235674674e-02
1.067133418203751287e-02
1.067791039083021941e-02
1.068430326614158363e-02
1.069041249086699966e-02
1.069641753661080413e-02
1.070231235711349878e-02
1.070814474096553476e-02
1.071396017696450362e-02
1.071956147347320754e-02
1.072490592684804782e-02
1.072987719730512240e-02
1.073456875756634635e-02
1.073907371028275277e-02
1.074319498987939651e-02
1.074698899340487471e-02
1.075039909364531102e-02
1.075344371880935720e-02
1.075613571771062531e-02
1.075846409044174147e-02
1.076046245050062480e-02
1.076214299324815965e-02
1.076342172378515726e-02
1.076427567903847325e-02
1.076467625259253623e-02
1.076456741495079167e-02
1.076389735765530438e-02
1.076280636361609533e-02
1.076133971279328097e-02
1.075946759423244102e-02
1.075715198251575577e-02
1.075452364966813373e-02
1.075151788809779185e-02
1.074819921262266595e-02
1.074456452493378032e-02
1.074062819266759575e-02
1.073631904432704315e-02
1.073153647002290587e-02
1.072642620507487619e-02
1.072102706018266891e-02
1.071532746460869892e-02
1.070928722382013393e-02
1.070294097630038882e-02
1.069634255350720986e-02
1.068944229073765829e-02
1.068220526986870741e-02
1.067460031818873514e-02
1.066668107858200105e-02
1.065850530723422458e-02
1.064990748606292788e-02
1.064099752188663039e-02
1.063179678438552593e-02
1.062237001190255437e-02
1.061259592962187498e-02
1.060258132282322283e-02
1.059235235920774620e-02
1.058195532962033850e-02
1.057134652256535613e-02
1.056047605218956784e-02
1.054939409686657739e-02
1.053812502374775785e-02
1.052666469854186305e-02
1.051505353388212244e-02
1.050328405434104197e-02
1.049128081922979724e-02
1.047907993244676962e-02
1.046661544213979209e-02
1.045398105003100819e-02
1.044119236532512103e-02
1.042828627280816337e-02
1.041521809090050626e-02
1.040199447684236021e-02
1.038859250044280556e-02
