9.714498041164696882e-03
9.634281217567621652e-03
9.553481439303193601e-03
9.472413683783372645e-03
9.390965529167832199e-03
9.309234875171976120e-03
9.227025503777222873e-03
9.144226457464370295e-03
9.060634535144791030e-03
8.976425886585391589e-03
8.891252489158500694e-03
8.805054884048655120e-03
8.717736657877429851e-03
8.629490311141154585e-03
8.540440573779855063e-03
8.450316119233662257e-03
8.358532383076657316e-03
8.265163883630992012e-03
8.169905977820425200e-03
8.073475338752057751e-03
7.975723570346688815e-03
7.876691771425789468e-03
7.776451172137031388e-03
7.675311826031359398e-03
7.573003388334874700e-03
7.469543579224568845e-03
7.365088096967193493e-03
7.260264625975733702e-03
7.154828315245378642e-03
7.049124023863997078e-03
6.943397944223228709e-03
6.837746285613447404e-03
6.731915987979895585e-03
6.626147041053099922e-03
6.521239782483137168e-03
6.416899169701987052e-03
6.313633492418035953e-03
6.211451931450163305e-03
6.111435817634443789e-03
6.012557293534213400e-03
5.915025416479379600e-03
5.819369737834814531e-03
5.725446924567272056e-03
5.633283031516398212e-03
5.543606389248518368e-03
5.457851622530859870e-03
5.376160404489443295e-03
5.298434012495317584e-03
5.225054604385126825e-03
5.157414108489004161e-03
5.095600399149837791e-03
5.039261709795591834e-03
4.988084844213774675e-03
4.941012782586199671e-03
4.897319949058227644e-03
4.855793050342763553e-03
4.815920911963019434e-03
4.777425909362896690e-03
4.739981504468224020e-03
4.703326946101946647e-03
4.667604078592481158e-03
4.632724138743923858e-03
4.598652570638754079e-03
4.565392357599392520e-03
4.532998373725000488e-03
4.501330917947999298e-03
4.470502356471111639e-03
4.440241821345770196e-03
4.410560477254229193e-03
4.381595876684148301e-03
4.353370406957445676e-03
4.325814651791949281e-03
4.299025865622849163e-03
4.273047191779399089e-03
4.247810533962960086e-03
4.222928957440412467e-03
4.198719404328094505e-03
4.175204368840895394e-03
4.152382978968417217e-03
4.130126582578668923e-03
4.108512927085292143e-03
4.087535083635135055e-03
4.067150652050273429e-03
4.047476085774815574e-03
4.028483739096719828e-03
4.009975266220243591e-03
3.992014296739290584e-03
3.974447425886290519e-03
3.957409493464834373e-03
3.941020580303421575e-03
3.925301989362070532e-03
3.910177393864871197e-03
3.895679016944447563e-03
3.881804669966474209e-03
3.868580729547639249e-03
3.856022012936156235e-03
3.843890636668974466e-03
3.832198900348985672e-03
3.821388725325940584e-03
3.810991691236161744e-03
3.801162145927423214e-03
3.791974885446622312e-03
3.783536647096222196e-03
3.775774223910391934e-03
3.768174527963328441e-03
3.760841596323511414e-03
3.754136429661904945e-03
3.748085478722618363e-03
3.742609213193869282e-03
3.737798411840097691e-03
3.733626923302613924e-03
3.730157830830044523e-03
3.727248962980691561e-03
3.725114691246026854e-03
3.723826465259654547e-03
3.723120064186370096e-03
3.722713204808224957e-03
3.722515665505509667e-03
3.722571477362360184e-03
3.723131782760134671e-03
3.723874964939376513e-03
3.724699044832695868e-03
3.725991441199430834e-03
3.727943080528440308e-03
3.730386858185332291e-03
3.733299911188371536e-03
3.736750617153897051e-03
3.740699656860741254e-03
3.745033634674964102e-03
3.749900510679150464e-03
3.755139084736276375e-03
3.760885515799568691e-03
3.766759815233184077e-03
3.773297007151145237e-03
3.780575849836431690e-03
3.788144042631591633e-03
3.796268831852270004e-03
3.804908225476056303e-03
3.813955404547421553e-03
3.823642167574451203e-03
3.833802517863630754e-03
3.844009858657813049e-03
3.854920010738222338e-03
3.866028781637734224e-03
3.877753040973360831e-03
3.889904909078217236e-03
3.902766183706163350e-03
3.916322144985944984e-03
3.929994423558479978e-03
3.943844482877915773e-03
3.958280926219651108e-03
3.972930251503838106e-03
3.987885551295836280e-03
4.003409509181670226e-03
4.019054235485230477e-03
4.034842101203997729e-03
4.051364137186305725e-03
4.068433636145971609e-03
4.086430656367937703e-03
4.105204956898967500e-03
4.124466826611043746e-03
4.144168364200643759e-03
4.164805883077395653e-03
4.186168091196650586e-03
4.207943712455795328e-03
4.229704888123037715e-03
4.251159033468600301e-03
4.272712822903822032e-03
4.294424747675594858e-03
4.315902915356993261e-03
4.337621887556280913e-03
4.359515593148589711e-03
4.381395386230882080e-03
4.403508203063351278e-03
4.426076998736619590e-03
4.449079385719438041e-03
4.472252522164200245e-03
4.495111354706103450e-03
4.518347465354868170e-03
4.541649100608209297e-03
4.565063047651773433e-03
4.589062403849910633e-03
4.613474863226122748e-03
4.638337619269690404e-03
4.663359927639680949e-03
4.688505291763307020e-03
4.714341358223345449e-03
4.740798691098199562e-03
4.767642854946314152e-03
4.794401641040158674e-03
4.821135875099903829e-03
4.847893036443944904e-03
4.875016379801304367e-03
4.902050985858114572e-03
4.928365302363582612e-03
4.954963132867798957e-03
4.981413388542002031e-03
5.007882276921275799e-03
5.034420245097558089e-03
5.061255616310007983e-03
5.088449409255109933e-03
5.115333845105915489e-03
5.142469937233521034e-03
5.169743719235540130e-03
5.197046292649104039e-03
5.224299967805214398e-03
5.251835311272736589e-03
5.280058688084576964e-03
5.308947070758650300e-03
5.338015928579776213e-03
5.367220050368727222e-03
5.396793694829385424e-03
5.426426658673481895e-03
5.456124014370331010e-03
5.485535226931708384e-03
5.515271136746024636e-03
5.545313440404031451e-03
5.575123639730727131e-03
5.604792136007273086e-03
5.634567160824301840e-03
5.664242099285399235e-03
5.693682787985535586e-03
5.723214564101031417e-03
5.752644972394084857e-03
5.781891310547191201e-03
5.810972113689424380e-03
5.840295096912344157e-03
5.869967151744353434e-03
5.899384487105112027e-03
5.929021160511711158e-03
5.958515648471982007e-03
5.988054343883441287e-03
6.018187530010840267e-03
6.048620247143738846e-03
6.079527592877888645e-03
6.110774556488701714e-03
6.141872236594869174e-03
6.173029437482100042e-03
6.204307690517215507e-03
6.235612061908687997e-03
6.267238612245464892e-03
6.298786165379799927e-03
6.330123366588160001e-03
6.361764162320299350e-03
6.393811969391625244e-03
6.425850778016537791e-03
6.457926512399000951e-03
6.490023775311762853e-03
6.521972864946247450e-03
6.553851674537888514e-03
6.585877485987968148e-03
6.617886531209347251e-03
6.649950280525144738e-03
6.682241865104034638e-03
6.714714846788274148e-03
6.747219799535532879e-03
6.779968375159477201e-03
6.812754468846553453e-03
6.845897340635450495e-03
6.878566727391533311e-03
6.911218590001123700e-03
6.944084006459675350e-03
6.977520885506930011e-03
7.011023270765030097e-03
7.044309273232113484e-03
7.077951602152568987e-03
7.111701353439007015e-03
7.145358591027262812e-03
7.179399556497777050e-03
7.213832982109479562e-03
7.248441237523432779e-03
7.283253635304594471e-03
7.318183475916971437e-03
7.353172240612296413e-03
7.388213090258327967e-03
7.423019872886486500e-03
7.457442633607229074e-03
7.491940085105077383e-03
7.526612246296859009e-03
7.561671937492301515e-03
7.596369179208500855e-03
7.631100124649698585e-03
7.665451169422382582e-03
7.699578114300606631e-03
7.733909038692890654e-03
7.768453051984549294e-03
7.803242681511688393e-03
7.838101272786520898e-03
7.873249525183130190e-03
7.908593310665209056e-03
7.944160635032960702e-03
7.979971881024528271e-03
8.015908466440620911e-03
8.052221443564201026e-03
8.088575477512528408e-03
8.125317265058155936e-03
8.162004903162706562e-03
8.198626660675356961e-03
8.235090729764204392e-03
8.271304469539792620e-03
8.307451026021820534e-03
8.343652403652399713e-03
8.379562317637362714e-03
8.415840374544604485e-03
8.452241709584312410e-03
8.488728932694502433e-03
8.525246039783251559e-03
8.561694829508855603e-03
8.597838612984985696e-03
8.633533657502535583e-03
8.669224754821562573e-03
8.705171695441334123e-03
8.741210460845439192e-03
8.777505834551039068e-03
8.813877011209298590e-03
8.850541677417892578e-03
8.886987921835513143e-03
8.922758625827758791e-03
8.958433232391656287e-03
8.994002747535093795e-03
9.029397202686978083e-03
9.064906989049202959e-03
9.100921684733025152e-03
9.137142677534111287e-03
9.173220239619575209e-03
9.209274657951240298e-03
9.245003943180910011e-03
9.280901807247580668e-03
9.315905581645821110e-03
9.350524738083683396e-03
9.385030300489257543e-03
9.419748384876091424e-03
9.454644191321472449e-03
9.489598726601721629e-03
9.524393048534283285e-03
9.558764431618760674e-03
9.592897014758827376e-03
9.626966309436631522e-03
9.661059406981493264e-03
9.695120905833432348e-03
9.729033236168995596e-03
9.763259675399557289e-03
9.797621632692233087e-03
9.832026883652027205e-03
9.866631696047853742e-03
9.901292425034981942e-03
9.935927385235859485e-03
9.970472089908734292e-03
1.000521653614922998e-02
1.004049679077673521e-02
1.007592500098104631e-02
1.011128886135679097e-02
1.014703549310991097e-02
1.018282244578755553e-02
1.021863958984211770e-02
1.025467428474793538e-02
1.029097078564606034e-02
1.032746901826199319e-02
1.036420218932967638e-02
1.040138418182917461e-02
1.043881405660657472e-02
1.047638387384181545e-02
1.051394473076674996e-02
1.055193713995323558e-02
1.059055141214627037e-02
1.062944804148906880e-02
1.066864652515429543e-02
1.070798421080616271e-02
1.074716996357669152e-02
1.078647512120268874e-02
1.082590908536163257e-02
1.086569873939644340e-02
1.090592785261543067e-02
1.094646272383840817e-02
1.098736286950881616e-02
1.102824066574289996e-02
1.106956044720033838e-02
1.111107397655275095e-02
1.115297623644120363e-02
1.119474717540803674e-02
1.123648786539915151e-02
1.127846542528154229e-02
1.132082235291184680e-02
1.136375458793188915e-02
1.140696353999361493e-02
1.145053391617675137e-02
1.149401545025453830e-02
1.153774182741170058e-02
1.158182030132380753e-02
1.162619293193646944e-02
1.167078500171073174e-02
1.171535547832955673e-02
1.175982149693457178e-02
1.180426920467847647e-02
1.184881745769159750e-02
1.189373071505943000e-02
1.193906585166948538e-02
1.198435240155560841e-02
1.202965020393002675e-02
1.207519699020552853e-02
1.212120790127201378e-02
1.216739617482878039e-02
1.221367410396050068e-02
1.226005748878747532e-02
1.230701200065998160e-02
1.235437109546168311e-02
1.240184023851801862e-02
1.245005884949191947e-02
1.249881308511112572e-02
1.254764373449555187e-02
1.259651877183165861e-02
1.264579117602707484e-02
1.269549009698921725e-02
1.274541540706914527e-02
1.279555774042626451e-02
1.284605411588982983e-02
1.289710770765621628e-02
1.294820119287133468e-02
1.299925808205196903e-02
1.305104123391978566e-02
1.310362453940085332e-02
1.315661000107749487e-02
1.320953107989406711e-02
1.326268264349969930e-02
1.331620337693312228e-02
1.337067163992759593e-02
1.342586573283496842e-02
1.348137488062587687e-02
1.353745312189640580e-02
1.359376957764507100e-02
1.365054433714204402e-02
1.370757829992701009e-02
1.376470794344682690e-02
1.382220271774222201e-02
1.387997599082954787e-02
1.393841875899557402e-02
1.399676629504160476e-02
1.405502886120576361e-02
1.411343885609503412e-02
1.417194012836469133e-02
1.423076545458543118e-02
1.428973172745532511e-02
1.434896101081004766e-02
1.440889447986761808e-02
1.446956106309775156e-02
1.453095457302788773e-02
1.459240575535446227e-02
1.465353092788956521e-02
1.471450442239344812e-02
1.477491203000605088e-02
1.483556997117945787e-02
1.489705357570532233e-02
1.495850563905556409e-02
1.502001784946251431e-02
1.508144478920977506e-02
1.514305101814685146e-02
1.520481506049502045e-02
1.526662215445258493e-02
1.532816543758441438e-02
1.538938500774409204e-02
1.545043100969267780e-02
1.551146866718806396e-02
1.557263165665911421e-02
1.563367886709425211e-02
1.569450096477479836e-02
1.575565661500445691e-02
1.581673772268096453e-02
1.587787288320615872e-02
1.593882768865786947e-02
1.600011214280468858e-02
1.606110863477687445e-02
1.612238748253559326e-02
1.618359225705283053e-02
1.624475057384517848e-02
1.630621015500334850e-02
1.636763621932141310e-02
1.642866805579556999e-02
1.648968822621181898e-02
1.655078356994805697e-02
1.661217716161511940e-02
1.667339889731100921e-02
1.673446230669919238e-02
1.679563650155699306e-02
1.685679894639173504e-02
1.691805838410822410e-02
1.697952712988115911e-02
1.704129234632779932e-02
1.710347908781080159e-02
1.716588630443778227e-02
1.722855363015401639e-02
1.729100473834881482e-02
1.735329432395876434e-02
1.741521533094697594e-02
1.747729329196923836e-02
1.753952260722003303e-02
1.760182166038365761e-02
1.766461435278847067e-02
1.772750949087767425e-02
1.779062745807347481e-02
1.785366079826281732e-02
