4.695783177470874009e-02
4.645750223070112955e-02
4.594078260967202759e-02
4.540700207191197130e-02
4.485669150545835288e-02
4.428913562948144644e-02
4.370626155153958109e-02
4.310837843921715845e-02
4.249774986332190141e-02
4.187622362298489692e-02
4.124228815688114197e-02
4.059623655305302087e-02
3.994235537170063438e-02
3.928327115963201749e-02
3.861840641852645056e-02
3.794708554495218600e-02
3.727048038423198817e-02
3.658698558493430480e-02
3.589671040585397377e-02
3.519979962576483268e-02
3.449491157344965198e-02
3.378270277044716913e-02
3.306386648941277845e-02
3.234042154568318034e-02
3.161348841455279696e-02
3.088412784883531881e-02
3.015334488487749626e-02
2.942230020030340426e-02
2.869194767811373420e-02
2.796171818446133508e-02
2.723239885797887339e-02
2.650633861218428325e-02
2.578535745187796741e-02
2.507031030054359885e-02
2.436240325099024023e-02
2.366280875007055820e-02
2.297328329154816468e-02
2.229602759273896506e-02
2.163250941324946358e-02
2.098621335025754528e-02
2.035784198608971834e-02
1.975127928807208708e-02
1.916634698834963554e-02
1.860495956266846121e-02
1.806925548014367069e-02
1.756515613680573185e-02
1.709581936995213658e-02
1.666126722568912061e-02
1.626432973375982124e-02
1.590833914684936651e-02
1.559275585570969042e-02
1.531449237628711157e-02
1.506303516938048079e-02
1.483206705561777167e-02
1.461655179438458782e-02
1.441066525720162764e-02
1.421070816570506150e-02
1.401638827285779307e-02
1.382791474932767821e-02
1.364471888893381731e-02
1.346563256807434099e-02
1.329053490737013184e-02
1.311896321909635822e-02
1.295102350943916000e-02
1.278633241521774828e-02
1.262476760891733871e-02
1.246622536183881677e-02
1.231040749279639634e-02
1.215732048633341028e-02
1.200686631612641816e-02
1.185886978975561092e-02
1.171345413351831781e-02
1.157061062936269244e-02
1.143019917586561920e-02
1.129215125267736368e-02
1.115643511442181851e-02
1.102317453799685903e-02
1.089221870367450273e-02
1.076355790051550070e-02
1.063709866712573594e-02
1.051275979042088846e-02
1.039057727388798327e-02
1.027049012464343637e-02
1.015239551351020293e-02
1.003628685687103436e-02
9.922148669424941253e-03
9.809950889275161762e-03
9.699687689304957103e-03
9.591364579754440428e-03
9.484922226645209342e-03
9.380310804799249155e-03
9.277512770156084651e-03
9.176466302752537760e-03
9.077131076797924358e-03
8.979421603207735081e-03
8.883407376787626555e-03
8.788987533164462074e-03
8.696146122550939966e-03
8.604879217868392771e-03
8.515142027462148724e-03
8.426854631642872670e-03
8.340042615564962486e-03
8.254643707150087495e-03
8.170673799724340394e-03
8.088091528532646846e-03
8.006772954160284311e-03
7.926777125650980374e-03
7.848084206972166799e-03
7.770638419032455287e-03
7.694464205339542930e-03
7.619521743734069749e-03
7.545803949822604481e-03
7.473192076143498654e-03
7.401806643272861551e-03
7.331577471070412425e-03
7.262448686876955828e-03
7.194428415271989646e-03
7.127502989171377590e-03
7.061730879753716494e-03
6.997065003213794911e-03
6.933494264720906769e-03
6.870980379968849409e-03
6.809493336161137785e-03
6.749046061063744203e-03
6.689576175111688200e-03
6.631052557897044661e-03
6.573476927188363385e-03
6.516808107802671106e-03
6.461098753269795686e-03
6.406293198889513769e-03
6.352411050182514042e-03
6.299388228133502056e-03
6.247232445659298659e-03
6.195905448604321041e-03
6.145449145251525094e-03
6.095857092462345604e-03
6.047095901895584852e-03
5.999157747924777420e-03
5.952006460706018610e-03
5.905647803770701885e-03
5.860080921515226256e-03
5.815302625276555851e-03
5.771277830619346745e-03
5.728006300779220870e-03
5.685473291767153756e-03
5.643652956053845336e-03
5.602575367052733957e-03
5.562181043947852545e-03
5.522427099120488618e-03
5.483323784268419321e-03
5.444859106336043947e-03
5.407085733753483163e-03
5.369971561389337220e-03
5.333514308716119645e-03
5.297678551577259670e-03
5.262472187925018238e-03
5.227863197431330960e-03
5.193840245398889492e-03
5.160432215990352726e-03
5.127622380128213711e-03
5.095415952654760473e-03
5.063782403799860048e-03
5.032693170440086065e-03
5.002131150235602543e-03
4.972117278635599692e-03
4.942628919491444048e-03
4.913657532532187712e-03
4.885204221004191272e-03
4.857283873671613787e-03
4.829884135451796914e-03
4.802974839027190392e-03
4.776563837024608641e-03
4.750623359763027354e-03
4.725163442161872326e-03
4.700180014292505530e-03
4.675650673812575125e-03
4.651593879441701627e-03
4.628005578636069754e-03
4.604857050765639483e-03
4.582135425469350924e-03
4.559817860993722362e-03
4.537899386487929954e-03
4.516394571804530772e-03
4.495312415623304442e-03
4.474671108547794394e-03
4.454435913104696533e-03
4.434606700647708913e-03
4.415211050420973435e-03
4.396182779907638685e-03
4.377509008479098414e-03
4.359175841270943388e-03
4.341198957010024284e-03
4.323558665269365553e-03
4.306271573007202855e-03
4.289316162880435317e-03
4.272697233168257919e-03
4.256451036678536581e-03
4.240552044848478960e-03
4.224975645342711299e-03
4.209689688171093860e-03
4.194721829103922016e-03
4.180081507227285768e-03
4.165743488936966832e-03
4.151721299664782282e-03
4.138011804075788190e-03
4.124603934401400995e-03
4.111527323985049096e-03
4.098759969902868519e-03
4.086296589118501056e-03
4.074171377608918655e-03
4.062339716424910596e-03
4.050792065575676941e-03
4.039565452135333683e-03
4.028624685808496544e-03
4.017940866859606025e-03
4.007564402552755804e-03
3.997455366783420928e-03
3.987591745948391997e-03
3.977999893583010829e-03
3.968695158624142849e-03
3.959674106838720863e-03
3.950899110775767803e-03
3.942395769992384537e-03
3.934139795690684040e-03
3.926150384254388503e-03
3.918445761097862252e-03
3.910988536461054189e-03
3.903779225505692261e-03
3.896813121536888466e-03
3.890120235285266480e-03
3.883694779822332611e-03
3.877537647751914084e-03
3.871638349747075648e-03
3.865991431847030403e-03
3.860612771616229490e-03
3.855443285701146399e-03
3.850508423818610731e-03
3.845778563180997714e-03
3.841270938480645988e-03
3.836999481582189717e-03
3.832971186042858323e-03
3.829079296667323509e-03
3.825410101836918680e-03
3.821974975960192988e-03
3.818762423696681323e-03
3.815759221326656386e-03
3.812948044756010995e-03
3.810382149984750059e-03
3.808010558184186933e-03
3.805852652846209144e-03
3.803934423543643435e-03
3.802245751775402884e-03
3.800776518354066335e-03
3.799533428823984905e-03
3.798503098108487429e-03
3.797599495709090122e-03
3.796900504731063556e-03
3.796393628460023942e-03
3.796071904511998107e-03
3.795991301028859254e-03
3.796140408489250169e-03
3.796523413690631229e-03
3.797126540648373353e-03
3.797940564975149647e-03
3.798974539982864947e-03
3.800243020465923684e-03
3.801743201696104052e-03
3.803411028055210530e-03
3.805286013587019702e-03
3.807367041846984514e-03
3.809698632924872052e-03
3.812232297830530237e-03
3.815009514454205213e-03
3.818037302488695370e-03
3.821327406784051119e-03
3.824871690091065108e-03
3.828658307835468028e-03
3.832635984500440841e-03
3.836847935408227439e-03
3.841316971152780591e-03
3.846030651484351557e-03
3.851036554230817012e-03
3.856314577700599606e-03
3.861845550012074548e-03
3.867592428689807169e-03
3.873528774475435820e-03
3.879689610645149864e-03
3.885988293743116145e-03
3.892531804713391698e-03
3.899336534600638272e-03
3.906421539817777483e-03
3.913721766358244439e-03
3.921179962698784736e-03
3.928818739250535506e-03
3.936685918162278509e-03
3.944793186714430633e-03
3.953085110958866506e-03
3.961560918146132294e-03
3.970184571951590989e-03
3.979005208056024534e-03
3.987958077006378485e-03
3.996941965878609247e-03
4.006017604889707505e-03
4.015113710117690186e-03
4.024129591898973832e-03
4.032976365755579218e-03
4.041606082635708710e-03
4.049670436479575579e-03
4.057195139835320825e-03
4.064201132956468676e-03
4.070718940671553751e-03
4.076818597824111677e-03
4.082392877632384093e-03
4.087511893861364536e-03
4.092050545312608291e-03
4.096014851327635375e-03
4.099574672848495596e-03
4.102811928036505761e-03
4.105538989548052596e-03
4.107752050985872747e-03
4.109687371962657612e-03
4.111232130399258486e-03
4.112717391362585677e-03
4.114116290362792097e-03
4.115511399382825071e-03
4.116786145614760584e-03
4.118033526944423969e-03
4.119363268825218180e-03
4.120857887242159422e-03
4.122465207101457148e-03
4.124139276855566007e-03
4.125837715008490170e-03
4.127746761076269560e-03
4.129589417567323950e-03
4.131537364481315151e-03
4.133595694177500529e-03
4.135837397419987391e-03
4.138271305045762745e-03
4.140845477956718243e-03
4.143555933566983422e-03
4.146280590166871553e-03
4.149178747004522369e-03
4.152252600710048917e-03
4.155545901928460809e-03
4.159085441766852999e-03
4.162980639529393137e-03
4.166962647200733727e-03
4.171088555849716828e-03
4.175364518738631896e-03
4.179719301896829727e-03
4.184343759659237515e-03
4.189264740342258687e-03
4.194476571243840358e-03
4.199985437722645286e-03
4.205718097696495641e-03
4.211516688755878070e-03
4.217529021551694700e-03
4.223872165766246259e-03
4.230434966815024671e-03
4.237126184233656022e-03
4.243892447377032098e-03
4.250967695354878305e-03
4.258415803969513129e-03
4.266216637051411381e-03
4.274275988998170808e-03
4.282670772954617552e-03
4.291354370377407391e-03
4.300305222194380009e-03
4.309702411922995170e-03
4.319509961072486373e-03
4.329519053222464185e-03
4.339951417919802809e-03
4.350847453819755781e-03
4.362166827678058689e-03
4.373838361439630514e-03
4.385715181095970784e-03
4.397895961946638420e-03
4.410374622605589372e-03
4.423058716810179467e-03
4.436169976372179510e-03
4.449685704944667843e-03
4.463644041784180401e-03
4.477969671941465189e-03
4.492423163403462365e-03
4.507029829467973543e-03
4.521993779143283938e-03
4.537241298194559340e-03
4.552915150575188863e-03
4.569080657210166166e-03
4.585756401975409416e-03
4.602847830590644194e-03
4.620444444224853543e-03
4.638436633988040139e-03
4.656507661223452561e-03
4.674990620173097300e-03
4.693874564405242818e-03
4.713277192791322061e-03
4.733097806776303228e-03
4.753018451610164542e-03
4.773249152660119163e-03
4.793938143837059643e-03
4.814871036308986281e-03
4.836219057322115045e-03
4.858022751099548044e-03
4.880227425080614807e-03
4.902791391020795697e-03
4.925443293000204663e-03
4.948022869421689861e-03
4.970812824320261156e-03
4.994001594397999219e-03
5.017615583996064624e-03
5.041582726878966053e-03
5.065739035399605648e-03
5.090109243986892101e-03
5.114825445917450461e-03
5.139711252945620978e-03
5.164730216243333324e-03
5.189942866596296799e-03
5.215472105271580158e-03
5.241262436394925409e-03
5.267163493171959920e-03
5.293527621744193584e-03
5.320255897060549403e-03
5.347297678778168209e-03
5.374769790201161176e-03
5.402483528146559064e-03
5.430604965158237520e-03
5.459316858448388411e-03
5.488333165722345322e-03
5.517725751253462450e-03
5.547323174666748784e-03
5.576916092065555171e-03
5.606628342395712263e-03
5.636613709152277218e-03
5.667118443288637203e-03
5.698173866660104746e-03
5.729619685245429007e-03
5.761215166627387321e-03
5.792881319535055258e-03
5.824839835355177450e-03
5.857005396066656232e-03
5.889441212710028878e-03
5.922269841373071879e-03
5.955695855457728526e-03
5.989729773461810285e-03
6.024346190956187362e-03
6.059133172514421552e-03
6.094257589858821135e-03
6.129755914145590574e-03
6.165234054607286046e-03
6.201073684864438253e-03
6.237309158921388111e-03
6.274063297447376487e-03
6.311234908477261069e-03
6.348737269748711345e-03
6.386688048189495537e-03
6.424969017148215999e-03
6.463541526538232017e-03
6.502716651606334393e-03
6.542083103592694071e-03
6.581717902280303373e-03
6.621862587593469601e-03
6.662419175729672287e-03
6.703262217577853933e-03
6.744295996152615234e-03
6.785805601419221504e-03
6.827911428914161876e-03
6.870662348215669443e-03
6.913681213752419924e-03
6.956953457850965569e-03
7.000696183341704494e-03
7.045016565533118030e-03
7.090030675833244173e-03
7.135567961272802455e-03
7.181230901701939930e-03
7.227329675613880164e-03
7.273756367181754764e-03
7.320479074210031745e-03
7.367480238879827413e-03
7.414463660431060144e-03
7.461535758506448665e-03
7.508974131042209926e-03
7.556889565604440681e-03
7.605250651754514105e-03
7.654190347921269871e-03
7.703544068792621442e-03
7.753261627311059008e-03
7.803500227513218007e-03
7.854381317219986947e-03
7.905629107672134184e-03
7.957174129242992194e-03
8.009128840346034853e-03
8.061620581397652488e-03
8.114521895787809788e-03
8.168120389417271934e-03
8.222371871033107640e-03
8.277172222050882197e-03
8.332822756565999231e-03
8.389259079175551137e-03
8.446118917935291001e-03
