2.553894431039929053e-02
2.526919181322834565e-02
2.500066740990252237e-02
2.473445663194152877e-02
2.446803546905600493e-02
2.420205783381381218e-02
2.393652978252922350e-02
2.367207922974173123e-02
2.340864147856475119e-02
2.314621369046128765e-02
2.288643602496509208e-02
2.263194908049205242e-02
2.238531734055334080e-02
2.214901652525160317e-02
2.192144505389907738e-02
2.170032796747068532e-02
2.148311180310016888e-02
2.126805062251879361e-02
2.105331810548213833e-02
2.083772274342637898e-02
2.061981113717778827e-02
2.039906140494378642e-02
2.017501497462909424e-02
1.994742917996868495e-02
1.971665780584102093e-02
1.948322086310802503e-02
1.924673641643947358e-02
1.900709927446437436e-02
1.876503223545244667e-02
1.852036691222552420e-02
1.827328992433549862e-02
1.802401506457104383e-02
1.777296561994954130e-02
1.752060369324286507e-02
1.726704450530564677e-02
1.701256496225020398e-02
1.675730506201389414e-02
1.650190300843815822e-02
1.624649681956741656e-02
1.599174060457655977e-02
1.573834636790980707e-02
1.548622193200768771e-02
1.523578641461908849e-02
1.498742485563398126e-02
1.474276574517785141e-02
1.450417788912121246e-02
1.427535848741062763e-02
1.406213736021734960e-02
1.387190018784529959e-02
1.370696741823718492e-02
1.356593878765782225e-02
1.344855245020505456e-02
1.335297823776208058e-02
1.327899212538239705e-02
1.322340622038121680e-02
1.318258021484057345e-02
1.315211428794511341e-02
1.312853318292253775e-02
1.311048574437477868e-02
1.309689625661022289e-02
1.308530971256906088e-02
1.307484689832182599e-02
1.306456839894694529e-02
1.305442733395870657e-02
1.304408656944451746e-02
1.303381116167141515e-02
1.302396782186309061e-02
1.301377122083482996e-02
1.300327702352003893e-02
1.299246295870725744e-02
1.298138105218518516e-02
1.297030081452354988e-02
1.295891769556240143e-02
1.294727482085832569e-02
1.293542839429476059e-02
1.292377706563989370e-02
1.291182416641727115e-02
1.289982678050199255e-02
1.288761527020300911e-02
1.287515428853516948e-02
1.286255195200798618e-02
1.284969803231949051e-02
1.283640968538199943e-02
1.282285568413414102e-02
1.280884446986807479e-02
1.279473412832830316e-02
1.278025896056534175e-02
1.276576957667228951e-02
1.275090478758029999e-02
1.273576633950088827e-02
1.272005978150291851e-02
1.270406199298661741e-02
1.268769072141623204e-02
1.267116778321400808e-02
1.265437104054917099e-02
1.263726387853200336e-02
1.262009788243772211e-02
1.260282558611874708e-02
1.258512868765809811e-02
1.256716758873304557e-02
1.254905839282275705e-02
1.253084478026070085e-02
1.251227289433809453e-02
1.249349654842731722e-02
1.247450343316926918e-02
1.245512136638852498e-02
1.243534989664253458e-02
1.241535132757522197e-02
1.239511322612278990e-02
1.237461418977947938e-02
1.235391309215519602e-02
1.233286869476526298e-02
1.231158842309143867e-02
1.228992795745207679e-02
1.226797167818067039e-02
1.224563812493474277e-02
1.222309475797197890e-02
1.220027429829662405e-02
1.217727904788538928e-02
1.215371052660421322e-02
1.212984728416878141e-02
1.210562879411404037e-02
1.208123433118306160e-02
1.205658262418680265e-02
1.203166792977894937e-02
1.200640484811916868e-02
1.198099147134097826e-02
1.195526469240622280e-02
1.192909248770494292e-02
1.190272304763364750e-02
1.187591949487360257e-02
1.184876096265836953e-02
1.182128670804098898e-02
1.179343954886608037e-02
1.176552509065448629e-02
1.173709640654653497e-02
1.170835456670310526e-02
1.167933362423393372e-02
1.165021274719845075e-02
1.162069971225612036e-02
1.159093383154640756e-02
1.156092316212732271e-02
1.153078162834256064e-02
1.150042808506877672e-02
1.146992797884689372e-02
1.143924067836511564e-02
1.140827461672210691e-02
1.137698693010132447e-02
1.134564595552502511e-02
1.131407176403730584e-02
1.128228385590272602e-02
1.125038340635846172e-02
1.121839733147221574e-02
1.118607738242679422e-02
1.115376489316474533e-02
1.112121902007503355e-02
1.108846328725670433e-02
1.105545343349129822e-02
1.102229022883229916e-02
1.098874609336039990e-02
1.095506756975073853e-02
1.092126588229701961e-02
1.088730402028742668e-02
1.085305712320724578e-02
1.081867120046309076e-02
1.078409488747970185e-02
1.074944607574413943e-02
1.071451053880121719e-02
1.067938004158686290e-02
1.064393285772707344e-02
1.060840108683767068e-02
1.057287040126073802e-02
1.053698803341465359e-02
1.050087495629915824e-02
1.046456487193708762e-02
1.042820692984686853e-02
1.039167477885290757e-02
1.035520222427383473e-02
1.031864454032462887e-02
1.028200125250194538e-02
1.024531382104340929e-02
1.020855401026840928e-02
1.017182796382157597e-02
1.013496897071521421e-02
1.009805843808725401e-02
1.006110439152045621e-02
1.002409148682742966e-02
9.987030287781641438e-03
9.949808259095499485e-03
9.912563712447376371e-03
9.875051685629718939e-03
9.837463377670571316e-03
9.799788714392276487e-03
9.762076765017819666e-03
9.724188360755291888e-03
9.686308057579048544e-03
9.648347210033797472e-03
9.610309055834801231e-03
9.572212868509576839e-03
9.534037254158985938e-03
9.495858082323617791e-03
9.457681257391017254e-03
9.419467739477705576e-03
9.381253891582239449e-03
9.343064269945900585e-03
9.304739770939740237e-03
9.266245361939819472e-03
9.227828190263692373e-03
9.189465935997696844e-03
9.151181953761182430e-03
9.112967228234252273e-03
9.074801389677944821e-03
9.036585870701750040e-03
8.998302307361863081e-03
8.960285368100614350e-03
8.922231997835480127e-03
8.884180701007070302e-03
8.846047800639614614e-03
8.807913207242498016e-03
8.769865402333451229e-03
8.731834298420535628e-03
8.693851647715640507e-03
8.655870484977765816e-03
8.617917469819337192e-03
8.580082415855403224e-03
8.542152734580485754e-03
8.504170654532504717e-03
8.465998872462509109e-03
8.427865559420039468e-03
8.389880804825817703e-03
8.352000347161108937e-03
8.314170782397725668e-03
8.276400698537631981e-03
8.238588769101549622e-03
8.201004343569934241e-03
8.163332501409492625e-03
8.125657150873129633e-03
8.088048835761439681e-03
8.050497391417454213e-03
8.012799439189888587e-03
7.974878095600910349e-03
7.937003570286680493e-03
7.899127827708985264e-03
7.861206818134370070e-03
7.823335262213423555e-03
7.785401321313380370e-03
7.747614224623365804e-03
7.709808792553015690e-03
7.672069812417707003e-03
7.634480766044643429e-03
7.596957773384925214e-03
7.559450377464355456e-03
7.522037300611362706e-03
7.484594342242939513e-03
7.447285787098743490e-03
7.409914420840582952e-03
7.372581016508348087e-03
7.335338436782317187e-03
7.298144062871203368e-03
7.261060974981356671e-03
7.223935494534528684e-03
7.186828029518356649e-03
7.149787459388115551e-03
7.112781355681347534e-03
7.075680362073785874e-03
7.038639828863554361e-03
7.001589620028518014e-03
6.964585246953036712e-03
6.927555994762385483e-03
6.890351686658999913e-03
6.853083368641405861e-03
6.815758349393284156e-03
6.778483396630064807e-03
6.741187369254647739e-03
6.703988935927389543e-03
6.666830253374702621e-03
6.629817425871430657e-03
6.592716784390995066e-03
6.555597469221988334e-03
6.518394256895509477e-03
6.481280914023719412e-03
6.444318005530783391e-03
6.407407226530209901e-03
6.370665189963754978e-03
6.333981200524511739e-03
6.297394332360714900e-03
6.260762482489635496e-03
6.224081260086257450e-03
6.187612523101535499e-03
6.151205250656555275e-03
6.114915389550412174e-03
6.078817562987153672e-03
6.042847524701708793e-03
6.006992990275901272e-03
5.971298641476736196e-03
5.935754483469469003e-03
5.900316173738392664e-03
5.865077655271787142e-03
5.829908681880675153e-03
5.794975109013922841e-03
5.760310777532501314e-03
5.725834751121369921e-03
5.691789623407261627e-03
5.657903092772357222e-03
5.624335494985557155e-03
5.591062537245045268e-03
5.557996799238209412e-03
5.525240359745016601e-03
5.492759561785715873e-03
5.460736202907238643e-03
5.429127795133731164e-03
5.397886067012584894e-03
5.367106208101864694e-03
5.336824312441252119e-03
5.307186518633374289e-03
5.278162941302177134e-03
5.249857419342181773e-03
5.222466198867454015e-03
5.195914019477025289e-03
5.170269738482044519e-03
5.145427112128991148e-03
5.121206111739991067e-03
5.097501993049398730e-03
5.074170992322536017e-03
5.051048176405887984e-03
5.028316046786211746e-03
5.005810838506420841e-03
4.983533972554113692e-03
4.961420124958790950e-03
4.939349973580936352e-03
4.917340053791924986e-03
4.895292691414837583e-03
4.873267291944725042e-03
4.851278104729937930e-03
4.829286230969551987e-03
4.807425433309929323e-03
4.785529425131635796e-03
4.763626004673878443e-03
4.741618919161121742e-03
4.719578765271158390e-03
4.697538280978177591e-03
4.675510039395065244e-03
4.653371029926754547e-03
4.631164605012668550e-03
4.608968739301393287e-03
4.586654497620321590e-03
4.564360794003954544e-03
4.542043343858313299e-03
4.519599297761208931e-03
4.497217621365208820e-03
4.474840887186086642e-03
4.452364234330903094e-03
4.429876290117307908e-03
4.407260003220012448e-03
4.384626243611165937e-03
4.362020845276981529e-03
4.339362895203295427e-03
4.316720024999136027e-03
4.294038831180900170e-03
4.271335610240501596e-03
4.248624031540658430e-03
4.225838091764026923e-03
4.203057072984055925e-03
4.180242746683514310e-03
4.157350940450312872e-03
4.134423387546003019e-03
4.111476310619824326e-03
4.088486239832772248e-03
4.065497290950072576e-03
4.042472134558792139e-03
4.019381056666974754e-03
3.996216216845459475e-03
3.973093206075776693e-03
3.949882538921069275e-03
3.926700562251201308e-03
3.903566103087877451e-03
3.880305234681467961e-03
3.856979387374624094e-03
3.833531140977769654e-03
3.810101911135859235e-03
3.786497591722696229e-03
3.762776862181405491e-03
3.739033629415638212e-03
3.715323945441613863e-03
3.691650622793977293e-03
3.667948960963873881e-03
3.644168821468288071e-03
3.620278867581424014e-03
3.596337681197093322e-03
3.572345252853254167e-03
3.548226247539449686e-03
3.524085114633981278e-03
3.499963367804560278e-03
3.475819089572199701e-03
3.451718667043932563e-03
3.427571253732921309e-03
3.403330038548952642e-03
3.379100774209660690e-03
3.354937899924532139e-03
3.330754259368678017e-03
3.306618212407616553e-03
3.282469812250762842e-03
3.258275113652794788e-03
3.234075742996960715e-03
3.209881772368719261e-03
3.185652239956043939e-03
3.161457894760887240e-03
3.137209250605771556e-03
3.112946298017906042e-03
3.088600277388013973e-03
3.064285865912393797e-03
3.039924660422114837e-03
3.015622785342317574e-03
2.991163542415590116e-03
2.966685734549460041e-03
2.942257121581913146e-03
2.917717524479539887e-03
2.893089761835161526e-03
2.868550807387946090e-03
2.843998610542892644e-03
2.819399223312608199e-03
2.794681773199880238e-03
2.769925927541328371e-03
2.745156919056448031e-03
2.720178999541568617e-03
2.695085559198187163e-03
2.669774472287445889e-03
2.644428402328004996e-03
2.618877167454604794e-03
2.593131793323261072e-03
2.567287848405915528e-03
2.541454085824779423e-03
2.515476981879370341e-03
2.489504293569394944e-03
2.463391115458592878e-03
2.437083426494982604e-03
2.410831213783771933e-03
2.384375280092271201e-03
2.357677524369112664e-03
2.330926143420691213e-03
2.303987059419649718e-03
2.276811663462503799e-03
2.249470186404476432e-03
2.221911403363722656e-03
2.194128287295709408e-03
2.166040068985314575e-03
2.137657447713821584e-03
2.109019551766630821e-03
2.079923272991523499e-03
2.050365963219415427e-03
2.020625071812083475e-03
1.990734980328995578e-03
1.960570329199514024e-03
1.930313105295012200e-03
1.899852575943608178e-03
1.869147524638723780e-03
1.838469732854100232e-03
1.807746579804993562e-03
1.777102925049761206e-03
1.746627970724252011e-03
1.716382038399830428e-03
1.686399337805083486e-03
1.656695920335499997e-03
1.627347506120490912e-03
1.598318092312099635e-03
1.569706632779191815e-03
1.541448955346126377e-03
1.513669483139744830e-03
1.486322084803262493e-03
1.459448594096956001e-03
1.433038748939257159e-03
1.407131232947008955e-03
1.381746650464523492e-03
1.356888700077443170e-03
1.332552337231850603e-03
1.308730822443444864e-03
1.285360618584237800e-03
1.262473086161537391e-03
1.240114240556877212e-03
1.218263973982347927e-03
1.196929044695448086e-03
1.176126646071374996e-03
1.155876634617272920e-03
1.136156088151863124e-03
1.116934315455772164e-03
1.098186286367624836e-03
1.079913285105887737e-03
1.062105529833947152e-03
1.044725452438694836e-03
1.027782598070209113e-03
1.011207774494984066e-03
9.950468870422145024e-04
9.792895017715175059e-04
9.639671424638292891e-04
9.490578834617287990e-04
9.345491886104108316e-04
9.204213912740440238e-04
9.066808247687565322e-04
8.933151577257586635e-04
8.803181007687182905e-04
