4.134012721174793771e-03
4.114354972805282264e-03
4.095232836445502136e-03
4.076445463921942250e-03
4.057989146437361930e-03
4.039907042955674307e-03
4.022199526800976713e-03
4.004831332085209521e-03
3.987926785225588688e-03
3.971773006925938612e-03
3.956334988487851187e-03
3.941508438055393859e-03
3.927294338450895358e-03
3.913703758740092603e-03
3.900618962306868966e-03
3.888128688606829354e-03
3.876192944370950022e-03
3.864742672444379697e-03
3.853801704533889576e-03
3.843360699026453567e-03
3.833310320944435887e-03
3.823641101236455869e-03
3.814277677870938667e-03
3.805148922977619631e-03
3.796139226036024123e-03
3.787662506487066930e-03
3.779192999030691735e-03
3.770732083340831362e-03
3.762450272334621516e-03
3.754218934404909488e-03
3.746041849058415456e-03
3.737955179508999949e-03
3.730342003777304630e-03
3.723494227287824782e-03
3.717446951826345724e-03
3.712018551910194718e-03
3.707092949708324075e-03
3.703275693094326519e-03
3.700477058534277879e-03
3.698433571031388943e-03
3.696657780634587248e-03
3.694676331987019943e-03
3.692849706479802829e-03
3.691315677980764980e-03
3.689833737836629903e-03
3.688180766243735666e-03
3.686566733485526284e-03
3.685180266364320931e-03
3.684307181252240593e-03
3.684491371143548862e-03
3.687772881806451828e-03
3.694589482878453228e-03
3.703197724424032999e-03
3.712174643202189803e-03
3.721206715643605913e-03
3.730558210612997666e-03
3.740424182299887431e-03
3.751020129031307215e-03
3.762204462313034972e-03
3.773592343158067158e-03
3.785554673863876594e-03
3.798342485622320259e-03
3.811810164807517571e-03
3.826026211457042581e-03
3.840776721911683383e-03
3.856149579138073991e-03
3.871862167897797014e-03
3.888518307616552986e-03
3.905940988752703950e-03
3.923890521421068839e-03
3.942446187158195683e-03
3.961661788230341243e-03
3.981363102981467887e-03
4.001503808351932270e-03
4.022162592941276073e-03
4.043205356020465081e-03
4.064796435621429414e-03
4.086960561881734441e-03
4.109570946747066918e-03
4.132544868133549570e-03
4.155679784560040863e-03
4.179481973814079369e-03
4.203470684858950750e-03
4.227703513461969313e-03
4.252704943827299681e-03
4.278548596971863509e-03
4.304920985715731535e-03
4.331769852467951334e-03
4.359169588119159687e-03
4.387184481530922477e-03
4.415595752934652583e-03
4.444708760524540385e-03
4.474530587657641299e-03
4.504546975945922932e-03
4.534614374071335718e-03
4.564573302129392406e-03
4.594532873679763214e-03
4.625023381968755044e-03
4.655855375770568717e-03
4.686809519880854626e-03
4.718118106940095979e-03
4.749265640071938070e-03
4.780628575032357976e-03
4.812909448601504665e-03
4.845406309015952602e-03
4.878258613808178663e-03
4.911681138280605055e-03
4.945407084595264575e-03
4.979225068498710494e-03
5.013378179133642573e-03
5.047500062649612831e-03
5.082098335019248625e-03
5.116808795268466131e-03
5.152005844449985932e-03
5.187468228687448085e-03
5.223145107091512092e-03
5.258872627471819668e-03
5.294314296840766862e-03
5.329763151391169948e-03
5.365229537239652076e-03
5.401028703863989221e-03
5.437025357125195579e-03
5.472952021033159267e-03
5.508766105055451327e-03
5.544577548410620921e-03
5.580389304184679884e-03
5.616832384312367941e-03
5.653632204779702325e-03
5.690197101452010991e-03
5.726774680670267993e-03
5.763392478823916275e-03
5.800595356939066381e-03
5.838217682023968264e-03
5.876178165429161819e-03
5.913826923897366229e-03
5.951547951100117674e-03
5.988837344333492602e-03
6.026289101786772365e-03
6.064009299665623458e-03
6.101652526768387534e-03
6.139112706189340032e-03
6.176458602849503078e-03
6.213241416006730355e-03
6.249535835092886842e-03
6.286136080699579291e-03
6.322387756365713610e-03
6.358776111012857772e-03
6.395479553231768477e-03
6.432788249010854519e-03
6.470023908226949470e-03
6.506957723398557915e-03
6.543810609984847954e-03
6.580467626015684170e-03
6.617299847355350914e-03
6.654008312435407725e-03
6.690730488133692089e-03
6.727573033023344189e-03
6.764273943180505386e-03
6.800586155991116682e-03
6.836529470741432857e-03
6.872793716037971408e-03
6.908945892876910098e-03
6.945105786448668370e-03
6.980679160406332365e-03
7.015777811474444882e-03
7.050473390701370371e-03
7.085040123862596309e-03
7.119754718665580878e-03
7.154529317126219132e-03
7.188736400443949091e-03
7.222805035715577741e-03
7.256772767592771338e-03
7.290835860119554424e-03
7.324813257311981948e-03
7.358597501403040322e-03
7.392331485942733350e-03
7.425516735654272803e-03
7.458407762818544673e-03
7.491194784073900922e-03
7.523569890372599350e-03
7.556060732825069584e-03
7.588142955736182013e-03
7.619791582602192075e-03
7.651433917247464633e-03
7.683052542346417886e-03
7.714636858662731606e-03
7.746312285935604176e-03
7.777674870056200743e-03
7.808803986067111222e-03
7.839718154231423500e-03
7.870863639317439778e-03
7.901698930552373407e-03
7.932100200709758797e-03
7.962037543834657796e-03
7.991314941947240055e-03
8.020532437059800165e-03
8.049554960603631792e-03
8.078170105537773801e-03
8.105962457059049872e-03
8.133301153046312501e-03
8.160511277487443246e-03
8.188024702715353265e-03
8.215221365196787723e-03
8.242494716083089909e-03
8.269714529819938847e-03
8.296867269143153381e-03
8.324111306846807001e-03
8.351081126859978901e-03
8.377407687417919371e-03
8.403597980767337633e-03
8.429746021960336441e-03
8.455873672851806425e-03
8.481028096737213556e-03
8.505629832556212133e-03
8.530188562926886708e-03
8.554555432136146456e-03
8.578843357814247908e-03
8.602952948201982725e-03
8.626866859329063164e-03
8.650457370867288553e-03
8.673723008435604148e-03
8.696595002871445809e-03
8.719295979729323881e-03
8.742012318344746791e-03
8.764509252230262906e-03
8.786718937290700568e-03
8.808676284168037718e-03
8.830389123320511041e-03
8.851762594874714590e-03
8.873076941648423005e-03
8.894304721540655795e-03
8.915156103960328662e-03
8.936061233190531472e-03
8.956626047545332772e-03
8.976948904040504135e-03
8.997058878826650827e-03
9.017016801426205874e-03
9.036698878050856976e-03
9.056305275811924252e-03
9.075956211301444698e-03
9.095255774949880315e-03
9.114362786079707388e-03
9.133056037265600835e-03
9.150762549493221543e-03
9.168474497095716394e-03
9.185905658949665084e-03
9.203107683127197472e-03
9.220152598654118153e-03
9.237091989279407750e-03
9.253651272197028696e-03
9.270001023260877535e-03
9.285999493065903720e-03
9.301811386708776219e-03
9.317217047012502432e-03
9.332456814204180898e-03
9.347338437916550419e-03
9.362023955619986487e-03
9.376627184343270041e-03
9.390942650644589634e-03
9.404870700125592120e-03
9.418511147766015640e-03
9.432240894237357495e-03
9.446081083592896763e-03
9.459899740814892849e-03
9.473326544573232658e-03
9.486506291592526618e-03
9.499483017809274427e-03
9.512421335596524599e-03
9.524939520787711195e-03
9.537228723420656737e-03
9.549395797961737070e-03
9.561373095505514702e-03
9.573162190040587077e-03
9.585131967829183322e-03
9.597060823461924656e-03
9.608985087305696102e-03
9.620844630961782745e-03
9.632662653471544406e-03
9.643980345933561224e-03
9.655010590904478454e-03
9.665938357929572053e-03
9.676486231726134576e-03
9.686885404886600923e-03
9.697301764581087863e-03
9.707631440743184556e-03
9.717660200186219524e-03
9.727552797566983364e-03
9.737146806797779969e-03
9.746432381343943588e-03
9.755214420237197370e-03
9.763679345307370305e-03
9.771801829749664908e-03
9.779834018562394080e-03
9.787873940967719427e-03
9.795973643788803004e-03
9.803823505219586357e-03
9.811641694796051708e-03
9.819605564474061590e-03
9.827691206308948602e-03
9.835892785708103339e-03
9.843831168750608041e-03
9.851578997615647801e-03
9.859121770482617148e-03
9.866637589099842842e-03
9.874322677377152246e-03
9.882167444669368028e-03
9.889977417958505795e-03
9.897679604135475526e-03
9.905385440434844035e-03
9.913257500811799988e-03
9.921155972597383785e-03
9.929254022070014424e-03
9.937182003867253005e-03
9.945066183975455332e-03
9.953212483274291589e-03
9.961307688029606353e-03
9.969764514673774836e-03
9.978619173424619487e-03
9.987883258040194598e-03
9.997492660918256072e-03
1.000762652339275659e-02
1.001831336246086605e-02
1.002924573573720120e-02
1.004047335861553945e-02
1.005210772630603377e-02
1.006389919740725315e-02
1.007594089612668699e-02
1.008810563939768236e-02
1.010039900529787101e-02
1.011294045619622051e-02
1.012549946586353833e-02
1.013824396655182633e-02
1.015118842371182106e-02
1.016427790175184268e-02
1.017742401737645359e-02
1.019031481598650646e-02
1.020284399462847470e-02
1.021540473673212580e-02
1.022797864551020994e-02
1.024050257762068594e-02
1.025311182145022086e-02
1.026576384707404352e-02
1.027807445809290551e-02
1.029019428609338413e-02
1.030221237341224193e-02
1.031412551991779496e-02
1.032593030284485562e-02
1.033779872727624144e-02
1.034962172402003472e-02
1.036153907883494846e-02
1.037346607057287352e-02
1.038528408150955762e-02
1.039714863837110613e-02
1.040931221580462980e-02
1.042164507682170546e-02
1.043384935663201063e-02
1.044582906335659450e-02
1.045760650177724772e-02
1.046950604560705281e-02
1.048164605625889235e-02
1.049379266568988868e-02
1.050596819581111133e-02
1.051832051236942407e-02
1.053064480133730080e-02
1.054313551563684608e-02
1.055595496778792726e-02
1.056876541972210336e-02
1.058115036926690275e-02
1.059354398934578972e-02
1.060604610535179938e-02
1.061848249269057957e-02
1.063112477864142438e-02
1.064363884634702585e-02
1.065605825383264711e-02
1.066851021521915584e-02
1.068102369636072038e-02
1.069375906202860854e-02
1.070644363068946371e-02
1.071905055369476445e-02
1.073153819327414375e-02
1.074389862056724342e-02
1.075619525966671312e-02
1.076846642202549352e-02
1.078079278976890043e-02
1.079307590180900688e-02
1.080520253339496868e-02
1.081743724967043803e-02
1.082965875152258270e-02
1.084194350549378197e-02
1.085405776602192847e-02
1.086606725616224775e-02
1.087800721449413630e-02
1.088982578168175112e-02
1.090169720841117039e-02
1.091349890209819019e-02
1.092547494625864188e-02
1.093738820133330694e-02
1.094925507941652693e-02
1.096104485916542422e-02
1.097280164540509473e-02
1.098451658668961502e-02
1.099625950685649729e-02
1.100798990779870007e-02
1.101953940132677223e-02
1.103101239784995934e-02
1.104271911751684293e-02
1.105413666281370930e-02
1.106536525746304976e-02
1.107660468330109657e-02
1.108781642446679538e-02
1.109903332891875628e-02
1.111003448283276636e-02
1.112086234973443458e-02
1.113168992986186476e-02
1.114244244652128069e-02
1.115321512639141054e-02
1.116404992171970978e-02
1.117481263748401794e-02
1.118562992089277425e-02
1.119632393997562099e-02
1.120692842038323485e-02
1.121740229411997969e-02
1.122778099148219813e-02
1.123804467976832581e-02
1.124840919904400785e-02
1.125873858432565808e-02
1.126923214133536064e-02
1.127974290640929543e-02
1.129030211440680033e-02
1.130061272343440247e-02
1.131104401674337331e-02
1.132138780055342610e-02
1.133189194250606643e-02
1.134255764438084867e-02
1.135332444230751150e-02
1.136425310504342832e-02
1.137515654847138895e-02
1.138618683443085901e-02
1.139737807287295561e-02
1.140876960938628538e-02
1.142030809965717889e-02
1.143183848335560353e-02
1.144363442018756817e-02
1.145576678717895140e-02
1.146808314179106024e-02
1.148075135640934212e-02
1.149359171964221306e-02
1.150652664244629537e-02
1.151967113428685116e-02
1.153308097818383712e-02
1.154671168788425593e-02
1.156065439737377631e-02
1.157519583798505280e-02
1.159010330783361020e-02
1.160538621022208505e-02
1.162114275565950990e-02
1.163699463639192473e-02
1.165305656924791634e-02
1.166947088241848327e-02
1.168608488301177244e-02
1.170262953136048077e-02
1.171914444471727421e-02
1.173616500510644978e-02
1.175362427648169936e-02
1.177125281007065233e-02
1.178903874354897928e-02
1.180686558151872352e-02
1.182501063869613456e-02
1.184341379120738315e-02
1.186202254136770572e-02
1.188088079619087703e-02
1.189985007241337392e-02
1.191887798784587241e-02
1.193778175042621917e-02
1.195677584703891405e-02
1.197589041456571281e-02
1.199528198589760834e-02
1.201483590135789606e-02
1.203448678652646250e-02
1.205400627781417523e-02
1.207333398724219457e-02
1.209262684832659515e-02
1.211218028076449689e-02
1.213154048033253558e-02
1.215103450785713808e-02
1.217049205910691705e-02
1.218992909954031562e-02
1.220941071057161237e-02
1.222901351866943417e-02
1.224870808093193875e-02
1.226839114752611634e-02
1.228797525078170576e-02
1.230751789536363786e-02
1.232715925435235414e-02
1.234674434910126850e-02
1.236631005768252731e-02
1.238615158524094054e-02
1.240616209444257885e-02
1.242631906299860797e-02
1.244646674598383004e-02
