2.421868621153208667e-02
2.425055671655100900e-02
2.428193930929020347e-02
2.431262471610781337e-02
2.434296470061828033e-02
2.437219659833458202e-02
2.439952136088591531e-02
2.442465306832509314e-02
2.444761797034524647e-02
2.446771140498902111e-02
2.448450717452593448e-02
2.449865040867042418e-02
2.450982399056869307e-02
2.451795418653521935e-02
2.452284902258879129e-02
2.452462466607911382e-02
2.452272656771286793e-02
2.451754994599822032e-02
2.450900815855688517e-02
2.449706740534381144e-02
2.448211496121197039e-02
2.446368964155094458e-02
2.444207730813430929e-02
2.441723563759163121e-02
2.438855010742444970e-02
2.435572578336426749e-02
2.431827439192104159e-02
2.427721954923372366e-02
2.423206652030056654e-02
2.418269560087021181e-02
2.413001472951990800e-02
2.407143338876577623e-02
2.400838891171668335e-02
2.393861567189402989e-02
2.386010288152406664e-02
2.377353354086115395e-02
2.367802597514589644e-02
2.357288402638829661e-02
2.345889669672553482e-02
2.333517166322289157e-02
2.320054800785784077e-02
2.305659068031811615e-02
2.290447662546817031e-02
2.274605965612857758e-02
2.258112244507572489e-02
2.240993695730733593e-02
2.223336565435131765e-02
2.205274378992595416e-02
2.186706825963365478e-02
2.167906971430964141e-02
2.149078166508865129e-02
2.130270116511441547e-02
2.111550075653394198e-02
2.092885776274980639e-02
2.074329355294076901e-02
2.055955664744634273e-02
2.037744395298683731e-02
2.019643332057853569e-02
2.001760001057542246e-02
1.984026881355595295e-02
1.966452504052174435e-02
1.948975749563839135e-02
1.931695203049195106e-02
1.914545761990274486e-02
1.897506529879062001e-02
1.880629328482251450e-02
1.863852866918607604e-02
1.847201747104965444e-02
1.830706423074584047e-02
1.814315300291977767e-02
1.798088629294462490e-02
1.782038352088172531e-02
1.766132410959100549e-02
1.750394296052089349e-02
1.734851569148215811e-02
1.719483490964681879e-02
1.704270475911915522e-02
1.689222648107954056e-02
1.674316419619195639e-02
1.659519560044698736e-02
1.644816003827848441e-02
1.630282869001782250e-02
1.615893569427335336e-02
1.601672349112286467e-02
1.587587072682649508e-02
1.573625167770901362e-02
1.559794378373777039e-02
1.546078198638163939e-02
1.532504613087977939e-02
1.519039925654906871e-02
1.505696859277004702e-02
1.492443016142927341e-02
1.479294510703669380e-02
1.466278091913110829e-02
1.453393399083919083e-02
1.440671937387921590e-02
1.428069942187835430e-02
1.415550306372109074e-02
1.403073191821393832e-02
1.390703156791400774e-02
1.378459045637297521e-02
1.366335883398498222e-02
1.354344062066157282e-02
1.342474146534918325e-02
1.330701006515676819e-02
1.319102381436700749e-02
1.307592020755583839e-02
1.296191201165029609e-02
1.284920432729007300e-02
1.273777730280792851e-02
1.262733028136434413e-02
1.251819035027213443e-02
1.241020711640404041e-02
1.230357248001536299e-02
1.219785701096570349e-02
1.209327115395986488e-02
1.198995702560515762e-02
1.188797360932498243e-02
1.178679342063595863e-02
1.168665912445864159e-02
1.158776463914257607e-02
1.149008096793213696e-02
1.139343917945501161e-02
1.129753590036473854e-02
1.120267575181650883e-02
1.110889364752714117e-02
1.101606562006579408e-02
1.092402411583294833e-02
1.083306127284509000e-02
1.074322511081888046e-02
1.065433446792374457e-02
1.056649979768910230e-02
1.047968830123791918e-02
1.039377478677576926e-02
1.030893092167377463e-02
1.022512881653380758e-02
1.014216828019507896e-02
1.006013660743679435e-02
9.978938893691361930e-03
9.898999150470820171e-03
9.820099758636877813e-03
9.741876325920006269e-03
9.664416518762588768e-03
9.587810411538531113e-03
9.512152499760820681e-03
9.437249420735302485e-03
9.363233291798006216e-03
9.290096037771705326e-03
9.217762792164149385e-03
9.146269724407442292e-03
9.075787480773570351e-03
9.006036168858555860e-03
8.937010404625243473e-03
8.868798670813310067e-03
8.801525457839519048e-03
8.735134572636875719e-03
8.669560255531569629e-03
8.604883719182393129e-03
8.540921485137017294e-03
8.477798401529089423e-03
8.415406015902371709e-03
8.353847433408499376e-03
8.293043248860987315e-03
8.232828087411448933e-03
8.173303138353470859e-03
8.114531617919695794e-03
8.056373544877686727e-03
7.999078887776863919e-03
7.942275621361242349e-03
7.886326722077247747e-03
7.831198203499173394e-03
7.776738893538991983e-03
7.723115175296070209e-03
7.670162161081350849e-03
7.617741923226346856e-03
7.565916529865464660e-03
7.514879151492100465e-03
7.464208094670990619e-03
7.414230339976402018e-03
7.364861172391042737e-03
7.316245178635536785e-03
7.268345950159281824e-03
7.220981416097057431e-03
7.174246187293286357e-03
7.128122594236071564e-03
7.082689558109701335e-03
7.037885546202051271e-03
6.993479044997717720e-03
6.949703475249807173e-03
6.906539418888964915e-03
6.863900092371883616e-03
6.821811881587652379e-03
6.780292794108466747e-03
6.739435200916508474e-03
6.699122693635574388e-03
6.659320947450220532e-03
6.620128909677883665e-03
6.581502663378443682e-03
6.543419397429473851e-03
6.505839660874947888e-03
6.468665871926036759e-03
6.431892953954238337e-03
6.395430655141052211e-03
6.359509697069413645e-03
6.324002961489864731e-03
6.288747686067753737e-03
6.253897080875291288e-03
6.219635664708725829e-03
6.185689274550393996e-03
6.152192101245121565e-03
6.119111483113886564e-03
6.086541488070344556e-03
6.054300439973243908e-03
6.022322344683621147e-03
5.990679391856836532e-03
5.959337969379603812e-03
5.928327716086019203e-03
5.897642944922800411e-03
5.867383426313107532e-03
5.837468284958391256e-03
5.807681067649532979e-03
5.778208177661674390e-03
5.748919210115116182e-03
5.719863997222783894e-03
5.691161401084560666e-03
5.662605207855698174e-03
5.634232112315212121e-03
5.606197420144035277e-03
5.578331768911405641e-03
5.550813044359738033e-03
5.523451743431009864e-03
5.496500549397119462e-03
5.469706970418235746e-03
5.442892185911169661e-03
5.416347593860454043e-03
5.389927140851341093e-03
5.363780238170210400e-03
5.337760581945587626e-03
5.311977217419725297e-03
5.286371091952513090e-03
5.260915489329537516e-03
5.235722770544412076e-03
5.210756920178212688e-03
5.185968089621510735e-03
5.161307722932347193e-03
5.136914914291768400e-03
5.112846414069362015e-03
5.089052298323763421e-03
5.065301579991477940e-03
5.041679546752522896e-03
5.018232863467438250e-03
4.994978947969722430e-03
4.971873385329589334e-03
4.948941221782281880e-03
4.926173065461438190e-03
4.903437273136300109e-03
4.880897171032904346e-03
4.858570649683039561e-03
4.836477262192126134e-03
4.814586509270091415e-03
4.792853031709291139e-03
4.771251679075366910e-03
4.749834343164339480e-03
4.728515902539824969e-03
4.707438243908089459e-03
4.686616093667435139e-03
4.666003246025034711e-03
4.645383061494067975e-03
4.624884089273882670e-03
4.604602953505683438e-03
4.584514887346757307e-03
4.564646312903998179e-03
4.545134434841873600e-03
4.525771669559215844e-03
4.506644619029873990e-03
4.487623644926012380e-03
4.468629264244684297e-03
4.449849772866107563e-03
4.431280337116885737e-03
4.412831390468525440e-03
4.394537174868595741e-03
4.376513400493362710e-03
4.358629398403276664e-03
4.340851979894320804e-03
4.323222034672587546e-03
4.305737935874363702e-03
4.288413084742898930e-03
4.271274489060692368e-03
4.254241054163362783e-03
4.237426190760324937e-03
4.220676290380083288e-03
4.204199782845230958e-03
4.187899820815566693e-03
4.171743495326204858e-03
4.155810258021527120e-03
4.140009015274728581e-03
4.124560633887772339e-03
4.109278128070478764e-03
4.094302197309879557e-03
4.079539071056490634e-03
4.064983735217062022e-03
4.050791627674036645e-03
4.036870741768072007e-03
4.023179231096019916e-03
4.009795276360669618e-03
3.996705181789158949e-03
3.983855800014308828e-03
3.971138019782337152e-03
3.958729833876187959e-03
3.946567617073811103e-03
3.934699454108217011e-03
3.923182055569119503e-03
3.911823756095340887e-03
3.900819874228291136e-03
3.890139829759209182e-03
3.879608967713543081e-03
3.869271442535313164e-03
3.859017287001660461e-03
3.848928767519381976e-03
3.838980795484165168e-03
3.829324523250238980e-03
3.819774771571462276e-03
3.810328734887432137e-03
3.801000712945976252e-03
3.791779831071501444e-03
3.782645719411741828e-03
3.773708375662750657e-03
3.764814114456257414e-03
3.756071239000189146e-03
3.747425099415226460e-03
3.738943034319100727e-03
3.730608843771492621e-03
3.722374359214080004e-03
3.714259146346498425e-03
3.706119376885812829e-03
3.698003968408111568e-03
3.689969226036305533e-03
3.682001095100156333e-03
3.674160033364661394e-03
3.666398371572065617e-03
3.658707397111430736e-03
3.651073856133000770e-03
3.643520894214537405e-03
3.636031470276592913e-03
3.628636048873914652e-03
3.621296426545210154e-03
3.614035994508623274e-03
3.606873605766776607e-03
3.599663139410909374e-03
3.592479820816919193e-03
3.585238484638539509e-03
3.578017091219263656e-03
3.570807760499538405e-03
3.563600728584353974e-03
3.556465131080005330e-03
3.549249164849373715e-03
3.542084751403890095e-03
3.534889097692677559e-03
3.527660991165659267e-03
3.520465258785215445e-03
3.513308469499938635e-03
3.506227998133552588e-03
3.499172746896948415e-03
3.492177349108927919e-03
3.485200904173005494e-03
3.478278476975181152e-03
3.471385124267942299e-03
3.464551553796208719e-03
3.457688503054806139e-03
3.450856343719380624e-03
3.443997091128090174e-03
3.437181971650439885e-03
3.430448366568548957e-03
3.423670805091815015e-03
3.416969273291171113e-03
3.410271871803619622e-03
3.403603327634518311e-03
3.396958814436217087e-03
3.390238071630380726e-03
3.383560758099161004e-03
3.376873761726313823e-03
3.370230831216744841e-03
3.363533173846146827e-03
3.356792250434139074e-03
3.350070950493008650e-03
3.343411801621078237e-03
3.336614059896782312e-03
3.329801105468478423e-03
3.323029872025361556e-03
3.316229623057978439e-03
3.309536841628611496e-03
3.302866439124765852e-03
3.296148511280380493e-03
3.289424205897162161e-03
3.282790716171499115e-03
3.276115423329725024e-03
3.269559951465712648e-03
3.262936794432870751e-03
3.256417965016680446e-03
3.249953361388497556e-03
3.243488156879855561e-03
3.237114746148002029e-03
3.230748611085506716e-03
3.224432053703252948e-03
3.218030655087882139e-03
3.211720821697757952e-03
3.205441764532309702e-03
3.199258573503621292e-03
3.193114940882431363e-03
3.187090300785886711e-03
3.181124377541775204e-03
3.175127010786357295e-03
3.169179361561872722e-03
3.163239951781614007e-03
3.157241835850573084e-03
3.151176896068028695e-03
3.145168094064910210e-03
3.139168917173357568e-03
3.133209665010230557e-03
3.127232983823799092e-03
3.121166334439212306e-03
3.115173812740887338e-03
3.109203468730889659e-03
3.103194797341275561e-03
3.097215950740454197e-03
3.091313237191234582e-03
3.085442507813186339e-03
3.079517720780757493e-03
3.073471841329667321e-03
3.067382544991417454e-03
3.061319675427555745e-03
3.055218141222928920e-03
3.048794245945430758e-03
3.042049491687253641e-03
3.035205966692312157e-03
3.028075945746312291e-03
3.020813159234121345e-03
3.013092247798807716e-03
3.005087662766981957e-03
2.996867963052151328e-03
2.988224016443863460e-03
2.979345888495268241e-03
2.969954241653049911e-03
2.959860640130103793e-03
2.949256410112445666e-03
2.937954882816922429e-03
2.926017894641813263e-03
2.913469360996560897e-03
2.900045927623650602e-03
2.886365628453377123e-03
2.872117465626464888e-03
2.857161638144158165e-03
2.841399281183272507e-03
2.824914797161620986e-03
2.807840577800537699e-03
2.790271671648321145e-03
2.772202486413720586e-03
2.753831188456084059e-03
2.735056978365432538e-03
2.715866861100122136e-03
2.696510624855351541e-03
2.676948149148659310e-03
2.656951419313408492e-03
2.636848775918482039e-03
2.616555235973780456e-03
2.596115137449259407e-03
2.575452624874146126e-03
2.554775794503858985e-03
2.533971542398922531e-03
2.513213724449399594e-03
2.492361664773831264e-03
2.471466345369403069e-03
2.450699355382192184e-03
2.430091595063509427e-03
2.409491707002487521e-03
2.388956726941569245e-03
2.368513377319780063e-03
2.348111372887420108e-03
2.327707535327834618e-03
2.307422086191387306e-03
2.287237276076993422e-03
2.267280209991311656e-03
2.247562987335348719e-03
2.228099370988628151e-03
2.209001958977453370e-03
2.190072389445386469e-03
2.171246238548731489e-03
2.152513782813861038e-03
2.133846987346004875e-03
2.115383887996284337e-03
2.097121510735011542e-03
2.079129982351636974e-03
2.061311526879395280e-03
2.043731738864926727e-03
2.026303948995332102e-03
2.008942956746763951e-03
1.991789276221213757e-03
1.974875492988385425e-03
1.958210616231207714e-03
1.941725868550997014e-03
