9.774471518531361799e-03
9.708523917296298100e-03
9.643078002553923458e-03
9.577531825219011419e-03
9.511594567684676996e-03
9.445643918580983942e-03
9.379842278091686178e-03
9.314116193790767176e-03
9.248377640819063078e-03
9.182420759754689882e-03
9.116404176429046546e-03
9.050231761828765598e-03
8.983851248040450321e-03
8.917412373676249226e-03
8.850237463416637043e-03
8.782254761437626248e-03
8.713869029826952495e-03
8.644462857715643628e-03
8.574225383979229911e-03
8.502997892286413145e-03
8.430459859731759265e-03
8.356426905760603804e-03
8.280761351706409854e-03
8.203588833022901899e-03
8.124819701741449809e-03
8.044477541905480089e-03
7.962704766906249579e-03
7.879511919673303291e-03
7.794961353759469191e-03
7.709176374970120801e-03
7.622321166665114479e-03
7.534394655748711221e-03
7.445226663081367692e-03
7.355074190411861265e-03
7.263914052744638306e-03
7.172229827120920817e-03
7.079792545059182367e-03
6.986630301569209459e-03
6.892668658760272259e-03
6.797960908692222623e-03
6.702762035074501593e-03
6.606973665764559293e-03
6.510636508861206845e-03
6.414451378104950828e-03
6.318688815157991710e-03
6.224287265360079618e-03
6.131581776500623880e-03
6.041059016138224103e-03
5.953885039085718076e-03
5.870799243035967549e-03
5.793715382408935743e-03
5.723649601698461813e-03
5.660276496179443562e-03
5.602824969474223295e-03
5.550918962074481017e-03
5.505011297952846182e-03
5.463562464293108233e-03
5.425686013102629102e-03
5.390852924242114930e-03
5.357944393908352886e-03
5.326398096914315532e-03
5.296000401869202338e-03
5.266501702251112985e-03
5.237638230369608995e-03
5.209333922465431317e-03
5.181528251977368139e-03
5.154215756214481844e-03
5.127457309008877709e-03
5.101295873146402017e-03
5.075705017851822251e-03
5.050664362789169214e-03
5.026196212676716651e-03
5.002355651768837681e-03
4.979075677126648496e-03
4.956393175125882455e-03
4.934257339537030489e-03
4.912622316670026308e-03
4.891527455876050132e-03
4.870883376705442344e-03
4.850612054421352647e-03
4.830865763705868669e-03
4.811656002864394578e-03
4.792901643327837635e-03
4.774698495403863728e-03
4.756956462014827122e-03
4.739827220238742450e-03
4.723264487591991544e-03
4.707145179172416739e-03
4.691366680790193082e-03
4.676110909091125110e-03
4.661403691700800531e-03
4.647229635729601890e-03
4.633449733138424523e-03
4.620121268867981301e-03
4.607149523743184726e-03
4.594680835677367875e-03
4.582711758440364928e-03
4.571308868977747020e-03
4.560446510711898237e-03
4.550036191047556605e-03
4.540031435108171642e-03
4.530381969615720171e-03
4.521107853619854393e-03
4.512332905479606200e-03
4.503836644761283203e-03
4.495670987632502044e-03
4.487905610039289415e-03
4.480582886470098163e-03
4.473594884956564634e-03
4.467063630029722253e-03
4.460978681023683619e-03
4.455238855316210472e-03
4.449895623095580927e-03
4.444822552788973632e-03
4.440073155547535899e-03
4.435646804913744717e-03
4.431506057854433037e-03
4.427761482928265629e-03
4.424449249937899807e-03
4.421664103329211136e-03
4.419334353536821802e-03
4.417402170012550873e-03
4.415761337005467621e-03
4.414272700603202523e-03
4.412970375973787260e-03
4.411988193376040375e-03
4.411420462985349809e-03
4.411219208090778193e-03
4.411116079082391325e-03
4.411368237597157807e-03
4.412027186506544373e-03
4.413147688957060749e-03
4.414729865564907992e-03
4.416779512029908941e-03
4.419216547868727932e-03
4.421802241756653609e-03
4.424757164942990338e-03
4.428000666848567329e-03
4.431507258676786916e-03
4.435320746113071040e-03
4.439290907037230297e-03
4.443740393895735316e-03
4.448450719064619974e-03
4.453390120716429687e-03
4.458763116079774401e-03
4.464401267009173238e-03
4.470308647441440832e-03
4.476480483544583409e-03
4.483070625533535150e-03
4.490131593960957311e-03
4.497607476360435293e-03
4.505536976957360586e-03
4.513879728293833382e-03
4.522528773845737107e-03
4.531514115627204367e-03
4.540776851559157230e-03
4.550340177234130958e-03
4.560162102345567334e-03
4.570370955669794850e-03
4.580993412014692547e-03
4.591677430419208693e-03
4.602652545452522170e-03
4.613980381410950730e-03
4.625450207773468270e-03
4.637197393063848851e-03
4.649295862289723469e-03
4.661662574181088536e-03
4.674150893752134980e-03
4.686943806640135601e-03
4.699756256909625764e-03
4.712781962445578184e-03
4.726139463265195163e-03
4.739842457262082552e-03
4.753875391493713604e-03
4.768394310217654100e-03
4.783184402963784956e-03
4.798410631352672748e-03
4.814014939965915139e-03
4.829831872556309899e-03
4.845955570900521182e-03
4.862309471121989066e-03
4.878767139575164793e-03
4.895242311227935954e-03
4.912039992707129162e-03
4.928861872731343449e-03
4.945998015848911654e-03
4.963466982377328501e-03
4.981114756695352239e-03
4.998914193911743568e-03
5.016902243517439887e-03
5.035331117355300486e-03
5.054138685932840595e-03
5.072942201218469394e-03
5.091656942484757732e-03
5.110573808312186481e-03
5.129748833581565699e-03
5.149137715427681318e-03
5.168819934945326731e-03
5.188668271813799346e-03
5.208504725124296630e-03
5.228388691637442243e-03
5.248510863908763605e-03
5.268920680607616994e-03
5.289203328707841462e-03
5.309539626598525942e-03
5.330152526830768574e-03
5.350885476134823078e-03
5.371900206603945523e-03
5.393068319593082027e-03
5.414524393876080609e-03
5.436290596808478377e-03
5.458326242363942607e-03
5.480631114182782718e-03
5.503084747220340391e-03
5.525636857821232019e-03
5.547997558977806574e-03
5.570337197775350642e-03
5.592594064839679843e-03
5.614883275714594585e-03
5.637284724530227699e-03
5.659749141455197759e-03
5.682137811789225550e-03
5.704661525654512733e-03
5.727376945130634514e-03
5.750338411886859492e-03
5.773562804724258896e-03
5.797186025474981678e-03
5.821067696700400577e-03
5.845216000371182552e-03
5.869629380542428637e-03
5.894241727235975149e-03
5.918990030338890096e-03
5.943713756836985218e-03
5.968535763838416636e-03
5.993609507712653606e-03
6.018636224033640549e-03
6.043887752374630003e-03
6.069159044367450871e-03
6.094241428847674627e-03
6.119409404792575460e-03
6.144734984371605716e-03
6.170302674533115900e-03
6.196123503114805454e-03
6.221965907872039139e-03
6.247862830219474625e-03
6.273979561272538703e-03
6.300267666714476182e-03
6.326885271298513143e-03
6.353598180115539035e-03
6.380141804950006587e-03
6.406726658535677119e-03
6.433612905862574199e-03
6.460767872911467140e-03
6.488067728584980681e-03
6.515474862755258126e-03
6.542948125022898971e-03
6.570680686128021336e-03
6.598606697228528301e-03
6.626828655439523375e-03
6.655339099385331261e-03
6.683941488374743958e-03
6.712728254473429579e-03
6.741874865196954142e-03
6.771266039457940998e-03
6.800708363444494045e-03
6.830230658485409931e-03
6.859937682367655415e-03
6.889860836868271117e-03
6.919851981021609734e-03
6.950036646439175340e-03
6.980446945499986858e-03
7.011105289949121251e-03
7.041833515969720021e-03
7.072802607893752258e-03
7.103838082352604243e-03
7.135041544063455698e-03
7.166424354202328290e-03
7.198022265130278076e-03
7.230034049713819633e-03
7.262197453105682064e-03
7.294177988937041411e-03
7.326064349086875913e-03
7.358275920443291956e-03
7.390611653819516812e-03
7.422900300013858879e-03
7.455064276521425511e-03
7.487152934270734951e-03
7.519282352801795119e-03
7.551483724807087940e-03
7.583777752677591140e-03
7.616258723280812729e-03
7.648855127502108241e-03
7.681557902064032294e-03
7.714412289504357471e-03
7.747436378108036106e-03
7.780586536737915324e-03
7.813743670709727071e-03
7.846745447498446741e-03
7.879598231719242563e-03
7.912690834608769250e-03
7.945998005363340971e-03
7.979599498101116323e-03
8.013375575071035595e-03
8.047402854891598858e-03
8.081504104303999236e-03
8.115432154779257667e-03
8.149394508958284281e-03
8.183204594508683080e-03
8.217065610267826684e-03
8.250911752746519293e-03
8.284394250235983456e-03
8.317780923142054431e-03
8.351133582306418529e-03
8.384339930379354489e-03
8.417525733094358142e-03
8.450501028291732691e-03
8.483470712138391559e-03
8.516734113391032437e-03
8.550226281370683010e-03
8.583763202559964792e-03
8.617148629579039765e-03
8.650462066171701186e-03
8.683791390774775118e-03
8.717079224392442968e-03
8.750109023892607349e-03
8.783275835217936589e-03
8.816676318466451848e-03
8.850454821541996545e-03
8.884423816187245193e-03
8.918513053834623699e-03
8.952509365146590903e-03
8.986623618816778208e-03
9.020957341594909931e-03
9.055516345350818688e-03
9.090517716792522254e-03
9.125660653907857398e-03
9.160664861223580951e-03
9.195389177453603888e-03
9.230387803178021974e-03
9.265631918221077165e-03
9.300960274189721752e-03
9.336607577887847190e-03
9.372701143142196656e-03
9.408861965264999142e-03
9.445088415120784023e-03
9.481465427710215887e-03
9.518004528160600372e-03
9.554577752111098957e-03
9.591343483968532355e-03
9.628253271626384391e-03
9.665230094384696588e-03
9.702351877695351845e-03
9.739633601302814109e-03
9.776517907878456634e-03
9.813459608713969926e-03
9.850521769103474587e-03
9.887871880766375965e-03
9.925389780260291880e-03
9.962770892222742869e-03
1.000034722832453954e-02
1.003833150871184451e-02
1.007645792097024498e-02
1.011490444602251848e-02
1.015334958764661788e-02
1.019165132010601757e-02
1.023019354422506459e-02
1.026893380771257136e-02
1.030790634201514400e-02
1.034717357073278686e-02
1.038652346922197718e-02
1.042596992441995052e-02
1.046566756067062419e-02
1.050507442015123985e-02
1.054449898131902194e-02
1.058416263292851801e-02
1.062397653007589315e-02
1.066383026606731142e-02
1.070383561795699816e-02
1.074398001530467613e-02
1.078419738217430840e-02
1.082442026469235090e-02
1.086456106159078457e-02
1.090475983069658095e-02
1.094501442246895162e-02
1.098540318179174781e-02
1.102597370065867312e-02
1.106681099714416569e-02
1.110762377489645826e-02
1.114867225787532362e-02
1.119009723240927887e-02
1.123151006949686843e-02
1.127299021402194609e-02
1.131456147444517488e-02
1.135631164481184716e-02
1.139801660778100648e-02
1.143952910413304110e-02
1.148106225609557898e-02
1.152260445914628402e-02
1.156437725715101644e-02
1.160625136776950207e-02
1.164818399043761679e-02
1.169019888749443271e-02
1.173232396579834171e-02
1.177455238321096706e-02
1.181672842922486949e-02
1.185893571822575418e-02
1.190125876364095912e-02
1.194332546249481965e-02
1.198561563150484996e-02
1.202790170200733477e-02
1.207027194491190093e-02
1.211287293919956556e-02
1.215566027169763356e-02
1.219884941656046440e-02
1.224272239882105186e-02
1.228719080728325405e-02
1.233231604214186233e-02
1.237852374838123090e-02
1.242577278378305221e-02
1.247382597661880060e-02
1.252291689503807690e-02
1.257315038632570402e-02
1.262439433007111859e-02
1.267635371631068743e-02
1.272905660256667439e-02
1.278262273932848428e-02
1.283707570971984874e-02
1.289190828081076406e-02
1.294709636719137968e-02
1.300306195947846868e-02
1.305966439702485604e-02
1.311710651557018020e-02
1.317524791466992418e-02
1.323429684130712075e-02
1.329415407030937017e-02
1.335449958886782661e-02
1.341504162750003885e-02
1.347566498712172815e-02
1.353673670946765883e-02
1.359823859385895020e-02
1.366000697115033087e-02
1.372185484902836705e-02
1.378417646413903318e-02
1.384675073814257105e-02
1.390913207898710445e-02
1.397127150026942176e-02
1.403370203039727010e-02
1.409630677759643631e-02
1.415912400406625464e-02
1.422206571897596805e-02
1.428526558001276883e-02
1.434861681991579131e-02
1.441162789489352364e-02
1.447483890225659091e-02
1.453818899765776419e-02
1.460163604698994436e-02
1.466490016970950841e-02
1.472764486124357800e-02
1.479052466636980243e-02
1.485350211445069478e-02
1.491624548056547442e-02
1.497892236325444777e-02
1.504153685388729365e-02
1.510394339463703821e-02
1.516612294456074449e-02
1.522855551298848628e-02
1.529119889056358705e-02
1.535355553691870358e-02
1.541567600773053465e-02
1.547755155787826874e-02
1.553923298878708004e-02
1.560081466903931284e-02
1.566216348570419192e-02
1.572357545565111411e-02
1.578499339938760349e-02
1.584651494157068852e-02
1.590810686687010866e-02
1.596935172045327311e-02
1.603068336322124518e-02
1.609200737874052003e-02
1.615329960820478111e-02
1.621456046589848932e-02
1.627590334155307183e-02
1.633707586914777757e-02
1.639822610028766198e-02
1.645925722335978003e-02
1.651956647258353075e-02
1.657953497238688623e-02
1.663934930331078740e-02
1.669869921452479117e-02
1.675760114199403503e-02
1.681667120181985428e-02
1.687576653964187670e-02
1.693495039271502092e-02
1.699398166968224544e-02
1.705299273300325824e-02
1.711198944405996347e-02
1.717080429140774647e-02
1.722935793204892485e-02
1.728759730999481978e-02
