2.419697104792902301e-02
2.394861868917229700e-02
2.369734786607505250e-02
2.344308414025242371e-02
2.318652182891631219e-02
2.292818719690736806e-02
2.266864592013250607e-02
2.240951641568038333e-02
2.215092174370394962e-02
2.189203925574420562e-02
2.163373537909620004e-02
2.137809118434842726e-02
2.112506300187417738e-02
2.087538218161478012e-02
2.062886064437953818e-02
2.038310529074845515e-02
2.013744729474956086e-02
1.989152829632435601e-02
1.964513693366255753e-02
1.939790701520420838e-02
1.915177271569049045e-02
1.890639157630581713e-02
1.866049627076274767e-02
1.841470213298964168e-02
1.816855359024938804e-02
1.792238906187468284e-02
1.767628994825001104e-02
1.743032015353341430e-02
1.718436377663155532e-02
1.693850966178936726e-02
1.669370721970026006e-02
1.645074468074890842e-02
1.620907582882677445e-02
1.596958579962966251e-02
1.573233597171912537e-02
1.549754190495874866e-02
1.526718151564415357e-02
1.504208780224933033e-02
1.482389344216544953e-02
1.461215700254761204e-02
1.440818787367453661e-02
1.421084733701581844e-02
1.402063469154403788e-02
1.383801910411632669e-02
1.366209666430888772e-02
1.349250923399593696e-02
1.332923701658165171e-02
1.317236155207814757e-02
1.302188424840197180e-02
1.287793923472375576e-02
1.274314383086419880e-02
1.261929470305371906e-02
1.250734787208856828e-02
1.240749435933274913e-02
1.232259370467324831e-02
1.225358829953622497e-02
1.219894091593667212e-02
1.215617165509835264e-02
1.212401155868830099e-02
1.210074309711394423e-02
1.208301569760337341e-02
1.206801815899385261e-02
1.205621833642242860e-02
1.204645014500145897e-02
1.203801037198143527e-02
1.203091720200849014e-02
1.202486574444619483e-02
1.201987237048355445e-02
1.201524330187242820e-02
1.201114737087824805e-02
1.200693557837843178e-02
1.200273414797307231e-02
1.199846442312814745e-02
1.199412017248694881e-02
1.198963730778941465e-02
1.198469222445279134e-02
1.197964848263542020e-02
1.197435635506341640e-02
1.196875410721535971e-02
1.196286091183761634e-02
1.195683241481244538e-02
1.195096189094317640e-02
1.194501320480962324e-02
1.193905660443027664e-02
1.193269203802249309e-02
1.192622063270068478e-02
1.191952362722875289e-02
1.191284688374148054e-02
1.190633932469094963e-02
1.189975683957460520e-02
1.189304820377421260e-02
1.188616917668871772e-02
1.187928438791807997e-02
1.187243631907362700e-02
1.186553770096284224e-02
1.185867235727559518e-02
1.185157068237101957e-02
1.184422776616624907e-02
1.183661033324943067e-02
1.182848679578948382e-02
1.182047878819895460e-02
1.181235649536315109e-02
1.180392767018182028e-02
1.179533997906231750e-02
1.178653098775276666e-02
1.177733725977490528e-02
1.176793818308950398e-02
1.175811368280351051e-02
1.174814822175058310e-02
1.173763169045614202e-02
1.172667629836431948e-02
1.171547666717854923e-02
1.170400594117351409e-02
1.169225467398801732e-02
1.168014240210989152e-02
1.166808822521040075e-02
1.165587457148125131e-02
1.164336912356173613e-02
1.163042701111119230e-02
1.161734077977251596e-02
1.160394313763168060e-02
1.159030229369349338e-02
1.157644165488621452e-02
1.156225688197636513e-02
1.154770064849885980e-02
1.153301762654155606e-02
1.151789940485306585e-02
1.150253060333985590e-02
1.148663754228698534e-02
1.147059490001194233e-02
1.145423275698763572e-02
1.143785391915447605e-02
1.142116659254172398e-02
1.140435984680128988e-02
1.138739286256602867e-02
1.137027387352867493e-02
1.135290718990170783e-02
1.133515742646976597e-02
1.131727769150920639e-02
1.129923899452382058e-02
1.128101251336122331e-02
1.126261235661682111e-02
1.124389881451699942e-02
1.122494901620234645e-02
1.120569849807087626e-02
1.118612321325722185e-02
1.116638743276595139e-02
1.114631323404010992e-02
1.112606806344615916e-02
1.110572514642596716e-02
1.108517576049258303e-02
1.106438820583562771e-02
1.104337430649425696e-02
1.102210348451094710e-02
1.100068025910320296e-02
1.097924170117571714e-02
1.095749028845585150e-02
1.093553454197803386e-02
1.091346607438092864e-02
1.089114315065880904e-02
1.086884267684188991e-02
1.084625449745894865e-02
1.082358792448997326e-02
1.080068885498471770e-02
1.077759620239039130e-02
1.075427247276163414e-02
1.073067505638988089e-02
1.070669640233155515e-02
1.068259312805738825e-02
1.065843305817066808e-02
1.063404439198726778e-02
1.060945906731047654e-02
1.058461463904435129e-02
1.055968172007726996e-02
1.053478257422345299e-02
1.050968931861589323e-02
1.048424416466742053e-02
1.045857422535618857e-02
1.043287717176418807e-02
1.040688473303143062e-02
1.038071913591014431e-02
1.035446170487635403e-02
1.032808028535528617e-02
1.030143668316181940e-02
1.027459042178113270e-02
1.024755570422063514e-02
1.022031591067396918e-02
1.019291581947055075e-02
1.016546293985234883e-02
1.013787180422413316e-02
1.011020743338066075e-02
1.008225322214536743e-02
1.005419770415763234e-02
1.002592836261957492e-02
9.997375738342948598e-03
9.968657686494167627e-03
9.939922323166120940e-03
9.911010137816464449e-03
9.881873181873940606e-03
9.852524421806821767e-03
9.822944690043699384e-03
9.793156066679697264e-03
9.763288525453429206e-03
9.733328916096578229e-03
9.703254857172549652e-03
9.672924648349170637e-03
9.642492349323962889e-03
9.611821392219589699e-03
9.581080315111605711e-03
9.550190309374539943e-03
9.519231600047212832e-03
9.488139069657966496e-03
9.456773522263421661e-03
9.425224067156678931e-03
9.393407854328241283e-03
9.361309877678450700e-03
9.329004964118561144e-03
9.296475997451701320e-03
9.263761729081802440e-03
9.230965326410702984e-03
9.198114315148490927e-03
9.165003767563842038e-03
9.131883661471140376e-03
9.098549004644325769e-03
9.065051731143710864e-03
9.031326362095144777e-03
8.997456188120334444e-03
8.963371751712551072e-03
8.929227903218338314e-03
8.895130011878917345e-03
8.860861809775008591e-03
8.826369856976280445e-03
8.791883534388703764e-03
8.757374682373928257e-03
8.722915316399217078e-03
8.688362890168346842e-03
8.653779552349936954e-03
8.619046676932693926e-03
8.584238446975232112e-03
8.549373244489096371e-03
8.514492815954094462e-03
8.479568120284395119e-03
8.444505499022661454e-03
8.409336983570870477e-03
8.374168212377590750e-03
8.338829732938046052e-03
8.303316583704669490e-03
8.267627695397735538e-03
8.232007010913791958e-03
8.196399718496793357e-03
8.160772327301748369e-03
8.125282530144880416e-03
8.089703459115632836e-03
8.054124228318304546e-03
8.018560573546601802e-03
7.982813704749996270e-03
7.947090848999690399e-03
7.911394920437429812e-03
7.875606448915231650e-03
7.839745663667652478e-03
7.803747019126110185e-03
7.767810543335296018e-03
7.731744696382427881e-03
7.695624298857627749e-03
7.659407687982861673e-03
7.623207931542616382e-03
7.587038251244775794e-03
7.550815282420855583e-03
7.514561809115674965e-03
7.478224810116221831e-03
7.442016349893017420e-03
7.405729454469678688e-03
7.369444375857918741e-03
7.333210595308913872e-03
7.296919939998547551e-03
7.260697740205870540e-03
7.224452631931868943e-03
7.188238648777404635e-03
7.151936277455020995e-03
7.115629492313309962e-03
7.079373248510782181e-03
7.043083236944958775e-03
7.006855767073904596e-03
6.970712827516538368e-03
6.934581500874500287e-03
6.898503889414165854e-03
6.862447080615513215e-03
6.826411899043150801e-03
6.790379012582423851e-03
6.754341401171641557e-03
6.718400842039532091e-03
6.682523854942803293e-03
6.646830323627140984e-03
6.611267762002832026e-03
6.575926033639770824e-03
6.540813173469019019e-03
6.505867311509712370e-03
6.471091215605233316e-03
6.436661289844005339e-03
6.402606862256199523e-03
6.368952997594065288e-03
6.335571944901825098e-03
6.302613058226852472e-03
6.270073094079890719e-03
6.238131936137467949e-03
6.206760446461841857e-03
6.175938735572926094e-03
6.145792541864531291e-03
6.116292219056552147e-03
6.087320125263415323e-03
6.058979578647562952e-03
6.031379206145922288e-03
6.004567541617576894e-03
5.978327859571319798e-03
5.952774018542966727e-03
5.927669870415494015e-03
5.903187636463393118e-03
5.879161699165246467e-03
5.855426378754464804e-03
5.831993889742121719e-03
5.808835820789380947e-03
5.785905073624941254e-03
5.763149343751284778e-03
5.740441004183610696e-03
5.717697762376618316e-03
5.694955744577067346e-03
5.672305354503505426e-03
5.649610969255434816e-03
5.626765185082236581e-03
5.603772657753290122e-03
5.580709167335206125e-03
5.557507017882258767e-03
5.534251056523523289e-03
5.510873021675545373e-03
5.487397309167789221e-03
5.463748554691528862e-03
5.440097350106586592e-03
5.416360688529939932e-03
5.392583974272919557e-03
5.368791399109968526e-03
5.344865914951404430e-03
5.320895181273996646e-03
5.296810250515858812e-03
5.272589297292567569e-03
5.248260571817013262e-03
5.223885570387026833e-03
5.199503108181157025e-03
5.175087006756629200e-03
5.150568951066452489e-03
5.126075413361528936e-03
5.101470758080282018e-03
5.076806136411951727e-03
5.052086726749158152e-03
5.027231018800666813e-03
5.002309557169691383e-03
4.977316103485038973e-03
4.952307922803663755e-03
4.927201346542236723e-03
4.902006424830030080e-03
4.876790194613856051e-03
4.851482096137658441e-03
4.826189829884640868e-03
4.800825188937356096e-03
4.775426602443598630e-03
4.749921641864569138e-03
4.724332417426656966e-03
4.698692197497390810e-03
4.672987054554968156e-03
4.647339004138485892e-03
4.621642175808520110e-03
4.595951978229765450e-03
4.570224549217179015e-03
4.544475642281129400e-03
4.518693675172942570e-03
4.492874885752342132e-03
4.467037194653373372e-03
4.441187852495582893e-03
4.415316318931615351e-03
4.389444985331170980e-03
4.363535689392334868e-03
4.337581369073538300e-03
4.311610546404639858e-03
4.285609732274939590e-03
4.259545553553489503e-03
4.233533574646180728e-03
4.207483276317478156e-03
4.181430567432137604e-03
4.155351329521292901e-03
4.129203416689277394e-03
4.103086680949757231e-03
4.076967905048738995e-03
4.050783594509264375e-03
4.024628357867895620e-03
3.998401190657102471e-03
3.972190764426950134e-03
3.945968909250680175e-03
3.919728776987521993e-03
3.893457224365704742e-03
3.867092660776207547e-03
3.840743878267815440e-03
3.814335734828769309e-03
3.787827194295439667e-03
3.761291072297506029e-03
3.734607594083890619e-03
3.707693785162695030e-03
3.680477768257037555e-03
3.652901582956629648e-03
3.624781071516504187e-03
3.595939266909394146e-03
3.566424211572845945e-03
3.536099567027023004e-03
3.504940111386735564e-03
3.472846909961260775e-03
3.440037242600813526e-03
3.406538885615352508e-03
3.372409311585439998e-03
3.337630231401030999e-03
3.302231445565025937e-03
3.266425432108785703e-03
3.230185421564988647e-03
3.193690408245357121e-03
3.156764582142736631e-03
3.119602142491903225e-03
3.082172836925050740e-03
3.044503287385604950e-03
3.006572469802808092e-03
2.968563945415128146e-03
2.930493460190614508e-03
2.892450497289327307e-03
2.854454973000676750e-03
2.816622235015409439e-03
2.778916400575539951e-03
2.741372550814286276e-03
2.703883227589114029e-03
2.666592156763297403e-03
2.629403041592308365e-03
2.592339108269716471e-03
2.555352127402464330e-03
2.518460950913110116e-03
2.481679116722027532e-03
2.445105316317022857e-03
2.408795562081157693e-03
2.372738208464908634e-03
2.336977797868998365e-03
2.301539573246419099e-03
2.266381470386812872e-03
2.231519442318965693e-03
2.197007322222746702e-03
2.162734427584492910e-03
2.128832779741848119e-03
2.095341338924326668e-03
2.062230271524873731e-03
2.029537094031599442e-03
1.997178115322973888e-03
1.965230977362607614e-03
1.933682625658387881e-03
1.902502531999887645e-03
1.871739789155974594e-03
1.841341030174929640e-03
1.811320515749772478e-03
1.781647636876174112e-03
1.752343995662638014e-03
1.723335951300515676e-03
1.694641387281902931e-03
1.666201687409251016e-03
1.638147063433189428e-03
1.610494966433424248e-03
1.583202438823382496e-03
1.556257068693997665e-03
1.529757563081065794e-03
1.503620086832857961e-03
1.477878500391382154e-03
1.452546807501470293e-03
1.427645997916210776e-03
1.403151876824218535e-03
1.379100277684544053e-03
1.355504042094132647e-03
1.332350415827510169e-03
1.309617315212888026e-03
1.287269302359730742e-03
1.265393295512526198e-03
1.243980650329231654e-03
1.222999972817960957e-03
1.202510591849476279e-03
1.182437512654718748e-03
1.162784267817045924e-03
1.143573855093402494e-03
1.124821079190311667e-03
1.106482520159374552e-03
1.088569000878625900e-03
1.071099208711026596e-03
1.054070708206300729e-03
1.037466853974972243e-03
1.021288178859665764e-03
1.005519862746702062e-03
9.901447372242162294e-04
9.751595497039442211e-04
9.605495918521596158e-04
9.463313945766526182e-04
9.324939661102688839e-04
