3.701386283980923932e-03
3.762578260086467050e-03
3.824639798512152137e-03
3.887581753195977138e-03
3.951477371494350153e-03
4.016373758625924398e-03
4.082431819281561076e-03
4.150090080803135392e-03
4.219832149304261412e-03
4.292577410958306992e-03
4.369758881143636850e-03
4.452288601406667948e-03
4.539498014489385704e-03
4.631361405187622675e-03
4.727488963444519653e-03
4.827516210108815341e-03
4.931661366122523302e-03
5.040094195791414503e-03
5.152326781250601145e-03
5.267706371510168586e-03
5.385865227267363012e-03
5.506456910202768909e-03
5.629935942407197393e-03
5.757348965384396361e-03
5.889673981975054873e-03
6.027769592666300247e-03
6.171240674070182196e-03
6.318901524619986373e-03
6.469995731517069228e-03
6.624133700075938991e-03
6.781488417664413917e-03
6.941981527868354776e-03
7.105807060195202564e-03
7.272803968047836763e-03
7.442879395014609031e-03
7.616226881055188254e-03
7.792578511269764030e-03
7.972301433554606492e-03
8.154779706343802045e-03
8.339955391870271934e-03
8.527763750859502015e-03
8.718519822564925123e-03
8.911662862192396353e-03
9.106304182149100451e-03
9.300034608613011108e-03
9.487458059035350222e-03
9.663087613565705947e-03
9.820459538008786959e-03
9.955730142400495350e-03
1.006977484077243960e-02
1.016568279902422926e-02
1.024816436782222465e-02
1.032047997610396201e-02
1.038451867904788967e-02
1.044426258543992847e-02
1.050190791967976420e-02
1.055850001973216053e-02
1.061406304510346954e-02
1.066869675320364710e-02
1.072284227605723589e-02
1.077571692500953193e-02
1.082760805578845270e-02
1.087837752070125105e-02
1.092833867428662752e-02
1.097766775011760169e-02
1.102620825588476738e-02
1.107392026078921066e-02
1.112083509214077150e-02
1.116663829428888796e-02
1.121152383167661228e-02
1.125524930474805854e-02
1.129823557151857401e-02
1.134034539954823645e-02
1.138146411741964258e-02
1.142138211359604305e-02
1.146028456919838054e-02
1.149832187588466920e-02
1.153560388752089029e-02
1.157185835582273670e-02
1.160709785348163978e-02
1.164138091873761875e-02
1.167471518883237032e-02
1.170675830337088337e-02
1.173755698815307121e-02
1.176709545360245940e-02
1.179562976654432646e-02
1.182315794456003689e-02
1.184961515245313603e-02
1.187491785207593457e-02
1.189892576689471210e-02
1.192143009829325917e-02
1.194280417577910786e-02
1.196290977448820694e-02
1.198195248213654307e-02
1.199957347771090331e-02
1.201616819977718333e-02
1.203137899137078463e-02
1.204587236724946955e-02
1.205928850803224782e-02
1.207142246970134038e-02
1.208262654501923543e-02
1.209291389719848245e-02
1.210211174840879721e-02
1.211061310964170641e-02
1.211807153661355677e-02
1.212502653855643785e-02
1.213110325040202102e-02
1.213605114650501658e-02
1.214013460189177288e-02
1.214347164674354357e-02
1.214559112902603537e-02
1.214685256561200827e-02
1.214751564987037041e-02
1.214769430156009342e-02
1.214710217295715371e-02
1.214566671404030199e-02
1.214354788846890021e-02
1.214052383832504335e-02
1.213717648226357408e-02
1.213291527893697180e-02
1.212791764160154294e-02
1.212233191364985203e-02
1.211596524937574339e-02
1.210901262102026532e-02
1.210145860045746917e-02
1.209325243611749853e-02
1.208443379623562464e-02
1.207526887549977002e-02
1.206545514003236515e-02
1.205530773815205979e-02
1.204471409800344887e-02
1.203379284303423592e-02
1.202231242349137592e-02
1.201033797209677574e-02
1.199806473759455240e-02
1.198536986974005347e-02
1.197236539526165197e-02
1.195891512081420985e-02
1.194521163196299654e-02
1.193112993407694118e-02
1.191665828294432433e-02
1.190198497792445756e-02
1.188676559372016731e-02
1.187112537786945074e-02
1.185506975811515158e-02
1.183899424477244042e-02
1.182260432314302667e-02
1.180585899854971234e-02
1.178852377698656057e-02
1.177091360465394414e-02
1.175298954686955673e-02
1.173501101996389517e-02
1.171687834686917229e-02
1.169846861528249168e-02
1.167988245083907174e-02
1.166128188128370997e-02
1.164238422785827086e-02
1.162345448645986726e-02
1.160458235124722966e-02
1.158582893902806651e-02
1.156698215832402746e-02
1.154819227248312513e-02
1.152945017573703788e-02
1.151079043494337463e-02
1.149193896876588884e-02
1.147269434246353005e-02
1.145317968861785281e-02
1.143363647552662898e-02
1.141421037142705507e-02
1.139493235733953988e-02
1.137571513501231361e-02
1.135648541950536050e-02
1.133708377136691606e-02
1.131759078311224583e-02
1.129804386676592706e-02
1.127843416344056528e-02
1.125863905034920655e-02
1.123867519072249514e-02
1.121855483512135612e-02
1.119843469596226541e-02
1.117824698052905484e-02
1.115790559877725616e-02
1.113749565916440781e-02
1.111724779798892865e-02
1.109690446632323121e-02
1.107667366927936152e-02
1.105648782116670781e-02
1.103634541589562125e-02
1.101647732851925889e-02
1.099685610655245539e-02
1.097717420221315347e-02
1.095772692837088114e-02
1.093801933087929987e-02
1.091829296223554256e-02
1.089833963407658979e-02
1.087841526788980127e-02
1.085859966140282837e-02
1.083864791647051740e-02
1.081862321282610340e-02
1.079864216363351885e-02
1.077874267576360394e-02
1.075888291161213733e-02
1.073895157532014921e-02
1.071899496466269253e-02
1.069891590677546182e-02
1.067884646782791408e-02
1.065845315977829305e-02
1.063811743729012153e-02
1.061790417800270031e-02
1.059768181333816534e-02
1.057756941744552627e-02
1.055744119326721547e-02
1.053748659397793323e-02
1.051725207687066906e-02
1.049708520001064668e-02
1.047681852136922269e-02
1.045642449978698152e-02
1.043595913430433314e-02
1.041538271756501342e-02
1.039457769881898218e-02
1.037372619788015649e-02
1.035273413374680936e-02
1.033168855066564709e-02
1.031084286669609919e-02
1.028973477318014321e-02
1.026872168975520583e-02
1.024761794895775492e-02
1.022642481434099873e-02
1.020493957116613663e-02
1.018324578110836598e-02
1.016126936963560046e-02
1.013926270011899361e-02
1.011725302354999842e-02
1.009484918457625828e-02
1.007201349361317062e-02
1.004900535262628382e-02
1.002609840444667645e-02
1.000289129456992041e-02
9.979487519913185847e-03
9.955765527291823153e-03
9.931886931895719459e-03
9.907689180440996252e-03
9.883486472061168288e-03
9.858988847999718141e-03
9.834219356198280887e-03
9.809248463341031787e-03
9.783986796644781117e-03
9.758518778412281561e-03
9.732858258010868360e-03
9.706881012405882414e-03
9.680623134057037352e-03
9.654313418263071184e-03
9.627559490016290508e-03
9.600367349283003837e-03
9.573056509200423073e-03
9.545500031105458652e-03
9.517915683495531062e-03
9.490086095205253411e-03
9.462042337356861565e-03
9.433759798555338069e-03
9.405375881104653321e-03
9.376899935389156060e-03
9.348026035068464357e-03
9.319183817403214540e-03
9.289918051461058812e-03
9.260476711587618814e-03
9.230832157214969788e-03
9.201076338715965738e-03
9.171106141200237316e-03
9.140906777975155509e-03
9.110672918190145658e-03
9.080411623778362334e-03
9.049955517655446438e-03
9.019401733523531653e-03
8.988519402180450771e-03
8.957404521947860340e-03
8.926182323083606263e-03
8.894799286988183326e-03
8.863168828762282153e-03
8.831280631940607861e-03
8.799079820337646352e-03
8.766731006744864912e-03
8.734165942068808711e-03
8.701412122424848419e-03
8.668364418486533204e-03
8.635264207859561295e-03
8.602050425115128837e-03
8.568675031017410418e-03
8.535273912875554134e-03
8.501838711178223359e-03
8.468007698277229059e-03
8.434009315769479265e-03
8.399957660982074192e-03
8.365571499895203822e-03
8.330994389152645424e-03
8.296225193229790629e-03
8.261366640673166450e-03
8.226473051985446969e-03
8.191529045189735111e-03
8.156629908733219192e-03
8.121767354442043646e-03
8.086771943346114308e-03
8.051720159569961469e-03
8.016625468601013341e-03
7.981374360476146609e-03
7.946066640072125403e-03
7.910656899705737280e-03
7.874999431696210611e-03
7.839310801206632665e-03
7.803809599208718327e-03
7.768611259732179260e-03
7.733703447186260869e-03
7.699320910899730593e-03
7.666228997698388940e-03
7.635120787142350880e-03
7.606445815736048027e-03
7.580165660252695219e-03
7.555667481393774955e-03
7.532358654831580735e-03
7.509924305703212163e-03
7.487970822722646996e-03
7.466452840361259904e-03
7.445547632371265871e-03
7.425151929018658503e-03
7.404865513348299691e-03
7.384929376848536030e-03
7.365167818801744877e-03
7.345427468911723545e-03
7.325555068081979378e-03
7.305755048572779194e-03
7.285770203140674861e-03
7.265597654896376219e-03
7.245384404696007287e-03
7.225072114578443873e-03
7.204523076831725881e-03
7.183878985610863202e-03
7.163188206159965855e-03
7.142295281860206076e-03
7.121346506452299122e-03
7.100265874240889452e-03
7.079142722093347863e-03
7.057905690460870504e-03
7.036566807031394144e-03
7.015070901649154630e-03
6.993488805276551999e-03
6.971680581156001859e-03
6.949708375718603552e-03
6.927555488664857014e-03
6.905127108494263539e-03
6.882431592823878147e-03
6.859681659438578681e-03
6.836614895799543457e-03
6.813467940601116227e-03
6.790336005832965302e-03
6.767051051642751329e-03
6.743690852708561848e-03
6.720157829575418816e-03
6.696485389705654316e-03
6.672848898323480160e-03
6.648941930755678485e-03
6.625078218379074763e-03
6.600936615111837290e-03
6.576659853997867539e-03
6.552391151973450609e-03
6.527856783751428624e-03
6.503252124134739978e-03
6.478571298879596228e-03
6.453647009208830602e-03
6.428381131158129869e-03
6.403001388941450406e-03
6.377469796814538155e-03
6.351969737087562705e-03
6.326484114517427933e-03
6.300753143409677445e-03
6.274980395499968160e-03
6.249187191922384033e-03
6.223273724890108528e-03
6.197356745561235364e-03
6.171482370477667477e-03
6.145649741091436906e-03
6.119780254155520426e-03
6.093862891825250171e-03
6.068014972334688506e-03
6.042083342069898624e-03
6.016214007966667020e-03
5.990366185358904881e-03
5.964602826954541574e-03
5.938692645646535991e-03
5.912653831708932980e-03
5.886673514996079888e-03
5.860747193985560606e-03
5.834883679741072367e-03
5.809129674933099542e-03
5.783509995147660503e-03
5.758021325587407181e-03
5.732407477108749337e-03
5.707012887335409165e-03
5.681770765089851766e-03
5.656676276005499077e-03
5.631685617444310947e-03
5.606816363929609248e-03
5.582039960210304075e-03
5.557341576107692298e-03
5.532640916700596635e-03
5.508153909864243851e-03
5.483735031731631210e-03
5.459513545452971024e-03
5.435496687684701449e-03
5.411666809326533614e-03
5.387972211298127853e-03
5.364368641426902479e-03
5.340984440692011538e-03
5.317713130710399923e-03
5.294712435032115395e-03
5.271755658503800464e-03
5.248851817608686174e-03
5.226182533649405271e-03
5.203729056043189007e-03
5.181750159625454072e-03
5.160081721955511388e-03
5.138609113948994916e-03
5.117447640852047439e-03
5.096501316724465908e-03
5.075769247919199867e-03
5.055212903729680400e-03
5.034936565270567606e-03
5.014939835882432223e-03
4.995103493085925259e-03
4.975521628363078694e-03
4.956384123586060099e-03
4.937654624397256643e-03
4.919265698295636514e-03
4.900882040007485674e-03
4.882882008263787071e-03
4.865100371715247798e-03
4.847454091741229369e-03
4.829859651751763384e-03
4.812395221004780142e-03
4.795036056535180100e-03
4.777837335307155361e-03
4.760531805645285865e-03
4.743196426403936336e-03
4.725994970337010249e-03
4.708950250969030221e-03
4.691934042528737511e-03
4.674846448877640649e-03
4.657344151643664533e-03
4.639713769597551656e-03
4.621840432333305763e-03
4.603615984817550563e-03
4.585557118845759277e-03
4.567677653957221730e-03
4.549638432963352616e-03
4.531684497535317865e-03
4.513778618817150708e-03
4.496116545670267306e-03
4.478427788209827370e-03
4.460794757521404676e-03
4.443742592920316668e-03
4.427232304035173469e-03
4.410944695967758226e-03
4.394750963997277188e-03
4.378691240436946054e-03
4.362841734617191845e-03
4.346993863052953273e-03
4.331206455898938164e-03
4.315758409194524886e-03
4.300235997155205103e-03
4.284851305507853501e-03
4.269555159773435332e-03
4.254582865594980050e-03
4.239714397533431850e-03
4.224898928779650779e-03
4.210255300122483710e-03
4.195823075498573106e-03
4.181549202666699078e-03
4.167255277003377618e-03
4.153133293185572866e-03
4.138977018965184738e-03
4.124979963375707305e-03
4.111031134967547788e-03
4.097248115420350743e-03
4.083362879410148104e-03
4.069450734562767014e-03
4.055612930220473672e-03
4.042016518442510982e-03
4.028401163750616396e-03
4.014896262453946166e-03
4.001384901155526259e-03
3.987782398442930171e-03
3.974212877135868682e-03
3.960613524270721435e-03
3.947011645163932964e-03
3.933249574519705020e-03
3.919682442633754156e-03
3.906058279040113077e-03
3.892678097669634643e-03
3.879339623553252313e-03
3.866040888450256348e-03
3.852838248927480547e-03
