1.315484852752630933e-02
1.323926663613871589e-02
1.332393722267157486e-02
1.340904405144833882e-02
1.349524107266226319e-02
1.358265677033821707e-02
1.367185299945616189e-02
1.376413569309702101e-02
1.386026258783237299e-02
1.396018228551149098e-02
1.406334775191663868e-02
1.416997519769258064e-02
1.427938779224520449e-02
1.439083915081736630e-02
1.450331603509752085e-02
1.461614866920106157e-02
1.472915379600479857e-02
1.484196784469850663e-02
1.495403646554831732e-02
1.506515337088792060e-02
1.517524418498094815e-02
1.528440158521599153e-02
1.539230355254989080e-02
1.549942324187511197e-02
1.560514586629835679e-02
1.570984114650507066e-02
1.581288454665016191e-02
1.591441164851482154e-02
1.601457467153126826e-02
1.611322151695212049e-02
1.621032370732899269e-02
1.630584657476226093e-02
1.639973407492718166e-02
1.649211922826422649e-02
1.658262300779363152e-02
1.667126418198403709e-02
1.675827088223743114e-02
1.684377577868980888e-02
1.692811383589197874e-02
1.701091490560034669e-02
1.709243216099093701e-02
1.717260883758326556e-02
1.725164686998882993e-02
1.732922518998308153e-02
1.740529233586083149e-02
1.747904975154608923e-02
1.755043953873587984e-02
1.761611281512457869e-02
1.767302472876546710e-02
1.771671055897632366e-02
1.773961454279169778e-02
1.773626562391824799e-02
1.771073401507108208e-02
1.766635342619880117e-02
1.760989268738145930e-02
1.754693499759003156e-02
1.747991364852265889e-02
1.740969216401025074e-02
1.733717962503663820e-02
1.726304923621509516e-02
1.718806648553729624e-02
1.711199826162220633e-02
1.703532214236818873e-02
1.695833790253864146e-02
1.688104185789675651e-02
1.680370620062627759e-02
1.672627525405744747e-02
1.664870891217043458e-02
1.657117463698009122e-02
1.649363883121172589e-02
1.641603844576870405e-02
1.633860615190027912e-02
1.626107699477922705e-02
1.618356881782192710e-02
1.610614699223743979e-02
1.602893427756474712e-02
1.595176884411405455e-02
1.587472503681909911e-02
1.579787071416057648e-02
1.572133774150757252e-02
1.564496186668851152e-02
1.556883367163426103e-02
1.549272037649018600e-02
1.541689399960554513e-02
1.534130906399114487e-02
1.526602108906406630e-02
1.519092551914878568e-02
1.511604492329795060e-02
1.504145806401543418e-02
1.496702688883021215e-02
1.489268289817143737e-02
1.481862075327533210e-02
1.474507054488800872e-02
1.467179172715701689e-02
1.459876442343263116e-02
1.452579855125471844e-02
1.445301110397477322e-02
1.438050634450601523e-02
1.430830709205583272e-02
1.423629261808254283e-02
1.416463845280506624e-02
1.409334795189876033e-02
1.402218452696351453e-02
1.395116986810618180e-02
1.388052368476108689e-02
1.381012405822981508e-02
1.374012639785674068e-02
1.367030854229578200e-02
1.360086135038722673e-02
1.353173770365241092e-02
1.346289155714766247e-02
1.339432686547017450e-02
1.332605806709456081e-02
1.325802733520631271e-02
1.319018904412900400e-02
1.312264247784003697e-02
1.305547690182823004e-02
1.298851137712951978e-02
1.292195978604435136e-02
1.285573369085669590e-02
1.278995959848499946e-02
1.272445555199575029e-02
1.265924577115538387e-02
1.259457071747972258e-02
1.253013971050507061e-02
1.246611807154547093e-02
1.240252803362481941e-02
1.233910002020278777e-02
1.227597369734729008e-02
1.221321451796849103e-02
1.215091920849162462e-02
1.208898653399588866e-02
1.202734147595265965e-02
1.196613644843825923e-02
1.190531252650500228e-02
1.184500003396262401e-02
1.178514516448179832e-02
1.172567182819517391e-02
1.166645698850476282e-02
1.160749746302062145e-02
1.154889763545062335e-02
1.149054273177041625e-02
1.143245503705541018e-02
1.137478730887798301e-02
1.131757469957921612e-02
1.126073011775435145e-02
1.120440023973386968e-02
1.114841416876197547e-02
1.109266861245554632e-02
1.103727706199975588e-02
1.098213632296496378e-02
1.092726637917869857e-02
1.087270400953689597e-02
1.081846103851796109e-02
1.076453573656214503e-02
1.071097504227389724e-02
1.065777857020847215e-02
1.060484923441183149e-02
1.055215995404136346e-02
1.049979152226880943e-02
1.044767860192724433e-02
1.039579439571204286e-02
1.034424184240744123e-02
1.029307080296989682e-02
1.024218960172789891e-02
1.019154217722583085e-02
1.014123877324943704e-02
1.009132909965204834e-02
1.004179154528258948e-02
9.992541822599737208e-03
9.943635809121805294e-03
9.894998035536501160e-03
9.846720508382856424e-03
9.798727523787334817e-03
9.751184572066667888e-03
9.703991172607735749e-03
9.657115274966238117e-03
9.610509879152080714e-03
9.564222352371093069e-03
9.518250133666895929e-03
9.472544769011256860e-03
9.427055604925007812e-03
9.381737538882368652e-03
9.336672619880177423e-03
9.291813640381171163e-03
9.247179738869957741e-03
9.202742908008966494e-03
9.158661742936721056e-03
9.114811099188605686e-03
9.071154118473654174e-03
9.027750303687041844e-03
8.984626741381675566e-03
8.941673146701627217e-03
8.898996559519291305e-03
8.856626432754751560e-03
8.814574784926546003e-03
8.772821481433462631e-03
8.731335424132296782e-03
8.690196614440768089e-03
8.649364388487391225e-03
8.608873865669249351e-03
8.568736106603311656e-03
8.528951378685006857e-03
8.489444130022425622e-03
8.450193928859520490e-03
8.411323394284042979e-03
8.372826771858530095e-03
8.334607397751334426e-03
8.296634222686172233e-03
8.258888386884639596e-03
8.221454247290069933e-03
8.184283767494278730e-03
8.147283953516878258e-03
8.110499327849704163e-03
8.074004571784688250e-03
8.037692884732650783e-03
8.001666074730101608e-03
7.965974223897517512e-03
7.930496272496251678e-03
7.895253776880540447e-03
7.860239842091802306e-03
7.825405613173380681e-03
7.790804493988797048e-03
7.756421160528842278e-03
7.722270345238382849e-03
7.688307257461461132e-03
7.654603153742069697e-03
7.621117507585182388e-03
7.587901559641779294e-03
7.554905289726090989e-03
7.522080706673020881e-03
7.489539039733025816e-03
7.457217717277771392e-03
7.425060902200245755e-03
7.393110705272208302e-03
7.361270648575959051e-03
7.329620836643924511e-03
7.298201781695400070e-03
7.266895748040862538e-03
7.235756892863189939e-03
7.204819011101044023e-03
7.174016042247177184e-03
7.143389555803503904e-03
7.112940920922468380e-03
7.082666459956066772e-03
7.052470090314541355e-03
7.022418174272135674e-03
6.992506214204803963e-03
6.962664946295920448e-03
6.932983977663531062e-03
6.903485087088745073e-03
6.874213059462321897e-03
6.845177354707408443e-03
6.816407351784818311e-03
6.787857395039091288e-03
6.759428363071442319e-03
6.731127062276010681e-03
6.702934152935285765e-03
6.674843326933054162e-03
6.646881136909870910e-03
6.619070976616398330e-03
6.591411706849279774e-03
6.563894915798580004e-03
6.536483934436583716e-03
6.509233222207326010e-03
6.482051999296343549e-03
6.455013771004743453e-03
6.428066873241396369e-03
6.401199423711184840e-03
6.374418117951704578e-03
6.347751707834822441e-03
6.321249492457155054e-03
6.294839492099107113e-03
6.268464063389314264e-03
6.242181740449864909e-03
6.215978527793066671e-03
6.189857153291539182e-03
6.163808273094813044e-03
6.137858398883077118e-03
6.111998096100059764e-03
6.086216915075184225e-03
6.060454746194695284e-03
6.034705022567296573e-03
6.009086970598295600e-03
5.983598336314443870e-03
5.958243091718344077e-03
5.932948363868874656e-03
5.907752772352802863e-03
5.882649524832091192e-03
5.857611541452447529e-03
5.832733969962856230e-03
5.807979113428044307e-03
5.783340888739286687e-03
5.758817729189982977e-03
5.734423279743715816e-03
5.710134018552589542e-03
5.685965784265925929e-03
5.661877045267403596e-03
5.637829074133578200e-03
5.613870587511231476e-03
5.590052965514255220e-03
5.566357889139922355e-03
5.542810290952914984e-03
5.519493791378647825e-03
5.496411027089781465e-03
5.473749335213510571e-03
5.451493038361368733e-03
5.429654617036520740e-03
5.408264007557275418e-03
5.387436014585897381e-03
5.367206827458075383e-03
5.347538000092083230e-03
5.328534029770216028e-03
5.310158127987870021e-03
5.292336323972735707e-03
5.275044273951686423e-03
5.258238121780096572e-03
5.241854068720714667e-03
5.225824270074414662e-03
5.210098980875058940e-03
5.194577609021552508e-03
5.179191792868579475e-03
5.163992060708126088e-03
5.148965678889877613e-03
5.134029660364181763e-03
5.119134939250453466e-03
5.104286631476624009e-03
5.089495100866709386e-03
5.074676773089435537e-03
5.059875880070600733e-03
5.045080712855409648e-03
5.030296940199486047e-03
5.015505953385119946e-03
5.000722825305918204e-03
4.985964852108457426e-03
4.971174235941492117e-03
4.956353071301879479e-03
4.941508659841822512e-03
4.926657183404715978e-03
4.911753005964226981e-03
4.896879393303663758e-03
4.882028962673685621e-03
4.867161332532848536e-03
4.852313462118009249e-03
4.837500794091668076e-03
4.822679085711413516e-03
4.807848470263159993e-03
4.793041547504872657e-03
4.778187037529775007e-03
4.763325163446149521e-03
4.748417997408770595e-03
4.733477710576688459e-03
4.718525748310324619e-03
4.703542738689412382e-03
4.688537744991395396e-03
4.673538002401503126e-03
4.658516176106373106e-03
4.643511547482729630e-03
4.628480725994412945e-03
4.613391723598543603e-03
4.598262311137218082e-03
4.583125604930247780e-03
4.568023634762069345e-03
4.552921888146352174e-03
4.537795653902063422e-03
4.522641716557997821e-03
4.507482079436045570e-03
4.492341998995267975e-03
4.477190885555569662e-03
4.462052763278416372e-03
4.446895841400553585e-03
4.431692410892286438e-03
4.416430164782942334e-03
4.401090193493776420e-03
4.385689102500506253e-03
4.370270490627702412e-03
4.354803660990018768e-03
4.339236213417658333e-03
4.323610431665806698e-03
4.307970367895861720e-03
4.292251618958071828e-03
4.276463047528402533e-03
4.260605624438942168e-03
4.244738194034400162e-03
4.228829527576081701e-03
4.212834643909374108e-03
4.196753930922370555e-03
4.180629742788044556e-03
4.164453876314310431e-03
4.148232811832116250e-03
4.131958832526283834e-03
4.115608738754918117e-03
4.099248424616908255e-03
4.082806175385920652e-03
4.066291965446769061e-03
4.049710907995776425e-03
4.033113468346992761e-03
4.016511666583796360e-03
3.999893605188198191e-03
3.983258847844435221e-03
3.966616961145563378e-03
3.949920448429579921e-03
3.933223239867784070e-03
3.916502669305100583e-03
3.899784701702389660e-03
3.883052985252695519e-03
3.866292299185054241e-03
3.849528101603231535e-03
3.832720463135842141e-03
3.815878748525339779e-03
3.799009654160375067e-03
3.782127181142846961e-03
3.765213051306858395e-03
3.748225346712836820e-03
3.731217524140594856e-03
3.714171946528108982e-03
3.697081711325951765e-03
3.679952998443287472e-03
3.662815367840732521e-03
3.645610500863653153e-03
3.628322240184479307e-03
3.610960530044267890e-03
3.593452043478737121e-03
3.575829280727532786e-03
3.558113046184470211e-03
3.540230617503666802e-03
3.522299117698693676e-03
3.504225909133378957e-03
3.485958416307236452e-03
3.467515724541501455e-03
3.448833925766037721e-03
3.430043281938233417e-03
3.411075426663345671e-03
3.391803604240856661e-03
3.372242602255646083e-03
3.352366907203130179e-03
3.332030546889546384e-03
3.311237290643292714e-03
3.290037257619388492e-03
3.268361467017580433e-03
3.246294480390867973e-03
3.223600828089766106e-03
3.200214850562903800e-03
3.176389917456051617e-03
3.151833902414155706e-03
3.126602240668663844e-03
3.100625245587360860e-03
3.073755925956940960e-03
3.046085112806056622e-03
3.017701101175782833e-03
2.988537330077815218e-03
2.958570642127793856e-03
2.928007437049654112e-03
2.896948196781143348e-03
2.865607656288797662e-03
2.833919838070512141e-03
2.801809963848610457e-03
2.769396786032941350e-03
2.736885821118928159e-03
2.704233967200988468e-03
2.671444047531473364e-03
2.638565780542879730e-03
2.605768220199996318e-03
2.572949588349267031e-03
2.540203645179774615e-03
2.507510521543412745e-03
2.474907352742105639e-03
2.442469191497599525e-03
2.410234721054068264e-03
2.378263609266881556e-03
2.346516526599312213e-03
2.314988734579254224e-03
2.283695471029621640e-03
2.252663122103685470e-03
2.221881454469966637e-03
2.191316567799905628e-03
2.161039449612025144e-03
2.131041024731296189e-03
2.101346922848224084e-03
2.072013266642783527e-03
2.043029544307217379e-03
2.014349616231910899e-03
1.986011068536772811e-03
1.958020219849208703e-03
1.930374722813470428e-03
1.903085893369352993e-03
1.876159271279582205e-03
1.849618437763311633e-03
1.823472555225093576e-03
1.797723196785313724e-03
1.772365686673555395e-03
1.747385238571222844e-03
1.722799458348210416e-03
1.698611491032195201e-03
1.674806922602612835e-03
1.651377875010883074e-03
1.628345115175310488e-03
1.605699495433780518e-03
1.583426677368766737e-03
1.561514176074276210e-03
