6.951763020999740701e-03
7.060038563762910738e-03
7.171401630211603380e-03
7.285364314366680159e-03
7.402511550296760924e-03
7.523571322090960405e-03
7.647201445182455308e-03
7.773300853241134345e-03
7.903578610848525920e-03
8.037431448907365536e-03
8.173941980921304792e-03
8.312921059847119473e-03
8.455378903843922822e-03
8.601184229182320257e-03
8.749996918403233140e-03
8.898978381455507902e-03
9.049529977521212146e-03
9.201396736232780177e-03
9.355740737492424311e-03
9.513042151219305506e-03
9.672763789509626967e-03
9.835364791659528816e-03
1.000021161098104197e-02
1.016608700761492505e-02
1.033325696595743977e-02
1.050280894513958181e-02
1.067448184103365373e-02
1.084747843889053223e-02
1.102121231584067725e-02
1.119643352413303948e-02
1.137272024403335538e-02
1.155058889898243589e-02
1.172966306106135344e-02
1.191028847120055231e-02
1.209190614379973550e-02
1.227400369343223732e-02
1.245652282192348699e-02
1.263957968479078632e-02
1.282324022874746505e-02
1.300653173722559133e-02
1.318960584366637989e-02
1.337098526662282467e-02
1.354878710538417845e-02
1.372152981725254829e-02
1.388884669492898918e-02
1.404847092685726495e-02
1.420011502534039918e-02
1.434409496647768949e-02
1.447913109295933393e-02
1.460198370049315374e-02
1.471254110111078033e-02
1.480911268682953696e-02
1.489597566787285478e-02
1.496973568485663632e-02
1.503287900134202271e-02
1.508903508724606692e-02
1.513888685599846552e-02
1.518039198532204065e-02
1.521273303835892800e-02
1.523450551864292610e-02
1.524562830548391312e-02
1.524636334965653699e-02
1.523793238123169295e-02
1.522245457959226639e-02
1.520043619945211401e-02
1.517299115171930751e-02
1.514201796301810690e-02
1.510984687335161988e-02
1.507725265822934188e-02
1.504386767987663312e-02
1.501004453285154777e-02
1.497638042609359711e-02
1.494197995951711440e-02
1.490674882190332583e-02
1.487112301437443392e-02
1.483543141889481429e-02
1.479900781039212784e-02
1.476199323929616551e-02
1.472462287900801539e-02
1.468727247122318322e-02
1.464987134176500873e-02
1.461215098230166272e-02
1.457400098959823684e-02
1.453496748604998084e-02
1.449549974684822932e-02
1.445542077120866471e-02
1.441501379757447777e-02
1.437420132234150903e-02
1.433286864511500690e-02
1.429149161821528617e-02
1.424999951162561271e-02
1.420822315985170031e-02
1.416612639958354618e-02
1.412409217591340492e-02
1.408182761241262397e-02
1.403923485226492990e-02
1.399660411287930069e-02
1.395393399185730632e-02
1.391119323786610060e-02
1.386845330140759093e-02
1.382538464141786980e-02
1.378207661428390747e-02
1.373876429254326272e-02
1.369551770579587047e-02
1.365195795957842122e-02
1.360801412898299430e-02
1.356414514058361040e-02
1.352044489959175824e-02
1.347646632049365710e-02
1.343241155343730467e-02
1.338831527944508819e-02
1.334455427981519511e-02
1.330059975817949811e-02
1.325673504849132073e-02
1.321267792396266239e-02
1.316863840338734770e-02
1.312449782963206503e-02
1.308065690861074173e-02
1.303697941429462527e-02
1.299339793500581611e-02
1.295019183264012504e-02
1.290686137020609185e-02
1.286363007326109253e-02
1.282039677417223106e-02
1.277677239205557078e-02
1.273316616216269709e-02
1.268989398611202780e-02
1.264665361836735460e-02
1.260340361735919415e-02
1.256030101245320454e-02
1.251711430800612514e-02
1.247398937503276656e-02
1.243081260874585176e-02
1.238754922473374841e-02
1.234435272570741544e-02
1.230123058287083647e-02
1.225796270359566335e-02
1.221459053593036866e-02
1.217114396562428771e-02
1.212761567658475308e-02
1.208385533476408723e-02
1.204009870194313464e-02
1.199613348449028727e-02
1.195214164795977210e-02
1.190805029673387173e-02
1.186398799244827926e-02
1.181985801823132176e-02
1.177588332927000277e-02
1.173172797675605533e-02
1.168758018291239653e-02
1.164372312921656098e-02
1.160007083293887117e-02
1.155662047835604757e-02
1.151317244017534790e-02
1.146964208368047786e-02
1.142626751148787152e-02
1.138300736301536310e-02
1.133970131285056034e-02
1.129658432130181168e-02
1.125346318051175659e-02
1.121052657732346004e-02
1.116770124742099031e-02
1.112492367818556163e-02
1.108228544327230156e-02
1.103955341081951265e-02
1.099685602265655648e-02
1.095381366485072110e-02
1.091065983087895382e-02
1.086745111045395347e-02
1.082436536310018779e-02
1.078142843508409811e-02
1.073852819734467424e-02
1.069570476529086746e-02
1.065298217689321890e-02
1.061040817969607919e-02
1.056800434910633475e-02
1.052580063231387496e-02
1.048365225237397023e-02
1.044162697574389440e-02
1.040000552935390309e-02
1.035862242003177808e-02
1.031729032931820618e-02
1.027587175479678823e-02
1.023453019037847897e-02
1.019329755357862091e-02
1.015226355699113715e-02
1.011110406338312437e-02
1.006994680727636704e-02
1.002905252573382290e-02
9.988274371170842436e-03
9.947491286868401575e-03
9.906961640008244904e-03
9.866502534423182008e-03
9.826123684473834358e-03
9.785836628574941243e-03
9.745654309104507043e-03
9.705307162259998663e-03
9.665192782587157805e-03
9.625253270080782672e-03
9.585514000402337725e-03
9.545825396557166415e-03
9.506208271024127118e-03
9.466651837746977230e-03
9.426940397892933851e-03
9.387148704544535233e-03
9.347311309803336271e-03
9.307339108480326695e-03
9.267387717934075231e-03
9.227599422209728508e-03
9.187890126405808336e-03
9.148239435855675186e-03
9.108766721177215947e-03
9.069411594324889095e-03
9.030265168232040271e-03
8.991253100655212729e-03
8.952395641691812678e-03
8.913626120272414438e-03
8.874947572735250936e-03
8.836395115045813514e-03
8.798092096111414379e-03
8.759824073445986528e-03
8.721453587625044648e-03
8.683214851238052132e-03
8.645096033258961241e-03
8.607206956669105971e-03
8.569508158515362281e-03
8.532082835055651224e-03
8.494696244070874119e-03
8.457374804119581826e-03
8.420195898656437569e-03
8.383314266794270053e-03
8.346781317198537567e-03
8.310468572254462241e-03
8.274267605106046947e-03
8.238136195676017126e-03
8.202120885854582641e-03
8.166438640745617844e-03
8.130809764222753783e-03
8.095324730682350658e-03
8.059997155740412922e-03
8.024811071126691092e-03
7.989844358587502859e-03
7.954991923984369717e-03
7.920097827800771581e-03
7.885356640128267716e-03
7.850816113960698561e-03
7.816528125960427523e-03
7.782291865255820326e-03
7.748154682162140296e-03
7.714187085031076752e-03
7.680340909412016089e-03
7.646557022061878373e-03
7.612795246810629551e-03
7.579116121550950186e-03
7.545470510135360472e-03
7.512043050878157088e-03
7.478673819878756818e-03
7.445444605643249808e-03
7.412227227718557951e-03
7.379115490287916496e-03
7.346193432227423117e-03
7.313323077416907132e-03
7.280570659988902169e-03
7.247857210187326656e-03
7.215301363718168784e-03
7.182879716827410450e-03
7.150578613010747514e-03
7.118372738270319425e-03
7.086194556104803352e-03
7.054102643117003690e-03
7.022126603573840276e-03
6.990288080444842511e-03
6.958584584701351869e-03
6.927019551060298493e-03
6.895611628503169922e-03
6.864366172635770480e-03
6.833276107468816939e-03
6.802363546144424462e-03
6.771602656222334114e-03
6.740948885235012976e-03
6.710444049098682889e-03
6.680058520247128366e-03
6.649898659858615238e-03
6.619849231436635180e-03
6.589940281257007128e-03
6.560177812448339009e-03
6.530604057073000589e-03
6.501266639665553501e-03
6.472120158072770628e-03
6.443154879847433174e-03
6.414362764060340880e-03
6.385747942077249321e-03
6.357317416369140037e-03
6.329058499119005927e-03
6.300900302444889349e-03
6.272857857804774867e-03
6.244998585572400333e-03
6.217303884610567502e-03
6.189641044196701920e-03
6.162054890900099495e-03
6.134758654824043651e-03
6.107706051099827567e-03
6.080961486902678945e-03
6.054573484723526668e-03
6.028484370245840683e-03
6.002564428532424119e-03
5.976914320047657485e-03
5.951517897173836877e-03
5.926522568573888532e-03
5.901902624814771639e-03
5.877647098964836926e-03
5.853750870948973978e-03
5.830305962137211952e-03
5.807338462572977748e-03
5.784889925357481269e-03
5.763002505329449868e-03
5.741634282942348171e-03
5.720860009834838160e-03
5.700572880801936700e-03
5.680822681225475637e-03
5.661564016384359153e-03
5.642998812085696196e-03
5.624851831943295660e-03
5.607112443575641529e-03
5.589950577902011615e-03
5.573335368681268248e-03
5.557232838394599896e-03
5.541509160422232808e-03
5.526243518938473917e-03
5.511381141522213312e-03
5.496840506847020316e-03
5.482498730545515286e-03
5.468544232083778073e-03
5.454906511619366481e-03
5.441610474832911208e-03
5.428568408473254288e-03
5.415670728106186486e-03
5.402932444666610004e-03
5.390377501669740487e-03
5.378083132961177307e-03
5.365921928562529010e-03
5.353796728511816920e-03
5.341776136069534449e-03
5.329850188354651880e-03
5.318010988364191456e-03
5.306279162842804896e-03
5.294599691623244446e-03
5.282978799739380428e-03
5.271401381138673785e-03
5.259864328250936361e-03
5.248384478118608976e-03
5.236931792921070174e-03
5.225506713951289135e-03
5.214140646765053760e-03
5.202790790638805833e-03
5.191542374627686890e-03
5.180331984194437578e-03
5.169185186801925243e-03
5.158056374698940551e-03
5.147014675556686215e-03
5.136037615240853470e-03
5.125074669748505216e-03
5.114115309126500246e-03
5.103143863571395905e-03
5.092135218751466831e-03
5.081087674515263712e-03
5.070080603955679985e-03
5.059030329588600286e-03
5.048045774506108689e-03
5.037166831347544664e-03
5.026403453137979864e-03
5.015679349547196193e-03
5.004992159705324260e-03
4.994391422647106484e-03
4.983776979084348843e-03
4.973178776159538524e-03
4.962585744634481939e-03
4.952036123491857303e-03
4.941537686130957792e-03
4.931080060530781788e-03
4.920619174456846746e-03
4.910132337034025032e-03
4.899635998419141908e-03
4.889164996146126187e-03
4.878761538979657468e-03
4.868393871645206039e-03
4.858039214653551638e-03
4.847668402550615527e-03
4.837313408228427827e-03
4.826940722484442982e-03
4.816576396016000738e-03
4.806243007023436493e-03
4.795963456905803432e-03
4.785648531788187256e-03
4.775395975975287553e-03
4.765140376941944846e-03
4.754916651456043281e-03
4.744682052560083955e-03
4.734493778018118888e-03
4.724326456015468488e-03
4.714153728927215903e-03
4.703986649535858537e-03
4.693794755290958513e-03
4.683556753352454381e-03
4.673395310176709297e-03
4.663264659658920668e-03
4.653106446965995201e-03
4.643015837354077906e-03
4.632945548751735317e-03
4.622883154865591211e-03
4.612764171777639088e-03
4.602643791086368300e-03
4.592574400368167747e-03
4.582476131352725829e-03
4.572346788187847157e-03
4.562157122662516273e-03
4.552001799162003030e-03
4.541890127454453058e-03
4.531822693863142744e-03
4.521834833710274178e-03
4.511933362857755217e-03
4.502081197952310584e-03
4.492239195454297146e-03
4.482455683267857864e-03
4.472668113081682863e-03
4.462935723005208993e-03
4.453211452952693036e-03
4.443481551631741147e-03
4.433756577967335084e-03
4.424025382765765096e-03
4.414159665728747267e-03
4.404215732562624663e-03
4.394287275392093871e-03
4.384329929843051692e-03
4.374327371015025029e-03
4.364215283625407296e-03
4.354045160086842184e-03
4.343818334996988641e-03
4.333520648126593620e-03
4.323091670908083689e-03
4.312595206709070664e-03
4.302014579172844938e-03
4.291367631506694084e-03
4.280674277857638745e-03
4.269895648466832429e-03
4.259119283433822865e-03
4.248296972298766169e-03
4.237453808371668615e-03
4.226633453197379403e-03
4.215796261831915477e-03
4.205011684467390570e-03
4.194253828485284066e-03
4.183402738287040137e-03
4.172560504224855082e-03
4.161774944316688242e-03
4.151027023641288421e-03
4.140321729635605165e-03
4.129663083387140506e-03
4.119108400329766530e-03
4.108568279268147612e-03
4.098044886075872736e-03
4.087465892864820469e-03
4.076874701185789415e-03
4.066286055963280570e-03
4.055717975443188378e-03
4.045177212341116539e-03
4.034633512286379259e-03
4.024166874452577217e-03
4.013707962373070162e-03
4.003237875516377914e-03
3.992747391152602979e-03
3.982250402606941388e-03
3.971864092854398946e-03
3.961455865247217635e-03
3.951132476718405631e-03
3.940847633139523375e-03
3.930633394706762283e-03
3.920494385451740900e-03
3.910425880668861980e-03
3.900545123386081354e-03
3.890801932535362453e-03
3.881147187481341371e-03
3.871521267557454654e-03
3.861829919870041032e-03
3.852183874367630725e-03
3.842581310571047040e-03
3.833102329393750247e-03
3.823782100999154315e-03
3.814480122238726387e-03
3.805296117495498252e-03
3.796197262512797377e-03
3.787090489032551334e-03
3.778018878026277727e-03
3.768980382989879294e-03
3.759980291949698798e-03
3.751002349883752422e-03
3.742146565890036233e-03
3.733430077252444280e-03
3.724772281744372516e-03
3.716049103117096374e-03
