2.692828606937273418e-03
2.732636551408812366e-03
2.773442957439078201e-03
2.815363095038194308e-03
2.858427936530812726e-03
2.902684927982532824e-03
2.948155350829984468e-03
2.994858881725425293e-03
3.042774003682659038e-03
3.092050148605454164e-03
3.142696739876592663e-03
3.194643367091024727e-03
3.247946544986387001e-03
3.302730623500706175e-03
3.358965116123446577e-03
3.416651977970917072e-03
3.475814085559367998e-03
3.536488612467590057e-03
3.598709265989548812e-03
3.662485435040369226e-03
3.727774225028212748e-03
3.794480952686812066e-03
3.862739311049711612e-03
3.932478616400241281e-03
4.003635879942890434e-03
4.076290067569659711e-03
4.150304483868536877e-03
4.225629854876342302e-03
4.302257301815718554e-03
4.380198607230130839e-03
4.459383892348255107e-03
4.539856324236223040e-03
4.621559920750990119e-03
4.704389063910267496e-03
4.788377136001780929e-03
4.873436757113583720e-03
4.959506819813105233e-03
5.046525147552764767e-03
5.134523899629368608e-03
5.223380889756688156e-03
5.313014282881538958e-03
5.403365358583435765e-03
5.494362490027755383e-03
5.585902135884408121e-03
5.677392524455780742e-03
5.767663868496231659e-03
5.853777831869755484e-03
5.930645293494977467e-03
5.996713716337105822e-03
6.052283918276760502e-03
6.099919676993059356e-03
6.141590196965047294e-03
6.178196243537184724e-03
6.211673046622666686e-03
6.242118116713984456e-03
6.269387102063620106e-03
6.294672218601027325e-03
6.318889498878963590e-03
6.342565985381988340e-03
6.366114072553442395e-03
6.389535191947189052e-03
6.413043990878518341e-03
6.436373888157052685e-03
6.459519143373966717e-03
6.482351612403841092e-03
6.505207466234632328e-03
6.527998004778691465e-03
6.550745167089699027e-03
6.573383877713208888e-03
6.595699547123188775e-03
6.617770298902312873e-03
6.639656983849429733e-03
6.661358308528374760e-03
6.683093375078752105e-03
6.704361126690445288e-03
6.725479642085700933e-03
6.746630075161009349e-03
6.767529012266115633e-03
6.788356310951293958e-03
6.809051623774491253e-03
6.829555105964116996e-03
6.850018774456892966e-03
6.870270435107283039e-03
6.890184859388360540e-03
6.909860453951650883e-03
6.929458970904118706e-03
6.948868657817015675e-03
6.968115195495558530e-03
6.987125576285013913e-03
7.005957001695508474e-03
7.024745334822739620e-03
7.043324183947066025e-03
7.061723697655992657e-03
7.079723290561432993e-03
7.097433425334718181e-03
7.114943207055015803e-03
7.132418143856558354e-03
7.149789384161792799e-03
7.166878049543442056e-03
7.183980044724477994e-03
7.200972923737629719e-03
7.217924578996025298e-03
7.234748543959989078e-03
7.251563814097628652e-03
7.268409396801508299e-03
7.285008085289718799e-03
7.301441782232998522e-03
7.317729843189462943e-03
7.333557127849073438e-03
7.349345738921151880e-03
7.365099253052910175e-03
7.380678330376652142e-03
7.396043992792515447e-03
7.411215898421761109e-03
7.426392251545280675e-03
7.441538719688166846e-03
7.456771836468662623e-03
7.471947438935796180e-03
7.487209078792159307e-03
7.502146240472823413e-03
7.516887269089033048e-03
7.531570063291050804e-03
7.546192102314166865e-03
7.560730438496828139e-03
7.575160284035717742e-03
7.589571413651612780e-03
7.603829757912095380e-03
7.618135863745565360e-03
7.632274615730012639e-03
7.646216975490576287e-03
7.659883673268078584e-03
7.673642282211908840e-03
7.687228167819826555e-03
7.700834245131914918e-03
7.714340093632643391e-03
7.727900063407389802e-03
7.741481245573641860e-03
7.755073482344603843e-03
7.768787341730032381e-03
7.782538923170594959e-03
7.796278300535544603e-03
7.809995377588448487e-03
7.823588700056229375e-03
7.836971009507923830e-03
7.850305501683824821e-03
7.863557110775689155e-03
7.876783491026499023e-03
7.889936491355425269e-03
7.903077740067062859e-03
7.916120737046313319e-03
7.929198159292724993e-03
7.942252227321228153e-03
7.955219973791090651e-03
7.968146689942353852e-03
7.981047251800828246e-03
7.993814019419056768e-03
8.006451228077081025e-03
8.018813727300214481e-03
8.030875415835499534e-03
8.042861279098492688e-03
8.054715862681496169e-03
8.066655138413134085e-03
8.078490677456790989e-03
8.090346166066252759e-03
8.102150502808715474e-03
8.113934856217778699e-03
8.125690238402823173e-03
8.137438329697356532e-03
8.149197183685348567e-03
8.160866169034722978e-03
8.172534757628578325e-03
8.184205034382569660e-03
8.195989402836055190e-03
8.207743541385276870e-03
8.219369236567788603e-03
8.230970771996798732e-03
8.242637780596639985e-03
8.254350842321324377e-03
8.265901511892121550e-03
8.277491684882239131e-03
8.288973975841443936e-03
8.300159008244189715e-03
8.311336851169023182e-03
8.322509780277329364e-03
8.333726769838014151e-03
8.345001666267219675e-03
8.356376810505487807e-03
8.367647006540347016e-03
8.378731304551217951e-03
8.389640080523961055e-03
8.400499162072057671e-03
8.411291708829073122e-03
8.422188539473834251e-03
8.433089698135979098e-03
8.443946612298622312e-03
8.454920179830932581e-03
8.465900616241174570e-03
8.476933596621842940e-03
8.488034443664416173e-03
8.499120571110255207e-03
8.510227011549072879e-03
8.521408227884122444e-03
8.532736883368115602e-03
8.544024782023578596e-03
8.555140766612375283e-03
8.566239264857895830e-03
8.577449067301656446e-03
8.588585741048952379e-03
8.599434021139490750e-03
8.610192413428986377e-03
8.620712693493457965e-03
8.631097685911472486e-03
8.641295090223630876e-03
8.651487158596869384e-03
8.661697749182408271e-03
8.671717487131783489e-03
8.681537961788082791e-03
8.691309333968425324e-03
8.700835013400609261e-03
8.710286574553617600e-03
8.719698925983022583e-03
8.729243473594364491e-03
8.738708372343504532e-03
8.747973692250998745e-03
8.757102892950686598e-03
8.766202620414775826e-03
8.775334004752286324e-03
8.784311548373493692e-03
8.793230695852945547e-03
8.802044739523517264e-03
8.810821693636210900e-03
8.819535076599644904e-03
8.828140290864499098e-03
8.836631723762292459e-03
8.845079513717940198e-03
8.853607498362888600e-03
8.862113768302761277e-03
8.870478028428836759e-03
8.878660159269082322e-03
8.886622237782538722e-03
8.894358575529535266e-03
8.901965673104387730e-03
8.909535422126652754e-03
8.917093590510962245e-03
8.924568961740157041e-03
8.931949111480558950e-03
8.939222340166393457e-03
8.946295338817609327e-03
8.953256200995449166e-03
8.960181558770655835e-03
8.967067187075825757e-03
8.973925814866778872e-03
8.980557236816892608e-03
8.987206225823069633e-03
8.993656879843053495e-03
8.999953876534976319e-03
9.006136652002592197e-03
9.012237489110144079e-03
9.018235691780890698e-03
9.024158222753269828e-03
9.030039909650438429e-03
9.035908105322643449e-03
9.041742102217652927e-03
9.047498033813407975e-03
9.053224561575581517e-03
9.058852082364274305e-03
9.064393675329976419e-03
9.069818762899455739e-03
9.075071718038486834e-03
9.080330809106458220e-03
9.085569865722930780e-03
9.090738006106758445e-03
9.095847533577339217e-03
9.100928334487976695e-03
9.106000201371429459e-03
9.110904104008532220e-03
9.115779131123925155e-03
9.120685709582141212e-03
9.125562329759332944e-03
9.130441187931942135e-03
9.135092216524065209e-03
9.139737791018138352e-03
9.144441156362960454e-03
9.149106058714740267e-03
9.153770965349238356e-03
9.158191634426758945e-03
9.162267072066555829e-03
9.166204196702989679e-03
9.170128580194327958e-03
9.173934105978366615e-03
9.177690254149179633e-03
9.181184824087106067e-03
9.184509448197363327e-03
9.187688018892930034e-03
9.190728986857675878e-03
9.193529295257867398e-03
9.196290289831430750e-03
9.198777825908513450e-03
9.201153255601069933e-03
9.203347443244497272e-03
9.205494709386818214e-03
9.207512660381951541e-03
9.209392510642866805e-03
9.210965548369051334e-03
9.212581155172950079e-03
9.214200805715005646e-03
9.215647435134885143e-03
9.217168648826754018e-03
9.218865484651591127e-03
9.220918426754459718e-03
9.223282543835916586e-03
9.226165958103913628e-03
9.229619691433934084e-03
9.233612054941973263e-03
9.238264224110122325e-03
9.243562214404541302e-03
9.249580694735835135e-03
9.256269725768203477e-03
9.263438964042384691e-03
9.271094702053660555e-03
9.278879230716262361e-03
9.286933735283241231e-03
9.295283259532757802e-03
9.303923565329625528e-03
9.312697599012041347e-03
9.321534948857195316e-03
9.330607168853885178e-03
9.339750873916205856e-03
9.348885453299649040e-03
9.358121870506637754e-03
9.367381150324764066e-03
9.376530288400979421e-03
9.385606720314923490e-03
9.394632727957459919e-03
9.403375428413754400e-03
9.412104193724747311e-03
9.420805883052323082e-03
9.429316164555051963e-03
9.437730982485530509e-03
9.446082276623742752e-03
9.454491728306823467e-03
9.462649403721211036e-03
9.470396326483715779e-03
9.478111270866859325e-03
9.485724337509316567e-03
9.493109880785725180e-03
9.500319426642154022e-03
9.507338235962548706e-03
9.514280414777044267e-03
9.521205702601166082e-03
9.527944879665451589e-03
9.534621575038398911e-03
9.541183099823456748e-03
9.547681585285152511e-03
9.554095388316691598e-03
9.560321024718364605e-03
9.566492465255324942e-03
9.572638159538330097e-03
9.578659712775694154e-03
9.584603164447952350e-03
9.590468183632676336e-03
9.596336231551061760e-03
9.602116215749972525e-03
9.607556980241240344e-03
9.612771434913434249e-03
9.617898172327171355e-03
9.623073241245012899e-03
9.628167177942357005e-03
9.633185934465741604e-03
9.638219859118358004e-03
9.643227219380349699e-03
9.648114575209469634e-03
9.652939119770035173e-03
9.657602881408523798e-03
9.662134114762148743e-03
9.666608971042855644e-03
9.670865157381724683e-03
9.675027518768945442e-03
9.679018904238397003e-03
9.682840407832711896e-03
9.686557935414646936e-03
9.690105656769093176e-03
9.693512666289431229e-03
9.696846333375410895e-03
9.700124925142994403e-03
9.703362330972784000e-03
9.706526940387483204e-03
9.709438113416929417e-03
9.712234840036134548e-03
9.714901069285429569e-03
9.717447718022440700e-03
9.719963560527440302e-03
9.722416160197547286e-03
9.724803267204958426e-03
9.727027395600457843e-03
9.729145261656576421e-03
9.731179641959441726e-03
9.733058920422411192e-03
9.734805691821939166e-03
9.736432978370311575e-03
9.738071932995492550e-03
9.739729403477528219e-03
9.741328957990267462e-03
9.742849963599625046e-03
9.744268959802130509e-03
9.745623344621269155e-03
9.746946333373614560e-03
9.748246345226611528e-03
9.749482415681019407e-03
9.750836763891143621e-03
9.752145745899906334e-03
9.753354022205522680e-03
9.754506048849125727e-03
9.755785397143850249e-03
9.757105336517630026e-03
9.758554740755327750e-03
9.760178100736351114e-03
9.761999861577832019e-03
9.763993493178354383e-03
9.766332486084574466e-03
9.768945657505747129e-03
9.771921821515745440e-03
9.775271363846363068e-03
9.778793296476554278e-03
9.782569969250611702e-03
9.786612390912458742e-03
9.790983577930562412e-03
9.795688265221829186e-03
9.800555306040150544e-03
9.805688188785592965e-03
9.811011642715668571e-03
9.816347266061526550e-03
9.821729546162309352e-03
9.827243353270124354e-03
9.832686922029770446e-03
9.837941808709562211e-03
9.842915150802950680e-03
9.847789202535863970e-03
9.852544885889623349e-03
9.857148812111242442e-03
9.861594602399039941e-03
9.865838958521737714e-03
9.869761769918754951e-03
9.873473357897370392e-03
9.877080841972269570e-03
9.880494177563309624e-03
9.883694515942014966e-03
9.886765078122318126e-03
9.889716034931349264e-03
9.892504332184200166e-03
9.894841601844931236e-03
9.896879531465219842e-03
9.898567391410272726e-03
9.899971293909522185e-03
9.901155656278750120e-03
9.902224968463527524e-03
9.902935917027124238e-03
9.903414384647537053e-03
9.903652526995727207e-03
9.903663207308606095e-03
9.903415852645695849e-03
9.902989390423156540e-03
9.902490023166428748e-03
9.901761354364053969e-03
9.900823726267396485e-03
9.899660869367693516e-03
9.898446419892693512e-03
9.897107771788692457e-03
9.895483090094577688e-03
9.893705721115204910e-03
9.891825290435999826e-03
9.889642721556337820e-03
9.887330542437082828e-03
9.884841847592714878e-03
9.882043025762858937e-03
9.879017617089246375e-03
9.875770381172759016e-03
9.872265299070166061e-03
9.868698385782876531e-03
9.864945529726104959e-03
9.860938560367337249e-03
9.856649253209686171e-03
9.851931856269154075e-03
9.847030936621604599e-03
9.841966951856701701e-03
9.836746354021614486e-03
9.831378876488390539e-03
9.825850310899631249e-03
9.820224678759304632e-03
9.814437177663780029e-03
9.808603483911864512e-03
9.802684422168682701e-03
9.796629699115207840e-03
9.790421416922219511e-03
9.784216047098524827e-03
9.778054007652242988e-03
9.771827613559266185e-03
9.765530849100204774e-03
9.759088450389037661e-03
9.752643531007531424e-03
