1.280820273227062725e-02
1.260882980784423096e-02
1.240604257454958927e-02
1.220002860868772340e-02
1.199135501500277722e-02
1.178040063494576600e-02
1.156730861193343632e-02
1.135253340925996418e-02
1.113628871595483127e-02
1.091900758742553670e-02
1.070083779550054688e-02
1.048212606716533886e-02
1.026315590943908951e-02
1.004416411190043462e-02
9.825501237972924726e-03
9.607402376885787465e-03
9.390268537884868816e-03
9.174072591150756947e-03
8.959260562141909551e-03
8.746035245088931015e-03
8.534761376361410870e-03
8.325759178622075748e-03
8.119652090956911913e-03
7.916738178885695740e-03
7.717066196995822289e-03
7.521139693926566852e-03
7.329158158857105101e-03
7.141635658016851421e-03
6.958167645182807698e-03
6.778870927133904579e-03
6.604074638762110622e-03
6.434040892816773882e-03
6.268391787629257715e-03
6.108184596049840570e-03
5.954037825009154440e-03
5.806105448262416542e-03
5.665517442159240767e-03
5.533165388548961713e-03
5.408721873369209433e-03
5.292948202537893151e-03
5.184976219253188516e-03
5.083446074288474822e-03
4.987963499398230874e-03
4.898160455028262826e-03
4.813437993866664585e-03
4.733358079703283913e-03
4.657224372892800578e-03
4.586771090702626737e-03
4.523994514831664211e-03
4.472164321937351604e-03
4.433337781344863678e-03
4.408573881408131209e-03
4.398321238081781895e-03
4.400283773873593304e-03
4.412710206197129927e-03
4.435472195953357906e-03
4.466240397925058149e-03
4.500968916339258968e-03
4.536685142184680199e-03
4.572876194611765963e-03
4.609352874004124870e-03
4.646252736531805184e-03
4.683545172501166025e-03
4.721202922677800347e-03
4.759328071224029448e-03
4.797924877523917532e-03
4.836921779203222881e-03
4.876382219863069009e-03
4.916425068466683153e-03
4.956805402386577075e-03
4.997648677902563445e-03
5.038929115075438912e-03
5.080579204465986674e-03
5.122527597341773251e-03
5.164731660548994505e-03
5.207273587818628084e-03
5.250107637072028328e-03
5.293179881404723799e-03
5.336488311123184849e-03
5.380062287124001350e-03
5.423835596808334637e-03
5.467842999166036035e-03
5.512059275898115694e-03
5.556391508246101389e-03
5.600853342271740719e-03
5.645385447047379310e-03
5.690019219518331617e-03
5.734754621908817740e-03
5.779605432495820566e-03
5.824481155771350088e-03
5.869452068305511250e-03
5.914549733959862353e-03
5.959720213091585991e-03
6.005026522402535406e-03
6.050425377545930183e-03
6.095859194394562426e-03
6.141361300082435158e-03
6.186949447250127306e-03
6.232634968302595141e-03
6.278392964827043607e-03
6.324224901403691958e-03
6.370149522726633977e-03
6.416087041623748724e-03
6.462155774587463423e-03
6.508264663316533361e-03
6.554432799734762581e-03
6.600677233897124865e-03
6.647024574668652583e-03
6.693395654883220122e-03
6.739744044701373449e-03
6.786160653078242809e-03
6.832627339951862638e-03
6.879028438844794410e-03
6.925505630350580095e-03
6.971933171851182193e-03
7.018397403957896651e-03
7.064894712934061995e-03
7.111351324655401651e-03
7.157746755424122115e-03
7.204097614724165252e-03
7.250464155805241839e-03
7.296791721065063081e-03
7.343082455157723919e-03
7.389336378069249339e-03
7.435496404444520181e-03
7.481588362375880125e-03
7.527568619737772491e-03
7.573495237686457722e-03
7.619316826883611171e-03
7.665162641996800877e-03
7.710882091850440080e-03
7.756475849380537781e-03
7.801968818270930452e-03
7.847385694658280675e-03
7.892698509090549305e-03
7.937873655398091505e-03
7.982932744841851266e-03
8.027915360949981760e-03
8.072709951400995274e-03
8.117367504275356180e-03
8.161960997331157985e-03
8.206408579674600093e-03
8.250642816923871303e-03
8.294689278231511670e-03
8.338605877603932903e-03
8.382362276256953917e-03
8.426012371225821002e-03
8.469514691730701400e-03
8.512786877344000885e-03
8.555825731400035564e-03
8.598687495448393073e-03
8.641295588316767057e-03
8.683742563963786631e-03
8.725920646108713263e-03
8.767916467576079148e-03
8.809621930112495822e-03
8.851068856299696211e-03
8.892180116557667560e-03
8.933136093097352251e-03
8.973849529354573085e-03
9.014263759680707019e-03
9.054451286561815762e-03
9.094389302650296783e-03
9.134031054706476249e-03
9.173405654680154633e-03
9.212531248123961847e-03
9.251304598439711105e-03
9.289818741446874417e-03
9.328040148284385755e-03
9.365919446664936268e-03
9.403488648488425930e-03
9.440723673451273737e-03
9.477574653788487652e-03
9.514054083180857255e-03
9.550209843968591669e-03
9.585958154520138330e-03
9.621356330798582282e-03
9.656280258717387516e-03
9.690899742170596895e-03
9.725091312773980270e-03
9.758854303521446658e-03
9.792203686360743606e-03
9.825101303799458827e-03
9.857600640523834709e-03
9.889632316918946578e-03
9.921289505631656139e-03
9.952542561678320160e-03
9.983388673179124581e-03
1.001384496991351153e-02
1.004383541044163303e-02
1.007333278357240396e-02
1.010228666599525746e-02
1.013088909506743712e-02
1.015902018045204691e-02
1.018672650023651899e-02
1.021395216119911145e-02
1.024072772943757960e-02
1.026699768355807639e-02
1.029280599215416300e-02
1.031821709181389088e-02
1.034323038767851963e-02
1.036783133442503897e-02
1.039195546548636259e-02
1.041560617661971798e-02
1.043883559357153615e-02
1.046161629068532994e-02
1.048401452657171662e-02
1.050594503821748911e-02
1.052751142273795210e-02
1.054870670545004184e-02
1.056955509162489128e-02
1.058995335246106125e-02
1.060989232842971322e-02
1.062950055766651893e-02
1.064880490885482082e-02
1.066771695229476458e-02
1.068619893383825417e-02
1.070433976065345016e-02
1.072210643987809089e-02
1.073944051788311774e-02
1.075646142181285042e-02
1.077312104492356495e-02
1.078936112202585722e-02
1.080520762638527595e-02
1.082069047620100137e-02
1.083582958040791959e-02
1.085066364572975263e-02
1.086504870685197320e-02
1.087910419042474076e-02
1.089275542602748115e-02
1.090601428964107188e-02
1.091887143889750354e-02
1.093130925123006816e-02
1.094335330292917421e-02
1.095498968795004073e-02
1.096622969894520648e-02
1.097713139262349036e-02
1.098765149089747130e-02
1.099782545808794532e-02
1.100765832364486441e-02
1.101707420870699783e-02
1.102609191847557686e-02
1.103471809923694050e-02
1.104289303280676926e-02
1.105061735451001205e-02
1.105786446080758365e-02
1.106466483071527444e-02
1.107112638360058070e-02
1.107706202211326992e-02
1.108263160836337607e-02
1.108772720920183329e-02
1.109248837533797875e-02
1.109681171374455634e-02
1.110068510641213507e-02
1.110411536846502879e-02
1.110716474417821481e-02
1.110982346639831538e-02
1.111199210084072402e-02
1.111378249280886403e-02
1.111514811588246686e-02
1.111609230086418355e-02
1.111661152963729429e-02
1.111673185428586202e-02
1.111644337168016597e-02
1.111572104361505803e-02
1.111457371376881921e-02
1.111302007483893836e-02
1.111104089944688240e-02
1.110869237225893882e-02
1.110597568768711095e-02
1.110278776668787055e-02
1.109926453862932275e-02
1.109530182875065503e-02
1.109095486763259433e-02
1.108622858193983145e-02
1.108112399299112684e-02
1.107559647660741158e-02
1.106968897056463327e-02
1.106335357423866850e-02
1.105662695498265714e-02
1.104943889332942082e-02
1.104187027406264288e-02
1.103392158483581381e-02
1.102558062151840976e-02
1.101690097943358593e-02
1.100783402327867172e-02
1.099838361955313148e-02
1.098854516935757544e-02
1.097831532846467971e-02
1.096772109343539109e-02
1.095679073905768582e-02
1.094545448126045886e-02
1.093368774618417617e-02
1.092156441204241400e-02
1.090903046779997075e-02
1.089606512826658997e-02
1.088268450146369533e-02
1.086890306852841132e-02
1.085469043402660996e-02
1.084004702038266800e-02
1.082494599747144647e-02
1.080949488079450960e-02
1.079366234577351820e-02
1.077743699795899457e-02
1.076087607463278167e-02
1.074402381149561041e-02
1.072689992367558895e-02
1.070947018521671047e-02
1.069191064615335543e-02
1.067424357283780663e-02
1.065674766300126267e-02
1.063960501795470359e-02
1.062319743789054416e-02
1.060773335702392892e-02
1.059350358736183169e-02
1.058095363023747564e-02
1.057057099663159458e-02
1.056230476980120347e-02
1.055609394811882901e-02
1.055178681784224408e-02
1.054887615238216808e-02
1.054682356724015099e-02
1.054538384923638973e-02
1.054416820139547628e-02
1.054305531901243535e-02
1.054185168566131037e-02
1.054045047711537134e-02
1.053861468628324895e-02
1.053638207404596593e-02
1.053371114667956722e-02
1.053057221934503712e-02
1.052700118300850182e-02
1.052288985912244040e-02
1.051833693290050303e-02
1.051332496926849630e-02
1.050787897185410241e-02
1.050198023606567672e-02
1.049558737182244676e-02
1.048876202106647539e-02
1.048144481315886785e-02
1.047356644326756688e-02
1.046520509216743861e-02
1.045637748021269187e-02
1.044702245129597480e-02
1.043716475919907564e-02
1.042672524652925661e-02
1.041572930485719362e-02
1.040417527523996091e-02
1.039210009320168555e-02
1.037950769656558435e-02
1.036633270950343411e-02
1.035266055852674706e-02
1.033844189123129566e-02
1.032371125949901360e-02
1.030842954757216212e-02
1.029247731955567312e-02
1.027594522954855538e-02
1.025879118033403738e-02
1.024103371273778901e-02
1.022269466224238685e-02
1.020373592573360459e-02
1.018413166571289705e-02
1.016391148184189394e-02
1.014312567377450604e-02
1.012175144290015580e-02
1.009972600177974633e-02
1.007710794629862461e-02
1.005387712065470077e-02
1.002995685632947047e-02
1.000547385278559125e-02
9.980382507572053280e-03
9.954708352031296087e-03
9.928521562103246809e-03
9.901758868268342728e-03
9.874417191241043751e-03
9.846583725918491015e-03
9.818263778981222226e-03
9.789400263238176234e-03
9.760065582744930496e-03
9.730192582347484825e-03
9.699787516984964900e-03
9.668844996052005855e-03
9.637386667981357249e-03
9.605420396381162199e-03
9.572993534370369262e-03
9.540080742292542798e-03
9.506665265514559204e-03
9.472815591205371866e-03
9.438554002618223387e-03
9.403813016780625950e-03
9.368608854802845318e-03
9.333034576572345892e-03
9.297020691941946038e-03
9.260589253766259368e-03
9.223744471538066272e-03
9.186497291445452906e-03
9.148861183630950175e-03
9.110890280446020534e-03
9.072573483703789271e-03
9.033924325526108273e-03
8.994890419982758817e-03
8.955517984045228627e-03
8.915765829977505968e-03
8.875620027627357730e-03
8.835198292374257453e-03
8.794516447256910813e-03
8.753516034193673315e-03
8.712192407947365672e-03
8.670551092464178974e-03
8.628659399752708695e-03
8.586456391734794899e-03
8.543953549166321756e-03
8.501175680150642108e-03
8.458150227233193416e-03
8.414813963912059699e-03
8.371167340087260975e-03
8.327232954235456661e-03
8.282897911603380459e-03
8.238066767160025228e-03
8.192829433670136691e-03
8.147052958295052799e-03
8.100597015408026597e-03
8.053030129994505695e-03
8.003717965072543183e-03
7.951616889974108190e-03
7.895027918367538908e-03
7.831107702252560268e-03
7.756500914085870738e-03
7.669088978932689371e-03
7.568256486374029361e-03
7.456182344372044336e-03
7.336584408930486856e-03
7.213754254757303100e-03
7.090340111164712515e-03
6.967559694689510683e-03
6.845791297227107886e-03
6.725104086249399961e-03
6.605581271263127538e-03
6.487205452650074769e-03
6.370021044808125109e-03
6.254075610873765199e-03
6.139354195668084678e-03
6.025879230293375126e-03
5.913633305499162163e-03
5.802670658391521213e-03
5.692981367523359572e-03
5.584615555481473557e-03
5.477613267828408856e-03
5.371983994681703636e-03
5.267726175827466654e-03
5.164816671989759869e-03
5.063311459888338376e-03
4.963201880962078011e-03
4.864483044748436902e-03
4.767207517528634399e-03
4.671338354795940596e-03
4.576916160457642282e-03
4.483891271854498380e-03
4.392280795186760331e-03
4.302086567272194600e-03
4.213350080339837468e-03
4.126024821210722525e-03
4.040092550362257839e-03
3.955580536177888754e-03
3.872500800672190949e-03
3.790860831812405910e-03
3.710643897166465265e-03
3.631824169102189793e-03
3.554385786521869952e-03
3.478319103070745631e-03
3.403630077254722521e-03
3.330260255152084608e-03
3.258236653360960678e-03
3.187574478759034463e-03
3.118269525133122218e-03
3.050278562687817798e-03
2.983598728647943697e-03
2.918222536530130484e-03
2.854149429505790144e-03
2.791349572295093520e-03
2.729804911415351348e-03
2.669520991951064570e-03
2.610479379004807324e-03
2.552678774713941501e-03
2.496105090716825309e-03
2.440729782831167934e-03
2.386550460342755104e-03
2.333559224493688636e-03
2.281740351202661988e-03
2.231086633725921312e-03
2.181575696851757121e-03
2.133195092863945323e-03
2.085939115666915911e-03
2.039782145754807929e-03
1.994713902410466620e-03
1.950714830505717460e-03
1.907783318160735306e-03
1.865931361983111164e-03
1.825108558578514154e-03
1.785313969678846728e-03
