3.665051587595022451e-03
3.691506086560677243e-03
3.718625742800761146e-03
3.746422659115545683e-03
3.774907866884216409e-03
3.804091654681224493e-03
3.833947815777937265e-03
3.864473945949031992e-03
3.895693109258162399e-03
3.927563216923643345e-03
3.960047319619230781e-03
3.993113799153264788e-03
4.026685154474822156e-03
4.060661193395353682e-03
4.094882938543461040e-03
4.129127851830794935e-03
4.163446202115431496e-03
4.197795037153569109e-03
4.232196076207520030e-03
4.266690903823669619e-03
4.301383139628929715e-03
4.336488905758753912e-03
4.371975597431184551e-03
4.407848805846195130e-03
4.444024088433428527e-03
4.480474386999240728e-03
4.516995055201860655e-03
4.553388317773708616e-03
4.589708493762550447e-03
4.625932443690436088e-03
4.662210275444362596e-03
4.698451161605696896e-03
4.734580790404248514e-03
4.770551316616766270e-03
4.806402585072149132e-03
4.842325536970872035e-03
4.878273294050853789e-03
4.914271704225711170e-03
4.950306622057649986e-03
4.986303582367273418e-03
5.022196562423048710e-03
5.057885554907145219e-03
5.093258745209099103e-03
5.128257473141071242e-03
5.162797034310300480e-03
5.196754533283691989e-03
5.229951342886959322e-03
5.261871241530413287e-03
5.291881290672863399e-03
5.319673811791969173e-03
5.346054885922145797e-03
5.370301260480834019e-03
5.391345431916189090e-03
5.407126851934749255e-03
5.418894577293398469e-03
5.428353054757237284e-03
5.436583798355334139e-03
5.444545389621668549e-03
5.452650898159030514e-03
5.460926414513561991e-03
5.469360536548864733e-03
5.478007528735484230e-03
5.486858870218850812e-03
5.495849289500336597e-03
5.504974378453742455e-03
5.514179237338481462e-03
5.523455688246972466e-03
5.532724574335637358e-03
5.542054735816300502e-03
5.551415301639664283e-03
5.560799810829368875e-03
5.570246384968826833e-03
5.579778032693419668e-03
5.589300359793049691e-03
5.598822585754613911e-03
5.608406528118461097e-03
5.618107795030891603e-03
5.627846103073501707e-03
5.637701019572051615e-03
5.647583724440447157e-03
5.657564587919469527e-03
5.667641971923859275e-03
5.677750332617960589e-03
5.687875765110051059e-03
5.698057813724885512e-03
5.708322731202876074e-03
5.718656034594997786e-03
5.729077886285251740e-03
5.739615831077545319e-03
5.750189732154252324e-03
5.760857109511533826e-03
5.771607115460433528e-03
5.782465589074595180e-03
5.793478972821948340e-03
5.804555279490504829e-03
5.815721120251346465e-03
5.827047422757653666e-03
5.838416472403938802e-03
5.849821690493966532e-03
5.861228799788950790e-03
5.872653945152667317e-03
5.884151208436115381e-03
5.895724091695806954e-03
5.907422145226376778e-03
5.919054296820060700e-03
5.930661332241170605e-03
5.942333915670842265e-03
5.954044155185272101e-03
5.965738575212787068e-03
5.977484101589645472e-03
5.989278539696695110e-03
6.001088298848010483e-03
6.012981350741888366e-03
6.024915359489226192e-03
6.036869030750343507e-03
6.048911292697533443e-03
6.061000595046168136e-03
6.073095312179682854e-03
6.085175566350195867e-03
6.097323575008263205e-03
6.109603572795167109e-03
6.122005738117591161e-03
6.134495838870020548e-03
6.147022778256871524e-03
6.159559146764242467e-03
6.172067440398822276e-03
6.184546975462893587e-03
6.197070675027433091e-03
6.209733725825252598e-03
6.222483534195433555e-03
6.235235884194850579e-03
6.248055552942578632e-03
6.260884880430472865e-03
6.273791852083497426e-03
6.286784813384352182e-03
6.299951853062434742e-03
6.313202171756415911e-03
6.326565154851219661e-03
6.340061107707786400e-03
6.353570026442396240e-03
6.367115098027258634e-03
6.380632511041615940e-03
6.394198770117799635e-03
6.407779729353751605e-03
6.421329174034362368e-03
6.434959870247587178e-03
6.448708923364395405e-03
6.462503964980877841e-03
6.476255470119255363e-03
6.490019875247685609e-03
6.503809298595210342e-03
6.517655479834472305e-03
6.531571722299838768e-03
6.545520191899164945e-03
6.559464123572952311e-03
6.573499215784072043e-03
6.587552161114936487e-03
6.601632925343749181e-03
6.615635408160750776e-03
6.629676180355913509e-03
6.643819610542766978e-03
6.658025845930947394e-03
6.672163207614240088e-03
6.686299906903601410e-03
6.700412606821828237e-03
6.714528198014896136e-03
6.728716171667976746e-03
6.742954984824040682e-03
6.757222609810069856e-03
6.771577637302075674e-03
6.785988278321235592e-03
6.800489403757130867e-03
6.815121539006696420e-03
6.829853790399089374e-03
6.844651505243790589e-03
6.859457721835544690e-03
6.874259682502359067e-03
6.889024264692483746e-03
6.903865633295912588e-03
6.918863405823092935e-03
6.933973008279695031e-03
6.949146436542598740e-03
6.964290341385237504e-03
6.979426865455169715e-03
6.994587403062153992e-03
7.009821863919811838e-03
7.025093751242579912e-03
7.040529450166068716e-03
7.056052484609409182e-03
7.071612730173944435e-03
7.087238136215843337e-03
7.102854798372324439e-03
7.118448190318100999e-03
7.134040977851377474e-03
7.149645272941837146e-03
7.165299723617937246e-03
7.181059491525028197e-03
7.196815743319501073e-03
7.212671340367311952e-03
7.228569904950428622e-03
7.244435900770354597e-03
7.260347762538293254e-03
7.276269287548745371e-03
7.292107023680065650e-03
7.307964376972265162e-03
7.323915476356361760e-03
7.339899669740747659e-03
7.355888162645959731e-03
7.371936921868594422e-03
7.387980367114974425e-03
7.404039937239105182e-03
7.420103903190342770e-03
7.436237584236107465e-03
7.452447176263408447e-03
7.468669375298829169e-03
7.484769407237984278e-03
7.500919378210916567e-03
7.517087114782379335e-03
7.533168193382160788e-03
7.549209610156936562e-03
7.565297945989441636e-03
7.581433343856614458e-03
7.597645400863457105e-03
7.613895224207627155e-03
7.630227235242944758e-03
7.646549743253379730e-03
7.662891243586916062e-03
7.679189623744634395e-03
7.695570476009993242e-03
7.712046337000774687e-03
7.728350473133351224e-03
7.744651938715856748e-03
7.761051529635553010e-03
7.777511060287865818e-03
7.794062494474418915e-03
7.810652340920234277e-03
7.827289413901067361e-03
7.843925421253467728e-03
7.860511238758471908e-03
7.877069816301337721e-03
7.893581487964073870e-03
7.910157331894127758e-03
7.926671460629846483e-03
7.943209659017222424e-03
7.959764025438983634e-03
7.976276056630520611e-03
7.992777957982758613e-03
8.009281457997273826e-03
8.025785476111022693e-03
8.042330107911613984e-03
8.058903860337219074e-03
8.075522707821348317e-03
8.092223465498369836e-03
8.108888875256759290e-03
8.125546413706351279e-03
8.142174370644432099e-03
8.158859555035997274e-03
8.175532520060454014e-03
8.192263694269454402e-03
8.209078155840163551e-03
8.225972563482765454e-03
8.242951534188389801e-03
8.259848669923243805e-03
8.276686540618504936e-03
8.293464705812957083e-03
8.310145998859796643e-03
8.326895085817171901e-03
8.343681708503910416e-03
8.360399280686318935e-03
8.377085878814534425e-03
8.393811033496713370e-03
8.410655017609182729e-03
8.427609720559923329e-03
8.444651140452098803e-03
8.461704861192865731e-03
8.478663537189441365e-03
8.495756022690219636e-03
8.512939910647068786e-03
8.530090330799097037e-03
8.547271412586428946e-03
8.564500382204576212e-03
8.581750237437235640e-03
8.599053738452209703e-03
8.616461404427032400e-03
8.633962638376551507e-03
8.651601968942195658e-03
8.669260249333189325e-03
8.686859352205802617e-03
8.704387831937564907e-03
8.721914417169971193e-03
8.739530547915248457e-03
8.757165134325943512e-03
8.774808576521827067e-03
8.792430506508408516e-03
8.809997530714670094e-03
8.827497403418302357e-03
8.845005204204217306e-03
8.862470743554458352e-03
8.880057111156997030e-03
8.897695085747794885e-03
8.915320320895613049e-03
8.932909138433267615e-03
8.950404968469424793e-03
8.967881805194160075e-03
8.985358635330096405e-03
9.002797404609387544e-03
9.020146893904408547e-03
9.037411795538225975e-03
9.054662027210938144e-03
9.071896778719888352e-03
9.089268027304177322e-03
9.106763262152152774e-03
9.124321574867923570e-03
9.142107407380653528e-03
9.160158765201075956e-03
9.178523611491944817e-03
9.197176619348931131e-03
9.216201016285481898e-03
9.235523510916757509e-03
9.255301322750018184e-03
9.275502475904176883e-03
9.296165378245960925e-03
9.317179300614647844e-03
9.338426073338360056e-03
9.360133444845382400e-03
9.382206594630321250e-03
9.404508973127067434e-03
9.426886874854524534e-03
9.449428681743650416e-03
9.471933409287562264e-03
9.494547227138248197e-03
9.517264384811513489e-03
9.540106577465649537e-03
9.563118022970395343e-03
9.586066468135550148e-03
9.609138784699659125e-03
9.632285075687448475e-03
9.655405800597500338e-03
9.678769751244457528e-03
9.702054392517135001e-03
9.725223500735694082e-03
9.748452924358228314e-03
9.771748711902275217e-03
9.795002751936975061e-03
9.818336617248919068e-03
9.841801949307749445e-03
9.865219283063563632e-03
9.888736001385884863e-03
9.912244335241774187e-03
9.935858438869338977e-03
9.959741660017843584e-03
9.983803355919749697e-03
1.000773363734590998e-02
1.003163165869411406e-02
1.005554483318202297e-02
1.007965710821953458e-02
1.010408542181235637e-02
1.012869468754702337e-02
1.015327354465627233e-02
1.017788839549627587e-02
1.020262814383087607e-02
1.022748902196514431e-02
1.025242064886669816e-02
1.027733427385146142e-02
1.030215403985623897e-02
1.032699134897776400e-02
1.035176099332921727e-02
1.037658258706685224e-02
1.040153565589718547e-02
1.042665692754318578e-02
1.045198700525943117e-02
1.047731621786635904e-02
1.050235859347540927e-02
1.052744452434064074e-02
1.055256420193652345e-02
1.057731917742500173e-02
1.060197160177014930e-02
1.062656515343868638e-02
1.065111680605549879e-02
1.067554405028623213e-02
1.069985060572758127e-02
1.072420703420490576e-02
1.074855652050391193e-02
1.077278067730273216e-02
1.079672427029925753e-02
1.082073101671514152e-02
1.084476373002737221e-02
1.086847731419827989e-02
1.089200178314456147e-02
1.091543899772303046e-02
1.093872701311970723e-02
1.096200699611145010e-02
1.098527756568597885e-02
1.100848424499378635e-02
1.103160157755083033e-02
1.105474422273647166e-02
1.107778899153171424e-02
1.110080248417632913e-02
1.112381717137021254e-02
1.114657384470695706e-02
1.116910562937383292e-02
1.119149292541098996e-02
1.121372458500967222e-02
1.123579596767870260e-02
1.125755581150292804e-02
1.127912664508405605e-02
1.130065757250554859e-02
1.132205707864286995e-02
1.134315551048567863e-02
1.136401383990196488e-02
1.138476206697194154e-02
1.140525574962673871e-02
1.142567356467625792e-02
1.144593392697502987e-02
1.146603660964873837e-02
1.148581582226067960e-02
1.150540656117739376e-02
1.152483336374545905e-02
1.154431091280462562e-02
1.156399339943048159e-02
1.158343324123188404e-02
1.160270606378555752e-02
1.162174170077405130e-02
1.164025992288643743e-02
1.165827157858036894e-02
1.167564408189162607e-02
1.169233332366565251e-02
1.170849260153688197e-02
1.172439663262695234e-02
1.174031220718316053e-02
1.175637160017841028e-02
1.177265969324415781e-02
1.178919127713615699e-02
1.180651271516825092e-02
1.182468594831095551e-02
1.184364880443671865e-02
1.186366189756241779e-02
1.188402187097256993e-02
1.190418509801102059e-02
1.192408354109148784e-02
1.194365707895993743e-02
1.196289844944204740e-02
1.198178402883804360e-02
1.200040053716413223e-02
1.201880539547467604e-02
1.203677695525155918e-02
1.205421014864983126e-02
1.207154576830320701e-02
1.208831121415051418e-02
1.210433048267725228e-02
1.212002495415809115e-02
1.213530907259799396e-02
1.215009578908986428e-02
1.216444556486976671e-02
1.217841566461789690e-02
1.219195070354824571e-02
1.220500041593241061e-02
1.221774022470188681e-02
1.223012551709823890e-02
1.224198703884328381e-02
1.225356195255121981e-02
1.226494865534719786e-02
1.227570484883729399e-02
1.228593056493752084e-02
1.229594557157326871e-02
1.230553082335111674e-02
1.231467159847807018e-02
1.232339748505444088e-02
1.233169519336270968e-02
1.233957935394100480e-02
1.234679218123407342e-02
1.235361582656043476e-02
1.236013419047936497e-02
1.236631620652876504e-02
1.237218130738314097e-02
1.237777278913924743e-02
1.238295434316139323e-02
1.238777410150521639e-02
1.239208150357831717e-02
1.239608924048139771e-02
1.239977266241904484e-02
1.240307432329946016e-02
1.240590304655256326e-02
1.240839799650936964e-02
1.241048617965366009e-02
1.241227136841758019e-02
1.241357611375902038e-02
1.241456782509243149e-02
1.241517847520888160e-02
1.241544296442792170e-02
1.241532221535102641e-02
1.241492765000604820e-02
1.241410308206432507e-02
1.241292363064355579e-02
1.241137797261802900e-02
1.240966609492298936e-02
1.240780834670744161e-02
1.240581436842763674e-02
1.240366269155251770e-02
1.240130663726844197e-02
