1.219224624069092586e-02
1.218884708040686264e-02
1.218569014832801903e-02
1.218280425014325527e-02
1.218013356896566549e-02
1.217782806328193863e-02
1.217574544593267444e-02
1.217373446794560964e-02
1.217190485251808639e-02
1.217021458534803258e-02
1.216846860189864724e-02
1.216679649439515558e-02
1.216509953682163268e-02
1.216336345838108478e-02
1.216167239118736733e-02
1.216004326633381497e-02
1.215852356672441313e-02
1.215726918959467336e-02
1.215612885791830453e-02
1.215502525864652766e-02
1.215412984836266447e-02
1.215335625256488798e-02
1.215266538037496936e-02
1.215200717662420250e-02
1.215135547076819089e-02
1.215098590723642444e-02
1.215077672958565086e-02
1.215068528117315208e-02
1.215076165973237414e-02
1.215098377029292208e-02
1.215128283113456158e-02
1.215168347369933663e-02
1.215221932413308205e-02
1.215309447263257861e-02
1.215409396822028296e-02
1.215531680681128032e-02
1.215667801757283444e-02
1.215809281153974047e-02
1.215976513186693871e-02
1.216168566945197496e-02
1.216386990044793052e-02
1.216601442531166540e-02
1.216824716463492037e-02
1.217062449735266394e-02
1.217294840164593293e-02
1.217525808738075845e-02
1.217752953740170938e-02
1.217980588623746203e-02
1.218206471871467918e-02
1.218448656738044082e-02
1.218695954500724835e-02
1.218921541826754711e-02
1.219132710056363908e-02
1.219348405336453250e-02
1.219561305177139891e-02
1.219780974456282849e-02
1.220007796063080074e-02
1.220252243729360794e-02
1.220505162069427697e-02
1.220756063904862750e-02
1.220999213926953972e-02
1.221235768735815137e-02
1.221474264593629816e-02
1.221709717072422610e-02
1.221924570731485263e-02
1.222136960278963520e-02
1.222325605375571868e-02
1.222487073174902822e-02
1.222627656970735541e-02
1.222762562146352885e-02
1.222910755163645301e-02
1.223066803600732222e-02
1.223231831070053025e-02
1.223413334673668744e-02
1.223598683614732750e-02
1.223800472219847314e-02
1.224010376663584206e-02
1.224220174211776944e-02
1.224424855961723374e-02
1.224645421809104733e-02
1.224872769090460181e-02
1.225096108030754652e-02
1.225302119638660946e-02
1.225509907550623341e-02
1.225710127258058772e-02
1.225911641707542327e-02
1.226104941645593527e-02
1.226304401572391942e-02
1.226505085912676755e-02
1.226691073034650269e-02
1.226873181251072337e-02
1.227065048885569651e-02
1.227263039554879476e-02
1.227460435091711974e-02
1.227641168466981313e-02
1.227823587115802612e-02
1.228013996617687009e-02
1.228217767482163783e-02
1.228425445209488376e-02
1.228653162997571727e-02
1.228886304888063621e-02
1.229114445518159071e-02
1.229346363285378600e-02
1.229595250937895110e-02
1.229854600616936931e-02
1.230117821365748348e-02
1.230398089100081735e-02
1.230682718849783475e-02
1.230958208885351950e-02
1.231229405976519246e-02
1.231487798529303998e-02
1.231734219651784736e-02
1.231987692107396407e-02
1.232252126628508894e-02
1.232521323950726624e-02
1.232793469945416692e-02
1.233071726205496772e-02
1.233335504552422746e-02
1.233607638454856624e-02
1.233904480996294781e-02
1.234195007510512608e-02
1.234484922350046442e-02
1.234771237953728555e-02
1.235060342031673447e-02
1.235356206648174221e-02
1.235651551878089692e-02
1.235952186841263699e-02
1.236259275006211522e-02
1.236564934253437352e-02
1.236857376084287731e-02
1.237149804855501405e-02
1.237438618235609140e-02
1.237732007615649499e-02
1.238025857662279454e-02
1.238311509739683201e-02
1.238589386109444947e-02
1.238864784147128764e-02
1.239133358282834725e-02
1.239404998240790402e-02
1.239671838540443854e-02
1.239931349481813300e-02
1.240197181867734068e-02
1.240458107216118461e-02
1.240713165885519963e-02
1.240969706098142035e-02
1.241236428474113904e-02
1.241501655570061841e-02
1.241760875716856061e-02
1.242024147349881161e-02
1.242287391606038474e-02
1.242536018356036817e-02
1.242783887066683038e-02
1.243028739678436918e-02
1.243270368978397454e-02
1.243513214082157987e-02
1.243750159712737197e-02
1.243987017892120121e-02
1.244216479286799036e-02
1.244448468640174839e-02
1.244684384494222293e-02
1.244915735860164727e-02
1.245148632036011983e-02
1.245380383123573069e-02
1.245605668626889942e-02
1.245825406203095523e-02
1.246041391407117643e-02
1.246261572430539845e-02
1.246484798767745310e-02
1.246704035627809078e-02
1.246922280245704208e-02
1.247142357565937838e-02
1.247354638283110911e-02
1.247568511888999011e-02
1.247791561002098600e-02
1.248016651868460829e-02
1.248243597396698872e-02
1.248472768577230628e-02
1.248699822645559475e-02
1.248921145758388578e-02
1.249138607668729035e-02
1.249356256090027907e-02
1.249571942373478572e-02
1.249785650557302952e-02
1.249991043331909711e-02
1.250197089862251781e-02
1.250397067337612363e-02
1.250596408470086747e-02
1.250797125314355961e-02
1.250992143029943521e-02
1.251179925029678557e-02
1.251363584150502403e-02
1.251559309117966298e-02
1.251762274541447055e-02
1.251965884433810412e-02
1.252178484676759289e-02
1.252389168345481064e-02
1.252605736299510462e-02
1.252815934826916403e-02
1.253027767743660620e-02
1.253235003571577175e-02
1.253431429309468173e-02
1.253632402122615251e-02
1.253823121669946777e-02
1.254008223832247908e-02
1.254190716098724408e-02
1.254371188377999442e-02
1.254548972016678206e-02
1.254718016630222525e-02
1.254879885698980888e-02
1.255038590756370025e-02
1.255189557930694137e-02
1.255341274341208006e-02
1.255483257743133900e-02
1.255631491003454843e-02
1.255783470057771772e-02
1.255932568639941092e-02
1.256072873636716533e-02
1.256209475210761338e-02
1.256341204959919577e-02
1.256468477309993087e-02
1.256590637537866213e-02
1.256707063617883667e-02
1.256833485640506363e-02
1.256960192846897501e-02
1.257093361477796753e-02
1.257225343519786757e-02
1.257351636687328161e-02
1.257477747213432868e-02
1.257603834328929922e-02
1.257723671586031926e-02
1.257844773209434476e-02
1.257964091079951351e-02
1.258085307821632352e-02
1.258213204228860078e-02
1.258339266289202306e-02
1.258465092405443124e-02
1.258591031705201188e-02
1.258717023050029589e-02
1.258839556783509887e-02
1.258964693544413309e-02
1.259097410021671470e-02
1.259239461817398056e-02
1.259387656382499228e-02
1.259538271140110861e-02
1.259687546365957644e-02
1.259827819826129201e-02
1.259975263897446067e-02
1.260126520995703131e-02
1.260280659436750252e-02
1.260431617130745689e-02
1.260577535352815429e-02
1.260716015966724390e-02
1.260847675193844941e-02
1.260970535224764655e-02
1.261093914932483705e-02
1.261209292759002051e-02
1.261322343841965281e-02
1.261449400562927523e-02
1.261574667823459062e-02
1.261698992178226716e-02
1.261825588039123570e-02
1.261961887016550994e-02
1.262095238385624839e-02
1.262232413713038418e-02
1.262372913927196742e-02
1.262513675817777785e-02
1.262663806691668132e-02
1.262810355355603424e-02
1.262967154866902891e-02
1.263130201140979895e-02
1.263288329542858711e-02
1.263449238389742664e-02
1.263620099163419337e-02
1.263789273502687396e-02
1.263961175951675876e-02
1.264137774162301872e-02
1.264310529066978335e-02
1.264482498555434889e-02
1.264641828540620690e-02
1.264806012357416048e-02
1.264973387368972281e-02
1.265139607424961392e-02
1.265304620383574975e-02
1.265461757607403565e-02
1.265615677130245767e-02
1.265773394201940259e-02
1.265940928928015533e-02
1.266114056951347065e-02
1.266293672518460124e-02
1.266472961594657456e-02
1.266642351079346612e-02
1.266813548211219789e-02
1.266977428173803218e-02
1.267138912999030836e-02
1.267304052491012405e-02
1.267469865956981530e-02
1.267644276823581134e-02
1.267816853826985411e-02
1.267986678245943029e-02
1.268151548128981961e-02
1.268308172350936583e-02
1.268450598232698755e-02
1.268578305903992828e-02
1.268695741832504172e-02
1.268811027370923654e-02
1.268925932341858319e-02
1.269041166318897809e-02
1.269165442401379122e-02
1.269294672923040879e-02
1.269424862022030392e-02
1.269562434942825280e-02
1.269693673552908623e-02
1.269826709168990486e-02
1.269960086850813706e-02
1.270087620877309934e-02
1.270213582426819171e-02
1.270342164803552575e-02
1.270472761459942590e-02
1.270597295059110350e-02
1.270701969013980810e-02
1.270797912746879366e-02
1.270890639842910119e-02
1.270982606771351754e-02
1.271068561913736919e-02
1.271144770987897750e-02
1.271219505097024964e-02
1.271291060587337665e-02
1.271361924884290007e-02
1.271429776468181901e-02
1.271497950093038870e-02
1.271556098850614054e-02
1.271616542041235746e-02
1.271683689275392680e-02
1.271743426181518553e-02
1.271797850814420684e-02
1.271856854736349261e-02
1.271911198012552063e-02
1.271971966243018622e-02
1.272037234824263500e-02
1.272094607258995348e-02
1.272146637044755876e-02
1.272183691974004306e-02
1.272221831917210583e-02
1.272253363781026408e-02
1.272277392254808279e-02
1.272299964917690193e-02
1.272305487499432626e-02
1.272303030836677805e-02
1.272288033440200326e-02
1.272272121191993233e-02
1.272245316045990567e-02
1.272210234572941981e-02
1.272180744462388796e-02
1.272143796041732243e-02
1.272103269764332696e-02
1.272067033819407333e-02
1.272036039528929782e-02
1.272000530667180725e-02
1.271963057829560498e-02
1.271922884839516051e-02
1.271874249108205339e-02
1.271819217830997759e-02
1.271770108276723023e-02
1.271704920955439230e-02
1.271627960710327784e-02
1.271549604825383296e-02
1.271458914452236640e-02
1.271354992152007139e-02
1.271240064641106920e-02
1.271116669455299962e-02
1.270994387144009155e-02
1.270876628787580460e-02
1.270755824730416574e-02
1.270624890845187607e-02
1.270479398657485721e-02
1.270324761144843786e-02
1.270155310328231583e-02
1.269972130931392752e-02
1.269791541792554546e-02
1.269605695617918514e-02
1.269410367469931723e-02
1.269211574165029013e-02
1.269019138194493745e-02
1.268810601143079662e-02
1.268585429113494416e-02
1.268351676999389388e-02
1.268105869389615607e-02
1.267849282065563500e-02
1.267579574159922833e-02
1.267302834365499099e-02
1.267020475928450247e-02
1.266737455996622304e-02
1.266448115394147415e-02
1.266145872644598713e-02
1.265843453735062893e-02
1.265542257787942784e-02
1.265241409227156610e-02
1.264935414105424448e-02
1.264625904683847751e-02
1.264304546689288926e-02
1.263977584562812548e-02
1.263654274974852949e-02
1.263325744918077954e-02
1.262997290800671468e-02
1.262660529400043592e-02
1.262319556024761244e-02
1.261965385838307967e-02
1.261597359667617456e-02
1.261221622410301640e-02
1.260853469319290869e-02
1.260479961874005038e-02
1.260111319481942334e-02
1.259734681786866227e-02
1.259342652584500948e-02
1.258942192177473288e-02
1.258537782149380529e-02
1.258128049884044662e-02
1.257716345129889467e-02
1.257303774473457307e-02
1.256892935524840833e-02
1.256483832927465967e-02
1.256078109293405458e-02
1.255673845629980828e-02
1.255261319279575224e-02
1.254852001149827159e-02
1.254438316554760784e-02
1.254020338918554814e-02
1.253596432013848530e-02
1.253175353342743208e-02
1.252765353693439943e-02
1.252365212618712295e-02
1.251964716805558687e-02
1.251568140334461190e-02
1.251165003959521689e-02
1.250765070871599424e-02
1.250361376221379058e-02
1.249961060244258668e-02
1.249570224595942212e-02
1.249174623147640724e-02
1.248793026756910007e-02
1.248409597567102548e-02
1.248014853411391449e-02
1.247622007836630617e-02
1.247235420633212820e-02
1.246843670423380956e-02
1.246452838741324461e-02
1.246060422199810926e-02
1.245664187407502510e-02
1.245285639232696431e-02
1.244910891121931741e-02
1.244533302104881660e-02
1.244145720434319986e-02
1.243741617646270878e-02
1.243342539335749557e-02
1.242939285811032676e-02
1.242528022375857105e-02
1.242120421539955402e-02
1.241714976704951998e-02
1.241315245412599917e-02
1.240916134017665956e-02
1.240512719133883383e-02
1.240111035474225978e-02
1.239714288744162181e-02
1.239320382243217639e-02
1.238922509095311160e-02
1.238529358505481570e-02
1.238136317810075750e-02
1.237762453401389066e-02
1.237386217265954401e-02
1.237014266045663100e-02
1.236641479202104342e-02
1.236272053328582587e-02
1.235910993845230205e-02
1.235553662743025215e-02
1.235190946717321624e-02
1.234823838300502102e-02
1.234447773197938289e-02
1.234073114473130915e-02
1.233686498925464815e-02
1.233281382225923789e-02
1.232866823699322462e-02
1.232449524100102251e-02
1.232032624802928758e-02
1.231617200857740811e-02
1.231199716875799183e-02
1.230779364030275616e-02
1.230355960163424106e-02
1.229936504079615078e-02
1.229521022768764217e-02
1.229101606734507406e-02
1.228677005927775526e-02
1.228252215224253166e-02
1.227824183505874661e-02
1.227394721805655578e-02
1.226977988220760186e-02
1.226559728012713117e-02
1.226145086678341774e-02
1.225739988745982306e-02
1.225337033754884605e-02
1.224936346690608246e-02
