1.312261738299333805e-02
1.310209215204563571e-02
1.308231362107973965e-02
1.306346371548395592e-02
1.304490962197522169e-02
1.302745614589151738e-02
1.301039721674188306e-02
1.299241858604466629e-02
1.297567325963004323e-02
1.296037755766405591e-02
1.294670629029443312e-02
1.293230276018069412e-02
1.291819948234781273e-02
1.290190332085061446e-02
1.288518832715996633e-02
1.286612864136131226e-02
1.284963003811346802e-02
1.283198309633055631e-02
1.281380308968680520e-02
1.279517063415789961e-02
1.277665024616911858e-02
1.275851584762648788e-02
1.274092017922643684e-02
1.272607319507336812e-02
1.271219045603964523e-02
1.269908360821187659e-02
1.268712329019511080e-02
1.267484010996587813e-02
1.266214383729530497e-02
1.265026914649196137e-02
1.263824373081889885e-02
1.262458582360135965e-02
1.261146511604360407e-02
1.259820413846337445e-02
1.258563523597777505e-02
1.257208129020521807e-02
1.255772587822131039e-02
1.254339886932229718e-02
1.252913328187810031e-02
1.251551027284620449e-02
1.250194048511965063e-02
1.248986521970576850e-02
1.247785645041363592e-02
1.246585286351857211e-02
1.245310932100452544e-02
1.244002445078469521e-02
1.242743461981218704e-02
1.241596107122495789e-02
1.240292144602022500e-02
1.239006838328633037e-02
1.237734892699030378e-02
1.236460629869142076e-02
1.235247702100483562e-02
1.234127364464267067e-02
1.233000269520058596e-02
1.231896590068888749e-02
1.230658189628956387e-02
1.229476648033810821e-02
1.228343335416643908e-02
1.227291754277567461e-02
1.225991167040644918e-02
1.224506072768856771e-02
1.223083338231565481e-02
1.221763340446778423e-02
1.220530513513981043e-02
1.219307161833274242e-02
1.218209771332352288e-02
1.217289611815178078e-02
1.216356081476960456e-02
1.215419162086148371e-02
1.214532491608732480e-02
1.213745456129050777e-02
1.213020224463133394e-02
1.212275047530170062e-02
1.211584292442403898e-02
1.210874268173262394e-02
1.210184928001195072e-02
1.209509774296836648e-02
1.208848936795274207e-02
1.208117270039077776e-02
1.207383829716070223e-02
1.206629190172069446e-02
1.205856961973591525e-02
1.205106385000004679e-02
1.204406456861953356e-02
1.203767560470110111e-02
1.203076837088382610e-02
1.202321028953627809e-02
1.201704356422974261e-02
1.201162907192064762e-02
1.200636653013044571e-02
1.200193784772071032e-02
1.199856348635453505e-02
1.199558254477877013e-02
1.199271458189022851e-02
1.199005928220959853e-02
1.198768792257266097e-02
1.198516923116495735e-02
1.198353701581392552e-02
1.198420202128687093e-02
1.198393700819827198e-02
1.198387624900981718e-02
1.198352687109597615e-02
1.198298722744147067e-02
1.198228222584213701e-02
1.198285624774478482e-02
1.198346688979787245e-02
1.198446660731379912e-02
1.198587403117232393e-02
1.198872352991556083e-02
1.199137546158453999e-02
1.199330570351546735e-02
1.199520526260308868e-02
1.199674644425715968e-02
1.199826637882390849e-02
1.199996220348903582e-02
1.200208643872915926e-02
1.200443945014588801e-02
1.200724565535255840e-02
1.201007105082717470e-02
1.201413769047745585e-02
1.201847449231988572e-02
1.202422479753257473e-02
1.203060745498580296e-02
1.203783434499547562e-02
1.204652438003370012e-02
1.205337395123777695e-02
1.205902609743047735e-02
1.206464302368760039e-02
1.207104538519473448e-02
1.207751305882045177e-02
1.208410915258064516e-02
1.209095651115685809e-02
1.209763278092748466e-02
1.210408257280474152e-02
1.211054892071972491e-02
1.211689506079135017e-02
1.212306703798494978e-02
1.212947807424051734e-02
1.213580237177933584e-02
1.214199675914906518e-02
1.214822401620309009e-02
1.215416329846136581e-02
1.216022917673958287e-02
1.216613327551877184e-02
1.217161163056646074e-02
1.217345592577068897e-02
1.217286505986922389e-02
1.217189723756867750e-02
1.217097196313283135e-02
1.217064709831962993e-02
1.217007786232223582e-02
1.217115525883036634e-02
1.217275448813049353e-02
1.217441428125447776e-02
1.217592861578291677e-02
1.217801005459461135e-02
1.218013054466597980e-02
1.218208205604982657e-02
1.218435412363978038e-02
1.218693629284567717e-02
1.218982866173653687e-02
1.219269104898844727e-02
1.219560651394808147e-02
1.219830660599192929e-02
1.220226243656559809e-02
1.220692472934639325e-02
1.221198697757880196e-02
1.221892210029948585e-02
1.222611534878062858e-02
1.223322146105791305e-02
1.224056141090897921e-02
1.224859045723448309e-02
1.225734217093090578e-02
1.226609070735555120e-02
1.227434879434705604e-02
1.228239601412136998e-02
1.229039755775824909e-02
1.229757134184587992e-02
1.230522461419655475e-02
1.231307128821771020e-02
1.232061899726447432e-02
1.232820455223657477e-02
1.233512830464810785e-02
1.234206099625906675e-02
1.234860652839565864e-02
1.235519336372933701e-02
1.236192025389012614e-02
1.236870554906244722e-02
1.237541540192158875e-02
1.238159348312228326e-02
1.238762752360587048e-02
1.239419568852471662e-02
1.240094842401728327e-02
1.240718811496149127e-02
1.241272410442909209e-02
1.241742333309887522e-02
1.242138695607035437e-02
1.242524241706282825e-02
1.242898639977511877e-02
1.243360494365750545e-02
1.243868597843726664e-02
1.244349593610403343e-02
1.244832277537818999e-02
1.245312954354396533e-02
1.245750337218337611e-02
1.246053842360749474e-02
1.246467956107407890e-02
1.246839611172808129e-02
1.247097488788150021e-02
1.246883959193195203e-02
1.246731437467297685e-02
1.246576368012392542e-02
1.246543907088210924e-02
1.246481347671468329e-02
1.246441057621817602e-02
1.246365191874249448e-02
1.246331137835189271e-02
1.246270765563971782e-02
1.246259858346977084e-02
1.246163124607138628e-02
1.246053638803196022e-02
1.245903829447535943e-02
1.245781730714311079e-02
1.245668960534739543e-02
1.245547467963386418e-02
1.245368801459833391e-02
1.245198678693967657e-02
1.245222405513415204e-02
1.245367843996363078e-02
1.245474554245521240e-02
1.245613198304535395e-02
1.245762201171791289e-02
1.245892082653744098e-02
1.245920690713574197e-02
1.245905409112481321e-02
1.245852895165484690e-02
1.245801788608265001e-02
1.245759750588714375e-02
1.245758901043674850e-02
1.245833589390274443e-02
1.245909052602942740e-02
1.245945952812154388e-02
1.245994395809490313e-02
1.246131328442026676e-02
1.246360769798860423e-02
1.246571531216478408e-02
1.246832498759676937e-02
1.247058304247171227e-02
1.247366779894173820e-02
1.247777429731562575e-02
1.248184527803902245e-02
1.248584222629978147e-02
1.248949566532019627e-02
1.249301141870078589e-02
1.249625062801485928e-02
1.249897564028947319e-02
1.250128562650396069e-02
1.250351093481692592e-02
1.250578528217042608e-02
1.250833233384830365e-02
1.251139700212290130e-02
1.251478984543885273e-02
1.251871088989970834e-02
1.252356380855824958e-02
1.252820406940214834e-02
1.253316287755360491e-02
1.253754739980369147e-02
1.254176514986019009e-02
1.254687947993492723e-02
1.255227472424908126e-02
1.255775120123045312e-02
1.256309180040912632e-02
1.256882169948664828e-02
1.257428708410000817e-02
1.258052746658892308e-02
1.258735693203770836e-02
1.259346463364717505e-02
1.259994735513349055e-02
1.260636468802974787e-02
1.261259989301146897e-02
1.261921095381417571e-02
1.262590072840391250e-02
1.263235138303975789e-02
1.263910111076709496e-02
1.264711777919296995e-02
1.265594646722074251e-02
1.266312369611804524e-02
1.266991745979935934e-02
1.267686411889832471e-02
1.268328076172532681e-02
1.269023661601998212e-02
1.269711596585087164e-02
1.270292777349398862e-02
1.270890794861956330e-02
1.271693340173130939e-02
1.272509169150286105e-02
1.273324894624623498e-02
1.274152796080322766e-02
1.274956992970411630e-02
1.275755571690147597e-02
1.276510594222999943e-02
1.277280099374576705e-02
1.277875452444670809e-02
1.278489041060246190e-02
1.279037887820367106e-02
1.279574887376649407e-02
1.279951977268739202e-02
1.280365439230286839e-02
1.280734871021563248e-02
1.281124869348221340e-02
1.281456441867082074e-02
1.281529782091243505e-02
1.281598035133682187e-02
1.281704207059299397e-02
1.281778741605487000e-02
1.281880905781840850e-02
1.281998034240916171e-02
1.282349324038335736e-02
1.282683121268172154e-02
1.283021497450974671e-02
1.283286775100344994e-02
1.283578941415953502e-02
1.283902912474001005e-02
1.284209974624716394e-02
1.284500214368088956e-02
1.284806748565854584e-02
1.285057196974026712e-02
1.285144281812568810e-02
1.285069324206503973e-02
1.284996505532517812e-02
1.284954189167251959e-02
1.284965479033588383e-02
1.285010031557949975e-02
1.285229360366055111e-02
1.285429664274798274e-02
1.285600168813418737e-02
1.285761117520204354e-02
1.285902739127754886e-02
1.285955133163394458e-02
1.285846363319045893e-02
1.285724116897912425e-02
1.285577154843452023e-02
1.285405556155121663e-02
1.285269693773008134e-02
1.285107581374198352e-02
1.284924162061978729e-02
1.284807913611932424e-02
1.284663696831010379e-02
1.284561706712840194e-02
1.284568015141161063e-02
1.284546482354940664e-02
1.284484953512679377e-02
1.284410140129563054e-02
1.284467636231019852e-02
1.284558122055154579e-02
1.284560562152847751e-02
1.284475607004370579e-02
1.284357329137645991e-02
1.284204048119532912e-02
1.284091726599048688e-02
1.283975490739471328e-02
1.283868534927236002e-02
1.283719966696174157e-02
1.283584790953970836e-02
1.283454705203939186e-02
1.283358085763487526e-02
1.283227310563536845e-02
1.283142766981589487e-02
1.283066668225064932e-02
1.282995870824723932e-02
1.282906965072848869e-02
1.282873888331743928e-02
1.282853857191824237e-02
1.282845322998211676e-02
1.282952011999196999e-02
1.283082542327125368e-02
1.282593084099162457e-02
1.282082088314714929e-02
1.281617178123105674e-02
1.281158635162188593e-02
1.280646440256514099e-02
1.280116042297015956e-02
1.279550130858622334e-02
1.278970162921351170e-02
1.278464834970543737e-02
1.278030314665235673e-02
1.277657166043195264e-02
1.277286062626399252e-02
1.276891193766744800e-02
1.276556507469587924e-02
1.276241521332341193e-02
1.275940164434712087e-02
1.275681358360558279e-02
1.275365532328187092e-02
1.275093942736541669e-02
1.274847587932234974e-02
1.274401376882783841e-02
1.273953471024383624e-02
1.273513135934078132e-02
1.273035785730586809e-02
1.272552079931351700e-02
1.272244660042874849e-02
1.272036661889114177e-02
1.271810517317934104e-02
1.271545239640140858e-02
1.271305300917068351e-02
1.271017621349174349e-02
1.270731785108959559e-02
1.270420337187690499e-02
1.270177234863626402e-02
1.269767343060847209e-02
1.269095365596136296e-02
1.268160405220345767e-02
1.267111382600902281e-02
1.266005171151368333e-02
1.264890218881037365e-02
1.263747672509076513e-02
1.262552409018232596e-02
1.261391260978718919e-02
1.260220898551972155e-02
1.259040367654531110e-02
1.257876179474095267e-02
1.256769045958960017e-02
1.255788601649095344e-02
1.254907259612161007e-02
1.254074453552963750e-02
1.253388146203149311e-02
1.252715688314754057e-02
1.252093180171795495e-02
1.251295554454542706e-02
1.250366413859293861e-02
1.249424797711371979e-02
1.248486106264764736e-02
1.247554394694117344e-02
1.246933842970199616e-02
1.246490779186313139e-02
1.246062912053217710e-02
1.245610853403207423e-02
1.245172380972233914e-02
1.244746346306676264e-02
1.244307935269823098e-02
1.243965707057233076e-02
1.243669421825591322e-02
1.243359701040506332e-02
1.242923477602404965e-02
1.242439182140805433e-02
1.241876454771657229e-02
1.241288380106357093e-02
1.240622438814887284e-02
1.239946731219543352e-02
1.239304876738719745e-02
1.238707763751662611e-02
1.238169364413174364e-02
1.237624062372802425e-02
1.237088855917981012e-02
1.236576798504809144e-02
1.236092980271413788e-02
1.235794016050865279e-02
1.235518204688593538e-02
1.235231279577391102e-02
1.234947075628563956e-02
1.234712843848912583e-02
1.234586670022682665e-02
1.234451096226330327e-02
1.234549724589890235e-02
1.234737200195255326e-02
1.234977948637801942e-02
1.235234180967433905e-02
1.235012921670019213e-02
1.234652338538474656e-02
1.234277174127626497e-02
1.233933195982692133e-02
1.233519288119683949e-02
1.233103155080047739e-02
1.232696108066557925e-02
1.232324321420326212e-02
1.231774335748262068e-02
1.231157863078415071e-02
1.230431501464734727e-02
1.229621752260647884e-02
1.228841286121487228e-02
1.227988391292984122e-02
1.227054085955413092e-02
1.226111826507296325e-02
1.225181710733498804e-02
1.224260211758806255e-02
1.223321606302372674e-02
1.222300778034184597e-02
1.221319902823948117e-02
1.220183039897968814e-02
1.218563251828803928e-02
1.216942475693256684e-02
1.215361040907641556e-02
1.213762751875078864e-02
1.212210365039125687e-02
1.210698007137577317e-02
1.209193911655990876e-02
1.207662886556236902e-02
1.205962222647053751e-02
