1.456085141323004185e-02
1.447057725049136732e-02
1.437397934076703986e-02
1.427104060583500415e-02
1.416193172963285327e-02
1.404674601570471762e-02
1.392561936209414999e-02
1.379877657467154170e-02
1.366618087212506487e-02
1.352826516809225652e-02
1.338531881111108303e-02
1.323740553002261851e-02
1.308477255666315800e-02
1.292763526284098144e-02
1.276626876946101129e-02
1.260095539107897178e-02
1.243183279362301483e-02
1.225927730854030687e-02
1.208344334949786915e-02
1.190480619940554978e-02
1.172365005490952176e-02
1.154052155759001039e-02
1.135585706065728173e-02
1.117017260785782909e-02
1.098425151669320254e-02
1.079882087080242734e-02
1.061456244177493707e-02
1.043303467715250496e-02
1.025552841359496023e-02
1.008309865432857264e-02
9.915817827934877288e-03
9.754379243429700530e-03
9.600190685910718613e-03
9.453046171729793251e-03
9.312972018417166320e-03
9.181100196365053756e-03
9.057193615546110452e-03
8.940471976897441594e-03
8.830802251907295813e-03
8.727294864194042739e-03
8.629433957791962650e-03
8.536707688215829093e-03
8.448772185494021411e-03
8.365367343167087050e-03
8.285962487609306246e-03
8.210235103476227342e-03
8.138516033146357340e-03
8.072211247271929638e-03
8.012635527526287132e-03
7.961475911528291191e-03
7.920116428131191572e-03
7.889135091591717094e-03
7.869746003768728765e-03
7.865331681469286962e-03
7.875634786847300270e-03
7.896743104612250624e-03
7.923369024802267430e-03
7.952076176182725289e-03
7.981199240012712415e-03
8.010681717340350713e-03
8.040188521392597695e-03
8.069598465157173939e-03
8.099002989524714882e-03
8.128324827099665806e-03
8.157626405874543463e-03
8.186844415506823805e-03
8.216103432177207858e-03
8.245297903215058691e-03
8.274468095187281769e-03
8.303692422489534347e-03
8.332741618744275713e-03
8.361825049630200804e-03
8.390794368446453932e-03
8.419664646741429823e-03
8.448526675420738041e-03
8.477241353955045772e-03
8.505877194653545248e-03
8.534433175154246265e-03
8.562824181680431246e-03
8.591146432002047875e-03
8.619347869335542214e-03
8.647419891784127385e-03
8.675340237992068895e-03
8.703126757235626898e-03
8.730751792920963400e-03
8.758316700653721171e-03
8.785631279045939476e-03
8.812942755102125617e-03
8.840086770461216131e-03
8.867061977274553683e-03
8.893931066976803329e-03
8.920710417785023688e-03
8.947366552450482929e-03
8.973818136421779848e-03
9.000266454764640697e-03
9.026553877050529084e-03
9.052711466062767984e-03
9.078755649324593210e-03
9.104615204443953017e-03
9.130419799205828982e-03
9.156020976327354857e-03
9.181476864719479228e-03
9.206799664202526198e-03
9.232022611534065892e-03
9.257051020620297652e-03
9.281963344511168570e-03
9.306732409461998881e-03
9.331314854586223242e-03
9.355768807367218637e-03
9.380054850534277205e-03
9.404231121453972622e-03
9.428244151802368106e-03
9.452032080223665353e-03
9.475696389157883467e-03
9.499260464449129152e-03
9.522557414013664567e-03
9.545714661052261824e-03
9.568678092197554011e-03
9.591438166209635338e-03
9.613922875421418088e-03
9.636319518305810558e-03
9.658458639516620189e-03
9.680355591834144055e-03
9.702168961721659504e-03
9.723669173018258463e-03
9.744982704090928913e-03
9.766106707260717099e-03
9.787036240928333533e-03
9.807685528813316067e-03
9.828134111995958169e-03
9.848257047079825299e-03
9.868213392725460470e-03
9.887911152386836752e-03
9.907312687768995985e-03
9.926426941629264492e-03
9.945318257104415749e-03
9.963983666599356484e-03
9.982388884639337504e-03
1.000046405216464471e-02
1.001832810512436056e-02
1.003593453933552052e-02
1.005323562070600286e-02
1.007019711427517908e-02
1.008689301467230806e-02
1.010324518972195371e-02
1.011940665966995501e-02
1.013516942689192749e-02
1.015054383162947507e-02
1.016564290736586725e-02
1.018047084940908696e-02
1.019490724526017980e-02
1.020900733936368383e-02
1.022275680086203245e-02
1.023613573487648816e-02
1.024927349512594170e-02
1.026205671978530805e-02
1.027461668211027135e-02
1.028675299959076403e-02
1.029871115308972872e-02
1.031033888424612646e-02
1.032165549121312823e-02
1.033261378303527815e-02
1.034329227777200898e-02
1.035370405001653088e-02
1.036379319776216390e-02
1.037362637088423169e-02
1.038308588157181578e-02
1.039221382895646160e-02
1.040100138316893408e-02
1.040948248355240587e-02
1.041772753318176599e-02
1.042560658534620599e-02
1.043318590491556022e-02
1.044048156262959541e-02
1.044751290561822359e-02
1.045426122235101549e-02
1.046065005596451096e-02
1.046671278289881997e-02
1.047249855427711054e-02
1.047800213969107309e-02
1.048331448235738546e-02
1.048819899409556521e-02
1.049293565779516393e-02
1.049737223178676647e-02
1.050144616311030066e-02
1.050532218052714628e-02
1.050891520155737731e-02
1.051220076528451217e-02
1.051520828652341422e-02
1.051795720596494267e-02
1.052039766880218281e-02
1.052256790280798639e-02
1.052442815336513716e-02
1.052609792569495807e-02
1.052750433669859265e-02
1.052856178777352748e-02
1.052936357631434339e-02
1.052989388393227484e-02
1.053012842123924458e-02
1.053005579312691481e-02
1.052966512456282241e-02
1.052905446895633680e-02
1.052812402664671416e-02
1.052683719861222979e-02
1.052519463714399021e-02
1.052333366708998325e-02
1.052119268625383887e-02
1.051877892650139763e-02
1.051608584032341642e-02
1.051310923065489587e-02
1.050991801260027503e-02
1.050637784296276286e-02
1.050255493873358641e-02
1.049844445099589602e-02
1.049410867640547876e-02
1.048942907829447484e-02
1.048441336204374887e-02
1.047915690205697241e-02
1.047351727770897377e-02
1.046756437046138070e-02
1.046130646968228446e-02
1.045469201055179188e-02
1.044785963260292695e-02
1.044064078205683352e-02
1.043305727969821503e-02
1.042528225566612295e-02
1.041717951970376477e-02
1.040872749656901984e-02
1.040007131049093710e-02
1.039102420261925341e-02
1.038168672417705621e-02
1.037206521073388669e-02
1.036215310819170281e-02
1.035194472602438825e-02
1.034149187064113337e-02
1.033069542871442939e-02
1.031958351794423460e-02
1.030815762805801367e-02
1.029653958023995716e-02
1.028446769045249405e-02
1.027222925097921735e-02
1.025960282282605170e-02
1.024677308827342745e-02
1.023360116334387331e-02
1.022009789847166950e-02
1.020625710282122532e-02
1.019215522600832452e-02
1.017773240901319841e-02
1.016296407890978151e-02
1.014791110697700095e-02
1.013263069607009577e-02
1.011709731964415340e-02
1.010122401236010319e-02
1.008508919619072186e-02
1.006868931560041605e-02
1.005194970818514694e-02
1.003488174302749267e-02
1.001752223317533240e-02
9.999790725768396490e-03
9.981689329112568981e-03
9.963317722183753083e-03
9.944606780134080531e-03
9.925503808054804075e-03
9.906074222727503931e-03
9.886308559561971313e-03
9.866206685135022261e-03
9.845789548533245492e-03
9.825038492254363487e-03
9.803998201204111931e-03
9.782674082590245290e-03
9.761084910646597793e-03
9.739222367673246519e-03
9.717078729730873471e-03
9.694653065163294156e-03
9.672039279730870742e-03
9.649178067982773499e-03
9.626083312738229966e-03
9.602718555756190738e-03
9.579153418679977813e-03
9.555303092684454963e-03
9.531263546482964671e-03
9.506903694051532100e-03
9.482400298483194961e-03
9.457591070629232932e-03
9.432514877485817864e-03
9.407296726690175803e-03
9.381828894782008946e-03
9.356201453389700537e-03
9.330299757958800122e-03
9.304176175605298471e-03
9.277880739033681975e-03
9.251340145328782252e-03
9.224584258551748669e-03
9.197621550250960690e-03
9.170475863752802770e-03
9.143051619083072262e-03
9.115485555290615133e-03
9.087759100637353427e-03
9.059818567886502444e-03
9.031745795467865934e-03
9.003588789426248198e-03
8.975423180279893179e-03
8.947276147373962527e-03
8.919334372140328218e-03
8.891757933844510534e-03
8.864652950640820178e-03
8.838175633071595344e-03
8.812418495672281679e-03
8.787576487719434351e-03
8.763668476074418234e-03
8.740830827464024164e-03
8.719060641993072250e-03
8.698429887960571968e-03
8.679056218092087022e-03
8.660925186445692092e-03
8.643471426074259001e-03
8.626645099246845610e-03
8.610290545146582000e-03
8.594380593982067079e-03
8.578821530573951457e-03
8.563489160507531395e-03
8.548197085779104740e-03
8.532894911849303599e-03
8.517589191718038036e-03
8.502111362601762548e-03
8.486391369149453440e-03
8.470462876884778114e-03
8.454295934115563238e-03
8.437897882740593922e-03
8.421263686309327090e-03
8.404451761718135031e-03
8.387379734456051894e-03
8.370096372150689218e-03
8.352558911739185396e-03
8.334742919236770922e-03
8.316719957731318058e-03
8.298415575138743880e-03
8.279872920103924228e-03
8.261154278795477743e-03
8.242179618196896970e-03
8.223031045808071315e-03
8.203652373558625518e-03
8.184086102139952884e-03
8.164354431906491877e-03
8.144395252281118325e-03
8.124163019261059979e-03
8.103708911535133230e-03
8.083041188602202443e-03
8.062164656524470341e-03
8.040984195445532307e-03
8.019554142971552918e-03
7.997925128230594025e-03
7.976029058921956655e-03
7.953918112870921736e-03
7.931574862923625180e-03
7.909008990222140753e-03
7.886210028870970987e-03
7.863182339776585150e-03
7.839928520847539925e-03
7.816416068330165820e-03
7.792718264879069760e-03
7.768797119616181572e-03
7.744671378168966475e-03
7.720329738715502564e-03
7.695809559595424322e-03
7.671085841216746665e-03
7.646189197802841231e-03
7.621127590407429653e-03
7.595798343523701632e-03
7.570331050098864749e-03
7.544652464306949441e-03
7.518800348792773272e-03
7.492774328694849773e-03
7.466509943307521151e-03
7.439969258828189186e-03
7.413217391932363891e-03
7.386272297852428635e-03
7.359146415650750367e-03
7.331826874328004583e-03
7.304335334931698169e-03
7.276667769330896415e-03
7.248835198884306941e-03
7.220888009744306016e-03
7.192695271313939015e-03
7.164329752129316824e-03
7.135810833115399827e-03
7.107088693246596534e-03
7.078178777464035065e-03
7.049125823617194246e-03
7.019890624343524781e-03
6.990449195865409970e-03
6.960873297713017667e-03
6.931105198568242483e-03
6.901108188113563337e-03
6.870852848184809056e-03
6.840400266722583209e-03
6.809759073845698951e-03
6.778939867431530569e-03
6.747907098136405289e-03
6.716671957145325250e-03
6.685158122665213129e-03
6.653368488496611867e-03
6.621309546281242166e-03
6.588942307157601846e-03
6.556215211288580168e-03
6.523049768809316071e-03
6.489550272035547046e-03
6.455534633143143568e-03
6.420858257910170425e-03
6.385133555482930788e-03
6.348113575462941902e-03
6.309145097757648708e-03
6.268427972550196653e-03
6.225347233628997223e-03
6.178693836059051710e-03
6.127270459542870536e-03
6.070473828821141768e-03
6.008180180558203923e-03
5.940270218315304301e-03
5.867458220160292649e-03
5.791141247652718295e-03
5.712057763143439486e-03
5.631191708652037893e-03
5.549267105398643027e-03
5.466918663638129991e-03
5.384456789387660411e-03
5.302242743225478970e-03
5.220405333647356282e-03
5.139012661917507878e-03
5.058185775866696175e-03
4.977953917024371608e-03
4.898343484786604404e-03
4.819364384698983199e-03
4.741036477069642159e-03
4.663356796551229068e-03
4.586366083253127189e-03
4.510102183648893176e-03
4.434571809741258419e-03
4.359757688111569156e-03
4.285740983642784968e-03
4.212437159129575268e-03
4.139932974776300290e-03
4.068167113228609785e-03
3.997203566783457361e-03
3.926991442067615488e-03
3.857576117368696940e-03
3.788982815498276313e-03
3.721234419465276229e-03
3.654307157891625423e-03
3.588163362510190385e-03
3.522876254939964844e-03
3.458392709206892235e-03
3.394749683041329083e-03
3.331932816493760312e-03
3.269956211847046493e-03
3.208847333504560688e-03
3.148593682154174605e-03
3.089214628974917137e-03
3.030669019457977488e-03
2.972986108317266125e-03
2.916162559163389557e-03
2.860217145524973983e-03
2.805129948264832064e-03
2.750931747475919131e-03
2.697622205207751180e-03
2.645182446915459763e-03
2.593604493064085442e-03
2.542899869240773918e-03
2.493063988317619373e-03
2.444074630873850629e-03
2.395911811196239655e-03
2.348626702615912425e-03
2.302205923062366870e-03
2.256650581408177047e-03
2.211915757376489277e-03
2.168014248691115670e-03
2.124955625018171753e-03
2.082716541170218094e-03
2.041318454722693826e-03
2.000744931711123231e-03
1.960994510014937159e-03
1.922050099993215331e-03
1.883901038706765115e-03
1.846539470623454176e-03
1.809962718555084170e-03
1.774166787882657101e-03
1.739127485531663736e-03
1.704855953548651626e-03
1.671316240753847361e-03
1.638521901642678476e-03
1.606462923620874568e-03
1.575129223704686268e-03
1.544510530562937791e-03
1.514591648873900602e-03
1.485351832038594479e-03
1.456801284363894384e-03
1.428928403674299815e-03
1.401721488935299452e-03
1.375161544498741629e-03
1.349257044601074543e-03
