1.945272778229719009e-03
1.979856029858389089e-03
2.015183590224119831e-03
2.051271597794059390e-03
2.088127814750018706e-03
2.125763815909836353e-03
2.164188106260057660e-03
2.203416377684520519e-03
2.243473850870621091e-03
2.284367227368241677e-03
2.326116371088784301e-03
2.368739670519367808e-03
2.412243673828123186e-03
2.456628592652766903e-03
2.501906742145073182e-03
2.548089186847847000e-03
2.595178072321142199e-03
2.643175103746155108e-03
2.692088614196681395e-03
2.741936629885705166e-03
2.792748664652276638e-03
2.844516992772606369e-03
2.897261453559912218e-03
2.951002106063861565e-03
3.005725377578020822e-03
3.061429680092003173e-03
3.118098695456620814e-03
3.175746986290458717e-03
3.234427162671520573e-03
3.294140429087179939e-03
3.354894206831257174e-03
3.416679122897837897e-03
3.479512998505895731e-03
3.543418668126888018e-03
3.608396351661983213e-03
3.674433772915681930e-03
3.741485880864608374e-03
3.809593095375093681e-03
3.878779248023519425e-03
3.949085745678314850e-03
4.020509275930568560e-03
4.093099945444078278e-03
4.166935341500667238e-03
4.242077362627994820e-03
4.318668184018601905e-03
4.396846372015060511e-03
4.476918898216442934e-03
4.558953583657164403e-03
4.642819340665929780e-03
4.728759848288985844e-03
4.817125578365108636e-03
4.908041706820545809e-03
5.000420881016986140e-03
5.092036962963288407e-03
5.178946112282952277e-03
5.253701153255548387e-03
5.310231905197628118e-03
5.345176872093773159e-03
5.371733420654516492e-03
5.397444084147698731e-03
5.423023312630061502e-03
5.448469328773058312e-03
5.473800973577037585e-03
5.499039894870745918e-03
5.524149004633722992e-03
5.549127255795984273e-03
5.573984848532259791e-03
5.598692237185090743e-03
5.623308432521324784e-03
5.647882149815122016e-03
5.672351906127321569e-03
5.696755531157528946e-03
5.721068613844488421e-03
5.745367508321367125e-03
5.769652105708263437e-03
5.793957748542951335e-03
5.818359758383977523e-03
5.842871452566903573e-03
5.867588342817042953e-03
5.892541175435763411e-03
5.917753286192315929e-03
5.943212513810838295e-03
5.968881111500777895e-03
5.994686687577812333e-03
6.020592123163937340e-03
6.046523935579520802e-03
6.072433158736784478e-03
6.098257313579964235e-03
6.123952228251103129e-03
6.149500195462545907e-03
6.174852865398854779e-03
6.200079323484983425e-03
6.225096682848403964e-03
6.250019535662713725e-03
6.274862543762833346e-03
6.299586888799854276e-03
6.324163424891702384e-03
6.348610049083446699e-03
6.372898015542927293e-03
6.397078047371004307e-03
6.421127526099015478e-03
6.445042469017556348e-03
6.468853017356614513e-03
6.492518899717462932e-03
6.516034582936466868e-03
6.539404080031505258e-03
6.562627958847243488e-03
6.585666106006321345e-03
6.608574710018415461e-03
6.631318413630764817e-03
6.653928681214020882e-03
6.676398449246152486e-03
6.698758736914620440e-03
6.720964900603457540e-03
6.743052055646686291e-03
6.764998122539407806e-03
6.786780546834124926e-03
6.808380570768985188e-03
6.829833758594853164e-03
6.851133609143697858e-03
6.872315519969767264e-03
6.893314307754536477e-03
6.914121115065617260e-03
6.934740388354053778e-03
6.955207136874204388e-03
6.975527242227361896e-03
6.995694826985138573e-03
7.015725677800266867e-03
7.035647379887950865e-03
7.055441587615719073e-03
7.075121030872792358e-03
7.094602938529877278e-03
7.113951534356731041e-03
7.133154908220548304e-03
7.152170242481207217e-03
7.171049612370947873e-03
7.189789263811691492e-03
7.208381356681626759e-03
7.226841511705560210e-03
7.245219510664592868e-03
7.263467868742789525e-03
7.281563657358680088e-03
7.299567448000889719e-03
7.317437434300137072e-03
7.335207540225764135e-03
7.352826260696274270e-03
7.370285884510691110e-03
7.387610595965771708e-03
7.404807355139402490e-03
7.421886000975402853e-03
7.438855785575224956e-03
7.455725359043712148e-03
7.472452244162027489e-03
7.489039586862095664e-03
7.505468077679954865e-03
7.521813777602123774e-03
7.538066252167160801e-03
7.554296882337611235e-03
7.570426335348972441e-03
7.586426171308988109e-03
7.602362755456920640e-03
7.618187279067479417e-03
7.633921723252829264e-03
7.649512501090600242e-03
7.664989861427829766e-03
7.680406752732260936e-03
7.695705642928271986e-03
7.710917452261526264e-03
7.726002707127049667e-03
7.740966403262102696e-03
7.755837059075463072e-03
7.770636068068234245e-03
7.785305854239470136e-03
7.799919737525466690e-03
7.814515333160423904e-03
7.829044894313828135e-03
7.843453175223336071e-03
7.857794162751419523e-03
7.872062095322741870e-03
7.886212848518699831e-03
7.900309640877942186e-03
7.914306729992444389e-03
7.928233253178844017e-03
7.942083493885261636e-03
7.955818374054296135e-03
7.969513328407116723e-03
7.983144480563506701e-03
7.996756390242058116e-03
8.010314792503083273e-03
8.023832578990818670e-03
8.037287904541985314e-03
8.050723881645462446e-03
8.064158176738353209e-03
8.077598797188154101e-03
8.091025011009188306e-03
8.104411859391365963e-03
8.117703756370683518e-03
8.131005661186704522e-03
8.144285104237669951e-03
8.157563341428593351e-03
8.170800460999364315e-03
8.184000521430579572e-03
8.197131744505122344e-03
8.210168048571735502e-03
8.223158286390849780e-03
8.236071169952003182e-03
8.248937518033353650e-03
8.261712094027017991e-03
8.274422487101478971e-03
8.287058536669708597e-03
8.299597322496051269e-03
8.312070342663843009e-03
8.324505992920387676e-03
8.336856133962377777e-03
8.349138888281622609e-03
8.361357709067710614e-03
8.373483266940510636e-03
8.385548527748165962e-03
8.397537736244554962e-03
8.409424571275570665e-03
8.421151076996003307e-03
8.432778804868524408e-03
8.444293881298206572e-03
8.455695921718815039e-03
8.467036373230410820e-03
8.478344166590778136e-03
8.489579534883573766e-03
8.500768284018819440e-03
8.511903757223009473e-03
8.522965235578251753e-03
8.533942387188745565e-03
8.544842412294096842e-03
8.555660353481899655e-03
8.566417744704485360e-03
8.577108250831562072e-03
8.587721657906829259e-03
8.598229224710285737e-03
8.608695112308285477e-03
8.619115662160335353e-03
8.629523395260831065e-03
8.639921119536302790e-03
8.650180122797142615e-03
8.660314380325407138e-03
8.670348740019732589e-03
8.680350342840658512e-03
8.690354949495073672e-03
8.700339109348999983e-03
8.710316380613508658e-03
8.720301881068414154e-03
8.730225128133923054e-03
8.740080408223117533e-03
8.749867964901934109e-03
8.759652230695247344e-03
8.769434771321341429e-03
8.779210713045550521e-03
8.788925502368686096e-03
8.798627852698076915e-03
8.808261232796684229e-03
8.817862036554985697e-03
8.827431272498490952e-03
8.836970756939474189e-03
8.846488253459865517e-03
8.856000666941411109e-03
8.865481166696208629e-03
8.874961635264024332e-03
8.884450466335605881e-03
8.893924504674794243e-03
8.903404205208265490e-03
8.912944153281076101e-03
8.922485057388631138e-03
8.931990914136605716e-03
8.941430267719789257e-03
8.950863111130250710e-03
8.960302836541327379e-03
8.969792135417641379e-03
8.979268476981354039e-03
8.988717545748750246e-03
8.998140783568690793e-03
9.007536082245103104e-03
9.016942326673764441e-03
9.026349287744137029e-03
9.035782680001559417e-03
9.045212530559860326e-03
9.054598345099281256e-03
9.063962895387873281e-03
9.073379320389587596e-03
9.082724618207331166e-03
9.092042354858985778e-03
9.101352749172597276e-03
9.110691317190980701e-03
9.120016280657070387e-03
9.129313246339320481e-03
9.138553637298452506e-03
9.147766737012633098e-03
9.156959193799734179e-03
9.166137723183387723e-03
9.175327669418422219e-03
9.184524755934996357e-03
9.193691529583368841e-03
9.202853095225338453e-03
9.212022828781873257e-03
9.221189062807604031e-03
9.230337887688833814e-03
9.239446080764029262e-03
9.248577894464224056e-03
9.257664930905643019e-03
9.266761752372542835e-03
9.275852808859895091e-03
9.284918700966628136e-03
9.294030147371172557e-03
9.303190798268206121e-03
9.312455451820992811e-03
9.321851567288860774e-03
9.331457803731613848e-03
9.341381143699188996e-03
9.351644702675325146e-03
9.362344674930009325e-03
9.373583687597377909e-03
9.385534405867052704e-03
9.398145049026114875e-03
9.411535123174497031e-03
9.425795337187348188e-03
9.440919108195529666e-03
9.456792296236681342e-03
9.473445206711700317e-03
9.490612446308534234e-03
9.508242671151641290e-03
9.526315741917817589e-03
9.544673834906949178e-03
9.563236249190403687e-03
9.581859746253291663e-03
9.600564007936532307e-03
9.619292616769681975e-03
9.638059089893633372e-03
9.656821920070585152e-03
9.675593258363760635e-03
9.694364367586357639e-03
9.713100090126223010e-03
9.731800615081890454e-03
9.750463675027978838e-03
9.769116872859634829e-03
9.787759543767036649e-03
9.806423252050951167e-03
9.825093424605623252e-03
9.843693776974431556e-03
9.862269051495516081e-03
9.880863243556831099e-03
9.899395161144590796e-03
9.917936213662992273e-03
9.936419090160479931e-03
9.954891104144212785e-03
9.973203862462167585e-03
9.991456196002088813e-03
1.000966117188989771e-02
1.002785983175492890e-02
1.004602702505304375e-02
1.006414063867646681e-02
1.008225647030928061e-02
1.010032911917269072e-02
1.011839792610736907e-02
1.013634098119985637e-02
1.015422463102115189e-02
1.017206446686609589e-02
1.018986581731610996e-02
1.020760708955892326e-02
1.022526225366534626e-02
1.024285321234083730e-02
1.026035467667647631e-02
1.027776820294660012e-02
1.029510847934132257e-02
1.031237722114466786e-02
1.032958906757000875e-02
1.034668576484860242e-02
1.036371576700872814e-02
1.038065881854468957e-02
1.039752222972904414e-02
1.041431108096511904e-02
1.043103895659956010e-02
1.044764974685883675e-02
1.046412403784652626e-02
1.048045352416178411e-02
1.049671202187748079e-02
1.051289272344642541e-02
1.052900781177770577e-02
1.054501657534081920e-02
1.056093517448321480e-02
1.057670790661914724e-02
1.059236832323118098e-02
1.060798777376544162e-02
1.062351013087826923e-02
1.063879818788068116e-02
1.065398513690639544e-02
1.066905488832773329e-02
1.068404191012921334e-02
1.069896279268723813e-02
1.071379716387436953e-02
1.072852613689810782e-02
1.074317349358940195e-02
1.075776884818412625e-02
1.077230090901808157e-02
1.078677044983590225e-02
1.080117810294267330e-02
1.081552835179652727e-02
1.082978963648922530e-02
1.084394984658847323e-02
1.085801801731441779e-02
1.087201176118582531e-02
1.088597528596960302e-02
1.089992400154899017e-02
1.091388996836132642e-02
1.092787936142908777e-02
1.094178468647227440e-02
1.095565598322347130e-02
1.096951480671916855e-02
1.098341473509667487e-02
1.099728446437257465e-02
1.101113816068447285e-02
1.102504989816652931e-02
1.103905841983571744e-02
1.105304550682380954e-02
1.106715466427243139e-02
1.108146255527452453e-02
1.109594721321327873e-02
1.111050268383066177e-02
1.112524500883606618e-02
1.113999020919337855e-02
1.115447356211066686e-02
1.116858582529953875e-02
1.118259245861891703e-02
1.119661007370931216e-02
1.121103173789728125e-02
1.122564061534319334e-02
1.123999122438472907e-02
1.125376974381712795e-02
1.126680867648512628e-02
1.127910750099508745e-02
1.129059375461347568e-02
1.130124759890557828e-02
1.131114521883714794e-02
1.132024925767453893e-02
1.132858567945894436e-02
1.133610601500785117e-02
1.134279047727917988e-02
1.134866692393497745e-02
1.135368679925983539e-02
1.135782545236020853e-02
1.136113244308448178e-02
1.136358620343819008e-02
1.136518131633037533e-02
1.136591352254169920e-02
1.136578239226283642e-02
1.136485291696844729e-02
1.136313009843552269e-02
1.136059569755050978e-02
1.135728557604854909e-02
1.135314629459637306e-02
1.134815229721907077e-02
1.134232332483713079e-02
1.133559122115607512e-02
1.132799730475442766e-02
1.131958580602064265e-02
1.131035010452942705e-02
1.130031586551993698e-02
1.128953285583866525e-02
1.127798385214524336e-02
1.126570973431399031e-02
1.125267627364361089e-02
1.123889157545508201e-02
1.122440317947099447e-02
1.120920020890186358e-02
1.119331180534704692e-02
1.117673754481732229e-02
1.115951131109035703e-02
1.114162056271658305e-02
1.112304207417931685e-02
1.110384088131780196e-02
1.108400193355797356e-02
1.106346686061915850e-02
1.104230391916520386e-02
1.102053199950263872e-02
1.099816025577943571e-02
1.097522149362610382e-02
1.095167961564812338e-02
1.092761306808708380e-02
1.090296971904707556e-02
1.087768210219069824e-02
1.085184479555553229e-02
1.082547265062409371e-02
1.079858013266546402e-02
1.077126111844937430e-02
1.074351817321492555e-02
1.071531583670446396e-02
1.068667012123709036e-02
1.065760329585548581e-02
1.062814258712456439e-02
1.059828134892271297e-02
1.056798605216928248e-02
1.053730004424383894e-02
1.050622538337739678e-02
1.047479796875143768e-02
