5.240294989171586162e-03
5.243781294183389764e-03
5.247228925854800427e-03
5.250867572150459163e-03
5.254631663346274670e-03
5.258396991245945819e-03
5.262111285479003156e-03
5.265946484037436516e-03
5.269904938889153657e-03
5.273941739242415418e-03
5.278112803136660210e-03
5.282255688315918608e-03
5.286352873406490599e-03
5.290448371242892009e-03
5.294579621961960011e-03
5.298773155665072523e-03
5.302989884164575028e-03
5.307014618738389172e-03
5.311025446141866974e-03
5.315009453783888817e-03
5.318928762905772087e-03
5.322644278962981694e-03
5.326211331752465743e-03
5.329477435325051179e-03
5.332526412711743879e-03
5.335327061968288959e-03
5.337895244887170057e-03
5.340193339535601047e-03
5.342419098614364231e-03
5.344598808603992675e-03
5.346547671123884002e-03
5.348090348814718217e-03
5.349162765797869749e-03
5.349865429508386845e-03
5.350178321719717411e-03
5.350001526259167382e-03
5.349309994516824804e-03
5.348078626819588455e-03
5.346349822199183109e-03
5.344094854397692974e-03
5.341365618086775166e-03
5.338367831440919697e-03
5.335154855963172675e-03
5.331434220162018303e-03
5.327540975972299905e-03
5.323687770898658835e-03
5.321017670706450382e-03
5.319534125730111980e-03
5.319246434906469909e-03
5.321329028935548044e-03
5.323980155747466865e-03
5.327706075051675573e-03
5.332807405581894630e-03
5.339636232746092399e-03
5.347696640123750754e-03
5.355015335575284870e-03
5.361671661089462831e-03
5.367673730552693749e-03
5.373808350537787049e-03
5.380237408304207672e-03
5.386654478437082755e-03
5.393331579670078771e-03
5.400234471359723239e-03
5.407326976249784631e-03
5.414378630613165058e-03
5.421606412634857527e-03
5.429027292700240245e-03
5.436820247931043945e-03
5.445007248760073276e-03
5.453519005646916516e-03
5.462040797906146140e-03
5.470850911729260857e-03
5.480004941618211479e-03
5.489357263885493582e-03
5.498899930654980832e-03
5.508748001795113480e-03
5.518786973312464830e-03
5.529064891196444100e-03
5.539729311437145351e-03
5.550836929744468878e-03
5.561900754583106767e-03
5.573029464102909059e-03
5.584333335390536876e-03
5.595990157222903438e-03
5.608022509661448295e-03
5.620142024279452427e-03
5.632374295706094047e-03
5.644821790528368848e-03
5.657321002344352021e-03
5.670041317262977838e-03
5.683042926708938014e-03
5.696319686654567442e-03
5.709882168333788206e-03
5.723483174364184245e-03
5.737263934912239897e-03
5.751281701123614476e-03
5.765601392105947944e-03
5.780221479669660212e-03
5.795048831222481163e-03
5.810319532384302862e-03
5.825594003492222915e-03
5.841049669484182569e-03
5.856868800069518766e-03
5.872784086407755767e-03
5.888606974118485750e-03
5.904520989395025884e-03
5.920539990897678850e-03
5.936805030401195310e-03
5.953304268849446586e-03
5.970041296314318284e-03
5.986960673405169672e-03
6.003900852817114185e-03
6.020622959370008562e-03
6.037198199148641718e-03
6.053659846384383016e-03
6.070135266351507630e-03
6.086707767111467458e-03
6.103522876210208670e-03
6.120477369980272149e-03
6.137500047003932591e-03
6.154506288405619391e-03
6.171638065811335672e-03
6.188695182707278260e-03
6.205960612227152604e-03
6.223360549883449368e-03
6.240852248865664913e-03
6.258486261954168163e-03
6.276366983014584032e-03
6.294365668121343523e-03
6.312189267451093558e-03
6.329602808149743451e-03
6.346731168137564189e-03
6.363785984856303556e-03
6.380855394474641701e-03
6.398156461326119995e-03
6.415665068209934312e-03
6.433035144275877845e-03
6.450423859779811850e-03
6.467561400490421351e-03
6.484513817690648607e-03
6.501490697948724383e-03
6.518599475229609926e-03
6.535666625466392092e-03
6.552403170603719566e-03
6.569019304559828472e-03
6.585802791101856742e-03
6.602628187210200610e-03
6.619543328609219998e-03
6.636503693685573586e-03
6.653509392938911603e-03
6.670791961627232404e-03
6.688381724011848058e-03
6.705944850984115781e-03
6.723364946110250810e-03
6.740588579226432925e-03
6.757711927306986853e-03
6.774977432296064132e-03
6.792299906128214902e-03
6.809420278652209002e-03
6.826474995276109702e-03
6.843415099850278481e-03
6.860302078223887851e-03
6.877236174966359222e-03
6.894294486329210873e-03
6.911356654116147975e-03
6.928436906454382531e-03
6.945541933665379773e-03
6.962862707093214927e-03
6.980293135652533738e-03
6.997779655866146094e-03
7.015051894168602455e-03
7.032217373171667507e-03
7.049432873129203928e-03
7.066814590971649476e-03
7.084089719286091637e-03
7.100990598762852400e-03
7.117985600057699126e-03
7.135111212928114781e-03
7.152056606221470977e-03
7.169000653423180172e-03
7.185722052805762657e-03
7.202527498744357680e-03
7.219336878799961429e-03
7.235913247788939608e-03
7.252471306889692396e-03
7.269132911108939360e-03
7.285747382848313351e-03
7.302125755680384175e-03
7.318326444689619327e-03
7.334616985371180883e-03
7.351033105433032837e-03
7.367577073673222190e-03
7.384193956638516500e-03
7.400756840003030329e-03
7.417287006136774954e-03
7.433605267268623279e-03
7.450093841992685290e-03
7.466557190346529739e-03
7.483009434542421678e-03
7.499528354584500747e-03
7.516162342127046155e-03
7.532869599476059268e-03
7.549731632272103227e-03
7.566811424712163552e-03
7.583921715220565477e-03
7.601097837055835471e-03
7.618170084607192409e-03
7.635030478055125115e-03
7.651690484984761606e-03
7.668385543227232079e-03
7.685036178139281228e-03
7.701644490284952072e-03
7.718415840616016203e-03
7.735307576651609569e-03
7.752426883107916417e-03
7.769492107768174831e-03
7.786406671082437940e-03
7.803072747503949670e-03
7.819784616353419454e-03
7.836595570857463749e-03
7.853356687795277902e-03
7.870187589504111167e-03
7.887152089051871484e-03
7.904291535929499485e-03
7.921370934963350291e-03
7.938497306753602642e-03
7.955742582921638065e-03
7.972929014690040977e-03
7.989795345469521970e-03
8.006573209377516528e-03
8.022992978810443779e-03
8.038984957726444044e-03
8.054761556049047644e-03
8.070644205924210057e-03
8.086634943565373934e-03
8.102563312073946672e-03
8.118412322286473748e-03
8.134216819121657324e-03
8.149900597298332175e-03
8.165509356287485240e-03
8.181052100341902611e-03
8.196524066418747409e-03
8.211839250484716593e-03
8.227089305260355118e-03
8.242241210430139436e-03
8.257349782111771813e-03
8.272507804432411432e-03
8.287871072400837535e-03
8.303153578933551021e-03
8.318446248084830630e-03
8.333768838510002830e-03
8.349167352325555236e-03
8.364629715612125274e-03
8.379879988861360651e-03
8.394974342298980319e-03
8.410024469795617658e-03
8.425001835976353784e-03
8.439917474718618487e-03
8.454761628340454194e-03
8.469534936120088481e-03
8.484213312812391439e-03
8.498870948459431168e-03
8.513461358589723832e-03
8.528090304244697467e-03
8.542845126050451626e-03
8.557694045789895551e-03
8.572585180513946426e-03
8.587244361673618959e-03
8.601984641890048078e-03
8.616803863221729476e-03
8.631441808627142789e-03
8.645746786931002292e-03
8.659958217960051635e-03
8.673875892928851680e-03
8.687753293533991700e-03
8.701615262842308032e-03
8.715579439688002361e-03
8.729416212714950080e-03
8.743311342570399269e-03
8.757038945291659160e-03
8.770570632434034064e-03
8.784139070085614232e-03
8.797740557592501759e-03
8.811473788850261377e-03
8.825314869908562621e-03
8.839018350432513438e-03
8.852222972774432055e-03
8.865130022109901295e-03
8.878025512605377742e-03
8.890764783498881010e-03
8.903498953124531698e-03
8.916252239931010334e-03
8.928920456831170027e-03
8.941366690118052185e-03
8.953637378800432395e-03
8.965845831938119154e-03
8.978016554318025630e-03
8.990322250882072305e-03
9.002803592804340532e-03
9.015506720017033362e-03
9.028147725067285981e-03
9.040920156233389973e-03
9.053829843449467604e-03
9.066839328898736519e-03
9.080094843453989303e-03
9.093398602733301569e-03
9.106817021529153150e-03
9.120414443692116332e-03
9.134193360721650987e-03
9.148202751086947221e-03
9.162475182617759242e-03
9.176920309262204256e-03
9.191575419395114563e-03
9.206261595578297055e-03
9.220797808773276844e-03
9.235380165085045959e-03
9.249861736957671818e-03
9.264552672340225711e-03
9.279483915033304164e-03
9.294578500231930052e-03
9.309873169632790213e-03
9.325150912957947888e-03
9.340442046177810723e-03
9.355727173762240154e-03
9.371250827869532715e-03
9.386932171649677720e-03
9.402608554805373317e-03
9.418263112372031454e-03
9.433787439964399016e-03
9.449246560930409447e-03
9.464802510283344683e-03
9.480363821436230132e-03
9.495921388202065161e-03
9.511317850210684877e-03
9.526637183765030228e-03
9.541957697620367940e-03
9.557203422209815946e-03
9.572392904124205071e-03
9.587698191594367508e-03
9.603290315924908199e-03
9.619082623344574895e-03
9.635013449832087809e-03
9.651029261806932241e-03
9.667097199253573206e-03
9.682924574787513464e-03
9.698573799846921598e-03
9.714387301154519400e-03
9.730440136469755558e-03
9.746656424790190246e-03
9.762993577024699915e-03
9.779097975155746567e-03
9.795318839232404831e-03
9.811687859223039432e-03
9.827613209787110227e-03
9.843142778494592612e-03
9.858376988512541211e-03
9.873625615179711448e-03
9.889058571324618740e-03
9.904509581835885604e-03
9.919913421034546458e-03
9.935326169360207682e-03
9.950747369852202054e-03
9.966167151075700295e-03
9.981593519409871426e-03
9.997056424748705650e-03
1.001216077704578274e-02
1.002712837793998807e-02
1.004203933867610539e-02
1.005689036838235996e-02
1.007155084553135356e-02
1.008623136002814204e-02
1.010096327909975125e-02
1.011569341056154335e-02
1.013037106048185823e-02
1.014522197242705669e-02
1.016020414781340295e-02
1.017515164010469528e-02
1.018990796340166725e-02
1.020470994115989065e-02
1.021936685676100819e-02
1.023399300183321613e-02
1.024864657453850025e-02
1.026310418746503861e-02
1.027769403773958617e-02
1.029209285215473141e-02
1.030622528718932313e-02
1.032022278887660162e-02
1.033429951643879095e-02
1.034831240831153229e-02
1.036247616885781209e-02
1.037677557049824020e-02
1.039113719888456501e-02
1.040546421279543374e-02
1.041998964170492981e-02
1.043468280968831534e-02
1.044955384051769916e-02
1.046446344455145665e-02
1.047927659608927607e-02
1.049401764671476119e-02
1.050884567283020231e-02
1.052371876609095591e-02
1.053813167155884072e-02
1.055240774833586526e-02
1.056655104537631770e-02
1.058072273036730730e-02
1.059498130498796528e-02
1.060925711542651598e-02
1.062348587212820494e-02
1.063789871176986680e-02
1.065239139411471025e-02
1.066675842683305689e-02
1.068135519506521400e-02
1.069632924346304928e-02
1.071139294489464704e-02
1.072671473574846393e-02
1.074265376312884962e-02
1.075923093657587572e-02
1.077644372219528114e-02
1.079434391450211604e-02
1.081265269844394056e-02
1.083150996010654940e-02
1.085094467244347542e-02
1.087082957520315793e-02
1.089131000708695035e-02
1.091223897440385393e-02
1.093347158825472287e-02
1.095502208953256368e-02
1.097682364798680497e-02
1.099893769367458682e-02
1.102107802668709190e-02
1.104317253239904713e-02
1.106498628490155262e-02
1.108716998575318829e-02
1.110925925058338197e-02
1.113154055224881665e-02
1.115400117425064536e-02
1.117623068200500683e-02
1.119864704737302818e-02
1.122064877526522675e-02
1.124238171659345045e-02
1.126399907835484715e-02
1.128548513580738231e-02
1.130686461613052488e-02
1.132811994354150816e-02
1.134924273080798775e-02
1.137023918622930355e-02
1.139090301484680864e-02
1.141144696351531311e-02
1.143200588600179306e-02
1.145269496609215357e-02
1.147329934250704113e-02
1.149390976601188594e-02
1.151441052618013342e-02
1.153480319937509602e-02
1.155492141294371666e-02
1.157501369941647817e-02
1.159515024363490417e-02
1.161497886589913514e-02
1.163454466415711659e-02
1.165388133787856849e-02
1.167315153781376715e-02
1.169231661720057484e-02
1.171129262584759585e-02
1.172999349809909601e-02
1.174834916465774919e-02
1.176653482219142295e-02
1.178449925837410199e-02
1.180193407614770103e-02
1.181904657282624276e-02
1.183609633225049876e-02
1.185295835464859546e-02
1.186971100868582270e-02
1.188618207919451761e-02
1.190237131628418300e-02
1.191830485526015719e-02
1.193395829180785711e-02
1.194948303312704657e-02
1.196490737702697246e-02
1.198005152264360745e-02
1.199517966508139785e-02
1.201017517668432483e-02
1.202503032825919319e-02
1.203974919145046202e-02
1.205423660912008713e-02
1.206851512863087519e-02
1.208263701611347191e-02
1.209650160562245232e-02
1.211015384988966236e-02
1.212365949837614088e-02
1.213696621820533651e-02
1.215006049033007414e-02
1.216304035577828874e-02
1.217583223405075375e-02
1.218847108109773376e-02
1.220101386931750527e-02
1.221363120536657874e-02
1.222624537037251234e-02
1.223885387449334498e-02
1.225122937499598455e-02
1.226349188286588593e-02
