3.768389901867914143e-02
3.732968157255675545e-02
3.697016938106843092e-02
3.660412595608476816e-02
3.622983133141742529e-02
3.584887414303317144e-02
3.546252104376401704e-02
3.506974512373074726e-02
3.467180248298008111e-02
3.426821515901910808e-02
3.385860795172427468e-02
3.344287747248834985e-02
3.302246812948237548e-02
3.259744678070548157e-02
3.216778454915347057e-02
3.173263068758126748e-02
3.129280285939136513e-02
3.084872583051313788e-02
3.039991665968258885e-02
2.994715409954537555e-02
2.949044041758178830e-02
2.903015848583066771e-02
2.856592788306680161e-02
2.809688473570233838e-02
2.762369668331477596e-02
2.714550196246152611e-02
2.666370304909825018e-02
2.617755173611448216e-02
2.568745379368480783e-02
2.519351375038850205e-02
2.469532848763079935e-02
2.419375590853182351e-02
2.369002216172058639e-02
2.318476747753519390e-02
2.267870439684610204e-02
2.217324846221328458e-02
2.166844661355903784e-02
2.116548999179536719e-02
2.066594104653077593e-02
2.017117825413014195e-02
1.968383623556180587e-02
1.920598396100601721e-02
1.873878076199812434e-02
1.828375373667275733e-02
1.784471216394500209e-02
1.742058037793443870e-02
1.701312710061099812e-02
1.662234027165843120e-02
1.624957517816330924e-02
1.589733576416555924e-02
1.556944399089288215e-02
1.526560740239189806e-02
1.498782099347198762e-02
1.473671449148629756e-02
1.451395354645797220e-02
1.432120419949655700e-02
1.415457440980937356e-02
1.400905154162014436e-02
1.387624361851139999e-02
1.374973181890043646e-02
1.362644528797495903e-02
1.350560675728493254e-02
1.338687104988748114e-02
1.326973889074846077e-02
1.315399363348348540e-02
1.303975159208416515e-02
1.292694855956840264e-02
1.281555920516092885e-02
1.270558895343373851e-02
1.259702121331035540e-02
1.248985848396344696e-02
1.238403355847578907e-02
1.227950127039644825e-02
1.217625004461931129e-02
1.207427769558482543e-02
1.197356792132752562e-02
1.187407685303299744e-02
1.177584180939833004e-02
1.167890505288872970e-02
1.158322969236525585e-02
1.148883185613733607e-02
1.139562480056511423e-02
1.130357632184993827e-02
1.121266173163817416e-02
1.112291887570338554e-02
1.103430604508067077e-02
1.094685584492263372e-02
1.086064045328557180e-02
1.077555041086243441e-02
1.069153425953060614e-02
1.060861537456469876e-02
1.052679167163930729e-02
1.044602897846970066e-02
1.036631043747620814e-02
1.028763209249678769e-02
1.020997353376547519e-02
1.013333159794493205e-02
1.005765355840400159e-02
9.982998004500974118e-03
9.909373132784246238e-03
9.836725824685203096e-03
9.764979321092820755e-03
9.694149473586969115e-03
9.624242074916243214e-03
9.555259072812008134e-03
9.487143544511515703e-03
9.419881632740835162e-03
9.353547267215951005e-03
9.288066566374016467e-03
9.223400280780188684e-03
9.159568108678768986e-03
9.096560376367518810e-03
9.034389965758480440e-03
8.973059041203514802e-03
8.912563757671659870e-03
8.852888288442037346e-03
8.793968170914597676e-03
8.735813642477066598e-03
8.678458280788788060e-03
8.621882226962303969e-03
8.566048070565218317e-03
8.510959256633485528e-03
8.456619171521562867e-03
8.403020785186749581e-03
8.350155634000934815e-03
8.298016636185616413e-03
8.246572301097281413e-03
8.195830267707204797e-03
8.145748848285635710e-03
8.096334831519329256e-03
8.047607500338619518e-03
7.999517400659031385e-03
7.952021177784649938e-03
7.905140005768409792e-03
7.858872303518157909e-03
7.813268091082485253e-03
7.768284849074203607e-03
7.723939931388003159e-03
7.680178550361470985e-03
7.637028356933106901e-03
7.594467888158592389e-03
7.552491957966731700e-03
7.511091418510084348e-03
7.470273504564555432e-03
7.430024353159647710e-03
7.390326617593444281e-03
7.351227043487299807e-03
7.312669187880305004e-03
7.274657499282507177e-03
7.237187921848829003e-03
7.200232642144516367e-03
7.163776052128184753e-03
7.127813890521493556e-03
7.092356924273165997e-03
7.057417815448984236e-03
7.022973225369623200e-03
6.989011701864982634e-03
6.955523902155256663e-03
6.922495616987377719e-03
6.889903625992142844e-03
6.857760977380139567e-03
6.826071928311709149e-03
6.794812829775091420e-03
6.763995873217368282e-03
6.733615888078472826e-03
6.703683525577620698e-03
6.674181607933230183e-03
6.645103264702531022e-03
6.616448859106799189e-03
6.588194869435361721e-03
6.560351986481406834e-03
6.532907977645312052e-03
6.505845304038129426e-03
6.479196451706190248e-03
6.452957347399005880e-03
6.427092768412554641e-03
6.401606814160347436e-03
6.376477505534290831e-03
6.351725434672821947e-03
6.327348112355107856e-03
6.303347719967796262e-03
6.279720694535436028e-03
6.256480058270308744e-03
6.233586239009956953e-03
6.211050468597784785e-03
6.188836727606695023e-03
6.166945076543826031e-03
6.145382310986718596e-03
6.124183803836562474e-03
6.103323081710517600e-03
6.082785935122162271e-03
6.062575407465237501e-03
6.042697110200279977e-03
6.023147692291538728e-03
6.003911019005505299e-03
5.984990332388213236e-03
5.966379589385333894e-03
5.948090160973745245e-03
5.930123919333248235e-03
5.912476115532010884e-03
5.895136735995575722e-03
5.878097182039176798e-03
5.861358447034086504e-03
5.844928828392234252e-03
5.828807976358200971e-03
5.812987452986466408e-03
5.797454282241247363e-03
5.782216806146131365e-03
5.767275812584220056e-03
5.752623176193602354e-03
5.738261720329581282e-03
5.724183487864249742e-03
5.710370355921433154e-03
5.696828062219531745e-03
5.683543687386432598e-03
5.670527710165807964e-03
5.657797751257528408e-03
5.645319592667067538e-03
5.633125200557057184e-03
5.621219693463504717e-03
5.609596676654931419e-03
5.598241406540391089e-03
5.587128552124989191e-03
5.576284618747241739e-03
5.565713769402568477e-03
5.555382091569640961e-03
5.545277581801778995e-03
5.535430241207198350e-03
5.525855935614047698e-03
5.516545684324481065e-03
5.507468778867794651e-03
5.498623517467003501e-03
5.490029232564521029e-03
5.481667296664527109e-03
5.473526931205539153e-03
5.465631475992468839e-03
5.457982529303248911e-03
5.450552770133492569e-03
5.443255995111140333e-03
5.436214955731567648e-03
5.429403801116179651e-03
5.422799861678197393e-03
5.416397875081074322e-03
5.410220141389776062e-03
5.404242574178644808e-03
5.398442952091409876e-03
5.392833311381481018e-03
5.387433101634630031e-03
5.382237826270027878e-03
5.377264479612380715e-03
5.372494470321903179e-03
5.367912909469723347e-03
5.363551278118142487e-03
5.359399725243867499e-03
5.355450886052023733e-03
5.351670207013492497e-03
5.348095229897395150e-03
5.344694495878626883e-03
5.341499548613079865e-03
5.338501315489162409e-03
5.335708162854114513e-03
5.333111639694628620e-03
5.330708501301698911e-03
5.328497509036008405e-03
5.326497394139509574e-03
5.324688900462591808e-03
5.323060364677870485e-03
5.321624762491690072e-03
5.320367598655922035e-03
5.319308326984150716e-03
5.318427277001116192e-03
5.317738116127250850e-03
5.317228243394158359e-03
5.316898724155739303e-03
5.316755711197281020e-03
5.316807957628526607e-03
5.317059062498603363e-03
5.317519452060419198e-03
5.318179360945066506e-03
5.319023061716632653e-03
5.320058438806611611e-03
5.321266517132577922e-03
5.322652931929652137e-03
5.324228255722079223e-03
5.325978409591471292e-03
5.327921810548972778e-03
5.330087769855540274e-03
5.332465619504248022e-03
5.335077201775795426e-03
5.337890295630837167e-03
5.340880288445751765e-03
5.344071851731552192e-03
5.347448162856657285e-03
5.351016094789541773e-03
5.354750462532117776e-03
5.358693078493432550e-03
5.362828120386319876e-03
5.367134778477256583e-03
5.371623654281201983e-03
5.376278759885055013e-03
5.381110496970990115e-03
5.386071291884060412e-03
5.391115696845333316e-03
5.396158540069055307e-03
5.401194437984776706e-03
5.406106481028358571e-03
5.410878220729642939e-03
5.415403817914866101e-03
5.419508804177223041e-03
5.423056805953805314e-03
5.425951850138566353e-03
5.427851714096319433e-03
5.428797274352109570e-03
5.428736902558952034e-03
5.427496847171381193e-03
5.425040508261648811e-03
5.421236837334249964e-03
5.416201928342362013e-03
5.410007050815525929e-03
5.402530226014682670e-03
5.393850799113308024e-03
5.384023851318537300e-03
5.373069760413210112e-03
5.361000841356936691e-03
5.347437316183464850e-03
5.332720605094614166e-03
5.316829591318826716e-03
5.300110306585840286e-03
5.282588155136033747e-03
5.264518469075697704e-03
5.245975573050687575e-03
5.227131631776574076e-03
5.208165219058496880e-03
5.189213723052061612e-03
5.170274339893825635e-03
5.151383304244987540e-03
5.132623912307290696e-03
5.113921984086470737e-03
5.095410775929692763e-03
5.077075050882226721e-03
5.058998093038897213e-03
5.041154041665362948e-03
5.023585216370933873e-03
5.006324385010366834e-03
4.989242746445159658e-03
4.972346032601057154e-03
4.955746854372423960e-03
4.939388358274988088e-03
4.923314669743161787e-03
4.907545273008817946e-03
4.892080702231387662e-03
4.876893370273908956e-03
4.861961908343257095e-03
4.847253710559318134e-03
4.832866816687324436e-03
4.818760058840044005e-03
4.804955103432147039e-03
4.791393713166837778e-03
4.778101071230286302e-03
4.765066946068600290e-03
4.752235760338072504e-03
4.739589835192682156e-03
4.727204807382712377e-03
4.715037269680300708e-03
4.703157259866459425e-03
4.691530518354868756e-03
4.680133808180788300e-03
4.668922580332387877e-03
4.657941164689021613e-03
4.647169982414645767e-03
4.636666924894103370e-03
4.626306013328421868e-03
4.616208431353335112e-03
4.606409427506449189e-03
4.596871037786436076e-03
4.587616114042730210e-03
4.578631951368630250e-03
4.569947734108349181e-03
4.561524808138765069e-03
4.553340603858124433e-03
4.545316016776291060e-03
4.537531316722328081e-03
4.529993713434704930e-03
4.522734793753401157e-03
4.515709632363799908e-03
4.508996434549683921e-03
4.502482689950782629e-03
4.496212897037348347e-03
4.490139144547112757e-03
4.484385093339537942e-03
4.478897541415340425e-03
4.473679344167860381e-03
4.468713397802242561e-03
4.463860340584208455e-03
4.459090081331167250e-03
4.454566964430718527e-03
4.450229098040035282e-03
4.446186969620810267e-03
4.442340494313211374e-03
4.438565127040946558e-03
4.435001085944902284e-03
4.431611418816208507e-03
4.428362062277489512e-03
4.425247580116539216e-03
4.422278966156395312e-03
4.419395768632350917e-03
4.416693058190881982e-03
4.413908363624645392e-03
4.411086882063674532e-03
4.408180327109681614e-03
4.405066554589843683e-03
4.401526117111480459e-03
4.397541445532072643e-03
4.392891649470765693e-03
4.387666800103118443e-03
4.381731138093287493e-03
4.375201271746302981e-03
4.368113309424321959e-03
4.360467342080225073e-03
4.352312760902909798e-03
4.343644948997331910e-03
4.334217404373534241e-03
4.324169971107063790e-03
4.313275403357573999e-03
4.301661165643320267e-03
4.289232386436824841e-03
4.276206808677083908e-03
4.262857827306129090e-03
4.248962485407457509e-03
4.234824273443319083e-03
4.220428116790520857e-03
4.205808707837123232e-03
4.191061016338613887e-03
4.176314828966843501e-03
4.161470787592794381e-03
4.146864716770867591e-03
4.132638996289659389e-03
4.118743160285965287e-03
4.105209861379192221e-03
4.092088305269818774e-03
4.078998060108190472e-03
4.066263277993095206e-03
4.053904966143583206e-03
4.041868223048286114e-03
4.030164546243930439e-03
4.018630927187608406e-03
4.007550318629359357e-03
3.996998691000959447e-03
3.986938250470543378e-03
3.977451665890094704e-03
3.968400130391441100e-03
3.959454886840589084e-03
3.950947082787831938e-03
3.942968650586608712e-03
3.935540255490433022e-03
3.928610958958400450e-03
3.922178516982816922e-03
3.916237810416839035e-03
3.910825848537947090e-03
3.905998282093185552e-03
3.901782745624552459e-03
3.898102728178532306e-03
3.894983271865498729e-03
3.892455034868519057e-03
3.890512990091765134e-03
3.889021836772945523e-03
3.888003888762029368e-03
3.887248406478084964e-03
3.887047405708395076e-03
3.887410786253957338e-03
3.888351721076718261e-03
3.889821139196551758e-03
3.891809220451138227e-03
3.894184151814359448e-03
3.897055918688282529e-03
3.900174329149573224e-03
3.903829792001444615e-03
3.907861804647761936e-03
3.912459949544934076e-03
3.917457448286309173e-03
3.922909119934041462e-03
3.928787398521120175e-03
3.935200723434238539e-03
3.942151553324947134e-03
3.949582504169953275e-03
3.957333740389507894e-03
3.965519068631761547e-03
3.974125305982933662e-03
3.983287645531643183e-03
3.992745556090954336e-03
4.002361280323185957e-03
4.012184238610417251e-03
4.022321862169011240e-03
4.032824380753243995e-03
4.043821694940545608e-03
4.055303354547286181e-03
4.067248949191514321e-03
4.079733773258188700e-03
4.092598402247711945e-03
4.105711959761779335e-03
