2.139271044204742178e-02
2.137611878099920232e-02
2.135558641430678958e-02
2.133107958508181912e-02
2.130268865233417297e-02
2.127039417372578525e-02
2.123412222699433763e-02
2.119377943771114797e-02
2.114929366445647205e-02
2.110075239044903114e-02
2.104790701810416512e-02
2.099068384011912314e-02
2.092900086218404954e-02
2.086259431007454063e-02
2.079132948984999119e-02
2.071467719647278674e-02
2.063224602475087835e-02
2.054425557573297950e-02
2.045019977282316534e-02
2.034988834610986994e-02
2.024348542823296501e-02
2.013091869076063037e-02
2.001156348880277908e-02
1.988452106333275446e-02
1.974936891617650944e-02
1.960618456515891839e-02
1.945514773877194195e-02
1.929670456976090645e-02
1.913094925269526181e-02
1.895766182886431811e-02
1.877623026313144164e-02
1.858685392437499362e-02
1.838939538243592603e-02
1.818416499703840936e-02
1.797166706997551516e-02
1.775285064961213896e-02
1.752790486786444737e-02
1.729644024566598381e-02
1.705883098040701998e-02
1.681430084369409453e-02
1.656260642920241374e-02
1.630372871001769391e-02
1.603741834325228197e-02
1.576291824970414007e-02
1.548025977064317223e-02
1.518981793293454861e-02
1.489278119291015390e-02
1.459012039237608457e-02
1.428447699762053907e-02
1.398425966666862717e-02
1.369917820150363431e-02
1.343354369030027619e-02
1.319069833037057535e-02
1.297418253283352634e-02
1.279038876859783964e-02
1.265053570526860661e-02
1.255041844250203396e-02
1.245995000770942253e-02
1.237016405181420864e-02
1.228041980686048716e-02
1.219066547895775697e-02
1.210095460495349586e-02
1.201145314154169336e-02
1.192236945153104209e-02
1.183391808203193042e-02
1.174618011442120011e-02
1.165919673978409697e-02
1.157298952375409445e-02
1.148760263368678314e-02
1.140299638140198323e-02
1.131917500745076646e-02
1.123614650734078638e-02
1.115389550967838157e-02
1.107241659847072422e-02
1.099167805243891904e-02
1.091174544303664083e-02
1.083264899319497619e-02
1.075434053796922064e-02
1.067678436606848968e-02
1.060000512015032113e-02
1.052399025909459170e-02
1.044874379904885825e-02
1.037425198704813173e-02
1.030049276489130444e-02
1.022752022414782913e-02
1.015528446756791894e-02
1.008380601953516760e-02
1.001305446170569144e-02
9.942999694523666984e-03
9.873673487201507781e-03
9.805110257099774324e-03
9.737292991554957755e-03
9.670198858127155780e-03
9.603808509521725295e-03
9.538118263807938979e-03
9.473116591301237316e-03
9.408831605418872465e-03
9.345242083144923370e-03
9.282312832880033199e-03
9.220066542769401324e-03
9.158476035499405962e-03
9.097534954196712098e-03
9.037282115343390002e-03
8.977702354434064294e-03
8.918813636652962382e-03
8.860602824813270176e-03
8.803070415161373674e-03
8.746208182679781132e-03
8.690001133073761361e-03
8.634473030055055814e-03
8.579616043989029411e-03
8.525392691746914650e-03
8.471790145101670139e-03
8.418819493660986350e-03
8.366473462896546753e-03
8.314757292276266434e-03
8.263658519031824579e-03
8.213213111746709566e-03
8.163376573350838994e-03
8.114152952880862232e-03
8.065514755827382642e-03
8.017483769756587192e-03
7.970053640979730611e-03
7.923226759418953297e-03
7.877002562500628677e-03
7.831364805595587147e-03
7.786334041858515576e-03
7.741858482340508579e-03
7.697940292505285088e-03
7.654594739808203221e-03
7.611816228382225005e-03
7.569597454378876496e-03
7.527957342695873466e-03
7.486854335361676181e-03
7.446283641935023088e-03
7.406244488177117849e-03
7.366684733077563142e-03
7.327666051309551266e-03
7.289173412230141869e-03
7.251175343836669535e-03
7.213678975539153208e-03
7.176688539762479148e-03
7.140220778535237220e-03
7.104259701281369702e-03
7.068796550608425627e-03
7.033853066423611036e-03
6.999415970484906997e-03
6.965478263565983048e-03
6.932025438503983637e-03
6.899063807588031588e-03
6.866566247148304589e-03
6.834529927185794933e-03
6.802948066124168275e-03
6.771844574879917929e-03
6.741187229942939736e-03
6.711006042194803470e-03
6.681303843501342106e-03
6.652038851158060574e-03
6.623208207108648160e-03
6.594809073392630602e-03
6.566835673005903644e-03
6.539305164828408332e-03
6.512227933905590654e-03
6.485585012292914391e-03
6.459399562474208920e-03
6.433642793319331067e-03
6.408305531243354419e-03
6.383393460677758320e-03
6.358876270895710663e-03
6.334784789515329403e-03
6.311088119516480334e-03
6.287792914707704059e-03
6.264909270556726258e-03
6.242437328118755242e-03
6.220354793478396691e-03
6.198653343994122399e-03
6.177369125323396021e-03
6.156468035818940705e-03
6.135937888673303510e-03
6.115778656323339960e-03
6.095977806818339388e-03
6.076578563888057789e-03
6.057573650039217023e-03
6.038956312631291352e-03
6.020717164766984861e-03
6.002844499962294023e-03
5.985321351894929039e-03
5.968152012069342927e-03
5.951346936909636398e-03
5.934879965094997517e-03
5.918754029025352463e-03
5.902974708919342568e-03
5.887541913082846787e-03
5.872463982111871504e-03
5.857727358783665177e-03
5.843327447740324573e-03
5.829276582225364697e-03
5.815547612927553234e-03
5.802127264460018793e-03
5.789024787441729263e-03
5.776189237168568788e-03
5.763647157386227529e-03
5.751409542823692107e-03
5.739443515703111613e-03
5.727796132568465162e-03
5.716444892067002077e-03
5.705381768602219884e-03
5.694618857561986082e-03
5.684161831572846248e-03
5.673996187480133575e-03
5.664099042329816432e-03
5.654513712698813060e-03
5.645223854796529127e-03
5.636214757976032268e-03
5.627484136088769899e-03
5.619009246686852699e-03
5.610819571406564822e-03
5.602930138420047883e-03
5.595334861708518327e-03
5.588030355178330230e-03
5.580989437397854656e-03
5.574230932840529111e-03
5.567762946717513817e-03
5.561543771381714969e-03
5.555521618598017325e-03
5.549782460993146066e-03
5.544311675441383931e-03
5.539088274531281560e-03
5.534133277520150197e-03
5.529441921804404900e-03
5.525034367681583812e-03
5.520885576891674737e-03
5.516980692406590718e-03
5.513336396406663328e-03
5.509953441277837781e-03
5.506822871249903578e-03
5.503958363187221384e-03
5.501344570239404333e-03
5.498987021726618220e-03
5.496892648186964790e-03
5.495051773474870019e-03
5.493488026945482668e-03
5.492207919814749359e-03
5.491189613782733459e-03
5.490450593545488818e-03
5.489982818407180588e-03
5.489775224126993564e-03
5.489830278923961415e-03
5.490158438014239653e-03
5.490755714735146877e-03
5.491613055966964793e-03
5.492760835798809679e-03
5.494194153646664823e-03
5.495893330085508365e-03
5.497865607248729816e-03
5.500089534038147578e-03
5.502579066573389660e-03
5.505338560489885652e-03
5.508353516860778690e-03
5.511641355647174320e-03
5.515209878042061017e-03
5.519044809631910853e-03
5.523150117752262042e-03
5.527517587708076670e-03
5.532170981728619721e-03
5.537107328155702578e-03
5.542329241534604302e-03
5.547809593638249569e-03
5.553555726749774893e-03
5.559525311898335341e-03
5.565759836390602594e-03
5.572268008038315686e-03
5.579052577225827175e-03
5.586120045889859595e-03
5.593454719016901014e-03
5.601082204194110688e-03
5.609006871332648109e-03
5.617206186025955512e-03
5.625694610029080729e-03
5.634448028721823765e-03
5.643440368414400984e-03
5.652707352202628044e-03
5.662283907584835137e-03
5.672136583502747353e-03
5.682254975199428453e-03
5.692683991435086403e-03
5.703397318852369662e-03
5.714380768417602792e-03
5.725652631405661608e-03
5.737227677048882361e-03
5.749029547755001197e-03
5.760989551889645309e-03
5.773234663407373658e-03
5.785677748735066489e-03
5.798381064062340523e-03
5.811382618633564867e-03
5.824667887386313254e-03
5.838254455221293139e-03
5.852130987427490126e-03
5.866311888602118024e-03
5.880774616871314517e-03
5.895539551939626803e-03
5.910590569368563002e-03
5.925940122976661173e-03
5.941548036134101408e-03
5.957277374763510561e-03
5.973203258531621304e-03
5.989289789464910183e-03
6.005362671096981138e-03
6.021103896414047030e-03
6.036423494486489044e-03
6.050922570963812933e-03
6.064173192681443676e-03
6.075659717095556293e-03
6.084898694754140545e-03
6.091330950039500897e-03
6.094769171191210394e-03
6.095579544608208632e-03
6.094029940963448591e-03
6.090424010634466062e-03
6.085294753807133673e-03
6.079074882337261697e-03
6.072320964297866358e-03
6.065375376446723206e-03
6.058459633604133115e-03
6.051615150050908970e-03
6.044958453859589249e-03
6.038581568480512127e-03
6.032467887010376298e-03
6.026691808932727046e-03
6.021345477284605931e-03
6.016384652919962508e-03
6.011737391588860800e-03
6.007377777458160727e-03
6.003341521873653379e-03
5.999558114527703614e-03
5.996050384318735854e-03
5.992919540114401318e-03
5.990171858898839935e-03
5.987879267928377172e-03
5.985764774392671704e-03
5.984071705166580171e-03
5.982581047938044863e-03
5.981559101622002488e-03
5.981009839017206210e-03
5.980920085490501643e-03
5.981337756490732668e-03
5.982173796848988187e-03
5.983230128707184639e-03
5.984566992686401153e-03
5.986325066454916029e-03
5.988456433657923447e-03
5.990945897189222345e-03
5.993746682889778028e-03
5.996755976174155713e-03
6.000180316551900067e-03
6.004084940298987788e-03
6.008382226243715214e-03
6.012996886965779088e-03
6.018029121764094727e-03
6.023478194944340697e-03
6.029416049232792438e-03
6.035716731252411052e-03
6.042368538252844423e-03
6.049320919251900686e-03
6.056614329887585225e-03
6.064198837056064030e-03
6.072177232872219554e-03
6.080442813931601943e-03
6.089060307388194197e-03
6.098224414779815708e-03
6.107841675419426256e-03
6.117945544922553762e-03
6.128591813711854915e-03
6.139792544107661523e-03
6.151498385167714598e-03
6.163407320934719859e-03
6.175411408129508929e-03
6.187905390131719086e-03
6.200816621107853137e-03
6.213933943102216591e-03
6.227390661411102285e-03
6.241049632199972309e-03
6.254853390640158564e-03
6.268967642982653521e-03
6.283488704896034172e-03
6.298476593215566847e-03
6.313815589590936368e-03
6.329562828065648551e-03
6.345804552546502504e-03
6.362464801565325366e-03
6.379502265630660265e-03
6.396885975554432967e-03
6.414578174333464972e-03
6.432759020625939024e-03
6.451183404360304012e-03
6.469951142060568865e-03
6.489211178141558733e-03
6.508747339610630039e-03
6.528640749141292887e-03
6.548903556060344487e-03
6.569616621500289945e-03
6.590572595687156990e-03
6.611782324642109278e-03
6.633304163361159259e-03
6.655121793159782598e-03
6.677240437562376174e-03
6.699560276400503417e-03
6.722179310839899828e-03
6.745255310058316175e-03
6.768629585253238198e-03
6.792132100824805306e-03
6.816166904834090705e-03
6.840736799833635993e-03
6.865570537835041787e-03
6.890581762716022941e-03
6.915464989152823524e-03
6.939831687181765955e-03
6.962908305610027160e-03
6.984422370699229672e-03
7.005030277382576741e-03
7.024906951164600240e-03
7.044049207953249382e-03
7.062890902033457964e-03
7.081402801024582264e-03
7.099819861775503657e-03
7.117837862007791658e-03
7.135650976999531082e-03
7.153823413280256498e-03
7.172463978064818821e-03
7.191573819224964491e-03
7.211205517120448938e-03
7.231235802980406913e-03
7.251656838621920592e-03
7.272599906679492153e-03
7.294083681453413480e-03
7.315923651580715815e-03
7.337895016866853928e-03
7.360301055525165712e-03
7.383187977710054667e-03
7.406515510506013131e-03
7.430112467030358832e-03
7.454054835617780587e-03
7.478451237033843617e-03
7.503384348435065618e-03
7.528791879884826413e-03
7.554566843524433001e-03
7.580724373228209245e-03
7.607612832120557930e-03
7.635060057600016707e-03
7.662982149937812640e-03
7.691101613557058125e-03
7.719499014679729980e-03
7.748336059836649289e-03
7.777846129461910528e-03
7.807869441441314326e-03
7.838173839251370151e-03
7.868818177147475154e-03
7.899863212715775573e-03
7.931204980870434212e-03
7.962535409660737376e-03
7.994344643765730410e-03
8.026648631215670820e-03
8.059323860356657626e-03
8.092516107086084043e-03
8.125986830222647547e-03
8.159323019963962351e-03
8.193055749229283952e-03
8.227063967741001654e-03
8.261574800596018994e-03
8.296505195666516869e-03
8.331615494048351389e-03
8.367250510857683968e-03
8.403239481653373283e-03
8.439243672959229059e-03
8.475512629739993808e-03
8.512241692720775091e-03
8.549766049045894392e-03
8.587924248730748056e-03
8.626631865388752901e-03
8.665754892086006966e-03
8.704986227660133427e-03
8.744668989677264331e-03
8.784560488309335960e-03
8.824703950209880979e-03
8.865115878218639972e-03
8.906099585849645492e-03
8.947422170018712664e-03
8.989363184996160966e-03
9.032018931274024207e-03
9.075484795682089642e-03
9.119428872509875716e-03
9.163576435039217857e-03
9.208191502187768052e-03
9.252606468466411521e-03
9.297115107382951382e-03
9.341581105343865418e-03
9.386475184677009823e-03
9.431742566693846266e-03
9.477047177331641287e-03
