4.566892515611686854e-02
4.440743612165146126e-02
4.316101816947559566e-02
4.193102597023513206e-02
4.071709925015522952e-02
3.952246189263140114e-02
3.834464419272280017e-02
3.718428078835789297e-02
3.604154221513004158e-02
3.491450056876389818e-02
3.380595652462083101e-02
3.271294252785698214e-02
3.163901698566887882e-02
3.058296811601888057e-02
2.954630549904058157e-02
2.852988167935996411e-02
2.753243545675028089e-02
2.655798658223263581e-02
2.560535895631657968e-02
2.467409700007472395e-02
2.376765130690822528e-02
2.288701627238407324e-02
2.203112126152971875e-02
2.120140481451414025e-02
2.039817692564348597e-02
1.962386858614813961e-02
1.887983336708575974e-02
1.816849698351372111e-02
1.749399085462731776e-02
1.686343826957754227e-02
1.628238656275361046e-02
1.575186741336160809e-02
1.526762605479549742e-02
1.482512005898727406e-02
1.441865281454976153e-02
1.403697930307752986e-02
1.367310577727602096e-02
1.332071400214900406e-02
1.297705771201992930e-02
1.264051481657368567e-02
1.231002749397913654e-02
1.198631879511779380e-02
1.167034146133379829e-02
1.136199496939282842e-02
1.106118667163833412e-02
1.077072182601005422e-02
1.049095243514375914e-02
1.022611345930375150e-02
9.975308453945119780e-03
9.738103476617224544e-03
9.511804457176149807e-03
9.303482179292167989e-03
9.113835404225383019e-03
8.944406323370264825e-03
8.794837398278174123e-03
8.662614482023352561e-03
8.547902737692422356e-03
8.451953902665220245e-03
8.381048057287114605e-03
8.346091827205978989e-03
8.353567159829567226e-03
8.381876247158668441e-03
8.416298854138698146e-03
8.451832924682704806e-03
8.487233638057556720e-03
8.522719198211691632e-03
8.558261031102215588e-03
8.593854592667779166e-03
8.629185682299193860e-03
8.664377446297836377e-03
8.699746148994566206e-03
8.734900774788131525e-03
8.769917838893966783e-03
8.805288134474047873e-03
8.840305820672326662e-03
8.875368696780291250e-03
8.910142706431029361e-03
8.944754843153131588e-03
8.979036838517806540e-03
9.013151823145614666e-03
9.046994761476936237e-03
9.080628208283699626e-03
9.113760330968615625e-03
9.146478815136218493e-03
9.179420116976434382e-03
9.211733874306873154e-03
9.243874205359360607e-03
9.276068884203141421e-03
9.307416585667867281e-03
9.338440788218018568e-03
9.369457931501418840e-03
9.400216253059067925e-03
9.430519097033287709e-03
9.460494240855033682e-03
9.490006654253171220e-03
9.519248314406633660e-03
9.548329227465042826e-03
9.576669012063809480e-03
9.605017352025962615e-03
9.633076559123782828e-03
9.660664290951725616e-03
9.688064481921495469e-03
9.714995398170457250e-03
9.741643451456255542e-03
9.767728540153956113e-03
9.793642386019350138e-03
9.819148084664728118e-03
9.844190561883703686e-03
9.868670353028605874e-03
9.892814611695981836e-03
9.916343988756652281e-03
9.939379747103788479e-03
9.961812293760368905e-03
9.984144659484465653e-03
1.000610004613771385e-02
1.002734841053579476e-02
1.004830143920939882e-02
1.006875719274288872e-02
1.008889919925109839e-02
1.010840226787076794e-02
1.012753835765170182e-02
1.014578123708209829e-02
1.016374944274021225e-02
1.018104147404924262e-02
1.019788527976396401e-02
1.021413094853606401e-02
1.022985817930240765e-02
1.024487551636005245e-02
1.025965314283302024e-02
1.027400530337277407e-02
1.028742457726915943e-02
1.030036229484095588e-02
1.031272415711385372e-02
1.032459224926810144e-02
1.033612167986925137e-02
1.034689486725083596e-02
1.035708553786551453e-02
1.036666616961333214e-02
1.037571512654046797e-02
1.038420643249885790e-02
1.039206119194586303e-02
1.039920433885867419e-02
1.040593350967430712e-02
1.041170899838883557e-02
1.041719456011029610e-02
1.042174435810692620e-02
1.042571602943972477e-02
1.042945289499967038e-02
1.043244801238224322e-02
1.043504005206287270e-02
1.043704128641838660e-02
1.043843950113311318e-02
1.043929139976853583e-02
1.043981313016972487e-02
1.043983584099134401e-02
1.043928561443235349e-02
1.043842691298545525e-02
1.043706728001304526e-02
1.043536165535250901e-02
1.043306935543199948e-02
1.043014805700475528e-02
1.042666822686477701e-02
1.042287179338649908e-02
1.041834336618702866e-02
1.041360737722615663e-02
1.040850220568603247e-02
1.040306161386327435e-02
1.039710620974792533e-02
1.039063460034432562e-02
1.038386660463224039e-02
1.037668403274123914e-02
1.036906744671209010e-02
1.036076441292052737e-02
1.035206578254849533e-02
1.034289447936490719e-02
1.033319459018963195e-02
1.032318333269652451e-02
1.031303681937572984e-02
1.030209988716710920e-02
1.029095202701396823e-02
1.027927830246181014e-02
1.026746143767794280e-02
1.025511278981118893e-02
1.024237209862779822e-02
1.022942677480225167e-02
1.021593558642231239e-02
1.020198233330366251e-02
1.018770705041476855e-02
1.017309120194711917e-02
1.015838591060447965e-02
1.014296035855827630e-02
1.012722910048460302e-02
1.011101624370526302e-02
1.009430271312197237e-02
1.007727487845103305e-02
1.005992827243178643e-02
1.004179654147718467e-02
1.002320499533027043e-02
1.000446581301941973e-02
9.985104161602169001e-03
9.965484036684063920e-03
9.945579425995316677e-03
9.925118602645197768e-03
9.904373156189159866e-03
9.883315995379799573e-03
9.861925554326305896e-03
9.840338820948688059e-03
9.818211493558319514e-03
9.795688355230171979e-03
9.772907584243456514e-03
9.749901865852634436e-03
9.726473042686508211e-03
9.702750898580301750e-03
9.678506910481325665e-03
9.654298809319582231e-03
9.629669460207337939e-03
9.604600703029743392e-03
9.579257456240230367e-03
9.553682105526444326e-03
9.527667993981853503e-03
9.501252139504182473e-03
9.474519126816962136e-03
9.447337617425227360e-03
9.419555806215689289e-03
9.391361076596528579e-03
9.362783574301739367e-03
9.333990477509475012e-03
9.304850681318288172e-03
9.275230067578466020e-03
9.245360257103464596e-03
9.215179379022392023e-03
9.184565002471067191e-03
9.153887313161386888e-03
9.122771389693294999e-03
9.091435751815167554e-03
9.059701508426205516e-03
9.027448512553597204e-03
8.994986365640344345e-03
8.962252025324511998e-03
8.928964986709768750e-03
8.895622367469083538e-03
8.861829398089564672e-03
8.827738152275008479e-03
8.793335124324862251e-03
8.758935097745978657e-03
8.724215748975885226e-03
8.689386142809731386e-03
8.654208666548040760e-03
8.618788883794635189e-03
8.583055770329819922e-03
8.547292191987344162e-03
8.511270603501734297e-03
8.475065472139976797e-03
8.438807061992547806e-03
8.402278853853192148e-03
8.365658752588024660e-03
8.328750847819076444e-03
8.291579740636507295e-03
8.254262898431770010e-03
8.216723891643388025e-03
8.179000684435158361e-03
8.140950612765382802e-03
8.102522724037618945e-03
8.063951922820245324e-03
8.025251627991799794e-03
7.986290830780172142e-03
7.947262848374381239e-03
7.907971442846285434e-03
7.868420082008224098e-03
7.828913370678860714e-03
7.789180090288381521e-03
7.749161681250931605e-03
7.709142897777737126e-03
7.669006230998365314e-03
7.628574254110080145e-03
7.587938923846129606e-03
7.547230016393308843e-03
7.506396758735338695e-03
7.465537061295331178e-03
7.424542320523482009e-03
7.383462070348172958e-03
7.342318512289511614e-03
7.301199737724466121e-03
7.259959419043140322e-03
7.218447797840576823e-03
7.176944693229686534e-03
7.135457314624358248e-03
7.093675408465877248e-03
7.051794894534114434e-03
7.009985901139315773e-03
6.968150563002099146e-03
6.926227957459112072e-03
6.884318939089419456e-03
6.842470610330800458e-03
6.800663738636480299e-03
6.759106743393249704e-03
6.717527349512058231e-03
6.676418342467011283e-03
6.635516727456455474e-03
6.595264597497868010e-03
6.555977861158060818e-03
6.517718831922995372e-03
6.480643568484035361e-03
6.444816763050111724e-03
6.410518405484489333e-03
6.377595655061425034e-03
6.346165754145932300e-03
6.315828442744264755e-03
6.286390551348042949e-03
6.257910842990441549e-03
6.230084578074590249e-03
6.202857455873291362e-03
6.176125946177634697e-03
6.149741526978673607e-03
6.123531666447806429e-03
6.097692101260676102e-03
6.071944692779029581e-03
6.046358103251538336e-03
6.020731726451119398e-03
5.995006726019482153e-03
5.969052301566234522e-03
5.942874645575775897e-03
5.916598296924311003e-03
5.890159383372500258e-03
5.863666450679227461e-03
5.837085719048164430e-03
5.810422069154009758e-03
5.783656737436197910e-03
5.756669483726124976e-03
5.729457217279398766e-03
5.702206810857925537e-03
5.674797185335956305e-03
5.647218422109534681e-03
5.619412568748580195e-03
5.591527083747594579e-03
5.563496417765434465e-03
5.535338841288071215e-03
5.507048375732747497e-03
5.478648833908925445e-03
5.450213923419169014e-03
5.421631299397317374e-03
5.392954151218176152e-03
5.364101950824624356e-03
5.335271628069470501e-03
5.306408523222297391e-03
5.277394474375605125e-03
5.248268295877651750e-03
5.219050376586224262e-03
5.189728391459653110e-03
5.160257234896087515e-03
5.130630921529652673e-03
5.100908644130845368e-03
5.071159471683596258e-03
5.041369756949545117e-03
5.011575765611337233e-03
4.981744761973676619e-03
4.951866637886367939e-03
4.922000327614838196e-03
4.892099562548503887e-03
4.862182298238966124e-03
4.832070369522757820e-03
4.801948878228946491e-03
4.771768425709121617e-03
4.741536573377004050e-03
4.711330260998459508e-03
4.681136058411870630e-03
4.650962852280675526e-03
4.620815821374173009e-03
4.590615874710546329e-03
4.560438076064160171e-03
4.530311973733846566e-03
4.500195502012815235e-03
4.470099187835380010e-03
4.439999194175900214e-03
4.409826245584710924e-03
4.379722511462879816e-03
4.349632873785484917e-03
4.319622622996253068e-03
4.289695777122390363e-03
4.259838350745032143e-03
4.230000408998584385e-03
4.200181454499840421e-03
4.170423651575851792e-03
4.140715399767362116e-03
4.110970989835527160e-03
4.081293196901462743e-03
4.051759043605401671e-03
4.022293974058078689e-03
3.992975753819329177e-03
3.963661299275863907e-03
3.934456972964124437e-03
3.905231128159165899e-03
3.876095917319038412e-03
3.847011884834446605e-03
3.817974925224463471e-03
3.789141450666033781e-03
3.760362980372627863e-03
3.731658268265743497e-03
3.703031780796720972e-03
3.674528992362494952e-03
3.645794150256053204e-03
3.617164389799977422e-03
3.588541994922393816e-03
3.559847828556250617e-03
3.530867297127544390e-03
3.501348208843065718e-03
3.470757039984659342e-03
3.438845277356002150e-03
3.404640917833317171e-03
3.366637185343605062e-03
3.323983943471164014e-03
3.277892488800209208e-03
3.228587903270769589e-03
3.176876422267103581e-03
3.124468401623006590e-03
3.071899919785499398e-03
3.019431920186145101e-03
2.967334147610256774e-03
2.915647548781067841e-03
2.864184217056227246e-03
2.813249650465871141e-03
2.762888779690366326e-03
2.713030032865081272e-03
2.663780875160200526e-03
2.614983716653253645e-03
2.566823403150301532e-03
2.519250443312136354e-03
2.472188930684920787e-03
2.425849111639613240e-03
2.379935121672780915e-03
2.334611254654885178e-03
2.289855997277440245e-03
2.245662944553434865e-03
2.202083022463199348e-03
2.159136434951564217e-03
2.116730054971847214e-03
2.074910579997354520e-03
2.033700900198781233e-03
1.993038486999620246e-03
1.952873658735666644e-03
1.913309382763484509e-03
1.874406155718633202e-03
1.836286952991329638e-03
1.798814915729735021e-03
1.762080141576596870e-03
1.725905617591412923e-03
1.690447445329557822e-03
1.655656840240385657e-03
1.621500927446345745e-03
1.588121236070194489e-03
1.555468159051577636e-03
1.523484151546127289e-03
1.492220676793751949e-03
1.461613812815101962e-03
1.431657972534525593e-03
1.402333137559223959e-03
1.373602874973421217e-03
1.345508632108895642e-03
1.318005190083974517e-03
1.291189499611389247e-03
1.265021801431003446e-03
1.239460186815713244e-03
1.214467844326098944e-03
1.190150532115332761e-03
1.166469791607611765e-03
1.143405444932443652e-03
1.120908392313843625e-03
1.099004754751168895e-03
1.077695055157327749e-03
1.056965784672465230e-03
1.036826468012885631e-03
1.017269503622483893e-03
9.982974608104184557e-04
9.798902469359800985e-04
9.620385945796032382e-04
9.447141163103928846e-04
9.279416420416068895e-04
9.116896113802654567e-04
8.959136697027186543e-04
8.806258927518437023e-04
8.658223143324044304e-04
8.514953188443517102e-04
8.376409635332735231e-04
8.242466171470189768e-04
8.112998529664291764e-04
7.987930501556785544e-04
7.867049512462557506e-04
7.750226948729736082e-04
7.637462117308962050e-04
7.528595274102805246e-04
7.423534344497999867e-04
7.322105254662964087e-04
7.224232908912130591e-04
7.129685201260632264e-04
7.038374317591448385e-04
6.950245079088440301e-04
6.865181307692893881e-04
6.783128673521402309e-04
6.703949780064266499e-04
6.627580161448297759e-04
