2.051102163321060282e-02
2.017754563827776904e-02
1.984668027061054982e-02
1.951941430490133217e-02
1.919518863684193180e-02
1.887521236294021840e-02
1.855951900406831168e-02
1.824754617853269548e-02
1.793900605321875966e-02
1.763357532752712897e-02
1.733068645391247151e-02
1.703151015804358487e-02
1.673694285304722432e-02
1.644717375752361224e-02
1.616400529307670392e-02
1.588655107523979579e-02
1.561585939801763377e-02
1.535283212992532946e-02
1.509705839025504356e-02
1.484844874279929797e-02
1.460811628842761598e-02
1.437483349808927127e-02
1.414913956949111033e-02
1.392893477411375446e-02
1.371329759513539859e-02
1.350193703873961773e-02
1.329400394151902809e-02
1.308933572440378924e-02
1.288740446715788864e-02
1.268807600714488663e-02
1.249087204924747424e-02
1.229523716675057395e-02
1.210052700180424580e-02
1.190746722834758360e-02
1.171567844382498218e-02
1.152616444481417528e-02
1.133904190445119385e-02
1.115504343319806066e-02
1.097434365649457844e-02
1.079803819957379958e-02
1.062765497375129861e-02
1.046366688786978111e-02
1.030762028826534386e-02
1.016140685685593126e-02
1.002799985420045441e-02
9.906903951900631125e-03
9.800797246785281427e-03
9.712509145257430462e-03
9.642409181320435452e-03
9.590434518942850609e-03
9.555737382208566791e-03
9.533634195561281610e-03
9.523133893534169864e-03
9.524064467181899557e-03
9.534441373631104624e-03
9.554946758880734220e-03
9.582765136244293658e-03
9.615619442269981651e-03
9.651041260752576609e-03
9.687223384533557788e-03
9.723684983482631938e-03
9.759791517184009460e-03
9.795822912577774669e-03
9.831581300505870882e-03
9.867045512859018777e-03
9.902297681378516986e-03
9.937206420277287441e-03
9.971761088589941799e-03
1.000598122905138783e-02
1.004000886599820501e-02
1.007353713264795385e-02
1.010687305520455506e-02
1.013983660566005612e-02
1.017255978744653795e-02
1.020498596154515401e-02
1.023718279747543557e-02
1.026896301702475214e-02
1.030051832758863486e-02
1.033176218177737568e-02
1.036265097975056643e-02
1.039326401413598680e-02
1.042347693823513465e-02
1.045328878275330643e-02
1.048287845252784435e-02
1.051202632405301429e-02
1.054084284630091295e-02
1.056915863799417869e-02
1.059713828947474699e-02
1.062477761636105439e-02
1.065200446037694280e-02
1.067879924916535772e-02
1.070515259193062160e-02
1.073096269392348825e-02
1.075646643213382277e-02
1.078154652050255201e-02
1.080622714673066392e-02
1.083038224781985789e-02
1.085412429764489976e-02
1.087740950633343459e-02
1.090013287681515335e-02
1.092266134957738111e-02
1.094467575407903452e-02
1.096620358087625237e-02
1.098725295763702814e-02
1.100791210124293582e-02
1.102822129028550174e-02
1.104802942921667870e-02
1.106739309792084160e-02
1.108629445854229095e-02
1.110470417071954610e-02
1.112250717255247774e-02
1.113989653737702118e-02
1.115680987184666968e-02
1.117327638839038517e-02
1.118921886825979643e-02
1.120472585261521152e-02
1.121971060963545229e-02
1.123419435415536592e-02
1.124820508703358070e-02
1.126169341863232816e-02
1.127475431078678314e-02
1.128733732942471292e-02
1.129938649435226899e-02
1.131096232950894523e-02
1.132188363029199701e-02
1.133241667851318107e-02
1.134236417379252265e-02
1.135180632432634083e-02
1.136098971668823669e-02
1.136976390773108622e-02
1.137797109802342679e-02
1.138567229402447090e-02
1.139279522748001990e-02
1.139940347667718970e-02
1.140542998224669362e-02
1.141116997795206534e-02
1.141634091917826006e-02
1.142096432856685474e-02
1.142531210136678299e-02
1.142914051888904714e-02
1.143242155348057031e-02
1.143537174173981860e-02
1.143770584412311456e-02
1.143956716283715987e-02
1.144086014942403279e-02
1.144168597566202865e-02
1.144207656977326917e-02
1.144196141854000350e-02
1.144130504029096038e-02
1.144028170502768560e-02
1.143856501462596487e-02
1.143638650080260576e-02
1.143356700785174568e-02
1.143031022207231795e-02
1.142657603667573615e-02
1.142242574391037074e-02
1.141774331936236224e-02
1.141265823392160171e-02
1.140705454981693831e-02
1.140107975226396959e-02
1.139462643961016396e-02
1.138767314609724635e-02
1.138033104173155272e-02
1.137259651859653248e-02
1.136461520287812728e-02
1.135599735887580022e-02
1.134701460785425726e-02
1.133764164360896720e-02
1.132779550854757372e-02
1.131757508226008575e-02
1.130687606630852160e-02
1.129591457736521705e-02
1.128453993332926772e-02
1.127281022072377029e-02
1.126066236678721806e-02
1.124818109169807567e-02
1.123529136880142137e-02
1.122209762638948574e-02
1.120863359732899960e-02
1.119486392159439909e-02
1.118068576733200967e-02
1.116614687695238403e-02
1.115126609222457342e-02
1.113595830755282311e-02
1.112034173856593817e-02
1.110440989617534485e-02
1.108816537060267754e-02
1.107148854258530567e-02
1.105452694359768638e-02
1.103722886883532449e-02
1.101961244987709372e-02
1.100162974296972282e-02
1.098346042847965498e-02
1.096496357309308112e-02
1.094604878782099583e-02
1.092675566341175242e-02
1.090712211206223622e-02
1.088719761758886496e-02
1.086697468192457904e-02
1.084641500827880113e-02
1.082561837993651147e-02
1.080454900087209069e-02
1.078327390710576497e-02
1.076180566641485314e-02
1.074010271574890943e-02
1.071820650108365816e-02
1.069598119616579912e-02
1.067358725070258543e-02
1.065098839828305249e-02
1.062811471512615895e-02
1.060498671471654317e-02
1.058159687636560375e-02
1.055802578584902687e-02
1.053409807799704501e-02
1.050984598466560803e-02
1.048534127381316183e-02
1.046073478536979975e-02
1.043583606368827209e-02
1.041071110808931832e-02
1.038536464173295260e-02
1.035992319259451851e-02
1.033424973347482276e-02
1.030830760881881573e-02
1.028224079024145886e-02
1.025607352035039395e-02
1.022960315119337757e-02
1.020300881126316034e-02
1.017626344268179883e-02
1.014928643962581534e-02
1.012217556705945209e-02
1.009483739881814578e-02
1.006724310463700742e-02
1.003939433905956524e-02
1.001140359268653038e-02
9.983128962051470573e-03
9.954624087974537835e-03
9.925912129597137118e-03
9.897081091524845275e-03
9.868081413092508886e-03
9.838963722203164508e-03
9.809773670713489019e-03
9.780482354670421569e-03
9.750887050103450651e-03
9.721180622657213388e-03
9.691239743036433527e-03
9.661018665706814709e-03
9.630710864212067152e-03
9.600232443181554165e-03
9.569515316553242612e-03
9.538670703615631866e-03
9.507620846488434516e-03
9.476502095742361451e-03
9.445218007522283160e-03
9.413753663788512402e-03
9.382145880667186466e-03
9.350371025999462682e-03
9.318478261104068752e-03
9.286449085038171389e-03
9.254276624220745054e-03
9.222022235487547723e-03
9.189456484084285171e-03
9.156781911195486373e-03
9.124005375436682747e-03
9.090943194549012951e-03
9.057826130617499180e-03
9.024549813370807971e-03
8.991164104525583775e-03
8.957675989749652040e-03
8.924083460003215396e-03
8.890317492154598336e-03
8.856361366460441947e-03
8.822334466525706340e-03
8.788173246391296073e-03
8.753774042894414339e-03
8.719219564587968666e-03
8.684566039855918379e-03
8.649803349499692387e-03
8.614884717267758812e-03
8.579823145506482174e-03
8.544661657363910104e-03
8.509435369399192747e-03
8.474070653287590904e-03
8.438612010500338295e-03
8.403073774051826594e-03
8.367443518874861930e-03
8.331610955055936824e-03
8.295640323720496548e-03
8.259526989038420280e-03
8.223338560639800385e-03
8.187114329285313102e-03
8.150792407269874529e-03
8.114394797479588042e-03
8.077842412602398436e-03
8.041063404931370756e-03
8.004339585823708192e-03
7.967578609177730295e-03
7.930770114450503075e-03
7.894157899123795119e-03
7.857853792706271864e-03
7.822045682083904675e-03
7.786646570907671330e-03
7.751734664018223794e-03
7.717488056030511606e-03
7.683757955429173538e-03
7.650654847025338545e-03
7.618073283762460957e-03
7.585939116334400323e-03
7.554227648315823065e-03
7.522966300144492448e-03
7.492094851594954634e-03
7.461618246756608792e-03
7.431489826633233542e-03
7.401860124661665229e-03
7.372744964811866336e-03
7.344130549203901903e-03
7.316050356616648695e-03
7.288470424892522226e-03
7.261173335525307297e-03
7.234139334368220285e-03
7.207323474585605044e-03
7.180877465825170544e-03
7.154650616080508903e-03
7.128559584589072920e-03
7.102431833446357264e-03
7.076350235401919660e-03
7.050306551138937547e-03
7.024324331137880330e-03
6.998252643579143915e-03
6.972184916709884411e-03
6.946035064725444332e-03
6.919802322779927857e-03
6.893451132825614315e-03
6.867042019529724477e-03
6.840498968017424443e-03
6.813817427596516145e-03
6.787038066641321379e-03
6.760140499268130730e-03
6.733078278853994562e-03
6.705944575018228486e-03
6.678630795850544824e-03
6.651286822833297335e-03
6.623687099941251953e-03
6.595987976865573012e-03
6.568053100937731176e-03
6.539905326959567430e-03
6.511615271279302085e-03
6.483177367451388451e-03
6.454537428534423867e-03
6.425801662671784716e-03
6.396933661752036461e-03
6.367775521563472964e-03
6.338463070051096777e-03
6.308996177119906290e-03
6.279311719190461619e-03
6.249509052762357297e-03
6.219543759105050640e-03
6.189435530605412981e-03
6.159116917758434423e-03
6.128667422321550096e-03
6.098062324427873035e-03
6.067320205111892059e-03
6.036478505716936713e-03
6.005519987881531747e-03
5.974358928321859413e-03
5.943073869609322157e-03
5.911721797295686927e-03
5.880264418513092735e-03
5.848662163118198767e-03
5.816946965356882028e-03
5.784996136947179006e-03
5.752952888366977616e-03
5.720724043908330912e-03
5.688369397762683445e-03
5.655888577430339195e-03
5.623248706682009747e-03
5.590497738821293035e-03
5.557669227221514498e-03
5.524768501507919607e-03
5.491709349246671514e-03
5.458633635489001761e-03
5.425405730083454094e-03
5.392076220572836025e-03
5.358732462089414207e-03
5.325316336466406029e-03
5.291765607243616859e-03
5.258116135529824521e-03
5.224365517450163358e-03
5.190524356420573790e-03
5.156610246087675251e-03
5.122595995778473320e-03
5.088503062135561750e-03
5.054315486218810202e-03
5.020065038218789015e-03
4.985690621778482955e-03
4.951165004640289448e-03
4.916555847887174070e-03
4.881836026269114129e-03
4.847016460055403493e-03
4.812086002570991304e-03
4.776992898612270402e-03
4.741424802012522526e-03
4.705148337255257718e-03
4.667859973723146282e-03
4.629824266363579896e-03
4.590962167788857975e-03
4.550997582990945652e-03
4.509873160157685038e-03
4.467173901732809579e-03
4.422665993524125920e-03
4.376580475797919867e-03
4.329159938489389459e-03
4.280592575538453431e-03
4.230897537415939831e-03
4.180019578965537067e-03
4.128013138878426809e-03
4.075069778966770168e-03
4.021032556589912953e-03
3.965756374965256729e-03
3.909597261477078603e-03
3.852470103104343405e-03
3.794705946583940351e-03
3.736101207830333157e-03
3.676956679710295748e-03
3.617086516054343181e-03
3.556364880667376490e-03
3.495308452060616727e-03
3.433922750581669577e-03
3.372263591705276266e-03
3.310698285882592278e-03
3.249350983438249046e-03
3.188226720740026856e-03
3.127435684045613579e-03
3.067038122235720473e-03
3.006854512020287491e-03
2.947147182088875449e-03
2.887965903104712257e-03
2.829542203932893137e-03
2.771789074830659227e-03
2.714825104787633569e-03
2.658631097037966479e-03
2.603306506790647318e-03
2.548884244519287155e-03
2.495411373891551297e-03
2.442930996661295436e-03
2.391370559036062101e-03
2.340687233779797320e-03
2.291035846234468643e-03
2.242342072221817535e-03
2.194641541980855808e-03
2.147900237040525125e-03
2.102115691785247896e-03
2.057311810941890497e-03
2.013413885335124144e-03
1.970466590611129158e-03
1.928436241872196919e-03
1.887322345463932289e-03
1.847136293225087964e-03
1.807865822831562514e-03
1.769499453203686500e-03
1.732023890668820234e-03
1.695430103176700631e-03
1.659681358487819164e-03
1.624789843090098350e-03
1.590735248007946884e-03
1.557537170033427990e-03
1.525149882857776851e-03
1.493554129459513441e-03
1.462765894396320446e-03
1.432743254100010775e-03
1.403499012677506290e-03
1.375000366508438319e-03
1.347252529682977122e-03
1.320239243119393285e-03
1.293926895837668517e-03
1.268298467236223404e-03
1.243341191267765102e-03
1.219050485176579853e-03
1.195420777765152185e-03
1.172449037562135364e-03
1.150103455266478572e-03
1.128366926348241825e-03
1.107236713052166298e-03
1.086701485543748900e-03
1.066749799941984480e-03
1.047372830847078610e-03
1.028552970645730093e-03
1.010279050448691877e-03
9.925429208346536573e-04
9.753188542155192577e-04
9.586097451715276966e-04
9.424030512802683036e-04
9.266865643583407919e-04
9.114404614000823270e-04
8.966459981906260267e-04
8.823074152351644299e-04
8.684106802906103179e-04
8.549396119934089475e-04
8.418875819317454519e-04
8.292474896971417479e-04
8.170060923014272475e-04
