8.797189151752746183e-03
8.749580879855479998e-03
8.701988273788827458e-03
8.654365956081913960e-03
8.606570189447876676e-03
8.558436976262396439e-03
8.509943528807052682e-03
8.460824494730389070e-03
8.410987852092044470e-03
8.360135450844087199e-03
8.308543511424747868e-03
8.256417482883493877e-03
8.203772654006919601e-03
8.150419899852096375e-03
8.096287365941515560e-03
8.041537596684961500e-03
7.986285078670428764e-03
7.930352995819947223e-03
7.873769290296886436e-03
7.816594600575944504e-03
7.758921835147846932e-03
7.700580895050535696e-03
7.641640363367887753e-03
7.582296663181001956e-03
7.522454312633870648e-03
7.462164496702121570e-03
7.401322731528134184e-03
7.339975473965337782e-03
7.278089547982926136e-03
7.215681709500865876e-03
7.152928179683479271e-03
7.089624193865346619e-03
7.025836381825956850e-03
6.961535416106938434e-03
6.896757734386801258e-03
6.831467030653202988e-03
6.765666750463702507e-03
6.699540217460922022e-03
6.634276122839379876e-03
6.571698884604107796e-03
6.514164268227859433e-03
6.461573554914918673e-03
6.415299498106798171e-03
6.373891392966722115e-03
6.337299713304129535e-03
6.304810634943888367e-03
6.274329456774281957e-03
6.246276829826779599e-03
6.219558923246951143e-03
6.193655663359149029e-03
6.168862284503005139e-03
6.145800051733993699e-03
6.124647250871530571e-03
6.104345735749773343e-03
6.085019548829254284e-03
6.066340230350997752e-03
6.048003867538698577e-03
6.030042883076351841e-03
6.012411036003509693e-03
5.995159282664475064e-03
5.978261540996209107e-03
5.961667672187106679e-03
5.945537586115648074e-03
5.929774730657779575e-03
5.914419873568386651e-03
5.899273643388607165e-03
5.884525656997572490e-03
5.870208105318269753e-03
5.856296095977688888e-03
5.842724153691201787e-03
5.829354134430918787e-03
5.816313962448331140e-03
5.803473868930197725e-03
5.790953265207463355e-03
5.778539053897809898e-03
5.766463627132514640e-03
5.754874687529880350e-03
5.743635054838597612e-03
5.732790286980279579e-03
5.722422791053001327e-03
5.712468875085503252e-03
5.702768703982173323e-03
5.693520532894594428e-03
5.684551165685901991e-03
5.675774402223672521e-03
5.667336318324269102e-03
5.659242010917919438e-03
5.651581164046906407e-03
5.644154299815808649e-03
5.637036039283953477e-03
5.630189981175946767e-03
5.623541102680438067e-03
5.617031186074956418e-03
5.610876206152723249e-03
5.605073366050902610e-03
5.599509479865335745e-03
5.594196782940957791e-03
5.589249166595224722e-03
5.584681187269711217e-03
5.580469560505456512e-03
5.576621826112298716e-03
5.572843030790338228e-03
5.569384310404037683e-03
5.566237854261561584e-03
5.563422718679701846e-03
5.560930902138530932e-03
5.558801577079963176e-03
5.557003516577220699e-03
5.555483130907740326e-03
5.554209949401608601e-03
5.553030023890445643e-03
5.552024836459845854e-03
5.551196715097236195e-03
5.550577482713721540e-03
5.550017313944664507e-03
5.549574188354904417e-03
5.549415594808659175e-03
5.549649477902802649e-03
5.550229388964995035e-03
5.550999708413259515e-03
5.551964419011903677e-03
5.553189621706932505e-03
5.554755803483109669e-03
5.556666520534912952e-03
5.558871857850274274e-03
5.561269868753369351e-03
5.563752911622268059e-03
5.566438043966907313e-03
5.569270034135996410e-03
5.572230763673382409e-03
5.575404497773378022e-03
5.578648394155115951e-03
5.582209843719490409e-03
5.586003970133620114e-03
5.590079322194635089e-03
5.594258510434325406e-03
5.598519674370472377e-03
5.602914583103196441e-03
5.607552582804192082e-03
5.612442621474374171e-03
5.617486474725034984e-03
5.622653668042793852e-03
5.627971279799465557e-03
5.633543374969772650e-03
5.639402077490577279e-03
5.645365604674634427e-03
5.651551255099565053e-03
5.657681686199752744e-03
5.663953439599774334e-03
5.670352990554173439e-03
5.676825493076033055e-03
5.683397176542957091e-03
5.690258653840867854e-03
5.697278924545260727e-03
5.704430295604277085e-03
5.711776888057259680e-03
5.719001838266846161e-03
5.726422350813296924e-03
5.733898752490820816e-03
5.741564793559207278e-03
5.749423220174994589e-03
5.757156401517530414e-03
5.764814111214234052e-03
5.772724013179516417e-03
5.780766971686406366e-03
5.788756279057634575e-03
5.796954515874165430e-03
5.805260487599037990e-03
5.813773553376876818e-03
5.822571484481651322e-03
5.831723458114736712e-03
5.841259262181745619e-03
5.850942142025187219e-03
5.860739232303587183e-03
5.870782084621942003e-03
5.880862481042886669e-03
5.890972810487743287e-03
5.901275675347724889e-03
5.911781606939611917e-03
5.922448177735129861e-03
5.933255126820297445e-03
5.944088992357542643e-03
5.955099620685846626e-03
5.966315759119825840e-03
5.977822667762451060e-03
5.989434588107861966e-03
6.001098926989352315e-03
6.012912931621823553e-03
6.024860560750380963e-03
6.036852122865437979e-03
6.048961134606332425e-03
6.061133158436783457e-03
6.073352867794421135e-03
6.085634418466928999e-03
6.097966242088011767e-03
6.110385872657432722e-03
6.123043717577867674e-03
6.135757888137313189e-03
6.148544863937973823e-03
6.161348784372785992e-03
6.174275727074955700e-03
6.187300990499566659e-03
6.200249381252586484e-03
6.213108339875073570e-03
6.226181734421860035e-03
6.239530075105685636e-03
6.253043006680281124e-03
6.266743930555789509e-03
6.280447995915778431e-03
6.294277290955527931e-03
6.308246539060308536e-03
6.322308657083886008e-03
6.336604386029299693e-03
6.351040815950796149e-03
6.365496462049822883e-03
6.380059053554345411e-03
6.394653614296219937e-03
6.409313737377229404e-03
6.423962724701507213e-03
6.438555805050047778e-03
6.453290780841578443e-03
6.468086457454318844e-03
6.482963906444158021e-03
6.497807465397002595e-03
6.512851721996692524e-03
6.528060210562323246e-03
6.543509316496342459e-03
6.559102369103763860e-03
6.574881729393446984e-03
6.590754888814768196e-03
6.606806718511927697e-03
6.622808523301344959e-03
6.638823633291941750e-03
6.654923371300055894e-03
6.670923487874434905e-03
6.687020548908399753e-03
6.703156402100762454e-03
6.719414169818641730e-03
6.735841233982853282e-03
6.752388508589520118e-03
6.768931009556366715e-03
6.785595379256575965e-03
6.802483527139260855e-03
6.819547241479270196e-03
6.836814622790779103e-03
6.854063498087480631e-03
6.871236827257468441e-03
6.888602912622256158e-03
6.906020842117112715e-03
6.923506721676975402e-03
6.941088993829596515e-03
6.958744281296309377e-03
6.976562738889089191e-03
6.994438706100615868e-03
7.012371950401189921e-03
7.030369691632093465e-03
7.048385713211436851e-03
7.066357881281668842e-03
7.084335906739353504e-03
7.102340280914263594e-03
7.120388588048218691e-03
7.138596489457181907e-03
7.156815598742773642e-03
7.175172592210493812e-03
7.193595317624018777e-03
7.212084924454250680e-03
7.230643577615838112e-03
7.249200319202099563e-03
7.267705631423194285e-03
7.286350001730780915e-03
7.305194914656263153e-03
7.324240536896255843e-03
7.343464186400206969e-03
7.362835842128830077e-03
7.382262515537492582e-03
7.401713369948492716e-03
7.421321526556029502e-03
7.441054183188737514e-03
7.461010967210271634e-03
7.481273905215559718e-03
7.501630280297977987e-03
7.522178299825169924e-03
7.543022205681112688e-03
7.564091205228168011e-03
7.585142333536298853e-03
7.606396010477103203e-03
7.627847375383705990e-03
7.649347833596772256e-03
7.671001955177378373e-03
7.692759756672309414e-03
7.714540633349469857e-03
7.736488806882263827e-03
7.758475926476819662e-03
7.780262060082210503e-03
7.801913988965398887e-03
7.823781915043726692e-03
7.845733250651000523e-03
7.867862858735369044e-03
7.890072251575789425e-03
7.912486805342988302e-03
7.935161400230730105e-03
7.957770006484036693e-03
7.980676406193978542e-03
8.003747887660219926e-03
8.026919330267693817e-03
8.050244876594111337e-03
8.073704294029872622e-03
8.097426424014753446e-03
8.121210231857382486e-03
8.145203375564400924e-03
8.169249855435035262e-03
8.193362257283419436e-03
8.217374582851308396e-03
8.241331685333348409e-03
8.265231280887068432e-03
8.289514917277026468e-03
8.314023121517027590e-03
8.338729462639669215e-03
8.363612249494868645e-03
8.388494528079128848e-03
8.413647677408587350e-03
8.438991661035070285e-03
8.464722287359633529e-03
8.490568764812475924e-03
8.516493190887795134e-03
8.542544835032616843e-03
8.568905640947959562e-03
8.595466690514440289e-03
8.622160551381938612e-03
8.649038396172084239e-03
8.676145114757173940e-03
8.703350594333747470e-03
8.730671090841735787e-03
8.758185745640963832e-03
8.785875772418131474e-03
8.813962487505853233e-03
8.842328080870985249e-03
8.870949600871277582e-03
8.899806874196322659e-03
8.928679929836461429e-03
8.957844356995517746e-03
8.987179804120927484e-03
9.016380933855669064e-03
9.045725123768354192e-03
9.075128721862234932e-03
9.104422691344565832e-03
9.134001169452721919e-03
9.163754726941234288e-03
9.193654200193199580e-03
9.223787742508159776e-03
9.253993409770835607e-03
9.284415620385184920e-03
9.314963535347359214e-03
9.345774935010995113e-03
9.376835059917147663e-03
9.408016564777585758e-03
9.439072294460610149e-03
9.470210409663391490e-03
9.501539649674329777e-03
9.533019373518010139e-03
9.564675243688239639e-03
9.596507434019498073e-03
9.628510872454275338e-03
9.660714301420495267e-03
9.692940996040143309e-03
9.725078161179753419e-03
9.757360845876366859e-03
9.789723195083449570e-03
9.822167401004260751e-03
9.854891910030276134e-03
9.887918918260664436e-03
9.921183315540076791e-03
9.954289441575333436e-03
9.987407148687779332e-03
1.002063477448365131e-02
1.005378755893468132e-02
1.008680787486696505e-02
1.011976020375460715e-02
1.015256670884744951e-02
1.018543854800499360e-02
1.021846342031144939e-02
1.025172179710318217e-02
1.028490258765638564e-02
1.031807418551715198e-02
1.035108791083846208e-02
1.038426791120248584e-02
1.041763487697563821e-02
1.045132487578069071e-02
1.048507056520179247e-02
1.051888856337064755e-02
1.055289410720219867e-02
1.058700314160246174e-02
1.062122611819120085e-02
1.065557023396852820e-02
1.069010928128756935e-02
1.072478830138313098e-02
1.075972602455141543e-02
1.079488175076489913e-02
1.083026749752634757e-02
1.086571818354616775e-02
1.090134379032100566e-02
1.093731963558102101e-02
1.097360604064490618e-02
1.100983383403104227e-02
1.104608754437589289e-02
1.108239095312604089e-02
1.111884297525869356e-02
1.115531728922027586e-02
1.119172664531012731e-02
1.122803012895295764e-02
1.126417336710035418e-02
1.130048331270785446e-02
1.133686361205661804e-02
1.137314021339931071e-02
1.140950831781444019e-02
1.144616610775717018e-02
1.148322735018137558e-02
1.152060893073631256e-02
1.155820883921914767e-02
1.159611890040042857e-02
1.163411483592547389e-02
1.167232538131911072e-02
1.171083043584523163e-02
1.174950606114632742e-02
1.178873064777910540e-02
1.182830902604421752e-02
1.186811253130133116e-02
1.190820828021473161e-02
1.194879704216681576e-02
1.198996444864919471e-02
1.203169581270716743e-02
1.207432434025874565e-02
1.211787704842736714e-02
1.216199024316478618e-02
1.220697037107979638e-02
1.225298911101865493e-02
1.229971001098168100e-02
1.234693769116919880e-02
1.239455999178641632e-02
1.244223826407314139e-02
1.249015650797104075e-02
1.253807406961252556e-02
1.258561485412947219e-02
1.263279380789682042e-02
1.267980985185057120e-02
1.272680204251237790e-02
1.277358684918660468e-02
1.282027785406622197e-02
1.286676158588343812e-02
1.291313328660706992e-02
1.295916145082092776e-02
1.300487234716087362e-02
1.305040914077265808e-02
1.309585199900193189e-02
1.314138071443036321e-02
1.318704070978564576e-02
1.323251004289392047e-02
1.327769074799056703e-02
1.332274256644553311e-02
1.336781151834492282e-02
1.341268613487909926e-02
1.345752493169548487e-02
1.350245038114379278e-02
1.354693705975926372e-02
1.359127315625907086e-02
1.363557941582161856e-02
1.367996628949157481e-02
1.372427796732557208e-02
1.376857479262010887e-02
1.381273066893891344e-02
1.385692398330123400e-02
1.390096000401186589e-02
1.394461815076195391e-02
1.398830691664269821e-02
1.403194238449250418e-02
1.407513507593830850e-02
1.411839293529440313e-02
1.416173896280229112e-02
1.420483307292492656e-02
1.424775079459637307e-02
1.429062790504495410e-02
1.433353160230662476e-02
1.437658941467350598e-02
1.441947352378562114e-02
1.446230317096917212e-02
1.450519617603755231e-02
1.454799184715223521e-02
1.459043373277040326e-02
1.463278121769271724e-02
1.467490488834515515e-02
1.471696973439182154e-02
1.475904860358541112e-02
1.480124467733583138e-02
1.484354443940815761e-02
1.488586518333262151e-02
1.492803092772914189e-02
1.497026125380785007e-02
1.501243972165577575e-02
1.505464173645766797e-02
1.509692611197866775e-02
