3.579699747143905847e-02
3.568762724037502498e-02
3.556304057317300621e-02
3.542380054989437838e-02
3.526935699777727917e-02
3.509888158814442743e-02
3.491366041735585041e-02
3.471305465149776559e-02
3.449827718428136875e-02
3.426809430190861511e-02
3.402354867167982355e-02
3.376387158429745156e-02
3.348922560089394318e-02
3.319974563990958638e-02
3.289533998738222026e-02
3.257688303718654643e-02
3.224418573279998895e-02
3.189697905904762681e-02
3.153593120898620650e-02
3.116128776235210437e-02
3.077359040258619352e-02
3.037261297815172303e-02
2.995860599936527729e-02
2.953308873057349654e-02
2.909707516913239561e-02
2.865067654925474230e-02
2.819375294603561691e-02
2.772708099873196982e-02
2.725173184207893215e-02
2.676852070008884504e-02
2.627828574690296154e-02
2.578123402004805359e-02
2.527846219113693768e-02
2.477138655970615236e-02
2.426068353286920179e-02
2.374695490964845446e-02
2.323117410442306768e-02
2.271404591470045642e-02
2.219772998258244881e-02
2.168436278117373550e-02
2.117732776360137584e-02
2.068098390313117402e-02
2.019717496591571029e-02
1.972948820875074227e-02
1.928449561404570189e-02
1.886646880018507874e-02
1.848285049425005960e-02
1.813365145988123442e-02
1.781788946717113506e-02
1.753600367777520888e-02
1.728348180872404591e-02
1.705404399548736405e-02
1.684610915579382376e-02
1.665736957634503593e-02
1.648505808078293625e-02
1.632699305794552830e-02
1.618119288973503614e-02
1.604372369986757987e-02
1.591283102336195007e-02
1.578609873338902847e-02
1.566189483246164041e-02
1.554014031019971924e-02
1.542017443992899084e-02
1.530168773854769480e-02
1.518487534762600830e-02
1.506974288831891898e-02
1.495650355173805922e-02
1.484491886649351271e-02
1.473552765808652971e-02
1.462751034544861918e-02
1.452077602623757721e-02
1.441580945249407511e-02
1.431218125648302426e-02
1.420959363481624597e-02
1.410782167308979873e-02
1.400671712235711242e-02
1.390622316880401471e-02
1.380640793697864889e-02
1.370724103601446593e-02
1.360876964813681304e-02
1.351097866933028725e-02
1.341392270289785971e-02
1.331765429035971539e-02
1.322204001928973735e-02
1.312708693767823849e-02
1.303292603361644666e-02
1.293950536178126859e-02
1.284682807529053707e-02
1.275491198576142633e-02
1.266371793913198540e-02
1.257325881045778110e-02
1.248362536949172881e-02
1.239476731234530511e-02
1.230662714745026608e-02
1.221921541828522619e-02
1.213259094196812368e-02
1.204678066180041827e-02
1.196170479406234027e-02
1.187743747887900526e-02
1.179384085016675285e-02
1.171085226737559638e-02
1.162858845631073793e-02
1.154696037080791236e-02
1.146605855599689555e-02
1.138588099602775260e-02
1.130641306899643136e-02
1.122775028587329194e-02
1.114971671069960903e-02
1.107238313695041790e-02
1.099576678517271214e-02
1.091986992380078285e-02
1.084466869752484346e-02
1.077020563288364104e-02
1.069650430219804861e-02
1.062353494032123279e-02
1.055127389633344140e-02
1.047972286857999299e-02
1.040884186860989435e-02
1.033869484252994062e-02
1.026917679041471597e-02
1.020029210831095365e-02
1.013199047174012830e-02
1.006433660237931842e-02
9.997298692759880659e-03
9.930879523766821676e-03
9.865117795013401969e-03
9.800048948432183923e-03
9.735622141129697538e-03
9.671856616668188245e-03
9.608771753048859707e-03
9.546285778539682215e-03
9.484412970189709177e-03
9.423126478395693270e-03
9.362413549164391030e-03
9.302297685181298154e-03
9.242807117583559662e-03
9.183944213671770690e-03
9.125702827647522858e-03
9.068056219460080003e-03
9.010970984831619124e-03
8.954393287838069079e-03
8.898327372956326559e-03
8.842803281225459361e-03
8.787826887671688209e-03
8.733406656472186488e-03
8.679562358430391311e-03
8.626243222429561333e-03
8.573460084038010687e-03
8.521277277552611815e-03
8.469624831835357789e-03
8.418492664719652227e-03
8.367916757060642891e-03
8.317886480809730601e-03
8.268397389474690592e-03
8.219455398547952096e-03
8.171027595701634699e-03
8.123129546328359055e-03
8.075730555437031152e-03
8.028860889678173657e-03
7.982474199774183127e-03
7.936613036491374507e-03
7.891284695606943719e-03
7.846471502173256798e-03
7.802180146319609780e-03
7.758379861937054860e-03
7.715025019080124988e-03
7.672112006400600565e-03
7.629646928997331663e-03
7.587593919150343626e-03
7.546015991584775762e-03
7.504867655090560925e-03
7.464159836806594228e-03
7.423852884585166283e-03
7.383899461679868138e-03
7.344353891544724844e-03
7.305226577783640110e-03
7.266488561883505636e-03
7.228129808032675296e-03
7.190187809009775631e-03
7.152658267071585439e-03
7.115517960489978373e-03
7.078689567285232666e-03
7.042278374304372993e-03
7.006240284266405070e-03
6.970614477403167322e-03
6.935399221121313178e-03
6.900558775098044988e-03
6.866052931736167479e-03
6.831949451885544963e-03
6.798260550143272497e-03
6.764968702170677181e-03
6.732005004949576446e-03
6.699400522464406260e-03
6.667154935076052835e-03
6.635267745892981309e-03
6.603709708238210407e-03
6.572450866226041064e-03
6.541550957306095648e-03
6.511011219170552075e-03
6.480814295350982926e-03
6.450946100333349205e-03
6.421413651284737026e-03
6.392220184739920083e-03
6.363403475138391420e-03
6.334951445887514535e-03
6.306806822430752711e-03
6.278983715453417130e-03
6.251400862592552780e-03
6.224123737664102353e-03
6.197105589604121230e-03
6.170352061791068397e-03
6.143943963923677656e-03
6.117874520506522140e-03
6.092135711807811736e-03
6.066704481165995956e-03
6.041576804746581764e-03
6.016727755835852599e-03
5.992170013596141362e-03
5.967895033326228900e-03
5.943892860297877306e-03
5.920120005451743293e-03
5.896603698777543034e-03
5.873358359632097070e-03
5.850378046363385182e-03
5.827662323915064856e-03
5.805279131760373440e-03
5.783184861140019777e-03
5.761365053335971986e-03
5.739788178755328256e-03
5.718478110190499016e-03
5.697440046147320136e-03
5.676635535053360312e-03
5.656118945168195355e-03
5.635818136202775525e-03
5.615773436866373924e-03
5.595959763930411293e-03
5.576356887911515341e-03
5.556969756383512392e-03
5.537818713814612361e-03
5.518906709114488121e-03
5.500214008217404853e-03
5.481769226248509562e-03
5.463593106387577662e-03
5.445645883682887108e-03
5.427932838125186336e-03
5.410428698665659293e-03
5.393186444526646729e-03
5.376203897372252433e-03
5.359447746718955588e-03
5.342930468546999885e-03
5.326624506736558386e-03
5.310535195483261431e-03
5.294688760376179207e-03
5.279014112672856564e-03
5.263534308092850111e-03
5.248237047023826887e-03
5.233129501467076623e-03
5.218250074414649588e-03
5.203601514943433787e-03
5.189132409149583083e-03
5.174834834511829115e-03
5.160744158159273967e-03
5.146868954825365230e-03
5.133223931335022250e-03
5.119802772600597768e-03
5.106587170042173156e-03
5.093572339235055181e-03
5.080746894792806390e-03
5.068112186944806474e-03
5.055656508401461940e-03
5.043344741290170692e-03
5.031203641694413468e-03
5.019291236659621097e-03
5.007575704474881428e-03
4.996011987407045739e-03
4.984600127099383590e-03
4.973383591135869912e-03
4.962371669520710717e-03
4.951524154994730274e-03
4.940787919678383232e-03
4.930173669579998585e-03
4.919728450475012276e-03
4.909448774692455435e-03
4.899281067787487551e-03
4.889203778354315848e-03
4.879276303870825303e-03
4.869432360288391930e-03
4.859708702516073869e-03
4.850050051457169102e-03
4.840555127945476120e-03
4.831207391626698641e-03
4.821991740087594805e-03
4.812883107393037610e-03
4.803899195988604182e-03
4.795060455215939023e-03
4.786321889461056522e-03
4.777678925710918123e-03
4.769149424770056239e-03
4.760605472628227572e-03
4.752020600607854278e-03
4.743338124560700017e-03
4.734486801881265805e-03
4.725392767542239102e-03
4.715982614456287574e-03
4.706333820463834069e-03
4.696340800474108242e-03
4.686221607134473735e-03
4.675894529524601134e-03
4.665359157563598452e-03
4.654575227316393345e-03
4.643410489962806163e-03
4.632025247093091332e-03
4.620419193839526636e-03
4.608542040223844415e-03
4.596303310981773686e-03
4.583519278860879141e-03
4.570168647964576412e-03
4.556120317386469845e-03
4.541228079754765744e-03
4.525218419605356659e-03
4.508240137505419541e-03
4.490079907207098625e-03
4.471093893765130250e-03
4.451328600940648861e-03
4.430564218882106567e-03
4.408744864640519803e-03
4.386192502930649946e-03
4.363021208233536230e-03
4.339213866074450622e-03
4.314710587511792934e-03
4.289752250553746128e-03
4.264425689842640983e-03
4.238953457734845852e-03
4.213097372841224757e-03
4.187201008605208330e-03
4.161207031847857785e-03
4.135199975700346031e-03
4.109198767155325047e-03
4.083310111976354989e-03
4.057456795903392754e-03
4.031733299584635763e-03
4.006153259192932886e-03
3.980712942151204241e-03
3.955503048470294589e-03
3.930595720089831782e-03
3.905926532532295707e-03
3.881480317896670012e-03
3.857327421889899556e-03
3.833498538421678623e-03
3.809958514750083278e-03
3.786666998594315475e-03
3.763632594906697517e-03
3.740707338813019107e-03
3.718072044869555771e-03
3.695761590049538407e-03
3.673744691597023628e-03
3.652056628395120106e-03
3.630682923854162102e-03
3.609635320258480252e-03
3.588936433776450125e-03
3.568578299682298276e-03
3.548547096279848229e-03
3.528852460276630035e-03
3.509475549060589276e-03
3.490400163833686908e-03
3.471623120443574888e-03
3.453154645302216556e-03
3.434986508337194936e-03
3.417135045629603792e-03
3.399587728965998163e-03
3.382397249436723541e-03
3.365553660628308429e-03
3.349043320803803125e-03
3.332870102498756374e-03
3.317005198011494394e-03
3.301451934195538153e-03
3.286184194311158463e-03
3.271053260765809882e-03
3.256156386798595391e-03
3.241525386591164338e-03
3.227227575196782178e-03
3.213234043060153675e-03
3.199304033309439445e-03
3.185686966922093681e-03
3.172375700039331472e-03
3.159361419748170970e-03
3.146561011584456460e-03
3.133915554894711481e-03
3.121409501129506284e-03
3.109180064852994519e-03
3.097247529438562456e-03
3.085427292974131028e-03
3.073844168299145509e-03
3.062564352534065566e-03
3.051555417523972493e-03
3.040768685801874607e-03
3.030258238991036680e-03
3.020035549237024258e-03
3.010051003114047781e-03
3.000198553816830864e-03
2.990549578735500827e-03
2.981111666551023841e-03
2.971956571450876192e-03
2.962975436649075041e-03
2.954268333122081047e-03
2.945892875514414307e-03
2.937768034625774793e-03
2.929893247935337012e-03
2.922068326809105707e-03
2.914273323619709366e-03
2.906663509375271865e-03
2.899234219435686301e-03
2.891739839773256084e-03
2.884231920338572834e-03
2.876708041065299121e-03
2.869124839394168128e-03
2.861430414994212915e-03
2.853407515675237399e-03
2.844946132795642645e-03
2.835772326017095123e-03
2.826132099957603689e-03
2.815948287848478969e-03
2.805201643546746931e-03
2.793894491641232391e-03
2.782073559677987907e-03
2.769713268366602848e-03
2.756726221719146656e-03
2.743294941351607195e-03
2.729665769579629232e-03
2.715499845724323597e-03
2.701174901704167693e-03
2.686801727673561544e-03
2.672424315940901112e-03
2.657910542021022556e-03
2.643486975168725731e-03
2.629308898213898998e-03
2.615327333772219688e-03
2.601581190090520527e-03
2.588144426866685784e-03
2.575121987547438450e-03
2.562401410244757177e-03
2.549954790361679859e-03
2.537814476764006528e-03
2.525929874613364046e-03
2.514449909293666602e-03
2.503440566335053945e-03
2.492640576630781278e-03
2.482223193833649633e-03
2.472329715246302830e-03
2.462983235460317229e-03
2.454075132986122121e-03
2.445259475137909026e-03
2.436600633643120749e-03
2.428299123841001772e-03
2.420451244963432898e-03
2.412856925866530260e-03
2.405551879145120548e-03
2.398522348667429284e-03
2.392000241674266999e-03
2.386111455348803589e-03
2.380780690732726967e-03
2.375978980809931480e-03
2.371562185481192273e-03
2.367619574002788503e-03
2.364175264830290120e-03
2.361022585119211276e-03
2.357876523170521297e-03
2.355222186591665427e-03
2.353058947206148905e-03
2.351373454460588437e-03
2.350201073525660066e-03
2.349625702735341423e-03
2.349557641635965227e-03
2.349892671178526946e-03
2.350514554157111854e-03
2.351210713069875561e-03
2.352280067973050795e-03
2.353733606571448232e-03
2.355191573213531297e-03
2.357143318897546302e-03
2.359575270300039770e-03
2.362236749687981596e-03
2.364857601549621036e-03
2.367881578519188783e-03
2.371394683514181211e-03
2.375373693832211804e-03
2.379842924044049245e-03
2.384751370938373825e-03
2.390211916402150069e-03
2.395995519010887375e-03
2.401920315936233001e-03
2.408362318985683617e-03
2.415290740048851251e-03
2.422660849466713208e-03
2.429990111406165471e-03
2.437541306748653488e-03
2.445500326011547376e-03
2.453706744575708323e-03
2.462222836624082100e-03
2.471081795886916239e-03
