1.802695946482995790e-02
1.781846291277242034e-02
1.760369863647298985e-02
1.738307147304940514e-02
1.715689377484334519e-02
1.692526477026671736e-02
1.668835820814687163e-02
1.644632229253723335e-02
1.619942114862553406e-02
1.594813467312835784e-02
1.569268215203997383e-02
1.543341840668487411e-02
1.517073973465797587e-02
1.490496849690634007e-02
1.463635716610694679e-02
1.436545020591272273e-02
1.409239936976314049e-02
1.381788012310834583e-02
1.354212397482373355e-02
1.326554913663025546e-02
1.298864099173747087e-02
1.271196777904044263e-02
1.243581661204681138e-02
1.216082866524129114e-02
1.188808585347090815e-02
1.161823610034687718e-02
1.135211942811313948e-02
1.109125462347547095e-02
1.083713638053702272e-02
1.059125839959042248e-02
1.035472748862440243e-02
1.012886955384119207e-02
9.914040918372214045e-03
9.710600543943284299e-03
9.518037642033818496e-03
9.335926714369995050e-03
9.164704255272378836e-03
9.003607267534628408e-03
8.852460279358431716e-03
8.710207851668009746e-03
8.576021448033561284e-03
8.449113283527815224e-03
8.328298875908106066e-03
8.213000072552684161e-03
8.102893777204507250e-03
7.997478791998901063e-03
7.896701968388281784e-03
7.799669069513442271e-03
7.706564381668067759e-03
7.619613913701769534e-03
7.546197007448861120e-03
7.493197329829973281e-03
7.465440398235634843e-03
7.460523858782423801e-03
7.470625352184764693e-03
7.491820760594794341e-03
7.519850126950607810e-03
7.552224345287140636e-03
7.586494577963261501e-03
7.621123518696435242e-03
7.655719557383019146e-03
7.690227116844102102e-03
7.724618251566996337e-03
7.758881795074688836e-03
7.792967245100927871e-03
7.826883559118029410e-03
7.860660980152908706e-03
7.894282185813597877e-03
7.927685835698651193e-03
7.960935874542154553e-03
7.994049883016999397e-03
8.026964918106184108e-03
8.059622688484837510e-03
8.092067571910865550e-03
8.124302668633851324e-03
8.156361418785638973e-03
8.188225466850565515e-03
8.219938137696449279e-03
8.251439524864142769e-03
8.282737384248643406e-03
8.313888891471513110e-03
8.344852340972116686e-03
8.375657838730350691e-03
8.406309271918033926e-03
8.436789848980772930e-03
8.467131716010276379e-03
8.497358091495165605e-03
8.527433896449641143e-03
8.557415075487975753e-03
8.587239284954256355e-03
8.616900408685942980e-03
8.646466596388679982e-03
8.675813285937819530e-03
8.705035656708623101e-03
8.734037233309054418e-03
8.762968514671242576e-03
8.791720081707411066e-03
8.820305817456419034e-03
8.848710538250472921e-03
8.877102214100903235e-03
8.905354045326902696e-03
8.933496554759721639e-03
8.961439040991564173e-03
8.989241798342212028e-03
9.016876033759795364e-03
9.044352184341268239e-03
9.071718796358070949e-03
9.099018822850128696e-03
9.126221789962927003e-03
9.153251511193363082e-03
9.180267666306170596e-03
9.207209772322286906e-03
9.234098506210909607e-03
9.260814556900609854e-03
9.287418175005467125e-03
9.313953183067255615e-03
9.340363702798944873e-03
9.366713648406518183e-03
9.392947171032915710e-03
9.419139935787610579e-03
9.445222856916239002e-03
9.471169480390596862e-03
9.497030682281465755e-03
9.522815113462382297e-03
9.548474149035568112e-03
9.573914347750955844e-03
9.599251226629849920e-03
9.624520254275696976e-03
9.649719193132339293e-03
9.674799361418703544e-03
9.699820625402259117e-03
9.724778334928260368e-03
9.749568060167196001e-03
9.774195866987108253e-03
9.798654277979570310e-03
9.822997917363528869e-03
9.847217122006285406e-03
9.871249363765554480e-03
9.895075236871102298e-03
9.918710218851165342e-03
9.942173570961646348e-03
9.965442654528245542e-03
9.988451028979796614e-03
1.001121654996173747e-02
1.003385503538386375e-02
1.005620950139838980e-02
1.007833630024662121e-02
1.010012379087811205e-02
1.012165426607530491e-02
1.014287205971049766e-02
1.016384358863518453e-02
1.018444048854840606e-02
1.020472167736982509e-02
1.022468858794360613e-02
1.024438300775112193e-02
1.026383576007285602e-02
1.028298600393833494e-02
1.030186546177948650e-02
1.032036382128700969e-02
1.033850728655400127e-02
1.035629212304915205e-02
1.037364618034803711e-02
1.039067576564864023e-02
1.040742474607694000e-02
1.042381165223074842e-02
1.043980471753318089e-02
1.045540485628991892e-02
1.047059700452968381e-02
1.048547529313017743e-02
1.049995287622918806e-02
1.051405912757140577e-02
1.052780736399823273e-02
1.054117112708892641e-02
1.055413401842077159e-02
1.056668413840304750e-02
1.057873327839026906e-02
1.059038286042517270e-02
1.060157632362114868e-02
1.061236289069967219e-02
1.062268566364724977e-02
1.063249460690422754e-02
1.064185088517074010e-02
1.065070756555261400e-02
1.065906210718930297e-02
1.066691408180887174e-02
1.067441202993274149e-02
1.068142705202984773e-02
1.068795439955270814e-02
1.069397448312322911e-02
1.069955607662594760e-02
1.070472274424180519e-02
1.070938931893458679e-02
1.071351649522352643e-02
1.071719515043735756e-02
1.072037566059673777e-02
1.072317440322013114e-02
1.072550302031593725e-02
1.072738896411542207e-02
1.072884474191620509e-02
1.072987402499712105e-02
1.073043100077945497e-02
1.073060179079678329e-02
1.073034380922491607e-02
1.072956104144849945e-02
1.072833365294638581e-02
1.072668532276424731e-02
1.072461051191834699e-02
1.072204944836103839e-02
1.071903798262648956e-02
1.071562673821485449e-02
1.071173608443813825e-02
1.070740119977300377e-02
1.070257234603426075e-02
1.069731475376013187e-02
1.069156877598034100e-02
1.068540282650155999e-02
1.067885953320647785e-02
1.067199667821560997e-02
1.066472040265883936e-02
1.065703342595316315e-02
1.064896721170052220e-02
1.064048601171276552e-02
1.063156701348110661e-02
1.062226562034997678e-02
1.061260934044561989e-02
1.060254059974375697e-02
1.059210057922680207e-02
1.058129459078455473e-02
1.057011513120246528e-02
1.055858186683776394e-02
1.054665359309817606e-02
1.053439457185864625e-02
1.052171578976169447e-02
1.050863085377550660e-02
1.049517600723648414e-02
1.048134957285601528e-02
1.046720415220154556e-02
1.045269525748222621e-02
1.043785484009075552e-02
1.042274281549097036e-02
1.040722600483663315e-02
1.039138705923103867e-02
1.037518900288295423e-02
1.035864172459144417e-02
1.034182140778483819e-02
1.032471059335358758e-02
1.030724510386918542e-02
1.028949513628695488e-02
1.027141232069564251e-02
1.025301972349242259e-02
1.023429604759229679e-02
1.021533390614310331e-02
1.019606480726090517e-02
1.017655648720420386e-02
1.015677739770498751e-02
1.013672272268058804e-02
1.011631708495205201e-02
1.009564769369895691e-02
1.007475139782324468e-02
1.005364543010921902e-02
1.003224999097600094e-02
1.001054420299018338e-02
9.988598197054377598e-03
9.966397003911291533e-03
9.943974639883246605e-03
9.921243288577926908e-03
9.898285300429765857e-03
9.875102007035053281e-03
9.851686613804576734e-03
9.828046131989221640e-03
9.804230780701606376e-03
9.780106054825142906e-03
9.755684304514596408e-03
9.731139883558890744e-03
9.706316096699637436e-03
9.681307031053933837e-03
9.656033448900739127e-03
9.630585796112259983e-03
9.604844943413015645e-03
9.578958802203935488e-03
9.552855850302577334e-03
9.526592724256930864e-03
9.500144930206505869e-03
9.473483066733651148e-03
9.446616240986234134e-03
9.419619280307928513e-03
9.392383492684928253e-03
9.364954570669992151e-03
9.337314160229934559e-03
9.309459111973715853e-03
9.281421140261989292e-03
9.253251076142081019e-03
9.224877568959953186e-03
9.196309433924767379e-03
9.167528142949235223e-03
9.138629476087463399e-03
9.109713484582549620e-03
9.080853508850936923e-03
9.052443784303254581e-03
9.024832162522537088e-03
8.998218880351569957e-03
8.973108090456876837e-03
8.949750800880309359e-03
8.928583338861473956e-03
8.909529636825088555e-03
8.892639055802502301e-03
8.877555795318781834e-03
8.863612319296358330e-03
8.850192569532891115e-03
8.837161699886538976e-03
8.824162449255426241e-03
8.811049680919174829e-03
8.797630499384720068e-03
8.783925062066997094e-03
8.769888226221080052e-03
8.755521560090955002e-03
8.740845695073292884e-03
8.725856840220197821e-03
8.710535749484906581e-03
8.694869927566904397e-03
8.678811156014959449e-03
8.662439947455273168e-03
8.645790034150569944e-03
8.628791272267720761e-03
8.611465794598526305e-03
8.593833684296664846e-03
8.575822961615056986e-03
8.557428729758245756e-03
8.538707968715367885e-03
8.519605062982662028e-03
8.500150717269689543e-03
8.480334044327247564e-03
8.460240613602457854e-03
8.439785225828895510e-03
8.419008255053261891e-03
8.397911977952714560e-03
8.376415771511208988e-03
8.354647171241142561e-03
8.332593513909984997e-03
8.310277973065251234e-03
8.287602292225257697e-03
8.264576890999188533e-03
8.241194657766784046e-03
8.217383848769781868e-03
8.193204387021688073e-03
8.168682724134812903e-03
8.143766242426608501e-03
8.118511811304201034e-03
8.092947069269695523e-03
8.067004240806328885e-03
8.040726311074417737e-03
8.014240052877959555e-03
7.987411586157776647e-03
7.960304516777783404e-03
7.932920959111048817e-03
7.905261944716426847e-03
7.877281970345591938e-03
7.849010927087505737e-03
7.820408033158617392e-03
7.791495563833504903e-03
7.762326495527373423e-03
7.732945017531021523e-03
7.703317484581325043e-03
7.673475910568488580e-03
7.643345120781862116e-03
7.612986340360089477e-03
7.582367022571295974e-03
7.551554990522590417e-03
7.520513456999661575e-03
7.489309391091447839e-03
7.457929715541757217e-03
7.426390478578636517e-03
7.394670259439834956e-03
7.362809443743636995e-03
7.330834045455107174e-03
7.298737860410059626e-03
7.266571893998190895e-03
7.234320736171548881e-03
7.202022949523804833e-03
7.169661835183006870e-03
7.137279219078911108e-03
7.104804589599860408e-03
7.072231870171019445e-03
7.039630651701737560e-03
7.007011877898985767e-03
6.974347046990717405e-03
6.941636283985667608e-03
6.908886812554859702e-03
6.876074275788741051e-03
6.843213993427533712e-03
6.810296246580831679e-03
6.777337530492379657e-03
6.744338285081191188e-03
6.711216521095698592e-03
6.678040463244039153e-03
6.644800655041593201e-03
6.611519135671171075e-03
6.578176062532026247e-03
6.544774992717733268e-03
6.511287291067380419e-03
6.477677561447445220e-03
6.443882235309952682e-03
6.409753055184166069e-03
6.374897010174037856e-03
6.338848253799485126e-03
6.301401450914826188e-03
6.261305561020667418e-03
6.216657504711145706e-03
6.165294779015536956e-03
6.105238820905602853e-03
6.036075157515597041e-03
5.959047849411410434e-03
5.876169626339806940e-03
5.789498298514602487e-03
5.700849366111793680e-03
5.611665974138512099e-03
5.522377383889579168e-03
5.433427144347027608e-03
5.345046364075531874e-03
5.257306701528994403e-03
5.170337847319894480e-03
5.084090390801853862e-03
4.998682935169065401e-03
4.914075813572589026e-03
4.830229070735374275e-03
4.747241173280617420e-03
4.665106571679070863e-03
4.583828628942993900e-03
4.503411727440495560e-03
4.423883482475616732e-03
4.345267584113109323e-03
4.267518253377136639e-03
4.190636441652533309e-03
4.114644950065246727e-03
4.039533291285589932e-03
3.965280933342557601e-03
3.891950231799946782e-03
3.819555195975072627e-03
3.748079952531324296e-03
3.677519833640873967e-03
3.607891126688015336e-03
3.539193167652206727e-03
3.471445178857100657e-03
3.404692253604178851e-03
3.338875260652832914e-03
3.274017050893316197e-03
3.210103604153953169e-03
3.147108025699956076e-03
3.085066795450226110e-03
3.023978514853235648e-03
2.963847392802936367e-03
2.904650219171964805e-03
2.846416970744850439e-03
2.789123813911960521e-03
2.732786173849745866e-03
2.677385780503044148e-03
2.622913046554960995e-03
2.569364023870130461e-03
2.516731189742138584e-03
2.465006536345365311e-03
2.414214567207302424e-03
2.364343563131341558e-03
2.315408023282838033e-03
2.267390483662974892e-03
2.220292041755484932e-03
2.174101667191816450e-03
2.128805429840350486e-03
2.084405246389595904e-03
2.040889079945294900e-03
1.998265675590511856e-03
1.956514857592076256e-03
1.915631396419319567e-03
1.875613442019826924e-03
1.836443141544966606e-03
1.798117750802827363e-03
1.760615051390975556e-03
1.723929413072520329e-03
1.688065584606846751e-03
1.653019974914017283e-03
1.618783050855425931e-03
1.585348156460583300e-03
1.552697594192492319e-03
1.520830975562948925e-03
1.489738517143916448e-03
1.459398149495155393e-03
1.429799056842638496e-03
1.400928810380388080e-03
1.372781420829150608e-03
1.345342983509976173e-03
1.318593488889576457e-03
1.292531992964201289e-03
1.267148283216280999e-03
1.242424283158501640e-03
1.218358674536463042e-03
1.194938599960396241e-03
1.172151201264975788e-03
1.149983337352793742e-03
1.128419318144432536e-03
1.107450181667590100e-03
1.087070931468219490e-03
