8.128207141572498656e-03
8.105466309782080603e-03
8.083031406830766194e-03
8.060875613121817537e-03
8.039033820162242924e-03
8.017457630230569524e-03
7.996068729684826723e-03
7.974956380142948428e-03
7.954124782183959880e-03
7.933489449394587681e-03
7.913020485401106238e-03
7.892655073636548405e-03
7.872284826324911500e-03
7.851904760028028188e-03
7.831419322224988933e-03
7.810706238641805695e-03
7.789627353527969408e-03
7.767973908856693095e-03
7.745596892897613044e-03
7.722329625287000995e-03
7.698060234421353482e-03
7.672667324121424347e-03
7.646043069129927414e-03
7.618166730817490725e-03
7.588790211222636375e-03
7.557754335447361589e-03
7.525180282762157676e-03
7.491220939385767781e-03
7.455515445441736680e-03
7.418032452687012626e-03
7.378582025591605073e-03
7.337092568288340784e-03
7.293543133969248443e-03
7.247831945702403258e-03
7.199857831188006055e-03
7.149661508462977315e-03
7.097273563556131745e-03
7.042708212295590783e-03
6.985991611307644684e-03
6.927122280583303954e-03
6.866047967761475246e-03
6.802800063884951488e-03
6.737359121399533711e-03
6.669972996320508440e-03
6.601494469085391475e-03
6.534726374538238347e-03
6.472601521714743157e-03
6.413714054881750233e-03
6.356628428463772726e-03
6.301240305368650992e-03
6.248544424756868540e-03
6.197995227642572741e-03
6.150485153405662112e-03
6.106967562724950442e-03
6.069652805290529606e-03
6.038802246681455009e-03
6.012218514835694638e-03
5.987667865708510423e-03
5.963919427299762231e-03
5.940541606696510442e-03
5.917476411430829149e-03
5.894684930526299972e-03
5.872148798364435970e-03
5.849874763193227932e-03
5.827828323754745410e-03
5.806031644823915309e-03
5.784494069976677498e-03
5.763206916109292477e-03
5.742166263984453158e-03
5.721376901902060219e-03
5.700847388547368097e-03
5.680551548104207683e-03
5.660526746255996160e-03
5.640778661614105453e-03
5.621298433067405988e-03
5.602094216066648251e-03
5.583116406179265516e-03
5.564377466503017330e-03
5.545903047232625394e-03
5.527699958935139261e-03
5.509761380995591151e-03
5.492055876002516213e-03
5.474622270046638865e-03
5.457458786293573755e-03
5.440540321418922513e-03
5.423827487087771147e-03
5.407362032237014900e-03
5.391200741058642908e-03
5.375323029101181094e-03
5.359713512342436162e-03
5.344344621929399478e-03
5.329257771813440854e-03
5.314421816357078887e-03
5.299889437456199205e-03
5.285661106264841202e-03
5.271760408542262855e-03
5.258175374691754535e-03
5.244857131088376603e-03
5.231813841748318705e-03
5.219077825883986985e-03
5.206648499672877212e-03
5.194549580265883648e-03
5.182797246019832382e-03
5.171315888598738107e-03
5.160142327254947474e-03
5.149273031435394436e-03
5.138691873022844039e-03
5.128408967251420550e-03
5.118478334915883311e-03
5.108764362938184728e-03
5.099230879250765680e-03
5.090013057568589655e-03
5.081119375809213870e-03
5.072482557063245912e-03
5.064090370048839919e-03
5.055959501229042273e-03
5.048148684860738131e-03
5.040669359208900697e-03
5.033509459743206425e-03
5.026553806239797591e-03
5.019875617771402641e-03
5.013548502204799931e-03
5.007554880129949822e-03
5.001823992841505050e-03
4.996365640244647237e-03
4.991261121530919317e-03
4.986375530984758254e-03
4.981865488587520520e-03
4.977686900284006462e-03
4.973775596058113181e-03
4.970143347842579176e-03
4.966721169428815058e-03
4.963482886647855793e-03
4.960437392072344909e-03
4.957683074261934331e-03
4.955104758153992817e-03
4.952844254580399813e-03
4.950781804211767945e-03
4.948996444689268692e-03
4.947400202148292264e-03
4.945967779334117971e-03
4.944767870626443421e-03
4.943766891104563015e-03
4.943009213584781750e-03
4.942535431712986177e-03
4.942405329671188327e-03
4.942484756435851917e-03
4.942714232721640531e-03
4.943217092940307110e-03
4.943944100039739109e-03
4.944986147765757269e-03
4.946301042602250890e-03
4.947910436331234840e-03
4.949710669957787558e-03
4.951728655102209317e-03
4.954000602376535008e-03
4.956421983833059208e-03
4.959050563473099346e-03
4.961969001075202529e-03
4.965076043050260964e-03
4.968436401068569534e-03
4.972080450591905183e-03
4.975952810567943127e-03
4.980048791309141416e-03
4.984315569754595512e-03
4.988810521056664601e-03
4.993602699343473519e-03
4.998616175075083767e-03
5.003871424262317999e-03
5.009420349620668025e-03
5.015238701075210893e-03
5.021314266067270458e-03
5.027577695290525762e-03
5.034166153375387552e-03
5.041082824029559546e-03
5.048247635994015763e-03
5.055591375032815471e-03
5.063121576425997500e-03
5.070939534832850752e-03
5.079077983516895080e-03
5.087556474519699598e-03
5.096358501691684341e-03
5.105421251266123103e-03
5.114803313589548657e-03
5.124477015376487955e-03
5.134333621127066920e-03
5.144408370923218843e-03
5.154671714879687991e-03
5.165199145918662228e-03
5.176022178485648745e-03
5.187117694571217151e-03
5.198452713282815732e-03
5.209996659518055344e-03
5.221821688423336320e-03
5.233901210241191648e-03
5.246187441683112206e-03
5.258732768533374430e-03
5.271407016108670476e-03
5.284206085956360578e-03
5.296972773723521502e-03
5.309940097779405205e-03
5.323131107829561295e-03
5.336472094869144749e-03
5.349928687659190329e-03
5.363741616868060967e-03
5.377840477114757475e-03
5.392197210657382646e-03
5.406865767461108835e-03
5.421740318235510406e-03
5.436883196533674745e-03
5.452217689078017390e-03
5.467692410154144714e-03
5.483302671172650238e-03
5.498971325971849407e-03
5.514860993799356077e-03
5.530884504953485076e-03
5.547048323704987030e-03
5.563416536556941086e-03
5.580007170243934944e-03
5.596837041028357267e-03
5.613925424441843295e-03
5.631317239621953623e-03
5.649071888655261657e-03
5.667022436081707061e-03
5.685213569552373739e-03
5.703740263640683615e-03
5.722537111777667614e-03
5.741514366284197063e-03
5.760736314402091843e-03
5.780227745828918351e-03
5.799887335377285937e-03
5.819796258698753735e-03
5.840016796086951525e-03
5.860447116883787770e-03
5.881074920350492889e-03
5.901856366924233648e-03
5.922694808366814508e-03
5.943728895851528929e-03
5.964968133391572273e-03
5.986425981024908090e-03
6.007866516369099984e-03
6.029551187033751515e-03
6.051396070716603265e-03
6.073444383680097133e-03
6.095671733531252655e-03
6.118093073000457037e-03
6.140742698104554448e-03
6.163521513086126467e-03
6.186464396302038954e-03
6.209608256008333597e-03
6.232926708018071867e-03
6.256469468224340122e-03
6.280264911729521553e-03
6.304161439821114390e-03
6.328295070239242648e-03
6.352604155764051373e-03
6.377228032803934459e-03
6.402093468724220221e-03
6.427171598435499691e-03
6.452537154402738367e-03
6.478125064658146401e-03
6.503985956984596924e-03
6.530090907652371345e-03
6.556321660237146576e-03
6.582863664834143896e-03
6.609549744394002321e-03
6.636409544229750039e-03
6.663468009534610596e-03
6.690814780370663711e-03
6.718543293046377526e-03
6.746678024840429069e-03
6.775095506929562639e-03
6.803769907597643184e-03
6.832701866617057682e-03
6.861909052730980410e-03
6.891217429950232364e-03
6.920906180954835424e-03
6.950822825011720128e-03
6.980817254783050832e-03
7.010991169260750652e-03
7.041316776011900293e-03
7.071886762967206225e-03
7.102675133910185158e-03
7.133650431608066188e-03
7.164898606615084826e-03
7.196316689948300226e-03
7.227878809370462225e-03
7.259624603206499618e-03
7.291635198899926347e-03
7.323842872381520000e-03
7.356200135321343779e-03
7.388773248306536312e-03
7.421641035226647642e-03
7.454751131381560057e-03
7.488152482104309254e-03
7.521767114448741666e-03
7.555518341382654567e-03
7.589578518422025397e-03
7.623940238878210672e-03
7.658495079670223950e-03
7.693172581608541567e-03
7.728068517829030787e-03
7.763197422124274230e-03
7.798511971213751073e-03
7.834090661853138418e-03
7.869976108637712423e-03
7.905832125233545546e-03
7.941495687840763318e-03
7.977253615447675583e-03
8.012947068471245465e-03
8.048359129370847090e-03
8.083362447642071166e-03
8.118050177153536551e-03
8.152712576356472424e-03
8.187018871615379598e-03
8.220970699038872981e-03
8.254636112136131201e-03
8.288255904498543353e-03
8.321507698048178844e-03
8.354653273678055991e-03
8.387821505991620297e-03
8.421106189508377124e-03
8.454251517619039077e-03
8.487182571175998225e-03
8.520136930852602666e-03
8.552952475953699146e-03
8.586015888051412581e-03
8.619413072566705497e-03
8.653144376399848556e-03
8.687100069691373883e-03
8.721292253429629993e-03
8.755640645294392871e-03
8.790512238537892889e-03
8.825640282885046164e-03
8.860946243914208029e-03
8.896646420038520700e-03
8.932700855352943003e-03
8.968702023082151045e-03
9.004639045777780917e-03
9.040601727563013848e-03
9.076670612553017214e-03
9.113025572436293104e-03
9.149806127009474030e-03
9.186946262765387228e-03
9.224371998032721010e-03
9.261827082336753988e-03
9.299425474667437352e-03
9.337290922334599147e-03
9.375436990138109536e-03
9.413793892702960325e-03
9.452275444694043308e-03
9.490725119855672465e-03
9.529422370898812597e-03
9.568316708295559678e-03
9.607370615863345190e-03
9.646589787532499835e-03
9.686169671022305111e-03
9.725944291519598647e-03
9.765928476677400785e-03
9.806153698553282672e-03
9.846062225959108238e-03
9.885669621308807928e-03
9.925391059985086764e-03
9.965254135329323915e-03
1.000536050043147364e-02
1.004590700906053853e-02
1.008687165484729691e-02
1.012831152435471165e-02
1.016975242863301862e-02
1.021150188439444266e-02
1.025364526622236580e-02
1.029607533745888724e-02
1.033849158748144197e-02
1.038092404232583525e-02
1.042352335477264753e-02
1.046631338220438065e-02
1.050937139025960587e-02
1.055245862183490889e-02
1.059556945844170560e-02
1.063857131861820939e-02
1.068173684544175030e-02
1.072490725225931293e-02
1.076819471293555611e-02
1.081130916580471529e-02
1.085473327136493929e-02
1.089841000048563137e-02
1.094195172840808049e-02
1.098577307310259592e-02
1.102939014877402958e-02
1.107276790641561863e-02
1.111612867879212437e-02
1.115936682296631878e-02
1.120280333216039023e-02
1.124626039862714096e-02
1.128974359660038333e-02
1.133365858009912491e-02
1.137781878991363758e-02
1.142202288112985527e-02
1.146619517743735321e-02
1.151053335247135927e-02
1.155489848568651279e-02
1.159941756278737822e-02
1.164414607650642551e-02
1.168892725932810586e-02
1.173392751126274905e-02
1.177906245713796970e-02
1.182440011356566956e-02
1.187001075316254650e-02
1.191567122318779731e-02
1.196153113363474310e-02
1.200729394132617374e-02
1.205322690958499088e-02
1.209941070595653249e-02
1.214586023792810568e-02
1.219237491555220237e-02
1.223910000943908769e-02
1.228622507637261961e-02
1.233363452070515912e-02
1.238127886527777728e-02
1.242940121404425245e-02
1.247829702292013905e-02
1.252781195971983293e-02
1.257792741152525748e-02
1.262858745766144535e-02
1.267999635144817332e-02
1.273206030012294376e-02
1.278498450129025334e-02
1.283905962278538392e-02
1.289392747212481441e-02
1.294951288966977865e-02
1.300558254353399897e-02
1.306238346679176182e-02
1.311967337074335452e-02
1.317725012014826780e-02
1.323486685840222221e-02
1.329276207224824348e-02
1.335118142835350734e-02
1.340990630190973601e-02
1.346885338886364553e-02
1.352763591748637993e-02
1.358643656860091496e-02
1.364540328139094566e-02
1.370442324496475364e-02
1.376373088901234817e-02
1.382324539104180273e-02
1.388294434726950084e-02
1.394322248353233561e-02
1.400373304056034933e-02
1.406362012468101788e-02
1.412353474383219037e-02
1.418349882872171203e-02
1.424363708159601810e-02
1.430394799296124536e-02
1.436426378102609487e-02
1.442451021583134041e-02
1.448436901698299875e-02
1.454400673581414394e-02
1.460355421588100354e-02
1.466312470326546977e-02
1.472279743980658105e-02
1.478251959958828445e-02
1.484226510052008216e-02
1.490205777000543595e-02
1.496154890914176000e-02
1.502081083944263075e-02
1.508003904223020539e-02
1.513935820975790755e-02
1.519840623228155968e-02
1.525713906620517965e-02
1.531587930033845822e-02
1.537447400393335099e-02
1.543274111782007123e-02
1.549070836881808431e-02
1.554851113648741609e-02
1.560619743164976848e-02
1.566347042473479820e-02
1.572065450367868614e-02
1.577767481879074896e-02
1.583434833614328838e-02
1.589093722284275895e-02
1.594752296289652510e-02
1.600398651339727737e-02
1.605996253219092382e-02
1.611609177658137465e-02
1.617216938197301584e-02
1.622789898061541281e-02
1.628351243734382087e-02
1.633884872965117585e-02
1.639376345494657564e-02
1.644847925687628956e-02
1.650329337137483934e-02
1.655833193863915156e-02
1.661341707613915933e-02
1.666859161617504151e-02
1.672349518844556265e-02
1.677816611258243010e-02
1.683282154579384196e-02
1.688747920420741178e-02
1.694207264247509989e-02
1.699654543895358014e-02
