2.464401735814954544e-02
2.474445638308948869e-02
2.483938173471965383e-02
2.492909525399620782e-02
2.501322932733129195e-02
2.509174370287294356e-02
2.516381078249082734e-02
2.523246194541317253e-02
2.529419460478348272e-02
2.535110263213063292e-02
2.540494845345502364e-02
2.545645641886835550e-02
2.550510181140310667e-02
2.555023105799177768e-02
2.559231899636148222e-02
2.563217670454667058e-02
2.566843729851663383e-02
2.569938635655879752e-02
2.572584147423784273e-02
2.574866847086819399e-02
2.576764514364903239e-02
2.578390893184158428e-02
2.579719454980574506e-02
2.580554769396249670e-02
2.581049391123605222e-02
2.581201747257076337e-02
2.580556555465935917e-02
2.579366976599901246e-02
2.577872011520631126e-02
2.576127139211998457e-02
2.574103814816685459e-02
2.571884407679022808e-02
2.569475995157518775e-02
2.566549736188123571e-02
2.562953837007837798e-02
2.558147722453027809e-02
2.551822849089725037e-02
2.543683590138183515e-02
2.533884093769914192e-02
2.522778449941914455e-02
2.510432507210810793e-02
2.497066771190634485e-02
2.482774855428600616e-02
2.467769287716517837e-02
2.452154363121044831e-02
2.435920443228460630e-02
2.418964468926486019e-02
2.401433629368445594e-02
2.383521493269029345e-02
2.365243787553505603e-02
2.346636194220070790e-02
2.327677240795373442e-02
2.308457751046746192e-02
2.289137787004655311e-02
2.269720897550012509e-02
2.250363131020052462e-02
2.231127927227259319e-02
2.212048993155348725e-02
2.193127288770381142e-02
2.174336724113717922e-02
2.155673742222187148e-02
2.137237658155945880e-02
2.118971426993212365e-02
2.100869829724289622e-02
2.082917559783798236e-02
2.065140776246879306e-02
2.047524872646488622e-02
2.030073268854852217e-02
2.012756172085129747e-02
1.995552286729299074e-02
1.978499006555552511e-02
1.961567432058972799e-02
1.944767733781165367e-02
1.928100425264110684e-02
1.911546694185207659e-02
1.895179448301959058e-02
1.878980155551822698e-02
1.862959404645518624e-02
1.847062414896569887e-02
1.831287399812509681e-02
1.815675422304495815e-02
1.800191570731227847e-02
1.784823260947718954e-02
1.769470058110939742e-02
1.754254248486558643e-02
1.739159736280882634e-02
1.724173121897190977e-02
1.709356547055721626e-02
1.694661851994943430e-02
1.680108058467925936e-02
1.665698065041113646e-02
1.651435029440380745e-02
1.637335274119598727e-02
1.623376471593433734e-02
1.609547245915964389e-02
1.595832036012976435e-02
1.582248325548286580e-02
1.568785877537741749e-02
1.555433959014357152e-02
1.542227291225104109e-02
1.529150712563673471e-02
1.516206800919659564e-02
1.503372095896675364e-02
1.490585562033844638e-02
1.477912152294299890e-02
1.465367803412633702e-02
1.452979559619724595e-02
1.440745817157955931e-02
1.428635333347801420e-02
1.416659214093253343e-02
1.404802578833226796e-02
1.393055481896336885e-02
1.381416925079526417e-02
1.369892748694281036e-02
1.358471291916970441e-02
1.347155379673228501e-02
1.335938752285490555e-02
1.324826732086804501e-02
1.313823806796059895e-02
1.302916108649419119e-02
1.292102586865208173e-02
1.281410401604224543e-02
1.270825100698116938e-02
1.260314954478239033e-02
1.249913815447424408e-02
1.239611135509409087e-02
1.229392502687515903e-02
1.219279883598553722e-02
1.209285933315930837e-02
1.199363288817660578e-02
1.189530009134438272e-02
1.179782713970757221e-02
1.170145791217267264e-02
1.160605873902784309e-02
1.151149390276249782e-02
1.141774748934045597e-02
1.132458143512927139e-02
1.123228820813410023e-02
1.114099432987868121e-02
1.105026049218576882e-02
1.095997484612824813e-02
1.087055773896687151e-02
1.078199881157213165e-02
1.069415858203291714e-02
1.060713483932821527e-02
1.052056551302681456e-02
1.043454551708523741e-02
1.034924720460366279e-02
1.026447116261361772e-02
1.018033254904691584e-02
1.009695303080015462e-02
1.001439113881089082e-02
9.932235859401302921e-03
9.850602563431232195e-03
9.769647132442462606e-03
9.689460254775055653e-03
9.609879404302999056e-03
9.530934736257478182e-03
9.452700228631099807e-03
9.374975086784228043e-03
9.298093196956125350e-03
9.221757083764166307e-03
9.146012050912174021e-03
9.070802265850337609e-03
8.996249460923986044e-03
8.922400237720541638e-03
8.849237839716054752e-03
8.776587884460233108e-03
8.704611539249096017e-03
8.633086396315265212e-03
8.561918441622356699e-03
8.491207514967976863e-03
8.420905234745730897e-03
8.351186960909154355e-03
8.282094468969986370e-03
8.213626518861337489e-03
8.145932426523998238e-03
8.078942320626551765e-03
8.012573657325812101e-03
7.946731720850844574e-03
7.881562342628604251e-03
7.816841043785091592e-03
7.752633420180015007e-03
7.689049880127029300e-03
7.625909937504570663e-03
7.563256348896557450e-03
7.501067868418438006e-03
7.439674416978031384e-03
7.378984696689005855e-03
7.318743844842300235e-03
7.259173760302924626e-03
7.200082587235297725e-03
7.141593725719605837e-03
7.083558952814462094e-03
7.026104797181471906e-03
6.969202432138420396e-03
6.912832694300511012e-03
6.856913940966372599e-03
6.801586272666720889e-03
6.746637703892614975e-03
6.692334743659426009e-03
6.638631610726392941e-03
6.585378490010018043e-03
6.532742993269496402e-03
6.480605611659554129e-03
6.429056638411933394e-03
6.377931527508184581e-03
6.327177589475274817e-03
6.276943122311993105e-03
6.227177897544115825e-03
6.177932330424592763e-03
6.129355315869956453e-03
6.081084842741320794e-03
6.033210811276018375e-03
5.985888713466816849e-03
5.939144849212083833e-03
5.892789931202873331e-03
5.846752428540278115e-03
5.801173774216080749e-03
5.756028928686815656e-03
5.711332186901106958e-03
5.666951527472466679e-03
5.623004592282503447e-03
5.579402775779174206e-03
5.536152561574106575e-03
5.493223522929549692e-03
5.450612970332044394e-03
5.408325502797651022e-03
5.366514908936134004e-03
5.325083584584317138e-03
5.284138660903878355e-03
5.243681803584401314e-03
5.203585441135834613e-03
5.163923546272882782e-03
5.124620906028642606e-03
5.085624239338284829e-03
5.047018535138027111e-03
5.008803059919519907e-03
4.970954975484515731e-03
4.933553955324224485e-03
4.896519114747721960e-03
4.859865988005261477e-03
4.823643383653985171e-03
4.787774894579226517e-03
4.752299904507190260e-03
4.717100239119535916e-03
4.682160751275111880e-03
4.647432395360708533e-03
4.612944896938884175e-03
4.578873494801338588e-03
4.545133308792238987e-03
4.511773237776456683e-03
4.478775410501324716e-03
4.446038410222541946e-03
4.413633287539587766e-03
4.381534194229998701e-03
4.349782139087213055e-03
4.318214734742927864e-03
4.286911420703626470e-03
4.255820894236009462e-03
4.225060680888200956e-03
4.194671398825363870e-03
4.164586500670835155e-03
4.134816925179695367e-03
4.105297650265103855e-03
4.076018887710129192e-03
4.046961239265027023e-03
4.018203567628103080e-03
3.989713684015986847e-03
3.961464532084704032e-03
3.933572194522893216e-03
3.905966137208847447e-03
3.878679390771988013e-03
3.851508617780106166e-03
3.824521867303553625e-03
3.797786293066955730e-03
3.771366888502740520e-03
3.745203189418471260e-03
3.719274101003551720e-03
3.693581238891565418e-03
3.668123981648947589e-03
3.642930142290911211e-03
3.617931639134264622e-03
3.593189708186626200e-03
3.568682153911600582e-03
3.544455324136049773e-03
3.520524416598467231e-03
3.496885275348644850e-03
3.473510193591734189e-03
3.450390720129982783e-03
3.427520427243310481e-03
3.404934731016965796e-03
3.382570552512478585e-03
3.360469756130321159e-03
3.338672184533149605e-03
3.317192650876918392e-03
3.296014276043116205e-03
3.275153978221490188e-03
3.254541114312623721e-03
3.234284219313634558e-03
3.214374312131185359e-03
3.194852773492132519e-03
3.175714445807255749e-03
3.156928251175858142e-03
3.138501831677439294e-03
3.120423374448056536e-03
3.102678116478692783e-03
3.085348476572909084e-03
3.068519404044906928e-03
3.052070077370180184e-03
3.036009331448367987e-03
3.020307786851062458e-03
3.004985592807829682e-03
2.990054509041117220e-03
2.975485530081045833e-03
2.961313245719981828e-03
2.947574140951421656e-03
2.934213876532249313e-03
2.921162510255127798e-03
2.908483882440156872e-03
2.896113712997500957e-03
2.884077603217221480e-03
2.872269069559534125e-03
2.860718862749653344e-03
2.849358086567965222e-03
2.838218012335883174e-03
2.827258173334535555e-03
2.816549565464358720e-03
2.806020255927717602e-03
2.795559964715379174e-03
2.785175318451512966e-03
2.774902136595710101e-03
2.764714937881506112e-03
2.754570775917166044e-03
2.744516986450909034e-03
2.734482739211452351e-03
2.724549252926605162e-03
2.714642823793030936e-03
2.704739946194805074e-03
2.694888110211182512e-03
2.685026207358905299e-03
2.675271361627536842e-03
2.665615954531997366e-03
2.656029520527324658e-03
2.646519857876297732e-03
2.637029754262731635e-03
2.627648191030994632e-03
2.618355826763809919e-03
2.609094307929606463e-03
2.599929023005858025e-03
2.590801995002067065e-03
2.581726958519953413e-03
2.572681965311560126e-03
2.563657642580089834e-03
2.554655342011664075e-03
2.545719117704040631e-03
2.536813964522576133e-03
2.527978635249692428e-03
2.519179204857272501e-03
2.510412317183839150e-03
2.501693501281849509e-03
2.493027859819925418e-03
2.484348027813637616e-03
2.475680697369375422e-03
2.467034582712451535e-03
2.458409737865762789e-03
2.449759646893593518e-03
2.441179644609645961e-03
2.432648040947689178e-03
2.424142045326202217e-03
2.415700581818903177e-03
2.407217650257422684e-03
2.398728844833484565e-03
2.390225294263317434e-03
2.381733815612715414e-03
2.373253622593980792e-03
2.364789154787426753e-03
2.356348872547347605e-03
2.347900184256410030e-03
2.339434296827575151e-03
2.330933331773794946e-03
2.322465612779895088e-03
2.313941112156248613e-03
2.305397703881199682e-03
2.296887570971870539e-03
2.288412174894993104e-03
2.279965935902973292e-03
2.271589061790697632e-03
2.263217694617372395e-03
2.254787234915927273e-03
2.246350773886162874e-03
2.237883208124522797e-03
2.229420321619769198e-03
2.220904356329749668e-03
2.212146970227191027e-03
2.203114289392798728e-03
2.194091955648663512e-03
2.184965971225227063e-03
2.175735600483771036e-03
2.166409892799692465e-03
2.157033138865205400e-03
2.147582220719229662e-03
2.138087004919530382e-03
2.128552059168481881e-03
2.118992001381627115e-03
2.109265048708602180e-03
2.099462475976389235e-03
2.089622795892281081e-03
2.079759929599939595e-03
2.069851624517309550e-03
2.059841574691217547e-03
2.049751881897566956e-03
2.039573344658041076e-03
2.029306133708112542e-03
2.018969451762823129e-03
2.008505810680430610e-03
1.997972672147453350e-03
1.987297345724069880e-03
1.976511700235392480e-03
1.965596751726840508e-03
1.954644977696267435e-03
1.943554445531072219e-03
1.932388248210547763e-03
1.921118880918653649e-03
1.909819020746137113e-03
1.898440733607480906e-03
1.887012491108283141e-03
1.875497266753539888e-03
1.863961429655501632e-03
1.852311796408239418e-03
1.840634173095436485e-03
1.828933164832778320e-03
1.817190110214127966e-03
1.805394069759798511e-03
1.793596091069058710e-03
1.781792767445781328e-03
1.770012783103625193e-03
1.758155615157677362e-03
1.746275151101625827e-03
1.734388308930054400e-03
1.722506713327014377e-03
1.710573907844242228e-03
1.698610198161714822e-03
1.686618772848186678e-03
1.674612973965998583e-03
1.662568537541819335e-03
1.650511310972569649e-03
1.638458993863465239e-03
1.626402138616112611e-03
1.614318090191534799e-03
1.602287306777513314e-03
1.590229231419334728e-03
1.578173827285007848e-03
1.566075653391073774e-03
1.553968714290063051e-03
1.541868871049269013e-03
1.529774253672014838e-03
1.517672955359801760e-03
1.505626580084635418e-03
1.493598102215735286e-03
1.481645230372599436e-03
1.469711319500680968e-03
1.457833264303700629e-03
1.446008893881350595e-03
1.434106818767491185e-03
1.422211218478852896e-03
1.410332029705723810e-03
1.398453283985302961e-03
1.386643085900437491e-03
1.374899733114474032e-03
1.363246600512707084e-03
1.351676318443639736e-03
1.340198591199506795e-03
1.328799717736964562e-03
1.317501084424781404e-03
1.306269896949887287e-03
1.295069760724351822e-03
1.283915117377093344e-03
1.272918797506283938e-03
1.261987698789811827e-03
1.251108918872752751e-03
1.240330940245798746e-03
1.229524881315869093e-03
1.218809702096964286e-03
1.208221385284931554e-03
1.197677208680407663e-03
1.187248795312219633e-03
1.176920838156992298e-03
1.166690443945306473e-03
1.156555741772000894e-03
1.146532169299315255e-03
1.136602188381270447e-03
1.126789012859829740e-03
1.117056018797548105e-03
1.107409184748547578e-03
1.097893191487222305e-03
1.088488742313904224e-03
1.079210939836283819e-03
1.070059637761441472e-03
1.060997826165827312e-03
