4.570364420015347526e-03
4.655610132112380194e-03
4.739893435724014392e-03
4.822972701218463526e-03
4.904947787697893670e-03
4.985466067960754241e-03
5.064201355108322034e-03
5.140937715819250166e-03
5.215486089372923205e-03
5.287683590949933572e-03
5.357470311888500730e-03
5.424488180245475542e-03
5.488809892883343526e-03
5.550766770691837985e-03
5.610343281078368320e-03
5.667443723555717384e-03
5.722051199146537502e-03
5.774393127518298065e-03
5.824286226926609147e-03
5.871737783575794664e-03
5.916715724998108765e-03
5.959287748116908444e-03
5.999557648784495725e-03
6.037527523131119150e-03
6.073036185307931732e-03
6.105965631601896308e-03
6.136310032739025755e-03
6.163921668105447858e-03
6.188769377423276874e-03
6.210387484265961905e-03
6.228695377202054552e-03
6.243922491536773797e-03
6.256015576942159165e-03
6.265051825737563175e-03
6.270937352125679175e-03
6.273668989608427796e-03
6.273495477990854823e-03
6.270199508211209832e-03
6.263764517065729433e-03
6.254340606644929329e-03
6.242259467948088267e-03
6.227680328806281876e-03
6.211092116452896460e-03
6.193705194473118902e-03
6.177035168234091579e-03
6.164926358104863731e-03
6.157850351609573357e-03
6.158316640483050761e-03
6.165691163923937845e-03
6.180771226875477441e-03
6.203972356675838476e-03
6.232323352554742027e-03
6.264707508866887431e-03
6.302272669986791996e-03
6.343817938650257206e-03
6.387333665879046593e-03
6.431453112204892249e-03
6.475853435825211155e-03
6.520592730518941747e-03
6.565540174886387408e-03
6.610510642696130687e-03
6.655344669560689548e-03
6.700016657916096213e-03
6.744557581083663808e-03
6.789021429547929462e-03
6.833264688783805517e-03
6.877377588921152786e-03
6.921406114834697046e-03
6.965306059069344136e-03
7.009079678429071258e-03
7.052730460622204552e-03
7.096315589672339344e-03
7.139782641927202265e-03
7.183163438736895993e-03
7.226214756549651820e-03
7.269072288896401279e-03
7.311841146974990685e-03
7.354407307120780501e-03
7.396866308508881840e-03
7.439258708833796155e-03
7.481305095412249008e-03
7.522993173474591851e-03
7.564431226012881954e-03
7.605600225415276409e-03
7.646496249067032645e-03
7.687047689007715269e-03
7.727236143297407100e-03
7.767081949241147823e-03
7.806662251424334280e-03
7.846021217236310435e-03
7.885060421445539217e-03
7.923777088758340859e-03
7.962295441108701091e-03
8.000536026434367648e-03
8.038515451898592748e-03
8.076212260721096770e-03
8.113581839943352636e-03
8.150662965774196217e-03
8.187357786106044116e-03
8.223673128224757989e-03
8.259685493008473572e-03
8.295423429591566866e-03
8.330906781646369927e-03
8.366095859864986981e-03
8.400976277824566407e-03
8.435560057682672808e-03
8.469902503296640114e-03
8.503894993973750219e-03
8.537676335419592394e-03
8.571127555306978785e-03
8.604305342470369364e-03
8.637231097376556893e-03
8.669761433069694476e-03
8.702061304813435427e-03
8.733986544868578214e-03
8.765554510347170827e-03
8.796849650025971232e-03
8.827931543138376955e-03
8.858900985695970440e-03
8.889523532726583202e-03
8.919832517538769587e-03
8.949806053550208793e-03
8.979461695140888641e-03
9.008852290463826087e-03
9.037981317134022655e-03
9.066960973303105423e-03
9.095721874564933682e-03
9.124203107223630149e-03
9.152401234757162607e-03
9.180321470453235363e-03
9.207963074903095443e-03
9.235296497416571951e-03
9.262386388919661290e-03
9.289230070702328423e-03
9.315809115949681696e-03
9.342129442459311608e-03
9.368132204409840985e-03
9.393868548328325116e-03
9.419339695577302884e-03
9.444642796780977623e-03
9.469690545104894608e-03
9.494526904477043269e-03
9.519167511728788070e-03
9.543487416787496680e-03
9.567640404806282764e-03
9.591542465335519893e-03
9.615216101688861539e-03
9.638651554133294622e-03
9.661760076604106878e-03
9.684648751987276830e-03
9.707282617961625684e-03
9.729665454227220261e-03
9.751877635949878637e-03
9.773830248266484472e-03
9.795566164938677642e-03
9.817009866097495610e-03
9.838341007522653087e-03
9.859392735910778305e-03
9.880102478378645706e-03
9.900550184002885126e-03
9.920728302564883055e-03
9.940616828797358209e-03
9.960231074330316153e-03
9.979577454381622498e-03
9.998738983306236852e-03
1.001767818109395615e-02
1.003637718124220958e-02
1.005472757083597860e-02
1.007272411147224454e-02
1.009044472435164340e-02
1.010793898614816867e-02
1.012525905067421239e-02
1.014237404915228381e-02
1.015928735806543096e-02
1.017598286119680839e-02
1.019252281414529532e-02
1.020893590541960445e-02
1.022525031936435264e-02
1.024137344150243510e-02
1.025728840066696297e-02
1.027297123258806393e-02
1.028848779286173354e-02
1.030386347729841078e-02
1.031893937462467770e-02
1.033377872000938204e-02
1.034839149688534729e-02
1.036286638634233148e-02
1.037732223817910797e-02
1.039169441512995985e-02
1.040601800587168113e-02
1.042020444495308715e-02
1.043425293321376471e-02
1.044812072459391436e-02
1.046182909514583627e-02
1.047552010937863494e-02
1.048903143751101982e-02
1.050251990102993652e-02
1.051599316368327652e-02
1.052950337162888300e-02
1.054282710150666012e-02
1.055592033212258453e-02
1.056906831059690674e-02
1.058227500694700410e-02
1.059537799061384920e-02
1.060848896830586009e-02
1.062157181095085313e-02
1.063460448197410362e-02
1.064771626421681661e-02
1.066072883658556771e-02
1.067368625469742455e-02
1.068648519194873546e-02
1.069936466559733186e-02
1.071226272676966199e-02
1.072507397657152667e-02
1.073784873327006048e-02
1.075065474073170872e-02
1.076346070083979665e-02
1.077634885900597556e-02
1.078925846681528730e-02
1.080212646930639973e-02
1.081509031621587062e-02
1.082814120261238466e-02
1.084132523470169793e-02
1.085457568610638350e-02
1.086789078309428197e-02
1.088126475990343345e-02
1.089466596722387347e-02
1.090817062713129483e-02
1.092182619908155586e-02
1.093556832633478353e-02
1.094944409041057921e-02
1.096336763577075019e-02
1.097740116890746215e-02
1.099134128334709401e-02
1.100535722982610293e-02
1.101956187986679117e-02
1.103392386436160416e-02
1.104831231141572244e-02
1.106273913116193747e-02
1.107718910202627922e-02
1.109185130989922066e-02
1.110650662560696070e-02
1.112125869935926860e-02
1.113627240374544768e-02
1.115142685659504043e-02
1.116670383083280017e-02
1.118194207007001256e-02
1.119719712001030106e-02
1.121241348928017981e-02
1.122761175727969747e-02
1.124284861214159582e-02
1.125820332524462945e-02
1.127361959103192861e-02
1.128911681210284512e-02
1.130468179264399603e-02
1.132046606353058135e-02
1.133618810198847027e-02
1.135190573679505967e-02
1.136756237864959204e-02
1.138322361359712064e-02
1.139887711848324575e-02
1.141452675584041579e-02
1.143015225898945733e-02
1.144589109593368952e-02
1.146181947491918714e-02
1.147781121190616024e-02
1.149394929063610182e-02
1.151019242813751224e-02
1.152641527886391452e-02
1.154258576640017527e-02
1.155878343023426444e-02
1.157500248479664123e-02
1.159137973186695134e-02
1.160779430536238409e-02
1.162415488834412508e-02
1.164068196195949464e-02
1.165718498283449187e-02
1.167368397616880445e-02
1.169029227850295304e-02
1.170687581565537858e-02
1.172338465238093735e-02
1.174003441047784084e-02
1.175659802752192749e-02
1.177319294819737829e-02
1.178998599686049628e-02
1.180675832583705578e-02
1.182351778815192433e-02
1.184033538404478253e-02
1.185719944233662101e-02
1.187406128250925730e-02
1.189093017390482551e-02
1.190764725448359256e-02
1.192431106050404269e-02
1.194097491346968708e-02
1.195757244094857591e-02
1.197389466265194082e-02
1.199015537171172451e-02
1.200601648301220098e-02
1.202154667199021622e-02
1.203615706917813416e-02
1.204956170076607394e-02
1.206165043173842641e-02
1.207185021453034170e-02
1.207969570889466139e-02
1.208482452797359288e-02
1.208715805734655521e-02
1.208742729154375570e-02
1.208508169742085296e-02
1.207962634300658450e-02
1.207122953071705293e-02
1.205962190731742385e-02
1.204506545191354194e-02
1.202802382669525792e-02
1.200811406018860612e-02
1.198516795699055941e-02
1.195921473600901168e-02
1.193102844095561381e-02
1.190112832997716058e-02
1.186917377072821932e-02
1.183502537595693994e-02
1.179903403292541751e-02
1.176093434502755060e-02
1.172080610514553665e-02
1.167870119298893700e-02
1.163462388375492186e-02
1.158878304006728810e-02
1.154067512404980018e-02
1.149007991503232448e-02
1.143787502638821639e-02
1.138389622620651978e-02
1.132821076981825603e-02
1.127003712786736091e-02
1.121029922452888329e-02
1.114950490741251597e-02
1.108748028163933710e-02
1.102447291370161828e-02
1.096062633064855477e-02
1.089638045176790151e-02
1.083224500379484367e-02
1.076810111793118953e-02
1.070408422611780590e-02
1.064009135086130611e-02
1.057600648504364652e-02
1.051197806788333952e-02
1.044809444732399013e-02
1.038456656239451249e-02
1.032140259599897796e-02
1.025844523452034036e-02
1.019577335208768018e-02
1.013341062846043368e-02
1.007115034912801389e-02
1.000927221552832397e-02
9.947701389226607308e-03
9.886710847791338810e-03
9.826243522504267414e-03
9.766165687648944993e-03
9.706295541567964286e-03
9.646843794604004554e-03
9.587718876286751776e-03
9.528945901690608067e-03
9.470428307600422049e-03
9.412338113393465752e-03
9.354677781001956294e-03
9.297351760156233672e-03
9.240442552009441382e-03
9.183720435611907040e-03
9.127465665613572476e-03
9.071549220425981219e-03
9.015977507299315075e-03
8.960696134022762271e-03
8.905508211632320523e-03
8.850651917005092698e-03
8.796221157548602537e-03
8.742226454778786321e-03
8.688563753961063563e-03
8.635326327589809906e-03
8.582579518102963212e-03
8.530088050769770239e-03
8.477755015227728813e-03
8.425496278552708010e-03
8.373472681373334350e-03
8.321750141796410705e-03
8.270317719230927539e-03
8.219245845275755663e-03
8.168443192504903569e-03
8.117792577040818316e-03
8.067444674367865373e-03
8.017541153438997176e-03
7.968001470441099868e-03
7.918757209728182964e-03
7.869801169633074134e-03
7.821143397278178255e-03
7.772761718170104542e-03
7.724622801002034231e-03
7.676745563423985862e-03
7.629435529338204729e-03
7.582453875588759766e-03
7.535571638237810281e-03
7.489067490129367941e-03
7.442853696284039249e-03
7.396939285305707823e-03
7.351273597922573615e-03
7.305780258176170112e-03
7.260273701847940256e-03
7.214787734748047410e-03
7.168954209321877491e-03
7.122558085287643455e-03
7.075846121790104262e-03
7.028376369820776674e-03
6.980244481391359966e-03
6.930868393085189150e-03
6.880523180495347335e-03
6.828922456309909420e-03
6.776310396123167920e-03
6.721900464986061211e-03
6.666142518122765079e-03
6.609247683701906240e-03
6.550937532019883609e-03
6.490112897738908523e-03
6.427394093105181887e-03
6.362929681549804248e-03
6.296189166836970233e-03
6.227271964390580783e-03
6.156750820859544296e-03
6.084037387003088902e-03
6.008799470782270370e-03
5.931095291360830371e-03
5.850676947041348955e-03
5.768343275227480124e-03
5.684437573543688754e-03
5.598799271611917643e-03
5.511668473189828416e-03
5.422947920932285303e-03
5.333349610155635467e-03
5.242610816478500239e-03
5.151384673123962123e-03
5.060155223564967095e-03
4.969029226208606341e-03
4.878085500455746175e-03
4.787294454294020035e-03
4.696577304409963773e-03
4.606706011384048560e-03
4.517572864837535000e-03
4.429240305638524125e-03
4.341486755385024800e-03
4.254774721401409325e-03
4.169210429733532196e-03
4.084731866289022587e-03
4.001297548057697329e-03
3.919058606976700242e-03
3.838278188424214688e-03
3.758880937815442091e-03
3.680800634329445872e-03
3.604213386592404131e-03
3.529092767240179108e-03
3.455319223433698725e-03
3.383013993248384834e-03
3.312274879945689265e-03
3.242948627270431181e-03
3.174933242617412280e-03
3.108235607575440471e-03
3.042899662591435229e-03
2.978927900372797723e-03
2.916386319196912370e-03
2.855251236380561882e-03
2.795392754073056010e-03
2.736858588988539797e-03
2.679657864499791417e-03
2.623799741604375575e-03
2.569282840690132082e-03
2.516029305233678098e-03
2.464077480892444202e-03
2.413385265563079002e-03
2.363969333622287401e-03
2.315764529911882273e-03
2.268747896475361604e-03
2.222849230537356398e-03
2.178037993432933861e-03
2.134362216487961997e-03
2.091735196316214969e-03
2.050156856906287274e-03
2.009612346528600550e-03
1.970097321390410026e-03
1.931541974387455214e-03
1.893956102079036004e-03
1.857306561268544853e-03
1.821607600288834092e-03
1.786786140741527433e-03
1.752726916587186382e-03
1.719543575793469354e-03
1.687254651210804042e-03
1.655822657232799370e-03
1.625233870870083095e-03
1.595417542216158056e-03
1.566393758854969223e-03
1.538161618110751730e-03
1.510726138057473652e-03
1.484064570099437926e-03
1.458161494236875303e-03
1.432970687228769108e-03
