1.792786576428288120e-02
1.776220695686675163e-02
1.759488787641214080e-02
1.742759792663043511e-02
1.726100132957020597e-02
1.709666605556438637e-02
1.693561755581256614e-02
1.677837451150255427e-02
1.662667224429029492e-02
1.648011983886120413e-02
1.633751152675973900e-02
1.619889323301341652e-02
1.606360468835894492e-02
1.593141014251890988e-02
1.580293779237711832e-02
1.567951032309089845e-02
1.556134692808179218e-02
1.544783677444975210e-02
1.534017724681533204e-02
1.523651664130965672e-02
1.513550231696522176e-02
1.503605745800712899e-02
1.493732476600384725e-02
1.483852091486098819e-02
1.473868466959898926e-02
1.463741529309032716e-02
1.453447195223838383e-02
1.442979130897277876e-02
1.432332248222624276e-02
1.421500740787769168e-02
1.410502114900017909e-02
1.399314519710528892e-02
1.387898462712749970e-02
1.376277854976900271e-02
1.364431217871868440e-02
1.352343329728966648e-02
1.340013568409080882e-02
1.327473710704464571e-02
1.314762635451907115e-02
1.301940488006650583e-02
1.289047165301222819e-02
1.276129451408025521e-02
1.263154604616165133e-02
1.250210868494464750e-02
1.237349131385323715e-02
1.224616770192456065e-02
1.212013063668855237e-02
1.199534294080538584e-02
1.187252474785661580e-02
1.175325170968536705e-02
1.164121861450755600e-02
1.154519376149729624e-02
1.147441233697504663e-02
1.144069620329113066e-02
1.143760468415748639e-02
1.145325859405433438e-02
1.147519441682554563e-02
1.149861710211534313e-02
1.152228425042215072e-02
1.154587885109606936e-02
1.156947538408630363e-02
1.159288689963214672e-02
1.161624890415540075e-02
1.163959774052449742e-02
1.166275289027803030e-02
1.168607028684723499e-02
1.170921023427844154e-02
1.173222115894065158e-02
1.175514493649530354e-02
1.177794032498616188e-02
1.180062684835629996e-02
1.182328929339955710e-02
1.184576334141121574e-02
1.186797411597481991e-02
1.189003444077527984e-02
1.191184025702861533e-02
1.193321108748086889e-02
1.195412026384434084e-02
1.197470730078182242e-02
1.199498146582352910e-02
1.201502967174912333e-02
1.203486999685053800e-02
1.205458570728169289e-02
1.207394059304545998e-02
1.209284054810944031e-02
1.211143173843298899e-02
1.212960397726465557e-02
1.214748520453176953e-02
1.216512391536019380e-02
1.218219155412396740e-02
1.219889561373172816e-02
1.221516541756361568e-02
1.223071408594587038e-02
1.224583188284770509e-02
1.226045613925010394e-02
1.227457108027782927e-02
1.228800358874981152e-02
1.230094786578446106e-02
1.231339784474504845e-02
1.232539643609136329e-02
1.233672351867150935e-02
1.234728624710998077e-02
1.235708578649862173e-02
1.236629636881584650e-02
1.237466046983493051e-02
1.238246703263559678e-02
1.238963561056203450e-02
1.239617903675542358e-02
1.240211642982416013e-02
1.240730897414957408e-02
1.241154870214123719e-02
1.241496729542309989e-02
1.241770380244551844e-02
1.241985046568143576e-02
1.242115687979951540e-02
1.242174569098393813e-02
1.242146237668779150e-02
1.242042116716731912e-02
1.241870399940977164e-02
1.241607907172266080e-02
1.241289061893232834e-02
1.240903646935547291e-02
1.240447346289918519e-02
1.239937129614204943e-02
1.239363637393067763e-02
1.238743975057551676e-02
1.238048210939943911e-02
1.237283356120918477e-02
1.236471737229242161e-02
1.235600865970495552e-02
1.234661958498203642e-02
1.233666473508102102e-02
1.232628852137779632e-02
1.231535333339994938e-02
1.230379753106551968e-02
1.229172939716893093e-02
1.227915200543984627e-02
1.226608977967784571e-02
1.225264878395417728e-02
1.223858990317412167e-02
1.222410831019413169e-02
1.220895948402949370e-02
1.219332382588844167e-02
1.217716615658053989e-02
1.216051868879926452e-02
1.214327732632801762e-02
1.212545494999441031e-02
1.210707256637230146e-02
1.208819936520923177e-02
1.206880334575143043e-02
1.204892675521370034e-02
1.202869400560582086e-02
1.200794224119727804e-02
1.198663497925865108e-02
1.196477765357252011e-02
1.194245511348512867e-02
1.191963480428943033e-02
1.189626182399372220e-02
1.187243052667123072e-02
1.184816920824892199e-02
1.182341944458275250e-02
1.179826327758659588e-02
1.177265587597356965e-02
1.174655071068799427e-02
1.172015093093154922e-02
1.169325289855875985e-02
1.166581801352963195e-02
1.163793172493584466e-02
1.160967868506364818e-02
1.158103681243152251e-02
1.155199306544515969e-02
1.152256784093997309e-02
1.149290290560281771e-02
1.146298618238465912e-02
1.143270978255616493e-02
1.140203287126651845e-02
1.137118343040686638e-02
1.133990599719353343e-02
1.130836546988474474e-02
1.127648861447319399e-02
1.124418069006824679e-02
1.121167077339982505e-02
1.117901981508697545e-02
1.114611072717403353e-02
1.111305302395687242e-02
1.107969573183537233e-02
1.104613265515729144e-02
1.101249534934362236e-02
1.097851052841509502e-02
1.094437763021269792e-02
1.090980080201059237e-02
1.087486682032384397e-02
1.083961856297022824e-02
1.080403405581074547e-02
1.076813739084403997e-02
1.073197712136957777e-02
1.069553473665058214e-02
1.065889291705555790e-02
1.062217632826304922e-02
1.058537531603524762e-02
1.054849439408384916e-02
1.051131659424438605e-02
1.047382138483069457e-02
1.043615739020659246e-02
1.039838378152121989e-02
1.036061534345081130e-02
1.032254455780080502e-02
1.028450235221972826e-02
1.024639770541363286e-02
1.020827384610875632e-02
1.016996229009298897e-02
1.013150335159221198e-02
1.009290547612904862e-02
1.005429016802135422e-02
1.001550739745956514e-02
9.976655433196956677e-03
9.937721110263957741e-03
9.898901936642312202e-03
9.860110057559993285e-03
9.821212524888607576e-03
9.782416076748678968e-03
9.743561463843758083e-03
9.704487025047503490e-03
9.665351304380330813e-03
9.626147848388104389e-03
9.586932769919068870e-03
9.547692664967513329e-03
9.508424957697356877e-03
9.469150119013091879e-03
9.429917478896330044e-03
9.390561586974939534e-03
9.351264249655818345e-03
9.312036774718260995e-03
9.272737790199376065e-03
9.233417914630243778e-03
9.194170616631858195e-03
9.155091519087965937e-03
9.116071970176494593e-03
9.077116279356369291e-03
9.038224373244840501e-03
8.999437220692428629e-03
8.960734000599967705e-03
8.922085840822558886e-03
8.883538169207933974e-03
8.845085845861406018e-03
8.806671093741351777e-03
8.768116330355225224e-03
8.729657540514227168e-03
8.691157188995515120e-03
8.652682903095291339e-03
8.614335975853053620e-03
8.575983537176493088e-03
8.537695982810459411e-03
8.499347157650927881e-03
8.461042728492015191e-03
8.422796860565351373e-03
8.384598626608513391e-03
8.346463357699944463e-03
8.308454518552233978e-03
8.270481291369239166e-03
8.232537276999508241e-03
8.194660936033848833e-03
8.156825297566507385e-03
8.119031288421882375e-03
8.081253185379409787e-03
8.043389803291179849e-03
8.005470509189533193e-03
7.967576034009509270e-03
7.929784504435868561e-03
7.891988292559633592e-03
7.854190347060556118e-03
7.816438258669467995e-03
7.778658720559107967e-03
7.740950136237420565e-03
7.703238693392717648e-03
7.665404117980059544e-03
7.627616399820770499e-03
7.589878925955635507e-03
7.552173902454309765e-03
7.514512930373138874e-03
7.476905204422381636e-03
7.439393841572630901e-03
7.401867480756274542e-03
7.364437563033064335e-03
7.327044607683252248e-03
7.289735006228201426e-03
7.252486836250986689e-03
7.215360020318963181e-03
7.178242085916478402e-03
7.141123115542019617e-03
7.104033271269483488e-03
7.066949046460119926e-03
7.029905276533768461e-03
6.992867559682200591e-03
6.955819196223596637e-03
6.918769921842934413e-03
6.881727081153444885e-03
6.844696363287986439e-03
6.807767565815209948e-03
6.770995485450161978e-03
6.734258857460195639e-03
6.697522092042293949e-03
6.660768733660529968e-03
6.624242056101727234e-03
6.587876296246833810e-03
6.551694383662187357e-03
6.515821510841994339e-03
6.480313961226061986e-03
6.445255949264644749e-03
6.410857122592410022e-03
6.377201274981952883e-03
6.344597888491455319e-03
6.313115493480664538e-03
6.282826079397945719e-03
6.254150554646245586e-03
6.226901015950676507e-03
6.200839711229711067e-03
6.175517618709493520e-03
6.150792218584560586e-03
6.126312163131731291e-03
6.102093100793366982e-03
6.077880665879173763e-03
6.053701252292838404e-03
6.029437155183513079e-03
6.005143214515533921e-03
5.980755504629763249e-03
5.956277344990616208e-03
5.931793224600518180e-03
5.907194618679390864e-03
5.882478072345838534e-03
5.857747222649231471e-03
5.832917674070878071e-03
5.807983598095652067e-03
5.782899747781252049e-03
5.757697410304214204e-03
5.732465762170247010e-03
5.707178198495110356e-03
5.681808086616085829e-03
5.656388724540832753e-03
5.630923934878654009e-03
5.605391029758037547e-03
5.579792939058348528e-03
5.554262486564130047e-03
5.528631948386664337e-03
5.502964443657745904e-03
5.477258979762786133e-03
5.451532148382206081e-03
5.425769885259437361e-03
5.400124661994954584e-03
5.374496412243807975e-03
5.348866724104638093e-03
5.323166248441879751e-03
5.297565476230521771e-03
5.271983356889547480e-03
5.246443827997769246e-03
5.220860887869164385e-03
5.195288262019037706e-03
5.169679711007174952e-03
5.144157728880844466e-03
5.118625521118548398e-03
5.093191096234498186e-03
5.067774118139451063e-03
5.042358166917315296e-03
5.016925292228404873e-03
4.991473530882991824e-03
4.966075574101312846e-03
4.940703471384482945e-03
4.915331113816250909e-03
4.889903089495785046e-03
4.864507009050079815e-03
4.839094320403484507e-03
4.813717813763395553e-03
4.788281949592654643e-03
4.762889478862118546e-03
4.737523935693675747e-03
4.712122103733426375e-03
4.686812616717388365e-03
4.661582738649701352e-03
4.636268376009871489e-03
4.610993892975830295e-03
4.585716043946124615e-03
4.560459012339839434e-03
4.535286748971084289e-03
4.510137350893129657e-03
4.484993790559338965e-03
4.459891924712603914e-03
4.434781143436615503e-03
4.409754880210389923e-03
4.384825435910386093e-03
4.359878715599962290e-03
4.334951776845222780e-03
4.310073582967863422e-03
4.285283320201231823e-03
4.260560122263131952e-03
4.235774235556774917e-03
4.211160887068222947e-03
4.186655935994745316e-03
4.162219169140001472e-03
4.137895498966295306e-03
4.113631562195566548e-03
4.089431820166067148e-03
4.065225308401415952e-03
4.041110277778695546e-03
4.016975487597699949e-03
3.992881524307345144e-03
3.968769470777711549e-03
3.944604111500400918e-03
3.920473978290296702e-03
3.896281416433948659e-03
3.871984567569800376e-03
3.847699673169781634e-03
3.823400239844272283e-03
3.799034494298162909e-03
3.774561551496807051e-03
3.750049363427149143e-03
3.725475817304872012e-03
3.700646154199057312e-03
3.675566654529797452e-03
3.650030448582251060e-03
3.623364222009550512e-03
3.595542340256053983e-03
3.566043010781003771e-03
3.534412546486119609e-03
3.500719759200590642e-03
3.464600487044248653e-03
3.425873805504004929e-03
3.385116817400485485e-03
3.342662415389975605e-03
3.298923304184029140e-03
3.254087710094962990e-03
3.208218363993716772e-03
3.161510450075720804e-03
3.114263668698379148e-03
3.066824599057590538e-03
3.019155160072708489e-03
2.971420224505696376e-03
2.923688275500113416e-03
2.875946932493960405e-03
2.828266513281195611e-03
2.780568944293889365e-03
2.733108581768685028e-03
2.686069795489577552e-03
2.639347526556748945e-03
2.593109889422904376e-03
2.547289466441870261e-03
2.501729076766368715e-03
2.456667710228977678e-03
2.412111509092356582e-03
2.368121889119696646e-03
2.324706214270836919e-03
2.281895837809985814e-03
2.239628648363503095e-03
2.198050370423349116e-03
2.157133413891432726e-03
2.116867214975993311e-03
2.077315289024176271e-03
2.038488265378732636e-03
2.000417321196527268e-03
1.963037832750176483e-03
1.926354883094071307e-03
1.890332743030942540e-03
1.854993585491773430e-03
1.820341495291196354e-03
1.786344498591970050e-03
1.753061395071324165e-03
1.720437676865060102e-03
1.688454684014472707e-03
1.657112599543925004e-03
1.626377897609237186e-03
1.596272669720822778e-03
1.566791738358523081e-03
1.537936084209674120e-03
1.509709437753639031e-03
1.482108398425823793e-03
1.455103162359552794e-03
1.428691831497403645e-03
1.402898935928863786e-03
1.377681225154427395e-03
1.353042195244209735e-03
1.328961211781156445e-03
1.305436201456534710e-03
1.282457286036462396e-03
1.260023134678873611e-03
1.238105041589744213e-03
1.216696809309002160e-03
1.195788390751203458e-03
1.175385311550534648e-03
1.155472343758588271e-03
1.136051455114799047e-03
1.117110800959273667e-03
1.098630317418792168e-03
1.080618544059202841e-03
1.063043275698299971e-03
1.045918202677725579e-03
1.029221690571725757e-03
1.012966401081960739e-03
9.971208136753996216e-04
9.816982506672725615e-04
9.666730012217662109e-04
9.520322388619186426e-04
