1.287625641657342591e-02
1.278108833112834471e-02
1.268524918609405944e-02
1.258944467213079371e-02
1.249368811136471885e-02
1.239811063112346984e-02
1.230296308584765373e-02
1.220735065348242492e-02
1.211211923140819748e-02
1.201703570024106535e-02
1.192193655164352356e-02
1.182731088791419589e-02
1.173261925140467107e-02
1.163824820458101914e-02
1.154403512610908435e-02
1.145032181081854714e-02
1.135714771652872150e-02
1.126453237024374956e-02
1.117221602865657408e-02
1.108014821006345942e-02
1.098844802452261793e-02
1.089712421548021462e-02
1.080619726895382104e-02
1.071551033538353272e-02
1.062495655534758353e-02
1.053414701504342028e-02
1.044344463996365636e-02
1.035240013182918938e-02
1.026144750265822574e-02
1.017075279968589901e-02
1.008025237277977021e-02
9.989637019373389173e-03
9.898754135111261648e-03
9.807700169030280149e-03
9.716540447425911498e-03
9.624944638221820739e-03
9.532307995579350143e-03
9.439563261766587346e-03
9.346449874955456774e-03
9.253227357371354017e-03
9.160242022222731331e-03
9.067677490691561717e-03
8.976122096082764582e-03
8.885572702677054999e-03
8.796983051300026266e-03
8.711809681034051248e-03
8.632938558480957383e-03
8.561697961701522294e-03
8.499735911040470077e-03
8.446752285135831692e-03
8.403552214148440197e-03
8.368407983436167152e-03
8.337861190079920784e-03
8.309566099749424867e-03
8.282707986905961731e-03
8.256966086409430958e-03
8.232155468350193378e-03
8.208104777584046552e-03
8.184764757072826927e-03
8.162503582648581932e-03
8.140131334249805020e-03
8.117843959603370310e-03
8.095858449083710370e-03
8.074334386835696140e-03
8.053271359412186511e-03
8.032381084781881064e-03
8.011666859650387953e-03
7.991249706172860387e-03
7.971278605551645330e-03
7.951679399727748856e-03
7.932770341751816529e-03
7.914657805149133418e-03
7.897195818178779150e-03
7.879340093636267445e-03
7.862096393798359215e-03
7.844909287626366037e-03
7.828247047383668153e-03
7.811591929275859929e-03
7.795411359509612538e-03
7.779013917418249428e-03
7.761920978115326858e-03
7.744516541531965004e-03
7.727688884300215437e-03
7.711485252666581795e-03
7.695672706750751428e-03
7.680198676995834452e-03
7.665430454385618528e-03
7.651281636923272164e-03
7.636943021142569669e-03
7.622314286153762837e-03
7.608090732026051399e-03
7.593752527688397806e-03
7.579951262540526348e-03
7.566227870600904758e-03
7.552783849094777541e-03
7.539687733584368376e-03
7.526974711633410697e-03
7.514336047217338478e-03
7.501689780782178248e-03
7.489358292135601947e-03
7.477265195408385953e-03
7.465219876835932356e-03
7.453576698558529549e-03
7.442531177670129970e-03
7.431458609734140942e-03
7.420301201868310069e-03
7.409460530476302299e-03
7.398746844294769830e-03
7.388239535414863925e-03
7.378015595051722227e-03
7.368085680176020454e-03
7.358748614897555641e-03
7.349918043917608688e-03
7.341121462108660296e-03
7.332286650550186129e-03
7.323128077814864724e-03
7.314399454252076133e-03
7.306001193760430779e-03
7.298077758806613934e-03
7.290032610752249231e-03
7.282253402358657493e-03
7.274851446224711408e-03
7.267744603361478428e-03
7.261109888993538472e-03
7.254875151872825119e-03
7.249100667486168409e-03
7.243732769076915122e-03
7.238651490921479276e-03
7.233707857692529657e-03
7.229007416240694657e-03
7.223887462164224442e-03
7.218617438415802882e-03
7.213469761390772610e-03
7.208764323158451705e-03
7.204586671724954108e-03
7.200509764429186520e-03
7.196376841991512958e-03
7.192510865434042187e-03
7.188196360553546216e-03
7.184183125901950559e-03
7.180179033977741702e-03
7.175665502589288237e-03
7.171236748454725383e-03
7.166873051655362967e-03
7.162970599588661981e-03
7.159242037569336220e-03
7.155358262441887350e-03
7.151641221376969088e-03
7.148124050900074578e-03
7.144675323440229965e-03
7.141453576264496055e-03
7.137852215458440237e-03
7.134581456265507229e-03
7.131690263675343269e-03
7.128920655045265821e-03
7.126486006285535045e-03
7.124113542666228420e-03
7.122057956644584943e-03
7.120157781600935237e-03
7.118579479851029450e-03
7.117580961299952921e-03
7.117012683324773319e-03
7.116496627676774205e-03
7.116177349367813765e-03
7.116292660914735890e-03
7.116622131203607406e-03
7.117346967568683250e-03
7.118423850193540160e-03
7.119340056387907407e-03
7.119946430661978562e-03
7.120994253642529137e-03
7.122175781880117629e-03
7.123312896258650329e-03
7.124721441032471486e-03
7.126460651584710058e-03
7.128370558202209474e-03
7.130401355137110445e-03
7.132628052819378443e-03
7.134669193125575161e-03
7.136827179118785010e-03
7.139300869402401967e-03
7.141859674162881304e-03
7.143951724472206131e-03
7.145883240531835344e-03
7.148187060580657101e-03
7.150903405448366841e-03
7.153752933373040516e-03
7.156783099898503427e-03
7.160056355940860699e-03
7.163376853367052315e-03
7.166934463816412165e-03
7.170819312643574375e-03
7.174864881867732032e-03
7.178980870628549026e-03
7.183364199931768432e-03
7.187894766958743270e-03
7.192380378105284883e-03
7.196979742911527485e-03
7.201740544626073284e-03
7.206541530513256057e-03
7.211394648419891876e-03
7.216355869614034246e-03
7.221244729559298317e-03
7.226351264506690637e-03
7.231508451752808112e-03
7.236859556301580322e-03
7.242383465252385036e-03
7.247993038247662299e-03
7.253591748307090109e-03
7.259321905611233576e-03
7.265056464493954355e-03
7.271052154696615831e-03
7.277331074368357557e-03
7.283810509146506143e-03
7.290370332214772195e-03
7.297111652122947011e-03
7.303998038244564547e-03
7.310759330968068931e-03
7.317649843067721392e-03
7.324719449377685605e-03
7.332109051811951279e-03
7.339443976987413895e-03
7.347045992749577821e-03
7.354839144315125990e-03
7.362943873897923042e-03
7.371294497588568029e-03
7.379760968395979691e-03
7.388212825459842745e-03
7.396865800961638024e-03
7.405449270388266177e-03
7.413790716309064111e-03
7.421815174482578568e-03
7.429769764939932707e-03
7.437572492580242153e-03
7.445379557328416290e-03
7.453328287272066761e-03
7.461391363865617701e-03
7.469698327714910206e-03
7.478098507988711723e-03
7.486461766967837141e-03
7.494743860067026170e-03
7.503058023059512582e-03
7.511563483543482779e-03
7.520009533194385587e-03
7.528514022237147059e-03
7.536941859561223540e-03
7.545279182645676583e-03
7.553718339313773324e-03
7.562238977356324117e-03
7.570739006440144366e-03
7.579357964469990092e-03
7.587981402366729931e-03
7.596548109049509716e-03
7.604929892665394583e-03
7.613526469023555038e-03
7.622224572524431870e-03
7.631021911288160368e-03
7.640008878990065845e-03
7.649167982054648658e-03
7.658168446675927936e-03
7.667121073371399934e-03
7.676038298206309084e-03
7.684614253824828545e-03
7.693013674730101933e-03
7.701396113546288801e-03
7.709854974422477962e-03
7.718236956317890175e-03
7.726697852718185378e-03
7.735116142134617657e-03
7.743658399979069448e-03
7.752055891909181810e-03
7.760639023572350401e-03
7.769286694536903064e-03
7.778044070310462764e-03
7.786364748836364057e-03
7.794705669067513061e-03
7.803224560688175673e-03
7.811789625752796340e-03
7.820460593496869270e-03
7.829027641171663193e-03
7.837618684143341993e-03
7.846125903513441815e-03
7.854862428361059079e-03
7.863546578178571764e-03
7.872167827803668722e-03
7.880737537767655565e-03
7.889292453255963150e-03
7.897935329094598819e-03
7.906620410258377238e-03
7.915484463428473089e-03
7.924284917505835385e-03
7.933155577312469425e-03
7.941936828094650277e-03
7.950955662945298485e-03
7.960173533233635274e-03
7.969140661427467909e-03
7.977964228686670878e-03
7.987042886236280295e-03
7.996092257518209664e-03
8.005129107936171870e-03
8.014129584034765039e-03
8.023064793684111379e-03
8.031939233558224936e-03
8.040922008583587660e-03
8.049933621990572330e-03
8.059107124412438067e-03
8.068522377443208479e-03
8.077966035622117028e-03
8.087491504310123647e-03
8.097109952987272333e-03
8.106830113172548355e-03
8.116702343161604979e-03
8.126811658023444171e-03
8.137034097532370655e-03
8.147233959295572051e-03
8.157417063631221960e-03
8.167463671720290308e-03
8.177276406615040932e-03
8.186796822234977677e-03
8.196375428041427491e-03
8.205653959027021244e-03
8.214771229788898899e-03
8.223558241786681558e-03
8.232026239582752869e-03
8.240378419858302231e-03
8.248728329445221413e-03
8.257099035008097498e-03
8.265377237769757843e-03
8.273425142331694224e-03
8.281357326732963209e-03
8.289485317982901377e-03
8.297668173277553127e-03
8.305794260397915060e-03
8.313966030166087401e-03
8.322337009953785156e-03
8.330543272925896442e-03
8.338906612446012404e-03
8.347329748410696817e-03
8.355832887936150491e-03
8.364385421276489610e-03
8.372988590052508201e-03
8.381679205937308391e-03
8.390540841150912962e-03
8.399250863592609348e-03
8.407919127485667665e-03
8.416609550581016785e-03
8.425271875458165832e-03
8.433723248331304045e-03
8.442177251481820105e-03
8.450546802101253224e-03
8.458921495577280056e-03
8.467136917743521909e-03
8.475199479499800209e-03
8.483241922900248283e-03
8.491009721024768420e-03
8.498566907070258247e-03
8.506043377749183954e-03
8.513424235285636799e-03
8.520991610725437565e-03
8.528683344981748474e-03
8.536277738712901714e-03
8.543834409219021667e-03
8.551253597533680501e-03
8.558574409395874188e-03
8.565784740663228564e-03
8.573185704446822583e-03
8.580655724410770485e-03
8.587943151194194977e-03
8.595300400219859152e-03
8.602412355360378529e-03
8.609506424239948136e-03
8.616635813884658546e-03
8.623983932378218031e-03
8.631239330082385655e-03
8.638112347045775671e-03
8.644911603851382007e-03
8.651761446781125117e-03
8.658512754166035330e-03
8.665158800619075438e-03
8.671764432238909803e-03
8.678381724544806733e-03
8.685052281314956102e-03
8.691771032199415922e-03
8.698560230986421976e-03
8.705427843965348952e-03
8.712302884322656663e-03
8.719171969621066984e-03
8.726165246589662888e-03
8.733132205307607074e-03
8.740121613547606819e-03
8.746947189051855476e-03
8.753587785259695983e-03
8.760260010110869355e-03
8.766939388395336361e-03
8.773579255635243976e-03
8.780044021994339379e-03
8.786368832268251841e-03
8.792781071361131795e-03
8.799189866197961243e-03
8.805440720599735580e-03
8.811741060141022042e-03
8.817994269136144800e-03
8.824311919666519635e-03
8.830746419048010262e-03
8.837228384873692735e-03
8.843707029480087772e-03
8.850207513847300339e-03
8.856852874185765570e-03
8.863767238634910270e-03
8.870894713548715602e-03
8.878197787168444141e-03
8.885776080077345540e-03
8.893790991998350159e-03
8.902505441768614539e-03
8.911559238128636054e-03
8.920834486339899658e-03
8.929915172240253385e-03
8.938711618916031498e-03
8.947637607165489365e-03
8.956635889360431771e-03
8.965534369137514656e-03
8.974499628515599306e-03
8.983453433502767288e-03
8.992529692759869409e-03
9.001535294138761703e-03
9.010427506115430488e-03
9.019124678090201935e-03
9.027571073879973179e-03
9.035917870807708141e-03
9.044120254176326798e-03
9.051794550538602713e-03
9.059170143910614398e-03
9.066372566292855983e-03
9.073437898230531790e-03
9.080353881014838549e-03
9.086953671774549227e-03
9.093411133427948406e-03
9.099789089807356485e-03
9.106085071002087764e-03
9.112196099655718931e-03
9.118123599378448463e-03
9.123954625559562576e-03
9.129759682153853681e-03
9.135267812521061584e-03
9.140567123442692316e-03
9.145634453236956354e-03
9.150488482852683209e-03
9.155061325060973726e-03
9.159619621770349537e-03
9.164138125967651732e-03
9.168702469826454579e-03
9.173457514333691401e-03
9.177866863175926371e-03
9.182200315546198283e-03
9.186532457627877291e-03
9.190637167439515143e-03
9.194564956895303134e-03
9.198624410817755545e-03
9.202511106380253589e-03
9.206564563975665194e-03
9.210581524151757390e-03
9.214482304845205904e-03
9.218246312577069515e-03
9.221975275744713832e-03
9.225478983260045063e-03
9.228903043068500262e-03
9.232049153070388814e-03
9.234801631285625284e-03
9.237141177024992683e-03
9.239243184541693840e-03
9.241320626484781503e-03
9.243260271679810264e-03
9.244905094177590515e-03
9.246507507983338717e-03
9.248035276428590024e-03
9.249511716174276324e-03
9.250842251762326704e-03
9.251997464339693084e-03
9.253133331689717550e-03
9.254231964045711231e-03
9.255285823272346377e-03
9.256237932192198925e-03
9.256817327433393416e-03
9.257057653995580740e-03
9.257266941986082992e-03
9.257369883901090876e-03
9.257260143607556196e-03
9.257057280368527832e-03
9.256664327221773500e-03
9.255977855720208536e-03
9.255103901002896191e-03
9.254022363562458553e-03
9.252956423737586367e-03
9.251867283555441704e-03
9.250700339952252702e-03
9.249416355593344588e-03
9.247919814425331272e-03
9.246360819715316801e-03
9.244654570856776499e-03
9.242963073994605455e-03
