6.796779451857078852e-03
6.842011785335192983e-03
6.888560519849020770e-03
6.936373728922225548e-03
6.985661100151285482e-03
7.036331056820196821e-03
7.088325575287790850e-03
7.141974648993339690e-03
7.197229425958865702e-03
7.253911094427767728e-03
7.311806632541805080e-03
7.371269794157586652e-03
7.432233604571980914e-03
7.494563786613427266e-03
7.558135427125308760e-03
7.622997548460964425e-03
7.688822724300774410e-03
7.755519776935421161e-03
7.823237626524663993e-03
7.891761411727380229e-03
7.960825721455667275e-03
8.030425486328715903e-03
8.100327367322426864e-03
8.170404267573729701e-03
8.240971031074679001e-03
8.312087718009323126e-03
8.383498210502571615e-03
8.455148389106131868e-03
8.526728738587820156e-03
8.598428460416741165e-03
8.670359465989979988e-03
8.742465804008394195e-03
8.814593135628972370e-03
8.886732302572026079e-03
8.958599322546912172e-03
9.030049053589700447e-03
9.101143115494354438e-03
9.171918605574260266e-03
9.242205662324910059e-03
9.311754093068381338e-03
9.380732361824909576e-03
9.449520313930636142e-03
9.518310266807555528e-03
9.585468173403834460e-03
9.650418013137129422e-03
9.712551162468812532e-03
9.770870261735935952e-03
9.820757220487336125e-03
9.861816899603770628e-03
9.892724696257560596e-03
9.912309056555617184e-03
9.921133202585204203e-03
9.918471747954325096e-03
9.910488708616192050e-03
9.898449120056612358e-03
9.883647108599515410e-03
9.866134222922245262e-03
9.847867286461140998e-03
9.829386883054692589e-03
9.810668470373564570e-03
9.791851691054285697e-03
9.773162876782167871e-03
9.754952609195333829e-03
9.737111887663400800e-03
9.719403138966646941e-03
9.701363454604901640e-03
9.683003556009251583e-03
9.664899277957906057e-03
9.646777448910721572e-03
9.628701809321545471e-03
9.610813745827109442e-03
9.593090266222870435e-03
9.575322118226065049e-03
9.557351034394796427e-03
9.539476746926142323e-03
9.521137768042023039e-03
9.502792176186191861e-03
9.484446208768815278e-03
9.465869808097536822e-03
9.447097117040793510e-03
9.428558735002911043e-03
9.409968165942866544e-03
9.391811736929309151e-03
9.374003521717943696e-03
9.356893422078916764e-03
9.340065690653206326e-03
9.323322012029143513e-03
9.306687676776554188e-03
9.290531082454030892e-03
9.274617757450373881e-03
9.258735328464794134e-03
9.242645627487460283e-03
9.226849010101073265e-03
9.211057829270051858e-03
9.194778620362093965e-03
9.178280078404906298e-03
9.161342502145210231e-03
9.144084883372182934e-03
9.127034502370335450e-03
9.110054941514372784e-03
9.092683511930760645e-03
9.075387810201188121e-03
9.058342422204990196e-03
9.041723888539731149e-03
9.025431910607839558e-03
9.009350796139707282e-03
8.993103387631130874e-03
8.977001412434945649e-03
8.960857261182975445e-03
8.944832149571342941e-03
8.928881659224946823e-03
8.913001304310949960e-03
8.897227509289085470e-03
8.881610214785383775e-03
8.866072486152353632e-03
8.850597053063263830e-03
8.835186774137219687e-03
8.820243848199474379e-03
8.805745869352512092e-03
8.791398463314555739e-03
8.777521947351858353e-03
8.763783062575152341e-03
8.749815830228884969e-03
8.736049421032392182e-03
8.722692067226252982e-03
8.709632173991453327e-03
8.697190350176050092e-03
8.684675000304805867e-03
8.672438508093563078e-03
8.660247784068987945e-03
8.647625780744664162e-03
8.634999164972739435e-03
8.622316913107072253e-03
8.609153056872924370e-03
8.595702144934186384e-03
8.581940935645359508e-03
8.568344850198810966e-03
8.555068105119238708e-03
8.542348989705282961e-03
8.529899299234429411e-03
8.517941048026504008e-03
8.506458748683803917e-03
8.495435081353792592e-03
8.484515393659845806e-03
8.473639963793922966e-03
8.462395649113992752e-03
8.451424555582372558e-03
8.440672841139215329e-03
8.430187508670951291e-03
8.419915110237728706e-03
8.409859772514205814e-03
8.400082768297994357e-03
8.390421188393171192e-03
8.380694392665125406e-03
8.371237218281299408e-03
8.361694504978476813e-03
8.352177863553510509e-03
8.342978665044931477e-03
8.334261328595509236e-03
8.325713382839725410e-03
8.317358908932164299e-03
8.309035138471299736e-03
8.300970092332077277e-03
8.293251295297525763e-03
8.285657787763559337e-03
8.278024292121800853e-03
8.270413492037637093e-03
8.262838312154199838e-03
8.255521863565547236e-03
8.248319409409073100e-03
8.241044624734345306e-03
8.233546527375760690e-03
8.225760997199923694e-03
8.217635299710382424e-03
8.209759709656169399e-03
8.201965545408239702e-03
8.194409483776310399e-03
8.186781560199552291e-03
8.179234083855149023e-03
8.171732761553961513e-03
8.164311974363236413e-03
8.157031593986190446e-03
8.149867926222922887e-03
8.142772218517682625e-03
8.135614390379563091e-03
8.128082092898621103e-03
8.120568248392657021e-03
8.113141952087416647e-03
8.105778101289928816e-03
8.098722836813775430e-03
8.091473890196898902e-03
8.084533591890971649e-03
8.077689804611482352e-03
8.070631953921887647e-03
8.063795698573130236e-03
8.056993469100446129e-03
8.050386550849053524e-03
8.044001949027648410e-03
8.037764459687801039e-03
8.031491467894558145e-03
8.025577563810384549e-03
8.020133492381580423e-03
8.014978674584644081e-03
8.009881307573980119e-03
8.004673621280889925e-03
7.999590905782682365e-03
7.994394244719220735e-03
7.989076071870567994e-03
7.983697576150680653e-03
7.978418910564754815e-03
7.973050290850675764e-03
7.967766121064380133e-03
7.962666005755817886e-03
7.957705922742615637e-03
7.953002351010717702e-03
7.948207602461739019e-03
7.943347020554344592e-03
7.938260769479111439e-03
7.933357307090953617e-03
7.928479733357132395e-03
7.923581250124420161e-03
7.918307985294716772e-03
7.913058438247329643e-03
7.907714165655690269e-03
7.901943586042684681e-03
7.896113516684634057e-03
7.890378891269559866e-03
7.884448962457393795e-03
7.878546259304158167e-03
7.872485933546552808e-03
7.866441645749447029e-03
7.860304162162507630e-03
7.854200934236010151e-03
7.848212898750079811e-03
7.842303831338571021e-03
7.836531573091739741e-03
7.830506861495129672e-03
7.824384743509197118e-03
7.818405486692046533e-03
7.812531598470980401e-03
7.806701900309396570e-03
7.801066984837607028e-03
7.795237501210065638e-03
7.789374769280823889e-03
7.783534355741612322e-03
7.777668700170057951e-03
7.771748227519933647e-03
7.765777205109307760e-03
7.759568883476911962e-03
7.753257017824156591e-03
7.746817132560749296e-03
7.740211971267531126e-03
7.733637098532571662e-03
7.726979145392893177e-03
7.720401359873411452e-03
7.713679993907917969e-03
7.706962208186017398e-03
7.700210697476532126e-03
7.693542217247885742e-03
7.686926523484846792e-03
7.680039997974019879e-03
7.672925252002547013e-03
7.665654780630213293e-03
7.658274279662984248e-03
7.650767290692622041e-03
7.643268017686385279e-03
7.635624263394313015e-03
7.628080278468256890e-03
7.620396093946249852e-03
7.612724658379792057e-03
7.605089244669995842e-03
7.597595804796194487e-03
7.589944452287326893e-03
7.582067814600338199e-03
7.574219511151448515e-03
7.566341132031143696e-03
7.558198433381042337e-03
7.550023744134893786e-03
7.541700107756091516e-03
7.533361886288162355e-03
7.524771022783721501e-03
7.516007765356124727e-03
7.507220488969464089e-03
7.498593115474437749e-03
7.489993130923883191e-03
7.481625470063491164e-03
7.473200854381813717e-03
7.464786446946136515e-03
7.456498275588115468e-03
7.448356370956933301e-03
7.440290613735298271e-03
7.432566266289561407e-03
7.424989177473181011e-03
7.417740000920942933e-03
7.410621122289982876e-03
7.403885237445930780e-03
7.397352666640271031e-03
7.391149681591943112e-03
7.385333173917804639e-03
7.380185711032534110e-03
7.375631067559127244e-03
7.371572660756188326e-03
7.368194840025705031e-03
7.365508700802335211e-03
7.363473491755139801e-03
7.362129935258658088e-03
7.361523603620054139e-03
7.361584895504590630e-03
7.362309525955436362e-03
7.363610575343297777e-03
7.365462284236659954e-03
7.367794082740461610e-03
7.370595054985410940e-03
7.373633306198434760e-03
7.377234589034382777e-03
7.381239224963955826e-03
7.385649835821289123e-03
7.390159209053084183e-03
7.394736127169640114e-03
7.399432397256195879e-03
7.404382182885867192e-03
7.409341065430175878e-03
7.414392756133601596e-03
7.419730484126047659e-03
7.425248023289529771e-03
7.430985653818104018e-03
7.436881079858979025e-03
7.443120684491582456e-03
7.449436431959321862e-03
7.455982183262848360e-03
7.462351622534934073e-03
7.468620359604325083e-03
7.475030912821219349e-03
7.481420336411563447e-03
7.487920423727532568e-03
7.494443593473414447e-03
7.500918033089488263e-03
7.507216679682744698e-03
7.513457125753030680e-03
7.519825160413265951e-03
7.526219630855534269e-03
7.532539117394672530e-03
7.538996677312294857e-03
7.545391215054684381e-03
7.551788941865039337e-03
7.558226220838042651e-03
7.564507260718927178e-03
7.570684637274145180e-03
7.576810588036552406e-03
7.583042982621847512e-03
7.589382072432179598e-03
7.595712384848596690e-03
7.602118635154181576e-03
7.608543223942350504e-03
7.614958863109856819e-03
7.621313793208135678e-03
7.627753642741035012e-03
7.634254374481015681e-03
7.640890436629244921e-03
7.647625621432271002e-03
7.654468506090902034e-03
7.661502046697748688e-03
7.668582286613825731e-03
7.675679884250871665e-03
7.682922635994803712e-03
7.690155413360783704e-03
7.697512314605309790e-03
7.705100517572654323e-03
7.712903316095145838e-03
7.720752043811220273e-03
7.728674718344016696e-03
7.736568461004613914e-03
7.744548356899639587e-03
7.752523985383084903e-03
7.760339944775170203e-03
7.768028190990665729e-03
7.775749973039447829e-03
7.783611899101483544e-03
7.791633516969078722e-03
7.799777355224898900e-03
7.808199892656082775e-03
7.816802966958752083e-03
7.825526981820901673e-03
7.834507851699770709e-03
7.843630394730330760e-03
7.852745225958517039e-03
7.861858595504528716e-03
7.871006801766704947e-03
7.880207136084721800e-03
7.889457216001174306e-03
7.898889105366747529e-03
7.908600320798457248e-03
7.918339353872958647e-03
7.928120645597445601e-03
7.938045878284206991e-03
7.948160709351734590e-03
7.958247635598419273e-03
7.968611892031029348e-03
7.979187576234014062e-03
7.989962820775657268e-03
8.001057331839969353e-03
8.012186968501535181e-03
8.023323092869558137e-03
8.034573517828004149e-03
8.046066552516771206e-03
8.057726241890932062e-03
8.069573246466127045e-03
8.081505095709373698e-03
8.093609557830661744e-03
8.105764302697080620e-03
8.117911188882812393e-03
8.130244045653977139e-03
8.142855338118034497e-03
8.155668569928043593e-03
8.168789568954986507e-03
8.181850304635094120e-03
8.195140329023497747e-03
8.208698196328160709e-03
8.222179240059353938e-03
8.235736976743219737e-03
8.249417108864173093e-03
8.263132086335361892e-03
8.277207755726044211e-03
8.291655332967400385e-03
8.306218648824732417e-03
8.321008081297565431e-03
8.335890620372082144e-03
8.351063592392427362e-03
8.366266244164068111e-03
8.381711394654630179e-03
8.397302490851030546e-03
8.413182892260673285e-03
8.429362463442616887e-03
8.445862882153582982e-03
8.462855128345436739e-03
8.480225545308703664e-03
8.497930148892026206e-03
8.515873733221478517e-03
8.534162681645411641e-03
8.552889751634446674e-03
8.571897230790161484e-03
8.591347750045611603e-03
8.611017462738743480e-03
8.630896524758509963e-03
8.650995047752298509e-03
8.671141392294233821e-03
8.691411231071531282e-03
8.712006614811735813e-03
8.732697833364696030e-03
8.753652448854083029e-03
8.775089127523356264e-03
8.796630576033744736e-03
8.818260457140781466e-03
8.840150900596883271e-03
8.862230958238289519e-03
8.884662264012806177e-03
8.907291120846188431e-03
8.930081024008808266e-03
8.952865865394758413e-03
8.975665608548387756e-03
8.998618270020750445e-03
9.021765710734727314e-03
9.045122556874394745e-03
9.068834799150712195e-03
9.092864593804131715e-03
9.117097530152521931e-03
9.141454505985885381e-03
9.166029437608722713e-03
9.190744059080416598e-03
9.215558661745549413e-03
9.240554301021022127e-03
9.265635728543841071e-03
9.291307900991604626e-03
9.317368961160863924e-03
9.343755484161248015e-03
9.370276691816203582e-03
9.396810859176481928e-03
9.423274418910530109e-03
9.450028264761097668e-03
9.476832534280098599e-03
9.503682077030872408e-03
9.530799924055928518e-03
9.558065625363728821e-03
9.585503096417180222e-03
9.613132236115332074e-03
9.640691627714640527e-03
9.668531981913265280e-03
9.696450091528247342e-03
9.724481120369303164e-03
9.752540930064366315e-03
9.780602145049140453e-03
9.808841189945996866e-03
9.837084614373723182e-03
9.865673562849753067e-03
9.894222643078582832e-03
9.922814764384254096e-03
9.951123499232085445e-03
9.979542415186089602e-03
1.000806485552081446e-02
1.003676616565700279e-02
