3.497461205642096987e-03
3.562137423451388046e-03
3.628568285532381577e-03
3.696736773428910272e-03
3.766632764110100506e-03
3.838364888094347553e-03
3.912013830881507469e-03
3.987555014878424280e-03
4.065075684954045331e-03
4.144580982842434314e-03
4.226177103512414150e-03
4.309815482518419144e-03
4.395535359206162104e-03
4.483456734521838565e-03
4.573658818486116100e-03
4.666219623111271010e-03
4.761201065757949061e-03
4.858742015496584146e-03
4.958828932537282831e-03
5.061543693085705092e-03
5.167040880854931878e-03
5.275290745715108774e-03
5.386238205470826775e-03
5.499885520025255860e-03
5.616409447365269987e-03
5.735770439981532388e-03
5.858015037636566877e-03
5.982898711109426067e-03
6.110520160280564356e-03
6.240830474847371655e-03
6.373881442111566618e-03
6.509784977217688944e-03
6.648245881268112847e-03
6.789200497623963312e-03
6.932664152545634818e-03
7.078453185620363873e-03
7.226576456696429986e-03
7.376922915958237376e-03
7.529387038847266782e-03
7.683786418579586532e-03
7.840022703767305159e-03
7.997851686228713008e-03
8.155974071096774164e-03
8.311411540389482613e-03
8.461054527137773507e-03
8.599812975643380403e-03
8.724024365726291627e-03
8.829811585621643102e-03
8.915349868308724765e-03
8.984878267996168622e-03
9.044387825270222905e-03
9.096417431776549281e-03
9.144124882406868063e-03
9.188638381781195907e-03
9.230833725973433199e-03
9.270736373828610336e-03
9.308945509580055996e-03
9.346091810053767934e-03
9.382495569125973156e-03
9.418225316291705188e-03
9.453213528165546262e-03
9.487582530414174001e-03
9.521381731947569163e-03
9.554748524435240087e-03
9.587658145193689307e-03
9.620065092251149988e-03
9.651906108140156579e-03
9.683285986007627785e-03
9.714104476781728129e-03
9.744518119182034657e-03
9.774417211790677532e-03
9.803758641185364442e-03
9.832561006777144896e-03
9.860822330114382001e-03
9.888427838929637545e-03
9.915539332769094522e-03
9.942138835631908825e-03
9.967966253357492951e-03
9.993164083056119834e-03
1.001783779207357158e-02
1.004204879982200510e-02
1.006572016054899966e-02
1.008886420200741027e-02
1.011160324882068653e-02
1.013391031947233692e-02
1.015578273753728160e-02
1.017728447750903924e-02
1.019828802268069046e-02
1.021875803864064416e-02
1.023863304848947331e-02
1.025791408249572198e-02
1.027661150923284313e-02
1.029480191755997344e-02
1.031245703872890780e-02
1.032969879231668102e-02
1.034666776759188972e-02
1.036307792073829642e-02
1.037905640574943340e-02
1.039449846967006007e-02
1.040935482526335332e-02
1.042372780091631486e-02
1.043747588174388959e-02
1.045092520061602880e-02
1.046405210725813786e-02
1.047679077319845289e-02
1.048908404922548575e-02
1.050065873139025864e-02
1.051189156865049712e-02
1.052292554793878357e-02
1.053362957043777089e-02
1.054414370555981605e-02
1.055438834952114949e-02
1.056415904727482820e-02
1.057361429315089793e-02
1.058261741667880854e-02
1.059105507047382669e-02
1.059909520423189637e-02
1.060680872809096308e-02
1.061434661812209017e-02
1.062145010857639196e-02
1.062816788974549689e-02
1.063434249850132331e-02
1.064008096131913508e-02
1.064521752625181839e-02
1.064982248683554386e-02
1.065408944345514787e-02
1.065786844877072634e-02
1.066140406362946387e-02
1.066447007133416655e-02
1.066713736588022557e-02
1.066960012268991509e-02
1.067179242148753697e-02
1.067375100158136046e-02
1.067550129666916536e-02
1.067694695720493303e-02
1.067797715969831529e-02
1.067858389140096537e-02
1.067902515216878276e-02
1.067928698209357624e-02
1.067926542112716468e-02
1.067875510233281741e-02
1.067781168931255034e-02
1.067644392101018379e-02
1.067460430684458519e-02
1.067230704210879108e-02
1.066960541646051926e-02
1.066658028654367957e-02
1.066319332240409958e-02
1.065926304177616628e-02
1.065500341206583428e-02
1.065063395064413422e-02
1.064595538389570203e-02
1.064090480460264977e-02
1.063559410737442354e-02
1.063007262298882975e-02
1.062430642176623655e-02
1.061836653771401108e-02
1.061213175049142629e-02
1.060553160008532309e-02
1.059868616724872654e-02
1.059168607004116851e-02
1.058443337101605541e-02
1.057694980491937810e-02
1.056922949305989616e-02
1.056115091728316094e-02
1.055281317241322375e-02
1.054435068422660861e-02
1.053582987632835540e-02
1.052717195629038899e-02
1.051828816585153106e-02
1.050922185310513082e-02
1.050008463098947922e-02
1.049081121477344995e-02
1.048132899567179484e-02
1.047157639570192936e-02
1.046162285893909895e-02
1.045148053732503600e-02
1.044124568893126277e-02
1.043063175711334695e-02
1.041955080095062838e-02
1.040830158810883595e-02
1.039698772789241638e-02
1.038551335453792232e-02
1.037392603423295707e-02
1.036220502862267127e-02
1.035017791712661284e-02
1.033792272122845655e-02
1.032561213642629525e-02
1.031318101767154764e-02
1.030078898685740131e-02
1.028833701971485978e-02
1.027575855949023655e-02
1.026312978258384252e-02
1.025043775337121030e-02
1.023758350216056115e-02
1.022447417685023313e-02
1.021123726713307062e-02
1.019793227101761270e-02
1.018457922789694180e-02
1.017118285721800922e-02
1.015744607047052751e-02
1.014336755791105625e-02
1.012910133425497065e-02
1.011467895166866943e-02
1.010012407448285243e-02
1.008551599444674346e-02
1.007067039160879432e-02
1.005564857990546603e-02
1.004053780629216019e-02
1.002534398410621572e-02
1.001003642370994033e-02
9.994578808631242317e-03
9.978890976411100219e-03
9.962927414206228238e-03
9.946880115667912706e-03
9.930572021481533923e-03
9.914077366987203085e-03
9.897543020469213096e-03
9.880938137068744076e-03
9.864239396664940818e-03
9.847472109635227455e-03
9.830682335638300448e-03
9.813924637617297414e-03
9.797132487809242715e-03
9.780246178681792704e-03
9.763167850261652431e-03
9.746085411474125423e-03
9.728929969726445720e-03
9.711759101843155800e-03
9.694574979766961212e-03
9.677247629388515196e-03
9.659914475321326049e-03
9.642518793551073039e-03
9.624985143811016011e-03
9.607414407752607605e-03
9.589821548867947729e-03
9.572107226570779337e-03
9.554127195852250148e-03
9.536078527472572480e-03
9.518024403182926210e-03
9.499966839265638202e-03
9.481959051583877668e-03
9.463880784012747988e-03
9.445675696939451194e-03
9.427446847472162675e-03
9.409180172533079464e-03
9.390858729080331022e-03
9.372471542865110777e-03
9.354057811147177895e-03
9.335584567144977752e-03
9.317038508512462749e-03
9.298523957297417930e-03
9.279952964617720068e-03
9.261231469327078913e-03
9.242377071041189829e-03
9.223472491143913654e-03
9.204571511421347912e-03
9.185553015361258219e-03
9.166541155759207887e-03
9.147423292977291745e-03
9.128347264621956489e-03
9.109246941278041285e-03
9.090047493680105881e-03
9.070848404622652503e-03
9.051629462854754796e-03
9.032343378149681676e-03
9.012877069584710257e-03
8.993300766510125416e-03
8.973712587564491860e-03
8.954155622724956770e-03
8.934641273359224256e-03
8.915164385598858127e-03
8.895717747234596282e-03
8.876310325072890584e-03
8.856958269468176784e-03
8.837578870017933144e-03
8.818139585412299378e-03
8.798672203861402155e-03
8.779233945351409135e-03
8.759765538034310767e-03
8.740243285733547904e-03
8.720701650393902771e-03
8.701106309313878448e-03
8.681461422221949803e-03
8.661783176150201352e-03
8.641980046969420168e-03
8.622039204750452449e-03
8.602020298550056357e-03
8.581939900241086772e-03
8.561805749356360407e-03
8.541661960980344651e-03
8.521479170263208253e-03
8.501324793138038960e-03
8.481059437081770944e-03
8.460693530296485576e-03
8.440333010952563025e-03
8.419837796954210418e-03
8.399290206231157380e-03
8.378638324372768981e-03
8.358040243298184291e-03
8.337531086522517038e-03
8.317210112821103382e-03
8.297026292000141828e-03
8.276977869297723681e-03
8.257236534376858131e-03
8.237839059654529852e-03
8.218904709311934675e-03
8.200572136059815914e-03
8.182915469707688350e-03
8.165942027281623827e-03
8.149514574309875761e-03
8.133762828432786890e-03
8.118640367058645516e-03
8.104131980274261599e-03
8.090154158455787128e-03
8.076711528587359953e-03
8.063849627616283267e-03
8.051396451099675569e-03
8.039420699127556441e-03
8.027743108212397755e-03
8.016406401939216511e-03
8.005347051107490966e-03
7.994559060294422273e-03
7.983937207751718584e-03
7.973500285777517654e-03
7.963086423941142036e-03
7.952735669402520233e-03
7.942291935433694675e-03
7.931944304479986163e-03
7.921702327444884659e-03
7.911406263727008281e-03
7.901079262138430842e-03
7.890671861552945449e-03
7.880105893941001180e-03
7.869423825045941678e-03
7.858617030843588133e-03
7.847764139591102694e-03
7.836884969297920264e-03
7.825985331724061994e-03
7.814963187017017615e-03
7.803940822298992448e-03
7.792860028110917651e-03
7.781702413632141276e-03
7.770489681927508600e-03
7.759211036975229535e-03
7.747801633626890880e-03
7.736180749704988681e-03
7.724491946905006658e-03
7.712784027692876944e-03
7.701045977079053195e-03
7.689259349171505449e-03
7.677448290765742991e-03
7.665552988030125553e-03
7.653488735583587922e-03
7.641273003160125449e-03
7.629045466656069786e-03
7.616695665349367331e-03
7.604278229883063879e-03
7.591758301968661547e-03
7.579187766641732119e-03
7.566606340414306145e-03
7.553886101725210828e-03
7.541098168369377887e-03
7.528274836635696216e-03
7.515371724428616777e-03
7.502369550890547641e-03
7.489327827729237198e-03
7.476284456160216078e-03
7.463238481109607525e-03
7.450173402577368181e-03
7.437009033698466394e-03
7.423802686043376800e-03
7.410576195578512902e-03
7.397287914697198846e-03
7.383979286506260273e-03
7.370651330430176909e-03
7.357147411223468117e-03
7.343607448979830137e-03
7.330038111810990679e-03
7.316346190502376508e-03
7.302581701835586872e-03
7.288795008723796681e-03
7.275008725572575455e-03
7.261194167111807360e-03
7.247392360200937723e-03
7.233568421212044526e-03
7.219749137456765720e-03
7.205774354502229515e-03
7.191726878233642775e-03
7.177646329872529665e-03
7.163516369197223989e-03
7.149374746457399371e-03
7.135218171316617605e-03
7.121050601721380484e-03
7.106789649983048796e-03
7.092370472243516612e-03
7.077834840637761520e-03
7.063284914632448307e-03
7.048696540788363871e-03
7.034045844839198654e-03
7.019376247739441722e-03
7.004596686850347517e-03
6.989752302061716903e-03
6.974880776939085258e-03
6.959895849305433937e-03
6.944758489283953291e-03
6.929537563276936749e-03
6.914396802556635468e-03
6.899157184620849370e-03
6.883944748446139614e-03
6.868730759373850234e-03
6.853628753585264133e-03
6.838470457544962994e-03
6.823337286462297958e-03
6.808258859322569023e-03
6.793150022322025708e-03
6.777926491680380527e-03
6.762718993838017986e-03
6.747616436759123343e-03
6.732634927833676571e-03
6.717861101725469512e-03
6.703193591984707433e-03
6.688509870078336236e-03
6.673985380516134561e-03
6.659541444664081322e-03
6.645020745432077790e-03
6.630363588163389749e-03
6.615577861531042776e-03
6.600698501063477497e-03
6.585658705274301077e-03
6.570399636654628527e-03
6.554948525777554852e-03
6.539266792863606542e-03
6.523209731084025215e-03
6.506766182856671410e-03
6.490016882122800514e-03
6.473026509571656352e-03
6.455826094740602962e-03
6.438447568775524862e-03
6.420895490439035985e-03
6.403170092068664020e-03
6.385284919205772014e-03
6.367276005621791933e-03
6.349128253975913107e-03
6.330845400130930001e-03
6.312435171677456026e-03
6.293898338722563046e-03
6.275126484746557792e-03
6.256213931482733880e-03
6.237129597685380465e-03
6.217949984376702939e-03
6.198696865217783770e-03
6.179334758091258040e-03
6.159862641897989946e-03
6.140302827073422162e-03
6.120662847023908282e-03
6.100968182454188926e-03
6.081191530705591132e-03
6.061369792937486116e-03
6.041475615373099843e-03
6.021541197919548852e-03
6.001565966925786338e-03
5.981498415361135267e-03
5.961379536214492236e-03
5.941207893875767240e-03
5.921004271936032397e-03
5.900785449348609941e-03
5.880544425974343174e-03
5.860269910437293679e-03
5.839968891929601426e-03
5.819672357154574704e-03
5.799340874394159559e-03
5.778969452385989032e-03
5.758640151231848858e-03
5.738348844915954795e-03
5.718072036813136132e-03
5.697810545444407723e-03
5.677587675906790171e-03
5.657339263599316798e-03
5.637087689522779846e-03
5.616859942657544125e-03
5.596671423055124030e-03
5.576510516817866081e-03
5.556377901075277258e-03
5.536308411120258698e-03
5.516260994362736508e-03
5.496260032859525205e-03
5.476340157208072629e-03
5.456464387907497202e-03
5.436638256357560761e-03
5.416885874865525266e-03
5.397198625124366086e-03
5.377574329556585563e-03
5.357936420723508758e-03
5.338412824918575134e-03
5.318984659230498006e-03
5.299647828428970600e-03
5.280400980547334498e-03
5.261228044523227725e-03
5.242138868288005217e-03
