2.503003300178367752e-02
2.469667293551580656e-02
2.435965178460304179e-02
2.401845940534844126e-02
2.367349853963177445e-02
2.332488974820006583e-02
2.297434732675473698e-02
2.262367897359302341e-02
2.227264578281437993e-02
2.192214748304231048e-02
2.157534927668033203e-02
2.123261014126748628e-02
2.089371855900352612e-02
2.056051395830456319e-02
2.023436579535836319e-02
1.991357198482592017e-02
1.959660732975838232e-02
1.928286930929975357e-02
1.897163333279242026e-02
1.866325604797607757e-02
1.835684971981814753e-02
1.805182020797578557e-02
1.774855977374573124e-02
1.744665217106529387e-02
1.714673169703092789e-02
1.684854173373246528e-02
1.655143686459653249e-02
1.625662807223559811e-02
1.596404054369150727e-02
1.567543678688503028e-02
1.539000177527932202e-02
1.510894011902002600e-02
1.483228918494361101e-02
1.456038164568739142e-02
1.429390488847474133e-02
1.403204839372699381e-02
1.377371818052908030e-02
1.351874751404981249e-02
1.326744951137090456e-02
1.301998606312866104e-02
1.277563027093859237e-02
1.253524753468297608e-02
1.230100691808868468e-02
1.207468449244878533e-02
1.186205902547205100e-02
1.166583290968766992e-02
1.149242654729731861e-02
1.134303404359486393e-02
1.121417592792207062e-02
1.110586719781316359e-02
1.101738540210339158e-02
1.094322849287100718e-02
1.088161248787154409e-02
1.083136790612984797e-02
1.079136405493082151e-02
1.076412931727942744e-02
1.074709018930606469e-02
1.073357894769435932e-02
1.072095567644516974e-02
1.070891269775003235e-02
1.069744529743303293e-02
1.068617436697774127e-02
1.067523631099664277e-02
1.066441639525741655e-02
1.065404512083902196e-02
1.064371289340085465e-02
1.063381628089834358e-02
1.062401551060430938e-02
1.061450070363331027e-02
1.060513948596087351e-02
1.059628169184959230e-02
1.058784016378702675e-02
1.057979769139078680e-02
1.057229856233217816e-02
1.056502989672625410e-02
1.055815659486291670e-02
1.055139446580607467e-02
1.054474035857239263e-02
1.053797858992285875e-02
1.053143847374465696e-02
1.052526242692941247e-02
1.051933701341815214e-02
1.051367196508671067e-02
1.050822165889415093e-02
1.050301938145330703e-02
1.049794330433222352e-02
1.049337201816772508e-02
1.048866089945821832e-02
1.048414092730003307e-02
1.047986572068101974e-02
1.047587099440609390e-02
1.047223736089433754e-02
1.046866864396454877e-02
1.046517668127273926e-02
1.046174126958436014e-02
1.045847945627914610e-02
1.045537917726602380e-02
1.045245256054741674e-02
1.044956459108856150e-02
1.044695679186098680e-02
1.044444645195280116e-02
1.044195802441364243e-02
1.043945950546984816e-02
1.043727112590984475e-02
1.043520226233295677e-02
1.043332689641052191e-02
1.043143295820092922e-02
1.042953378584936600e-02
1.042760816803502653e-02
1.042599695409485681e-02
1.042453349463242848e-02
1.042326293236523101e-02
1.042214683724425675e-02
1.042129603462666268e-02
1.042020957197056959e-02
1.041924534142018959e-02
1.041834008567278647e-02
1.041771749533486682e-02
1.041702571777505630e-02
1.041646279208737445e-02
1.041592975165482951e-02
1.041542027079107348e-02
1.041473969375040880e-02
1.041406503323167101e-02
1.041336143119344498e-02
1.041275239807827949e-02
1.041210528038680021e-02
1.041144032000784758e-02
1.041092145625498178e-02
1.041041715770131201e-02
1.040997450625770308e-02
1.040953827658709641e-02
1.040901897259263915e-02
1.040837956192923117e-02
1.040762789580982998e-02
1.040684784327726257e-02
1.040605650610854777e-02
1.040527011734755300e-02
1.040440098106714360e-02
1.040346529407278585e-02
1.040245698632353936e-02
1.040128196680390089e-02
1.040008320015432634e-02
1.039866560455344341e-02
1.039713514249526738e-02
1.039549726247736457e-02
1.039371311046150687e-02
1.039171709989467757e-02
1.038962151302732020e-02
1.038730290794039925e-02
1.038479461868610856e-02
1.038208065787297324e-02
1.037911299216754540e-02
1.037620818920560566e-02
1.037316402710386845e-02
1.037006895269293461e-02
1.036681986510403289e-02
1.036328741402238983e-02
1.035960654145691266e-02
1.035578116730378681e-02
1.035163554028975530e-02
1.034720398443406651e-02
1.034270626199141827e-02
1.033807935065957258e-02
1.033313571125468906e-02
1.032789578201181828e-02
1.032255561561187460e-02
1.031711527695452872e-02
1.031145472800415117e-02
1.030551140306227957e-02
1.029944902423173339e-02
1.029335225483506665e-02
1.028689927563421203e-02
1.028007915345054667e-02
1.027311153419155527e-02
1.026592747766040710e-02
1.025858445355874553e-02
1.025096976844016260e-02
1.024288464098242410e-02
1.023471233723417112e-02
1.022633483533228783e-02
1.021750310848671718e-02
1.020825436880696234e-02
1.019856870181259402e-02
1.018860793076944646e-02
1.017844454800573978e-02
1.016784370170898712e-02
1.015696961703681754e-02
1.014563574136823597e-02
1.013410712786850208e-02
1.012219701510659597e-02
1.010984886816674103e-02
1.009703663965943674e-02
1.008388653879931963e-02
1.007021849782615240e-02
1.005614700942264808e-02
1.004166345181579760e-02
1.002689900393174613e-02
1.001173960344616844e-02
9.996138921712652281e-03
9.980123899397130155e-03
9.963819902897028472e-03
9.947334623167979409e-03
9.930428427070746647e-03
9.913141805630684006e-03
9.895318582731810891e-03
9.877136061529193101e-03
9.858344773234169189e-03
9.839406066435248122e-03
9.819958605572014568e-03
9.800013299170001052e-03
9.779656036617455014e-03
9.758598294952717037e-03
9.737187014967276996e-03
9.715129781805683859e-03
9.692619980728459789e-03
9.669791420965237125e-03
9.646452954317492889e-03
9.622690582292873357e-03
9.598329201626504617e-03
9.573791204852095255e-03
9.548918114935224521e-03
9.523475966696134595e-03
9.497517994940784733e-03
9.471026589346677807e-03
9.444310127617460901e-03
9.417354162493439887e-03
9.390001025825090580e-03
9.362280660354823508e-03
9.334284308870116967e-03
9.305906007696465934e-03
9.277246497759536123e-03
9.248413969281211316e-03
9.219331544044275656e-03
9.190079565287915739e-03
9.160690464096865951e-03
9.130878450735490856e-03
9.100856007000245051e-03
9.070672059555917599e-03
9.040235260523681385e-03
9.009620462312123781e-03
8.978794705552090721e-03
8.947730809470833338e-03
8.916479732691311860e-03
8.885008348983041912e-03
8.853115976237623669e-03
8.821024775911115098e-03
8.788859433777999192e-03
8.756398267964430465e-03
8.723679973087154066e-03
8.690899245989499797e-03
8.657990348521169346e-03
8.625082155422911581e-03
8.592145005184221793e-03
8.559230896607263397e-03
8.526287643850341547e-03
8.493292236713238796e-03
8.460299001875733194e-03
8.427226323993713270e-03
8.394078744177300641e-03
8.360809986902277210e-03
8.327520985212709739e-03
8.294301416232703270e-03
8.261050689343567288e-03
8.227708825389722092e-03
8.194346224536056336e-03
8.160838703925629711e-03
8.127362854601593439e-03
8.093824076755891037e-03
8.060294068244841167e-03
8.026762012401751287e-03
7.993201095367616707e-03
7.959541145499062983e-03
7.925801327416281267e-03
7.892149626586880684e-03
7.858659223209697731e-03
7.825254158397161944e-03
7.791920271557241894e-03
7.758583906422917079e-03
7.725309121000729050e-03
7.691909297742561755e-03
7.658502945698315856e-03
7.625145409187778986e-03
7.591905948925404754e-03
7.558715936776355844e-03
7.525610393415570372e-03
7.492519000653800366e-03
7.459522972467481222e-03
7.426596035498757298e-03
7.393759465419039861e-03
7.361045751376853186e-03
7.328417151770330942e-03
7.295892415795882970e-03
7.263397171478189716e-03
7.230988741973022778e-03
7.198579870688880458e-03
7.166129040092966522e-03
7.133921654338905641e-03
7.101801064976188960e-03
7.069790127258438438e-03
7.038233899255265380e-03
7.007225782381987060e-03
6.976822072024084324e-03
6.947164533056610601e-03
6.918286974721433828e-03
6.890233749739037294e-03
6.863174368664384274e-03
6.837071475971778604e-03
6.811915779230830019e-03
6.787682958250803970e-03
6.764600665428172586e-03
6.742286973146468035e-03
6.720698471020739549e-03
6.699705587846722932e-03
6.679535804684662986e-03
6.659980635130945473e-03
6.640795496018864555e-03
6.621970780357783193e-03
6.603272305290495449e-03
6.584629669251993063e-03
6.565987911994564628e-03
6.547476362913549029e-03
6.528996594602799741e-03
6.510645075838130715e-03
6.492257581077568417e-03
6.473780264019696022e-03
6.455300562585257647e-03
6.436881620941820731e-03
6.418493558583672313e-03
6.399928760146434553e-03
6.381320021557349009e-03
6.362678948299622939e-03
6.343988905495008893e-03
6.325177075932590480e-03
6.306242403922039143e-03
6.287096587284346852e-03
6.267917332518891348e-03
6.248651903619256709e-03
6.229333085982846803e-03
6.209824614048288852e-03
6.190205666182547334e-03
6.170520705688116968e-03
6.150685130518272759e-03
6.130621576367149481e-03
6.110544851714597159e-03
6.090454964412267413e-03
6.070160928291189369e-03
6.049714428403149200e-03
6.029040231259896049e-03
6.008262783407600401e-03
5.987505757688976402e-03
5.966559712393179789e-03
5.945503007723053519e-03
5.924346700603102915e-03
5.903072104897214706e-03
5.881698125160190679e-03
5.860364749364064575e-03
5.838870869269859563e-03
5.817256208019579676e-03
5.795559691606630079e-03
5.773676056636029355e-03
5.751638983442539099e-03
5.729495631273052308e-03
5.707215381923443250e-03
5.684761951645995494e-03
5.662129870611905605e-03
5.639270306074225039e-03
5.616215853769031090e-03
5.593022584554749668e-03
5.569678957010517489e-03
5.546145999803756867e-03
5.522549126469261140e-03
5.498770163368180142e-03
5.474836064591126136e-03
5.450703318930797021e-03
5.426519607866531723e-03
5.402132333659120760e-03
5.377578902664100630e-03
5.352910569465050422e-03
5.328028895756854386e-03
5.302959052426563409e-03
5.277690378838482965e-03
5.252158078697410394e-03
5.226471309104035665e-03
5.200707705191318260e-03
5.174695576596215207e-03
5.148439028428797824e-03
5.121907569497768584e-03
5.095312784095338415e-03
5.068635351556591284e-03
5.041798963046364122e-03
5.014791354558438378e-03
4.987635656167990414e-03
4.960314191499817262e-03
4.932855093627759938e-03
4.905234853565787999e-03
4.877425407655804415e-03
4.849394384359344626e-03
4.821207893407526875e-03
4.792920870930309635e-03
4.764526317248382777e-03
4.736030869300216460e-03
4.707305139050159577e-03
4.678509273518663414e-03
4.649585639835218144e-03
4.620501501455621766e-03
4.591349034182479541e-03
4.562054105282511290e-03
4.532556072368878336e-03
4.502874294252898549e-03
4.473008852498412680e-03
4.442955596958161890e-03
4.412717180694445546e-03
4.382038167669790804e-03
4.350577472592747491e-03
4.317646256981456585e-03
4.282124319204749438e-03
4.243315868705529494e-03
4.201384719404273847e-03
4.157286506220788866e-03
4.111721647691495528e-03
4.065345080161178633e-03
4.018543820571967434e-03
3.971226218186769442e-03
3.923238581580638581e-03
3.874620647478112419e-03
3.825144662372106756e-03
3.774528637783608996e-03
3.722439483496436160e-03
3.668701491558684722e-03
3.613345397619824231e-03
3.556225493271300206e-03
3.497443872846739583e-03
3.437469597624970633e-03
3.376735502830275747e-03
3.315681427271486431e-03
3.254571501242736926e-03
3.193709592064686645e-03
3.133331344429425135e-03
3.073575934143415664e-03
3.014604193572023583e-03
2.956470535873010567e-03
2.899289475348588389e-03
2.842952101806447539e-03
2.787542944617484985e-03
2.733079436989040677e-03
2.679565407668814576e-03
2.626945012408458263e-03
2.575259311285936579e-03
2.524464259408088027e-03
2.474603198375545290e-03
2.425625219952499620e-03
2.377538024221329590e-03
2.330381039948850510e-03
2.284123355629860512e-03
2.238681488119255263e-03
2.194095246964961141e-03
2.150356757347590426e-03
2.107410771933102608e-03
2.065315811992041607e-03
2.024044453158263101e-03
1.983632669149034290e-03
1.944045394248800638e-03
1.905294729950365211e-03
1.867340016870831657e-03
1.830193467646091914e-03
1.793839046532496586e-03
1.758254590088312308e-03
1.723430477026578582e-03
1.689370748024404288e-03
1.656052572038570463e-03
1.623499725586086692e-03
1.591656791396803879e-03
1.560527345692403877e-03
1.530122883125286304e-03
1.500394817331840609e-03
1.471348055160591733e-03
1.442985992783992529e-03
1.415270869290189901e-03
1.388212387527411849e-03
1.361803137075074570e-03
1.336026968108076267e-03
1.310879353635883635e-03
1.286351830325517575e-03
1.262436295444338292e-03
1.239114161021617191e-03
1.216382935906211481e-03
1.194232367419758830e-03
1.172658576365634506e-03
1.151636864014158766e-03
1.131164261278747810e-03
1.111222341520308379e-03
1.091796733095911145e-03
1.072898397719341049e-03
1.054508488344944568e-03
1.036612461597206112e-03
1.019181802956716822e-03
1.002210930851471981e-03
9.856953021393720892e-04
9.696409573460305952e-04
