3.298873924312752115e-03
3.311635685231490312e-03
3.324672758872000700e-03
3.337908293749680504e-03
3.351235932797447074e-03
3.364453557953470640e-03
3.377545302936626765e-03
3.390483942897820277e-03
3.403108159424076545e-03
3.415310929464856603e-03
3.427030398664862587e-03
3.438279234264826970e-03
3.449040213192042150e-03
3.459266271098869819e-03
3.468926810666277810e-03
3.477963343639732703e-03
3.486430336642402754e-03
3.494482480613322721e-03
3.502106165440886740e-03
3.509244639458368540e-03
3.515943135327265993e-03
3.522228898239591725e-03
3.528070056801611495e-03
3.533475910938482095e-03
3.538397203550238280e-03
3.542829583922454603e-03
3.546754292536252653e-03
3.550118860286439852e-03
3.552917092727303321e-03
3.555138512268213313e-03
3.556737931538801311e-03
3.557711860040403771e-03
3.558048110471394472e-03
3.557676614145185729e-03
3.556587211600329215e-03
3.554756239233623424e-03
3.552109632931319677e-03
3.548644645706411620e-03
3.544370704167445953e-03
3.539296858119158999e-03
3.533406376809399441e-03
3.526772037943805716e-03
3.519464001566781353e-03
3.511922370739559932e-03
3.504209204454556033e-03
3.496698298075872052e-03
3.489821310597128468e-03
3.484188764628132120e-03
3.479652535784851994e-03
3.475948049248616441e-03
3.473160466249361911e-03
3.471195689800408903e-03
3.469634465502866374e-03
3.468409829813289685e-03
3.467483226548313899e-03
3.466830321447353716e-03
3.466461583412059223e-03
3.466362319846047393e-03
3.466522906490526398e-03
3.466934811248782201e-03
3.467617894751558096e-03
3.468586982428172732e-03
3.469853827543114503e-03
3.471402542744828849e-03
3.473224877607762953e-03
3.475368656655382794e-03
3.477834566468003975e-03
3.480620191825243431e-03
3.483691937442724706e-03
3.487058767038407094e-03
3.490734032264524497e-03
3.494744396343686318e-03
3.499007973337968976e-03
3.503600423525148055e-03
3.508542960230140104e-03
3.513810690407291257e-03
3.519404565959619730e-03
3.525283993145104065e-03
3.531465299776516669e-03
3.538038575258413247e-03
3.544997964948666362e-03
3.552308788003347585e-03
3.559932904280573625e-03
3.567976108726781097e-03
3.576414177622214228e-03
3.585167901220683365e-03
3.594291847681495202e-03
3.603732467775664240e-03
3.613533726994499259e-03
3.623755587417660726e-03
3.634416398685818856e-03
3.645574798310396037e-03
3.657203889495856675e-03
3.669219504397262712e-03
3.681586001619868449e-03
3.694377113696109376e-03
3.707606146733147343e-03
3.721081404206946774e-03
3.734725356515079114e-03
3.748531583229749910e-03
3.762484319029454297e-03
3.776890880519467430e-03
3.791588259053954753e-03
3.806672871082766342e-03
3.822193668198354925e-03
3.838166914686487203e-03
3.854599985939022051e-03
3.871504922135193295e-03
3.888611676760694077e-03
3.905961058805374527e-03
3.923612872080450321e-03
3.941458551433826667e-03
3.959733893813961216e-03
3.978362309345890094e-03
3.997166547749510593e-03
4.016154900424472041e-03
4.035463650008234288e-03
4.054970213129629152e-03
4.074855340478073309e-03
4.095161808733352796e-03
4.115871661990446080e-03
4.137007391416942098e-03
4.158384862041689979e-03
4.179987785996513994e-03
4.201804587639965290e-03
4.224006728992169349e-03
4.246615467605358539e-03
4.269623043988141423e-03
4.292963528585547195e-03
4.316694918395367828e-03
4.340719180488263919e-03
4.365087460526775702e-03
4.389911779570467888e-03
4.414880228813292465e-03
4.439985626299550008e-03
4.465358498499667761e-03
4.490999056859188224e-03
4.516848721189242397e-03
4.543098719083544200e-03
4.569410793348219028e-03
4.595976318232668396e-03
4.622584713193128580e-03
4.649235184773471523e-03
4.675911907447042465e-03
4.702792828533977447e-03
4.729822460572779413e-03
4.757081160886262455e-03
4.784608435309636518e-03
4.812474048353459870e-03
4.840597995799643567e-03
4.868867917814536858e-03
4.897106431738082813e-03
4.925592137361546087e-03
4.954239988882513240e-03
4.983118595136187649e-03
5.012327694782174950e-03
5.041626235892964457e-03
5.070931130253249902e-03
5.100391219932001556e-03
5.130107521760934007e-03
5.159991650240109209e-03
5.189979408998149531e-03
5.220183164237875671e-03
5.250626033090241042e-03
5.281252098064796903e-03
5.311799448468865203e-03
5.342291799806168223e-03
5.372967506659691826e-03
5.403696834587565223e-03
5.434483305522512173e-03
5.465423823787501391e-03
5.496429236781662578e-03
5.527396273041147376e-03
5.558250685750300985e-03
5.589311502583117069e-03
5.620489622331361138e-03
5.651756207907985066e-03
5.682906519135623100e-03
5.714007976889007301e-03
5.745292553236380252e-03
5.776817202470628868e-03
5.808538125769608512e-03
5.840543549513761007e-03
5.872807457226011246e-03
5.905153008559372620e-03
5.937435302754662074e-03
5.969896687262005695e-03
6.002522234498246928e-03
6.035388877148071228e-03
6.068385923167593510e-03
6.101476492797284525e-03
6.134491133765451569e-03
6.167720764721341606e-03
6.201115383543397662e-03
6.234766056823710760e-03
6.268319211046104698e-03
6.301982951342532772e-03
6.335625798612039457e-03
6.369310990445924484e-03
6.403180972946279602e-03
6.437192131722427671e-03
6.471292587064704158e-03
6.505348735753147850e-03
6.539463947589433702e-03
6.573771603037207797e-03
6.607997205864169464e-03
6.642171651223658865e-03
6.676490875449548126e-03
6.710809613641692886e-03
6.745082913663578289e-03
6.779325824277359150e-03
6.813497472636739598e-03
6.847720054718957512e-03
6.881858429423442364e-03
6.915991931930647041e-03
6.950157914197366456e-03
6.984297617642995330e-03
7.018238575784992161e-03
7.052304251657254622e-03
7.086399108332246989e-03
7.120432342879656415e-03
7.154581185319025885e-03
7.188794446666462584e-03
7.222889627949622554e-03
7.256753132562365934e-03
7.290536196833427400e-03
7.324209662581619706e-03
7.357770521086757533e-03
7.391448646817994246e-03
7.424920567297485681e-03
7.458549241895487229e-03
7.492104807892870956e-03
7.525706424763919412e-03
7.559401587756866929e-03
7.593244789644177165e-03
7.627258466494606440e-03
7.661218873892931130e-03
7.695354040511152328e-03
7.729537194560896773e-03
7.763820443230114339e-03
7.798184859644430832e-03
7.832701561763546344e-03
7.867438607818690380e-03
7.902157565973205733e-03
7.936819105159779661e-03
7.971165379645315727e-03
8.005439708068922550e-03
8.039577217554277552e-03
8.073556378541561773e-03
8.107348313422614583e-03
8.140975471004539138e-03
8.174434289382559102e-03
8.207906759642426275e-03
8.241348279897199938e-03
8.274843555418196286e-03
8.308394455996776992e-03
8.342079600610936493e-03
8.375678600630624346e-03
8.409207766847547408e-03
8.442794669941968214e-03
8.476504537926478691e-03
8.510038794649558980e-03
8.543511982649269407e-03
8.576916369091403675e-03
8.610178257709374255e-03
8.643135530443352144e-03
8.676119879627451972e-03
8.708989829140621058e-03
8.741805305428094336e-03
8.774445264234712744e-03
8.807070571528853933e-03
8.839891882746964830e-03
8.872799314071175975e-03
8.905791447482117040e-03
8.938821533254167825e-03
8.971624362890907520e-03
9.004203484790069753e-03
9.036743317680418289e-03
9.069171283524380192e-03
9.101669963434661642e-03
9.134060752199536434e-03
9.166464530671951730e-03
9.198752786522445407e-03
9.230869019591109170e-03
9.262839255085170143e-03
9.294694996468847586e-03
9.326142409110052198e-03
9.357513141856827962e-03
9.388859749935458618e-03
9.420330646923351023e-03
9.451844938949819849e-03
9.482967051270507070e-03
9.513814946229813899e-03
9.544636949844321691e-03
9.575386985324422714e-03
9.606000363511476084e-03
9.636562386182738124e-03
9.667288250433850316e-03
9.698019125796089254e-03
9.728604327862456005e-03
9.758942039042522304e-03
9.789237024825621705e-03
9.819403911177337560e-03
9.849495860371974831e-03
9.879420878389069682e-03
9.909389840511328290e-03
9.939129799368390597e-03
9.968435684738961161e-03
9.997491316210345078e-03
1.002646496116853247e-02
1.005538897424076462e-02
1.008419747215838144e-02
1.011280621009731130e-02
1.014124661772721446e-02
1.016969806302312276e-02
1.019795175462965761e-02
1.022629304223328373e-02
1.025461821220682683e-02
1.028282641935678900e-02
1.031104030132957115e-02
1.033931392141775214e-02
1.036773351777674906e-02
1.039622336632724936e-02
1.042491138860306490e-02
1.045403040948266089e-02
1.048343064996984202e-02
1.051303887007235677e-02
1.054328933182616113e-02
1.057427138944937693e-02
1.060567534303084175e-02
1.063751134305476569e-02
1.066959220327715063e-02
1.070202882482644210e-02
1.073449625977305859e-02
1.076687264849795524e-02
1.079949024217521925e-02
1.083204558861258944e-02
1.086455656563781527e-02
1.089685588869409617e-02
1.092914103287442006e-02
1.096114931637699220e-02
1.099294536082526426e-02
1.102457331732250266e-02
1.105594856416533024e-02
1.108713194979159787e-02
1.111803285559264699e-02
1.114882982835951365e-02
1.117927061592006825e-02
1.120989454661788787e-02
1.124033311748681013e-02
1.127050304303190732e-02
1.130076589106907177e-02
1.133103865502919742e-02
1.136127034178044566e-02
1.139138801309755832e-02
1.142138136343992354e-02
1.145138395281596055e-02
1.148125309573054705e-02
1.151066416534824235e-02
1.153972322727785799e-02
1.156864021076036905e-02
1.159746020075149917e-02
1.162632447208449167e-02
1.165512771378765695e-02
1.168380853889862923e-02
1.171239644612969213e-02
1.174100385093494389e-02
1.176971311681669803e-02
1.179831084619015202e-02
1.182656049370163498e-02
1.185464677896840013e-02
1.188244527888931458e-02
1.191011501017648529e-02
1.193766947130255225e-02
1.196467355576714790e-02
1.199166829380064400e-02
1.201858895528403609e-02
1.204509135453186129e-02
1.207115098121160600e-02
1.209689509094912137e-02
1.212228509051277783e-02
1.214724894763718858e-02
1.217187564207706206e-02
1.219595924706722533e-02
1.221959090019408140e-02
1.224312330074998553e-02
1.226650892965721121e-02
1.228974280095188228e-02
1.231285502939899815e-02
1.233587415152655187e-02
1.235861037983267997e-02
1.238130862942250082e-02
1.240398643945949536e-02
1.242627237430303858e-02
1.244832977467443674e-02
1.247014268338086929e-02
1.249180691891121388e-02
1.251330015226470235e-02
1.253459160738053420e-02
1.255548010472326559e-02
1.257604169462757382e-02
1.259656684210389184e-02
1.261688416304464037e-02
1.263692136097359538e-02
1.265675159418189893e-02
1.267660358096918925e-02
1.269627200688935517e-02
1.271570694839226599e-02
1.273505818623113343e-02
1.275420134562268298e-02
1.277297304609318306e-02
1.279142423223699268e-02
1.280938749365125029e-02
1.282717385086207598e-02
1.284484951668789232e-02
1.286253768168515998e-02
1.288015657995563758e-02
1.289780906331157787e-02
1.291571077106685485e-02
1.293407676294064390e-02
1.295322483625853394e-02
1.297320044143496741e-02
1.299457200207167554e-02
1.301766349139523403e-02
1.304318395247473783e-02
1.307137312293700677e-02
1.310221975240763968e-02
1.313524589028110603e-02
1.317017108103088301e-02
1.320639999086247948e-02
1.324282580552650287e-02
1.327931592280628958e-02
1.331585701883237355e-02
1.335209442074745609e-02
1.338816411521465133e-02
1.342390360048639937e-02
1.345910885022680824e-02
1.349412322114059738e-02
1.352893697048040793e-02
1.356341438710473649e-02
1.359761900295948338e-02
1.363144945749724529e-02
1.366448368334118729e-02
1.369721510049890824e-02
1.372947590642418537e-02
1.376119088031214563e-02
1.379279150756900288e-02
1.382427422837644200e-02
1.385528211189571840e-02
1.388603580866164602e-02
1.391648891442130200e-02
1.394648573365656063e-02
1.397597200947396125e-02
1.400468739228695296e-02
1.403311976718247915e-02
1.406116297268470393e-02
1.408868457700722908e-02
1.411593056318969502e-02
1.414276432247653544e-02
1.416926682286242557e-02
1.419543568864605095e-02
1.422110183564996057e-02
1.424612874571457889e-02
1.427080940230896454e-02
1.429471191690221375e-02
1.431826897483066269e-02
1.434160161288217106e-02
1.436425090945196541e-02
1.438622965394809571e-02
1.440781987409435298e-02
1.442903525537545667e-02
1.444990859924903497e-02
1.447036081113561683e-02
1.449013687145764978e-02
1.450935826690815354e-02
1.452820091490808659e-02
1.454656020696155037e-02
1.456457881071900398e-02
1.458216733484542747e-02
1.459925802968501177e-02
1.461573523172535020e-02
1.463159930999410017e-02
1.464666236901794941e-02
1.466123670123577367e-02
1.467525735690192699e-02
1.468903610931282348e-02
1.470225843182273659e-02
1.471509491629105840e-02
1.472732482630896567e-02
1.473928962221499918e-02
1.475088753270504052e-02
1.476214083061034958e-02
1.477315544603010483e-02
1.478366151625004100e-02
1.479381451556935345e-02
1.480349922115648149e-02
1.481279106158310023e-02
1.482162736973809299e-02
1.483018730972806253e-02
1.483842958850605659e-02
