1.503335593644370728e-02
1.505765494225217924e-02
1.507786461090726213e-02
1.509406240055042800e-02
1.510630646864422402e-02
1.511491526897849880e-02
1.511974765223651936e-02
1.512111063229593447e-02
1.511909920316731153e-02
1.511450203190984297e-02
1.510745428224574693e-02
1.509800461465240877e-02
1.508659105721386028e-02
1.507341269829069220e-02
1.505880742094306904e-02
1.504357912762008427e-02
1.502851306557458251e-02
1.501411778324627903e-02
1.500023304246940296e-02
1.498734735415737859e-02
1.497609955882392256e-02
1.496646511022754235e-02
1.495807753672854200e-02
1.495122899028976902e-02
1.494567561945770763e-02
1.494111295121525358e-02
1.493724530507803232e-02
1.493407426740923569e-02
1.493129119404269442e-02
1.492890311687421548e-02
1.492646118967057810e-02
1.492378431456741796e-02
1.492054036019671917e-02
1.491685736976554669e-02
1.491231235379430163e-02
1.490670755431073961e-02
1.489934077115229183e-02
1.489015835063001517e-02
1.487933805305210327e-02
1.486674571421715656e-02
1.485234792320360743e-02
1.483602965473395860e-02
1.481825773532502444e-02
1.479871054482975214e-02
1.477714406399987558e-02
1.475384461436994414e-02
1.472899216657061645e-02
1.470290343209363672e-02
1.467539891733739971e-02
1.464633565524532666e-02
1.461595666971776848e-02
1.458421047983208575e-02
1.455109379689903566e-02
1.451728848431360804e-02
1.448322355086260199e-02
1.444911075835180261e-02
1.441495976771765830e-02
1.438136386407787119e-02
1.434831839486179136e-02
1.431582852327199437e-02
1.428375670153913396e-02
1.425180453217772536e-02
1.421989123936633938e-02
1.418791707857028177e-02
1.415591200686264726e-02
1.412393519714973816e-02
1.409199663190139305e-02
1.405996087374060573e-02
1.402784443815112067e-02
1.399570673896965468e-02
1.396354352005163904e-02
1.393136192036086192e-02
1.389905830533566013e-02
1.386678171207357015e-02
1.383470230817036850e-02
1.380251922468204127e-02
1.377026799917487054e-02
1.373794574992777059e-02
1.370545038855059024e-02
1.367289059267180230e-02
1.364014286601457696e-02
1.360729319504227521e-02
1.357427925520637672e-02
1.354131742003276268e-02
1.350828010796955615e-02
1.347518281147963050e-02
1.344223996478567835e-02
1.340938087863913566e-02
1.337656009801336046e-02
1.334367618856632624e-02
1.331064710767016976e-02
1.327785135020512382e-02
1.324503011297557299e-02
1.321224280257055940e-02
1.317948297712123219e-02
1.314662119373997615e-02
1.311368589759012888e-02
1.308078627473582486e-02
1.304801863211565473e-02
1.301524799905921619e-02
1.298252848673773531e-02
1.294983796139850124e-02
1.291721251582392954e-02
1.288464613268346104e-02
1.285214275844810683e-02
1.281968592880713097e-02
1.278732263902876767e-02
1.275495650618360677e-02
1.272253070758997719e-02
1.269011420557220569e-02
1.265754061428555483e-02
1.262505280169546815e-02
1.259250613224181109e-02
1.255996140187171789e-02
1.252742877292924856e-02
1.249483185531725764e-02
1.246211177284502897e-02
1.242934299211963592e-02
1.239660597753193538e-02
1.236387299463038471e-02
1.233118472990811162e-02
1.229845832570280496e-02
1.226580397836112002e-02
1.223313643541191695e-02
1.220044191594268738e-02
1.216774316800184157e-02
1.213512039989558637e-02
1.210244576476306524e-02
1.206974105549644960e-02
1.203701682823035517e-02
1.200421008262510247e-02
1.197142975700598092e-02
1.193875600367440108e-02
1.190620581580204181e-02
1.187356074417168610e-02
1.184085404245223232e-02
1.180807231122264246e-02
1.177523503927205457e-02
1.174235726597359399e-02
1.170951691507719945e-02
1.167659965554517475e-02
1.164366051417219279e-02
1.161079333368599323e-02
1.157794867876642091e-02
1.154517219705267564e-02
1.151238904879203426e-02
1.147960862126615363e-02
1.144680241616204998e-02
1.141404066063385001e-02
1.138123257354910732e-02
1.134844829091689183e-02
1.131554662421711474e-02
1.128261592353499258e-02
1.124968310806799369e-02
1.121658097298366095e-02
1.118345935196533684e-02
1.115026398207978782e-02
1.111696981051669107e-02
1.108372905061398746e-02
1.105046972105961679e-02
1.101722286937292274e-02
1.098381056064253077e-02
1.095043001036290382e-02
1.091700039900690526e-02
1.088353920665846748e-02
1.085001191350113900e-02
1.081645149867051930e-02
1.078281094866936386e-02
1.074921274136579619e-02
1.071563037133892171e-02
1.068209474884143639e-02
1.064843700031770091e-02
1.061472884550445327e-02
1.058100731608797689e-02
1.054721383940156881e-02
1.051328114248898174e-02
1.047933002461196028e-02
1.044525844130568017e-02
1.041105875175949054e-02
1.037672388311721566e-02
1.034227724109922780e-02
1.030773893867356107e-02
1.027310460603886311e-02
1.023841485259930663e-02
1.020372689043459215e-02
1.016897422461582670e-02
1.013415477396101272e-02
1.009940109280831055e-02
1.006452106067176958e-02
1.002964402973320623e-02
9.994692596098921425e-03
9.959715003724391516e-03
9.924652915163036451e-03
9.889632559396099518e-03
9.854588308251208476e-03
9.819453615187214227e-03
9.784413555397036139e-03
9.749276431615253383e-03
9.714163050131657123e-03
9.678950534126347718e-03
9.643738701708941610e-03
9.608508730327701072e-03
9.573281873361967273e-03
9.538001906832276749e-03
9.502703025727286118e-03
9.467479225085813702e-03
9.432294778572481581e-03
9.397175039995918702e-03
9.362081327724740970e-03
9.327082962184507844e-03
9.292100481799575248e-03
9.257078644101914347e-03
9.222037396570893081e-03
9.186975771860991791e-03
9.151955710174120712e-03
9.116896742836697737e-03
9.081797085492121155e-03
9.046702574329058485e-03
9.011564026817608583e-03
8.976459584357708923e-03
8.941305151361518891e-03
8.906309872783462964e-03
8.871359086937941757e-03
8.836429204826157582e-03
8.801517318152200786e-03
8.766591838236701198e-03
8.731699529630109619e-03
8.696854968073725739e-03
8.662102460386138583e-03
8.627324663569966787e-03
8.592495291172076374e-03
8.557654267471353701e-03
8.522871579679819343e-03
8.488125117325190372e-03
8.453423440904654640e-03
8.418779105155210427e-03
8.384132249080309199e-03
8.349491872540224652e-03
8.314897767708422788e-03
8.280342028465276574e-03
8.245793525809959335e-03
8.211290266680831493e-03
8.176760285469134373e-03
8.142325318583469237e-03
8.107985909489943271e-03
8.073679826761732264e-03
8.039411004460945281e-03
8.005205492393018332e-03
7.971025935032193671e-03
7.936915226558540273e-03
7.902874135994721397e-03
7.868834501994749486e-03
7.834752412628728443e-03
7.800627795529682142e-03
7.766512988273941570e-03
7.732385831632107402e-03
7.698305482477733018e-03
7.664297163172907081e-03
7.630315904944360260e-03
7.596399111416084898e-03
7.562469964877875997e-03
7.528565854128925657e-03
7.494754958963861617e-03
7.461066004240539049e-03
7.427452083090446168e-03
7.393919177484256124e-03
7.360378070140985787e-03
7.326968514101033121e-03
7.293569106678471359e-03
7.260254436043713129e-03
7.226961472536925883e-03
7.193652553155060851e-03
7.160381791595053780e-03
7.127174747894943034e-03
7.094094025089821287e-03
7.061083999879075486e-03
7.028166240037575507e-03
6.995273418800548697e-03
6.962467828321586630e-03
6.929723798968958313e-03
6.897041771752949330e-03
6.864418864073965759e-03
6.831832488540483597e-03
6.799316817080363132e-03
6.766847313335312870e-03
6.734463733020779053e-03
6.702147581048336494e-03
6.669897370545662015e-03
6.637722699965425445e-03
6.605609997040426049e-03
6.573500865573960947e-03
6.541524654782886715e-03
6.509720572633816323e-03
6.478104229638944299e-03
6.446774908018896785e-03
6.415780798250059203e-03
6.385210333436512446e-03
6.355213864811767518e-03
6.325839970932474812e-03
6.297166156610767632e-03
6.269255712313110025e-03
6.241930005484121538e-03
6.215083367490052864e-03
6.188898013765402849e-03
6.163413463817169098e-03
6.138773326286243830e-03
6.114929328775506670e-03
6.091995100011581704e-03
6.070082892924942401e-03
6.049103821431570452e-03
6.028817779700408087e-03
6.008958678367297239e-03
5.989551741935683973e-03
5.970358974527597770e-03
5.951235237143749114e-03
5.932226513946248919e-03
5.913280775440028954e-03
5.894386085356697128e-03
5.875533903020367307e-03
5.856615014309603760e-03
5.837715314103459653e-03
5.818769104113759826e-03
5.799849967224897547e-03
5.780894325534051935e-03
5.761917614675704513e-03
5.742904354101727171e-03
5.723850055302565423e-03
5.704779473714080215e-03
5.685645676112560491e-03
5.666467557526535907e-03
5.647313154883503751e-03
5.628100338528545937e-03
5.608892600929723388e-03
5.589628072220557790e-03
5.570328342687650217e-03
5.551028172144458796e-03
5.531687219625461456e-03
5.512317980239023717e-03
5.492940918300891900e-03
5.473526951895206147e-03
5.454088709937859533e-03
5.434583535829898455e-03
5.415001354364133539e-03
5.395358020936456833e-03
5.375741833415847472e-03
5.356105772045702436e-03
5.336443827896177571e-03
5.316794127876680286e-03
5.297075600603237330e-03
5.277256836392182210e-03
5.257394688508195205e-03
5.237462467977424194e-03
5.217447945384825168e-03
5.197394622672273264e-03
5.177273127357868640e-03
5.157101717827429314e-03
5.136881517196662493e-03
5.116572177252367952e-03
5.096246820102259129e-03
5.075897268497624529e-03
5.055496267926025585e-03
5.035021391652821053e-03
5.014474166028220353e-03
4.993871420052991075e-03
4.973241202464393114e-03
4.952499382040164225e-03
4.931746291365316295e-03
4.910958947061498658e-03
4.890112597426505246e-03
4.869247635806810137e-03
4.848335470438297316e-03
4.827370828250164732e-03
4.806349794287820970e-03
4.785243645340606262e-03
4.764133934323896286e-03
4.742999187517926013e-03
4.721811492738296583e-03
4.700613924972703653e-03
4.679402152689732426e-03
4.658184651336158728e-03
4.636950354090532862e-03
4.615690232046959322e-03
4.594369156968298659e-03
4.573000236776137567e-03
4.551558863815888430e-03
4.530105909476437286e-03
4.508603268701225249e-03
4.487080043941204903e-03
4.465556640981622680e-03
4.443958876067063100e-03
4.422352230467133279e-03
4.400653687976544687e-03
4.378928254730132634e-03
4.357176504063229455e-03
4.335394292582086390e-03
4.313620827539533208e-03
4.291782600779138306e-03
4.269879430532407330e-03
4.247955275070457171e-03
4.225981247341159888e-03
4.203969448827044215e-03
4.181955173253918377e-03
4.159943024984384501e-03
4.137913587294296536e-03
4.115851597916944486e-03
4.093786146564935835e-03
4.071734781324095297e-03
4.049662070076379475e-03
4.027595950922131969e-03
4.005433081458019233e-03
3.983231837043667289e-03
3.960912350892288776e-03
3.938395240384018163e-03
3.915399123002991436e-03
3.891825591274019995e-03
3.867267719731247878e-03
3.841266975398877851e-03
3.813297231717432349e-03
3.783522840624282523e-03
3.752101621180164038e-03
3.719231674496488969e-03
3.685200714815211383e-03
3.650297321871947762e-03
3.614789251832300435e-03
3.578592871477403493e-03
3.541736401402359024e-03
3.504253186174038134e-03
3.466380132267393027e-03
3.428223402503556734e-03
3.389795982828973289e-03
3.351164085540505894e-03
3.312351749432301644e-03
3.273306531177803697e-03
3.234087661856915701e-03
3.194754651447915313e-03
3.155247575262530666e-03
3.115744846531490891e-03
3.076237924880897458e-03
3.036742859252614200e-03
2.997362265634876018e-03
2.958129921931633780e-03
2.919016398036448391e-03
2.880011578070023736e-03
2.841178642630599535e-03
2.802580959699113410e-03
2.764158799643199813e-03
2.725946004182072148e-03
2.687946797175186624e-03
2.650181844624174138e-03
2.612626152208029871e-03
2.575356497225655180e-03
2.538448228414502596e-03
2.501848908981906764e-03
2.465544582039521683e-03
2.429563684116612353e-03
2.393909894151498557e-03
2.358615198539937199e-03
2.323645943906280879e-03
2.289053343105133375e-03
2.254867721303833311e-03
2.221056454338328143e-03
2.187595068965530846e-03
2.154507383529354059e-03
2.121807207740844352e-03
2.089518393684056119e-03
2.057622380760056567e-03
2.026142916908694677e-03
1.995084728886378604e-03
1.964433118544276196e-03
1.934168509036696907e-03
1.904300315078038793e-03
1.874843130659201509e-03
1.845803239414906547e-03
1.817206643779869938e-03
1.789043515187614935e-03
1.761292090574012505e-03
1.733960696746648543e-03
1.707049364858188563e-03
1.680539785892011832e-03
1.654441138038356988e-03
1.628777659388816424e-03
1.603538308310371646e-03
1.578708400840699022e-03
1.554293326988056634e-03
1.530301818084839425e-03
1.506705025101780357e-03
1.483514278048534297e-03
1.460727457672197221e-03
1.438341724275867461e-03
1.416345463968737405e-03
1.394727791351254827e-03
1.373507699731435277e-03
1.352678677680556373e-03
1.332221899232371911e-03
1.312153401794915845e-03
1.292455151207438360e-03
1.273129493010342634e-03
1.254159315862527022e-03
1.235551326725621048e-03
1.217305036549446101e-03
