2.458345184274118335e-03
2.494615803529394871e-03
2.531795806633520274e-03
2.569899550469814317e-03
2.608916918788387138e-03
2.648867100038903005e-03
2.689766111756577201e-03
2.731620940347030419e-03
2.774429535815250807e-03
2.818195905359009018e-03
2.862943135306581649e-03
2.908666945958451617e-03
2.955308127181754084e-03
3.002880602810991967e-03
3.051294752879970575e-03
3.100524766701817387e-03
3.150528334523049548e-03
3.201290264220253180e-03
3.252725485996952031e-03
3.304853356262280051e-03
3.357748529239173128e-03
3.411440209779427295e-03
3.466037390071489369e-03
3.521639845122998946e-03
3.578350570272038466e-03
3.636191229599703822e-03
3.695168628127468852e-03
3.755328156641067356e-03
3.816646854768096942e-03
3.879104795234892232e-03
3.942666024776947907e-03
4.007286485083326466e-03
4.072971148061790142e-03
4.139878354687923610e-03
4.208197976195920433e-03
4.278080388691629307e-03
4.349420119393618799e-03
4.422108663684570090e-03
4.496020087432317340e-03
4.571053389618435873e-03
4.647252193583314463e-03
4.724548368673957971e-03
4.802915461575961963e-03
4.882398376602062502e-03
4.962902812114899573e-03
5.044291111959723836e-03
5.126371985071056202e-03
5.208966504704086453e-03
5.291870176169476310e-03
5.374735474908440974e-03
5.456701995458950946e-03
5.533941823469545711e-03
5.598363874501386533e-03
5.644428774432004581e-03
5.676878229478088227e-03
5.701502996651580495e-03
5.724795032616088186e-03
5.747920627500177800e-03
5.770991864462651257e-03
5.794009731603739534e-03
5.816810319918499193e-03
5.839598818665506577e-03
5.862336193383284322e-03
5.885087641556210718e-03
5.907845832047206418e-03
5.930608929107042578e-03
5.953485365150779085e-03
5.976502721110873995e-03
5.999691541341970955e-03
6.023174501815106024e-03
6.046853089881632122e-03
6.070742109145444050e-03
6.094823940059746273e-03
6.119048525102248337e-03
6.143306462206296961e-03
6.167434258229983687e-03
6.191459180478929396e-03
6.215402132686819944e-03
6.239154459188119180e-03
6.262856104427486428e-03
6.286457964391669456e-03
6.309819106535777093e-03
6.333014163833869739e-03
6.356194872155200397e-03
6.379261465002662029e-03
6.402179006367416172e-03
6.425027209736656683e-03
6.447909585472925281e-03
6.470753430790845799e-03
6.493515126522937143e-03
6.516114652802849037e-03
6.538501291910627129e-03
6.560691961136904879e-03
6.582760355650006841e-03
6.604650160654999824e-03
6.626429871769438408e-03
6.648158906014477350e-03
6.669674575399451612e-03
6.691114511590739132e-03
6.712602625410132341e-03
6.733989878662335719e-03
6.755329174901388532e-03
6.776447434063134073e-03
6.797424074895822010e-03
6.818407180438513376e-03
6.839361431324077548e-03
6.860271840560377629e-03
6.881018514626217539e-03
6.901629667198389689e-03
6.922067737290512127e-03
6.942364448871887056e-03
6.962524472851974906e-03
6.982510971365091593e-03
7.002245290402929825e-03
7.021710956979540334e-03
7.041080400515173886e-03
7.060350687017612030e-03
7.079410790610674541e-03
7.098396161299559519e-03
7.117272134424136761e-03
7.136036429710866831e-03
7.154659802445719960e-03
7.173173394587413661e-03
7.191439613453296832e-03
7.209612219760387630e-03
7.227827036110468818e-03
7.246015452240884246e-03
7.264098074550632243e-03
7.282101617545094947e-03
7.300068042100846949e-03
7.317959386303084755e-03
7.335753353875444985e-03
7.353360222725346604e-03
7.370963782021484369e-03
7.388511069240068056e-03
7.406057164544903489e-03
7.423601859839753375e-03
7.441139801725389462e-03
7.458659158695353161e-03
7.476152539325054899e-03
7.493667889097248812e-03
7.511176651937217369e-03
7.528725928314234511e-03
7.546272676678868890e-03
7.563928011965902372e-03
7.581669128145548942e-03
7.599356942368440046e-03
7.617044331943232348e-03
7.634693566112156840e-03
7.652431539105215667e-03
7.670109204930368289e-03
7.687700295802807164e-03
7.705229145475190992e-03
7.722620570259674036e-03
7.739893728187632882e-03
7.756966339215015140e-03
7.773964302882793893e-03
7.790971597827417612e-03
7.807915528071933745e-03
7.824950279201084782e-03
7.842010440802472601e-03
7.859103613934308868e-03
7.876128772321107710e-03
7.893113697194815981e-03
7.910172424524464230e-03
7.927294455278385832e-03
7.944347559177855969e-03
7.961428409498452069e-03
7.978529188849727352e-03
7.995609044042039856e-03
8.012813495510874226e-03
8.029860295796477365e-03
8.046959739598184141e-03
8.064080821565044674e-03
8.081152920313300694e-03
8.098153216855197289e-03
8.115057935838797254e-03
8.131830742123782180e-03
8.148576285495678570e-03
8.165338715849731338e-03
8.182026591197179982e-03
8.198762928589228144e-03
8.215566877491810652e-03
8.232432731565698242e-03
8.249322742043735390e-03
8.266166820576008323e-03
8.283069935626292263e-03
8.299921115456371928e-03
8.316806854855236450e-03
8.333523914739019572e-03
8.350288194019898219e-03
8.367049858645687205e-03
8.383886555526756656e-03
8.400625830974116012e-03
8.417329254349939852e-03
8.433923028579147149e-03
8.450480956886365080e-03
8.467058163470543922e-03
8.483692675255966736e-03
8.500330051741403214e-03
8.516757716416597720e-03
8.532961154157237688e-03
8.549036668277835288e-03
8.565113443274945462e-03
8.581156385008550588e-03
8.597143179522344705e-03
8.613080891985548312e-03
8.628960587876837243e-03
8.644607824568408677e-03
8.660227597278706904e-03
8.675797210889396940e-03
8.691271100999891155e-03
8.706683574827971464e-03
8.722131829458742297e-03
8.737547278459033631e-03
8.752995754144012389e-03
8.768456318628051888e-03
8.783853158663555705e-03
8.799209886310058876e-03
8.814425067884669104e-03
8.829439594502396654e-03
8.844398491779918714e-03
8.859285496804161775e-03
8.874103731348115254e-03
8.888856962557638297e-03
8.903513896821821719e-03
8.918053964129651554e-03
8.932474272437597798e-03
8.946755456606366244e-03
8.960981499994379040e-03
8.975206537053151412e-03
8.989396838512388188e-03
9.003512230707258826e-03
9.017612943936350461e-03
9.031617700861012052e-03
9.045359785208652650e-03
9.058942954421778104e-03
9.072365349031484907e-03
9.085634800045070542e-03
9.098816424563562280e-03
9.111817002830405535e-03
9.124702276674589649e-03
9.137564882414518988e-03
9.150382176434301504e-03
9.163139508209806536e-03
9.175857474985752923e-03
9.188501523233083557e-03
9.201102312061360325e-03
9.213536299950976852e-03
9.225713729669092478e-03
9.237761600756682831e-03
9.249684456410318598e-03
9.261418525950059974e-03
9.272924940732540575e-03
9.284212899160487406e-03
9.295266981796923220e-03
9.306199140903173919e-03
9.317025943575201960e-03
9.327846833898213383e-03
9.338587781224198803e-03
9.349294477337191656e-03
9.359849136253187499e-03
9.370317032106258159e-03
9.380661233799212836e-03
9.391031764992055150e-03
9.401268009651801011e-03
9.411300419710055820e-03
9.421229041029008031e-03
9.431023157945240404e-03
9.440695302134920197e-03
9.450218655868149534e-03
9.459510200716128581e-03
9.468559500240785951e-03
9.477403923914077752e-03
9.485956738103045946e-03
9.494277565948443243e-03
9.502439567059046965e-03
9.510414892338277942e-03
9.518320816479337518e-03
9.526157981231252875e-03
9.533897070830778253e-03
9.541497632248001695e-03
9.549026348741485731e-03
9.556489873900137627e-03
9.563833379252277903e-03
9.571042954525347743e-03
9.578128932713272925e-03
9.585205625306694732e-03
9.592085071878052316e-03
9.598887533383903409e-03
9.605554775821962751e-03
9.611828344105481300e-03
9.617984760467089903e-03
9.623930887400402451e-03
9.629645525005220766e-03
9.635193563508255912e-03
9.640676326559460829e-03
9.646095077890491296e-03
9.651398917710914474e-03
9.656474726663462002e-03
9.661347637063241386e-03
9.666132888982301857e-03
9.670878526625572083e-03
9.675497758159033734e-03
9.679948015767910266e-03
9.684263492464130485e-03
9.688461700616697245e-03
9.692535883192552465e-03
9.696551051213062739e-03
9.700499262759476951e-03
9.704286006121557590e-03
9.708026119015361610e-03
9.711625547212934459e-03
9.715194492551320823e-03
9.718725710206712123e-03
9.722366727562778768e-03
9.726246722417463547e-03
9.730486807000162872e-03
9.735275053089138819e-03
9.740710189884904321e-03
9.746839531114196223e-03
9.753773018356495447e-03
9.761569766536521212e-03
9.770157343009660406e-03
9.779305180220403126e-03
9.788756368814257799e-03
9.798531462989120214e-03
9.808448797036418629e-03
9.818529350570837436e-03
9.828611591496694624e-03
9.838654570867133575e-03
9.848691958323819301e-03
9.858603271087290273e-03
9.868456513250693091e-03
9.878069828689160434e-03
9.887364022014731232e-03
9.896497744260891391e-03
9.905453948667108238e-03
9.914361699045097856e-03
9.923238927909614621e-03
9.932005015374341383e-03
9.940405625010815052e-03
9.948597313492932998e-03
9.956752859117852517e-03
9.964860008476350561e-03
9.972906349808401127e-03
9.980926359883547649e-03
9.988819551609693162e-03
9.996472577876750962e-03
1.000394189437014449e-02
1.001115065482839801e-02
1.001812527045251033e-02
1.002505340166006190e-02
1.003193499947430817e-02
1.003868320880876852e-02
1.004535136137960256e-02
1.005192574435860055e-02
1.005816224603529527e-02
1.006412384939870189e-02
1.006990929528954123e-02
1.007540535651387133e-02
1.008075822578430314e-02
1.008602330655505169e-02
1.009114347503646883e-02
1.009614334302853453e-02
1.010090876112506447e-02
1.010557080865140400e-02
1.011005486064986934e-02
1.011424501333671455e-02
1.011833181631790167e-02
1.012221167763959276e-02
1.012604397661719634e-02
1.012973507192082775e-02
1.013325116081508978e-02
1.013651167502592140e-02
1.013968472117232796e-02
1.014267978980024423e-02
1.014549002240911109e-02
1.014805809512941623e-02
1.015046292925508332e-02
1.015271640944221364e-02
1.015472852500882983e-02
1.015656886487387688e-02
1.015806903800185387e-02
1.015937700685680227e-02
1.016057706941229585e-02
1.016163410165909359e-02
1.016250364304007586e-02
1.016298074105418184e-02
1.016330819865675882e-02
1.016353195449218143e-02
1.016367326578320254e-02
1.016367820233107962e-02
1.016352584821284682e-02
1.016324305739680148e-02
1.016282969085928294e-02
1.016203512232457563e-02
1.016109844130088334e-02
1.016007177748779432e-02
1.015892766064467601e-02
1.015765186269922994e-02
1.015611257296941509e-02
1.015446888657377256e-02
1.015265287694735834e-02
1.015078885979366595e-02
1.014884816417325163e-02
1.014673876542789011e-02
1.014445302384508162e-02
1.014201252323238857e-02
1.013934919844045913e-02
1.013660047688290031e-02
1.013367217892494759e-02
1.013063495581957747e-02
1.012749352888056564e-02
1.012421878088714394e-02
1.012078231038174292e-02
1.011713011754397824e-02
1.011318989140238753e-02
1.010904456517063704e-02
1.010480802821697548e-02
1.010038175076187483e-02
1.009546696920300343e-02
1.008978167305774921e-02
1.008338838146367357e-02
1.007673974359787027e-02
1.007050253186826498e-02
1.006536911506896760e-02
1.006152015312837544e-02
1.005890036086122021e-02
1.005748464493612729e-02
1.005666319772512834e-02
1.005591779107529136e-02
1.005496763617716449e-02
1.005368539669232626e-02
1.005202855202572305e-02
1.005003822056615981e-02
1.004772775407565717e-02
1.004498867654327054e-02
1.004171209818146941e-02
1.003804171970925502e-02
1.003386320481817508e-02
1.002925686921165606e-02
1.002426202386110833e-02
1.001873972318380844e-02
1.001287324143380550e-02
1.000664931239364681e-02
1.000003627809183983e-02
9.993017570114658479e-03
9.985537045305385370e-03
9.977727522981384364e-03
9.969491472334878271e-03
9.960785745077891523e-03
9.951695001458132211e-03
9.942253469627794840e-03
9.932243561196808096e-03
9.921810103349181301e-03
9.911045934569632024e-03
9.899984153580383348e-03
9.888617289342193153e-03
9.876974728777333790e-03
9.865049534100034032e-03
9.852857766276675380e-03
9.840222344304689825e-03
9.827258213736814879e-03
9.813976863681581411e-03
9.800356612487766753e-03
9.786521070527923194e-03
9.772435023196827594e-03
9.758179767050460113e-03
9.743656741451750536e-03
9.728876092492360142e-03
9.713702836818783812e-03
9.698270657265405451e-03
9.682640932064327799e-03
9.666811237965070372e-03
9.650680067050936006e-03
9.634350463362214775e-03
9.617831420170358872e-03
9.601118181460586640e-03
9.584221391931926556e-03
9.567098203306383455e-03
9.549643037985713553e-03
9.531914999364237903e-03
9.514012917066745970e-03
9.495906274795894511e-03
9.477593992427894506e-03
9.459002123651361060e-03
9.440280663739558653e-03
9.421451545047518361e-03
9.402406563791505106e-03
9.383170241724579294e-03
9.363851675302929320e-03
9.344409253734840132e-03
9.324851297136125053e-03
9.305171790482317726e-03
9.285372679418325489e-03
9.265429752688243703e-03
9.245392832758958859e-03
9.225195006477724877e-03
9.204900063000575478e-03
