8.997307719579079877e-03
8.980189740553975314e-03
8.963501047450713952e-03
8.947858298505338009e-03
8.933054297281261408e-03
8.918405021334124480e-03
8.903385504850879623e-03
8.889171251767144857e-03
8.875715853078803078e-03
8.863657950786018105e-03
8.852154433965326447e-03
8.841322738218108587e-03
8.831469202660023957e-03
8.823449779262717424e-03
8.817340288875591750e-03
8.812415131646681929e-03
8.807818011448750178e-03
8.803828327771139745e-03
8.801142322535449383e-03
8.798564818677806140e-03
8.796180521963443619e-03
8.794018033169625700e-03
8.792930640153915137e-03
8.792364930337854059e-03
8.791616967431208421e-03
8.790796364467213381e-03
8.790523719432313809e-03
8.790460940363823208e-03
8.790995562957220136e-03
8.792173138751040520e-03
8.793739360979435649e-03
8.795417852514442539e-03
8.797592012529170322e-03
8.799946248398329146e-03
8.802681610229942666e-03
8.805899315902346661e-03
8.809234298071863187e-03
8.813000167498509507e-03
8.817135793654956241e-03
8.821182879080948988e-03
8.825233330996985065e-03
8.829820022361442935e-03
8.834229985581552869e-03
8.839004808622716661e-03
8.844360137799676946e-03
8.850118910404543987e-03
8.855882986071877613e-03
8.861483995868951399e-03
8.866537915198728290e-03
8.871242405477345813e-03
8.876317416994570705e-03
8.882072642045773722e-03
8.888064373126407583e-03
8.893909371487887516e-03
8.899690405110542366e-03
8.905331165108455391e-03
8.911144329036507425e-03
8.917164573865312902e-03
8.923032763216438845e-03
8.928743599712598428e-03
8.934147847618681762e-03
8.939596889047997721e-03
8.945168792760195900e-03
8.950970718430331652e-03
8.956825828521452690e-03
8.962891658730451003e-03
8.969271517762432769e-03
8.975797560395029628e-03
8.982595334472615739e-03
8.989795176810682492e-03
8.997095052165069232e-03
9.004525360093889805e-03
9.012237584565830836e-03
9.020096571664757215e-03
9.027681283859808128e-03
9.035078133710289575e-03
9.042430681334274328e-03
9.049750402015969628e-03
9.057087215049611922e-03
9.064516802496109388e-03
9.072044033942995578e-03
9.079536975873858315e-03
9.086961535894918021e-03
9.094128816635120571e-03
9.101350400995817519e-03
9.108513297840868661e-03
9.115470415287717926e-03
9.122272679635333101e-03
9.129063105008747986e-03
9.135872079056837208e-03
9.142708140330427224e-03
9.149547026735385669e-03
9.156240385356478884e-03
9.163284770511027216e-03
9.170247417673199272e-03
9.177299183110276815e-03
9.184561947966645226e-03
9.191932317316421283e-03
9.199219336938152525e-03
9.206625186728364940e-03
9.213797794618963644e-03
9.221026737114229252e-03
9.228332726383554549e-03
9.235726349152205070e-03
9.242976106042367565e-03
9.250546353786824605e-03
9.258259388033478199e-03
9.265964617953068722e-03
9.273786338278827701e-03
9.281808319442278951e-03
9.289768996559095993e-03
9.297617939099752163e-03
9.305410567513173678e-03
9.312990978423351177e-03
9.320598312847337696e-03
9.328238430833787898e-03
9.335904593313277752e-03
9.343610246954073967e-03
9.351206553741324423e-03
9.358846966387262406e-03
9.366680287987330655e-03
9.374649873811523662e-03
9.382634083163636507e-03
9.390762808552744270e-03
9.399023140250435671e-03
9.407341893957680071e-03
9.415729440308934564e-03
9.424204493307200906e-03
9.432594283985148639e-03
9.440946530259043679e-03
9.449308186775768476e-03
9.457593889258941039e-03
9.465905147471151762e-03
9.474092629514183767e-03
9.482258167292990578e-03
9.490417207258869045e-03
9.498670794013343646e-03
9.506990502507863330e-03
9.515312874577580224e-03
9.523804735668687724e-03
9.532464508264386349e-03
9.541400168254060218e-03
9.550367515562969631e-03
9.559237508088290133e-03
9.568355393092909528e-03
9.577625672773116064e-03
9.587067872038274388e-03
9.596695740191563129e-03
9.606293349164926262e-03
9.615867132752371760e-03
9.625610581682684380e-03
9.635603184286637563e-03
9.645774943631590589e-03
9.656009620968252632e-03
9.666399443962006913e-03
9.676867862362662637e-03
9.687299207016905264e-03
9.697723642477361350e-03
9.708326934522755816e-03
9.719043817261980439e-03
9.729791919680529436e-03
9.740636716647104940e-03
9.751519542794023429e-03
9.762459455390738380e-03
9.773577846925410317e-03
9.784852591423535279e-03
9.796186693857691918e-03
9.807626996141108680e-03
9.819171056932621613e-03
9.830857335977558412e-03
9.842768427171117926e-03
9.854862567757981945e-03
9.867023220449433821e-03
9.879318228275455610e-03
9.891665865799570065e-03
9.904163761125213752e-03
9.916764424821167614e-03
9.929460958579014104e-03
9.942102053997122282e-03
9.955014660458370163e-03
9.968008105252126883e-03
9.981077375610485081e-03
9.994333736745282179e-03
1.000761518284369947e-02
1.002103417790963305e-02
1.003454226921028820e-02
1.004823223762507482e-02
1.006213572089628347e-02
1.007621892662453368e-02
1.009045121108525546e-02
1.010474517583850526e-02
1.011915605595855444e-02
1.013361955198137203e-02
1.014836617481750837e-02
1.016331359020405944e-02
1.017820233742075184e-02
1.019319769328093546e-02
1.020841595753510002e-02
1.022368779560480986e-02
1.023898625132014031e-02
1.025433743373193284e-02
1.026981966869940088e-02
1.028527212602995539e-02
1.030090794595076541e-02
1.031668534587573509e-02
1.033253296022524151e-02
1.034856594169017603e-02
1.036464505665691746e-02
1.038074009940241627e-02
1.039688598890822074e-02
1.041316934353184002e-02
1.042955677050716803e-02
1.044611911938250412e-02
1.046272745098106999e-02
1.047959411273003891e-02
1.049658839911233980e-02
1.051366680732969752e-02
1.053087552024531068e-02
1.054814013094960284e-02
1.056547212846821633e-02
1.058305768370972587e-02
1.060081971077739618e-02
1.061870170090060267e-02
1.063665004157222753e-02
1.065466537643033028e-02
1.067272070975121105e-02
1.069077308429852366e-02
1.070887574064453319e-02
1.072700737245094876e-02
1.074516257442979968e-02
1.076339650761326712e-02
1.078162440674378456e-02
1.079994233954436646e-02
1.081853178015480983e-02
1.083725320569080101e-02
1.085603221991258624e-02
1.087488744176476861e-02
1.089378826168776321e-02
1.091269559559008076e-02
1.093154446814461472e-02
1.095033185214006402e-02
1.096916591638478870e-02
1.098807312343479461e-02
1.100709300335851390e-02
1.102618871682225707e-02
1.104537796667492446e-02
1.106472730015607177e-02
1.108413846470832249e-02
1.110370187261870353e-02
1.112338861309238904e-02
1.114305345198113133e-02
1.116267587057338806e-02
1.118225764340042422e-02
1.120185347484765892e-02
1.122151250428856002e-02
1.124129163732485483e-02
1.126110666061969252e-02
1.128095829206877433e-02
1.130099045451018677e-02
1.132106050569985957e-02
1.134135402507187307e-02
1.136182454792888062e-02
1.138237561381225463e-02
1.140299279055029952e-02
1.142369192390426703e-02
1.144438231630414554e-02
1.146501007815081512e-02
1.148568724482315270e-02
1.150645610577762448e-02
1.152744840225831784e-02
1.154869422364412750e-02
1.157014059955713270e-02
1.159154790560507770e-02
1.161287203603704986e-02
1.163424497507805494e-02
1.165575423524889236e-02
1.167724234320107086e-02
1.169876462518732417e-02
1.172033426657309585e-02
1.174193207143515473e-02
1.176372493074747706e-02
1.178576647059695337e-02
1.180787295635069706e-02
1.183009479197145823e-02
1.185242266572364249e-02
1.187479150689841473e-02
1.189704457847267152e-02
1.191935410568400328e-02
1.194171706040500838e-02
1.196420949215874600e-02
1.198688106033771184e-02
1.200963550419214231e-02
1.203251853916087119e-02
1.205544579212917966e-02
1.207847901215066029e-02
1.210152441058674408e-02
1.212473112075842553e-02
1.214814795089752542e-02
1.217167198460344241e-02
1.219519146030213774e-02
1.221882057875329011e-02
1.224250449729492006e-02
1.226632566863571257e-02
1.229041907107086828e-02
1.231454256110661380e-02
1.233859360230651556e-02
1.236270032024659217e-02
1.238689155189513433e-02
1.241126882986323676e-02
1.243596360720206073e-02
1.246075907251174147e-02
1.248561845230970399e-02
1.251056117720134551e-02
1.253567027908338710e-02
1.256101344826726814e-02
1.258649421922888867e-02
1.261208108183269755e-02
1.263786427085870911e-02
1.266371926044813565e-02
1.268968746189887489e-02
1.271568676070321952e-02
1.274181962852424625e-02
1.276814501752147890e-02
1.279451697338767312e-02
1.282112544447119862e-02
1.284774367143507422e-02
1.287437264872812528e-02
1.290104523368546842e-02
1.292797795296286509e-02
1.295506044914543700e-02
1.298219845533876531e-02
1.300947156075192394e-02
1.303680811042683130e-02
1.306419142872730470e-02
1.309180703634952279e-02
1.311959769703509825e-02
1.314757940700052828e-02
1.317570581729985389e-02
1.320395433744416154e-02
1.323242578829207303e-02
1.326093905718437639e-02
1.328957885775395101e-02
1.331836411858575153e-02
1.334722477398606923e-02
1.337615491804757667e-02
1.340548870497641418e-02
1.343508672375971769e-02
1.346491592554448918e-02
1.349497356463024052e-02
1.352525317607571401e-02
1.355588676981048409e-02
1.358668984545343024e-02
1.361764990088484145e-02
1.364882694392981904e-02
1.368034264955732618e-02
1.371222425717252835e-02
1.374432288300967038e-02
1.377657815937970327e-02
1.380896429150650119e-02
1.384151883985273133e-02
1.387436069262423452e-02
1.390749072711736610e-02
1.394099074755282899e-02
1.397468398184062606e-02
1.400864123404760124e-02
1.404263203561915974e-02
1.407662744590653173e-02
1.411090640117796530e-02
1.414546399913591858e-02
1.418040036580736629e-02
1.421572618739478863e-02
1.425123431202695440e-02
1.428691028306702804e-02
1.432295136092372537e-02
1.435943078906508005e-02
1.439628465030841006e-02
1.443338834809389411e-02
1.447094052947581373e-02
1.450892005678526206e-02
1.454724845338445198e-02
1.458593755673871957e-02
1.462480089158016243e-02
1.466385277292800264e-02
1.470307298028679377e-02
1.474259887196836989e-02
1.478252276757101476e-02
1.482289947268177442e-02
1.486367158495950289e-02
1.490468663870424953e-02
1.494591781947148326e-02
1.498730598757149791e-02
1.502902793158401515e-02
1.507118593801300664e-02
1.511403735624758903e-02
1.515730809498024544e-02
1.520127770027563524e-02
1.524565140724063600e-02
1.529059039008871801e-02
1.533609679054385826e-02
1.538192497123104692e-02
1.542816161334118440e-02
1.547480079005840274e-02
1.552186044392535151e-02
1.556924036053876359e-02
1.561707719206235044e-02
1.566522686444834708e-02
1.571410401209587596e-02
1.576368204150112654e-02
1.581393298135236325e-02
1.586448078363254799e-02
1.591555476671117561e-02
1.596698994757218132e-02
1.601849537982487706e-02
1.607046723498337798e-02
1.612329633801172155e-02
1.617688803143539980e-02
1.623107592640864877e-02
1.628580354099706112e-02
1.634127647509796971e-02
1.639761170658823528e-02
1.645435865045565688e-02
1.651155812576920318e-02
1.656962651419193605e-02
1.662846187043859683e-02
1.668781289803380335e-02
1.674803335778724672e-02
1.680893275309422105e-02
1.687046910219864096e-02
1.693253451791074463e-02
1.699548111681009610e-02
1.705921432246971028e-02
1.712379273720832790e-02
1.718942638900657766e-02
1.725572078636209566e-02
1.732268945106299821e-02
1.739066776165038367e-02
1.745967456857163216e-02
1.752951780212405261e-02
1.760016440289259923e-02
1.767172386349780827e-02
1.774431756101587862e-02
1.781809277044072923e-02
1.789298917236694514e-02
1.796908320021557356e-02
1.804606266818651120e-02
1.812389790512550225e-02
1.820303664192164314e-02
1.828347082339930665e-02
1.836524545011936072e-02
1.844749952791941566e-02
1.853043047887213690e-02
1.861459069359733265e-02
1.870043054565076468e-02
1.878715783103520470e-02
1.887503652412833924e-02
1.896418912718744049e-02
1.905410495522675413e-02
1.914493362607412943e-02
1.923687721578394919e-02
1.932999078106125909e-02
1.942461501681996827e-02
1.952118995982302443e-02
1.961906710074957233e-02
1.971902774938674718e-02
1.982140048318115771e-02
1.992521788933594717e-02
2.003044015864293911e-02
2.013637893355819594e-02
2.024371068091898943e-02
2.035268015239744682e-02
2.046298820394744367e-02
2.057544093619912903e-02
2.068892975867916637e-02
2.080428229595567002e-02
2.092183670977626128e-02
2.104219666517609041e-02
2.116467237140642887e-02
2.129006738558466075e-02
2.141797807594437650e-02
2.154953864419256390e-02
2.168175756580270272e-02
2.181538342007912148e-02
2.195080840548276069e-02
2.208759888153862677e-02
2.222614653908287080e-02
2.236698426408781359e-02
2.251035017353718651e-02
2.265587441222089576e-02
2.280347680408973884e-02
2.295381013285934663e-02
2.310759126260084062e-02
2.326286809252664511e-02
2.342006620728946317e-02
2.357784145846475790e-02
2.373807067481286184e-02
2.389975956938449747e-02
2.406323310999366333e-02
2.422980905223993953e-02
2.439737818686278994e-02
2.456553081711114819e-02
