9.463518253754412204e-03
9.398912829513723921e-03
9.334307405273037372e-03
9.269701981032347354e-03
9.205096556791659071e-03
9.140491132550974257e-03
9.093019102514292989e-03
9.046268478549361267e-03
8.999517854584427809e-03
8.952767230619496086e-03
8.906016606654562628e-03
8.874896217291068992e-03
8.845149914485941900e-03
8.815403611680816542e-03
8.785657308875691185e-03
8.755911006070564093e-03
8.745906150027790010e-03
8.738624252159132508e-03
8.731342354290475005e-03
8.724060456421817503e-03
8.716778558553160000e-03
8.718337371501176658e-03
8.721600417859637008e-03
8.724863464218093889e-03
8.728126510576554239e-03
8.731389556935014590e-03
8.733342603098194490e-03
8.734964003642320396e-03
8.736585404186444567e-03
8.738206804730567004e-03
8.739828205274691175e-03
8.734482886737475124e-03
8.726908218094226941e-03
8.719333549450980492e-03
8.711758880807732308e-03
8.704184212164485859e-03
8.694523346066067304e-03
8.684039754210679321e-03
8.673556162355293073e-03
8.663072570499906824e-03
8.652588978644518841e-03
8.647945191619462249e-03
8.646090565110382473e-03
8.644235938601300961e-03
8.642381312092221185e-03
8.640526685583141409e-03
8.646389220554613619e-03
8.656661562086402986e-03
8.666933903618194088e-03
8.677206245149983455e-03
8.687478586681774556e-03
8.705111701542419395e-03
8.727735171202290546e-03
8.750358640862161697e-03
8.772982110522031113e-03
8.795605580181902264e-03
8.823947659839412663e-03
8.856864627495039319e-03
8.889781595150662505e-03
8.922698562806289160e-03
8.955615530461914081e-03
8.991090728063522858e-03
9.028973671496643913e-03
9.066856614929766703e-03
9.104739558362891227e-03
9.142622501796012283e-03
9.180296627112742927e-03
9.217739719619843716e-03
9.255182812126947975e-03
9.292625904634052234e-03
9.330068997141156492e-03
9.365821416593344759e-03
9.399372029276344825e-03
9.432922641959344892e-03
9.466473254642344959e-03
9.500023867325345026e-03
9.529950561258869815e-03
9.554301995577817522e-03
9.578653429896766963e-03
9.603004864215716405e-03
9.627356298534662377e-03
9.646821485906804244e-03
9.657351821719071042e-03
9.667882157531341308e-03
9.678412493343608106e-03
9.688942829155874903e-03
9.695428205276194339e-03
9.693040766588365692e-03
9.690653327900537045e-03
9.688265889212710133e-03
9.685878450524881486e-03
9.681152057333912084e-03
9.670188452134563864e-03
9.659224846935213910e-03
9.648261241735867424e-03
9.637297636536519205e-03
9.625235919034887469e-03
9.609545656534403818e-03
9.593855394033921902e-03
9.578165131533438251e-03
9.562474869032954600e-03
9.546414314842608176e-03
9.528794637747564980e-03
9.511174960652523519e-03
9.493555283557480323e-03
9.475935606462438862e-03
9.458383327801763926e-03
9.441208480373551246e-03
9.424033632945338565e-03
9.406858785517125884e-03
9.389683938088913204e-03
9.372695058517970315e-03
9.357193921805173620e-03
9.341692785092378659e-03
9.326191648379583699e-03
9.310690511666787003e-03
9.295302284446690239e-03
9.281398010559202549e-03
9.267493736671716595e-03
9.253589462784227171e-03
9.239685188896741216e-03
9.225815917837467545e-03
9.213066737281025084e-03
9.200317556724584359e-03
9.187568376168141898e-03
9.174819195611701172e-03
9.162070015055260447e-03
9.150354320882377393e-03
9.138649172488915937e-03
9.126944024095456215e-03
9.115238875701998228e-03
9.103533727308536772e-03
9.092992890780892887e-03
9.082513985735474540e-03
9.072035080690056194e-03
9.061556175644636113e-03
9.051077270599216032e-03
9.041989454684214167e-03
9.033040747682253777e-03
9.024092040680289917e-03
9.015143333678329526e-03
9.006194626676369136e-03
8.998937236789222166e-03
8.991935511117106483e-03
8.984933785444989066e-03
8.977932059772871648e-03
8.970930334100755965e-03
8.965798232407692567e-03
8.961053735685894223e-03
8.956309238964097613e-03
8.951564742242299269e-03
8.946820245520500925e-03
8.943920791731400227e-03
8.941518080270331043e-03
8.939115368809261858e-03
8.936712657348194408e-03
8.934309945887123489e-03
8.933427504157707630e-03
8.933058667067363817e-03
8.932689829977020005e-03
8.932320992886676192e-03
8.931952155796330645e-03
8.932647041957836667e-03
8.933782613466539207e-03
8.934918184975238278e-03
8.936053756483939084e-03
8.937189327992641624e-03
8.938860719696446397e-03
8.940800021497807490e-03
8.942739323299166848e-03
8.944678625100526206e-03
8.946617926901887299e-03
8.948617317690615858e-03
8.950652568036326223e-03
8.952687818382034854e-03
8.954723068727745219e-03
8.956758319073452115e-03
8.958403355250228739e-03
8.959772550376551153e-03
8.961141745502871833e-03
8.962510940629194248e-03
8.963880135755516662e-03
8.964544282279369655e-03
8.964620888301164797e-03
8.964697494322963409e-03
8.964774100344758551e-03
8.964850706366553693e-03
8.964058172464687071e-03
8.962413881437635357e-03
8.960769590410580174e-03
8.959125299383524990e-03
8.957481008356469807e-03
8.954994465296699582e-03
8.951537501416629433e-03
8.948080537536557549e-03
8.944623573656485666e-03
8.941166609776413782e-03
8.937025248296679575e-03
8.931955061503115204e-03
8.926884874709550832e-03
8.921814687915986461e-03
8.916744501122422090e-03
8.911170005304926145e-03
8.904785960791120406e-03
8.898401916277314666e-03
8.892017871763508927e-03
8.885633827249703187e-03
8.878914566412958106e-03
8.871554450841180606e-03
8.864194335269406574e-03
8.856834219697632543e-03
8.849474104125856777e-03
8.841905410899368947e-03
8.833856989067048054e-03
8.825808567234725427e-03
8.817760145402404534e-03
8.809711723570080172e-03
8.801543281546878039e-03
8.793037859756968819e-03
8.784532437967063068e-03
8.776027016177155582e-03
8.767521594387246361e-03
8.758959632385671795e-03
8.750199779643254641e-03
8.741439926900839222e-03
8.732680074158425537e-03
8.723920221416010118e-03
8.715142599773689422e-03
8.706285018081794114e-03
8.697427436389898806e-03
8.688569854698003497e-03
8.679712273006109924e-03
8.670860288275661007e-03
8.662042285096855851e-03
8.653224281918052430e-03
8.644406278739249008e-03
8.635588275560443852e-03
8.626780627821160202e-03
8.618065143493624375e-03
8.609349659166085078e-03
8.600634174838549251e-03
8.591918690511009954e-03
8.583215374149662583e-03
8.574700661264256230e-03
8.566185948378849876e-03
8.557671235493443523e-03
8.549156522608037170e-03
8.540646920182462173e-03
8.532385175058684532e-03
8.524123429934908625e-03
8.515861684811130983e-03
8.507599939687353341e-03
8.499338194563573964e-03
8.491350621342241486e-03
8.483368701149823776e-03
8.475386780957407801e-03
8.467404860764990090e-03
8.459422940572574115e-03
8.451721945616368775e-03
8.444039074868951722e-03
8.436356204121532934e-03
8.428673333374117616e-03
8.420990462626700562e-03
8.413563363645806814e-03
8.406165003065646860e-03
8.398766642485486905e-03
8.391368281905326951e-03
8.383969921325166996e-03
8.376787463045279325e-03
8.369640565144260622e-03
8.362493667243240184e-03
8.355346769342221480e-03
8.348199871441202777e-03
8.341220885305639446e-03
8.334279212895730551e-03
8.327337540485823392e-03
8.320395868075916232e-03
8.313454195666007338e-03
8.306627985111694062e-03
8.299834763658975323e-03
8.293041542206256583e-03
8.286248320753539578e-03
8.279455099300822574e-03
8.272721851538758150e-03
8.266009964269254232e-03
8.259298076999748578e-03
8.252586189730244659e-03
8.245874302460740740e-03
8.239189139482794300e-03
8.232515595762048347e-03
8.225842052041300659e-03
8.219168508320552971e-03
8.212494964599807018e-03
8.205831526433013737e-03
8.199173374248289181e-03
8.192515222063564626e-03
8.185857069878838335e-03
8.179198917694113780e-03
8.172536599848605893e-03
8.165871687001297757e-03
8.159206774153993091e-03
8.152541861306684956e-03
8.145876948459378555e-03
8.139202828092712352e-03
8.132521923238097278e-03
8.125841018383483938e-03
8.119160113528868863e-03
8.112479208674253789e-03
8.105790788101439881e-03
8.099095844452454743e-03
8.092400900803467870e-03
8.085705957154482731e-03
8.079011013505495858e-03
8.072301179868457410e-03
8.065576152366060389e-03
8.058851124863661633e-03
8.052126097361264612e-03
8.045401069858865856e-03
8.038657740860009893e-03
8.031892450065403893e-03
8.025127159270799629e-03
8.018361868476193630e-03
8.011596577681587630e-03
8.004812943115930876e-03
7.998003358825372250e-03
7.991193774534813624e-03
7.984384190244254997e-03
7.977574605953696371e-03
7.970747855353199976e-03
7.963892339584706034e-03
7.957036823816210358e-03
7.950181308047716416e-03
7.943325792279219005e-03
7.936459383844888041e-03
7.929571190078883031e-03
7.922682996312879755e-03
7.915794802546874745e-03
7.908906608780871469e-03
7.902010320826709927e-03
7.895094495177000168e-03
7.888178669527290410e-03
7.881262843877580651e-03
7.874347018227872627e-03
7.867423812960573984e-03
7.860478764025213491e-03
7.853533715089849529e-03
7.846588666154489036e-03
7.839643617219126809e-03
7.832694184275531754e-03
7.825728467872786198e-03
7.818762751470040642e-03
7.811797035067295086e-03
7.804831318664550398e-03
7.797858075118902811e-03
7.790848524178081540e-03
7.783838973237258534e-03
7.776829422296436395e-03
7.769819871355614256e-03
7.762804661892365454e-03
7.755752019126902624e-03
7.748699376361438927e-03
7.741646733595975230e-03
7.734594090830512400e-03
7.727535522361549634e-03
7.720417696857590981e-03
7.713299871353632327e-03
7.706182045849673673e-03
7.699064220345715019e-03
7.691942945688361177e-03
7.684756826947167913e-03
7.677570708205974648e-03
7.670384589464781383e-03
7.663198470723587251e-03
7.656011607095000032e-03
7.648751744501733341e-03
7.641491881908466649e-03
7.634232019315199957e-03
7.626972156721933266e-03
7.619712294128667442e-03
7.612379375002391833e-03
7.605044172859460293e-03
7.597708970716527885e-03
7.590373768573596344e-03
7.583038566430664804e-03
7.575636128235641031e-03
7.568228574254045986e-03
7.560821020272450073e-03
7.553413466290854160e-03
7.546005912309259114e-03
7.538540148052870135e-03
7.531067107512132673e-03
7.523594066971394344e-03
7.516121026430656014e-03
7.508647985889918552e-03
7.501127667451878284e-03
7.493598906532175467e-03
7.486070145612472651e-03
7.478541384692771569e-03
7.471012623773068753e-03
7.463448887734168424e-03
7.455876845104457071e-03
7.448304802474746585e-03
7.440732759845035231e-03
7.433160717215325612e-03
7.425553929164562666e-03
7.417936626052165812e-03
7.410319322939769825e-03
7.402702019827372970e-03
7.395084716714976983e-03
7.387444064796119814e-03
7.379794657074841870e-03
7.372145249353563058e-03
7.364495841632284247e-03
7.356846433911005435e-03
7.349177103651093057e-03
7.341498691057390252e-03
7.333820278463689182e-03
7.326141865869986378e-03
7.318463453276285308e-03
7.310769766970064663e-03
7.303067727852311300e-03
7.295365688734557937e-03
7.287663649616805440e-03
7.279961610499052077e-03
7.272247401106712861e-03
7.264525281035893317e-03
7.256803160965074641e-03
7.249081040894255097e-03
7.241358920823436421e-03
7.233626963921517203e-03
7.225887453738573038e-03
7.218147943555628873e-03
7.210408433372685576e-03
7.202668923189742278e-03
7.194926709242985448e-03
7.187182051509705648e-03
7.179437393776426715e-03
7.171692736043147783e-03
7.163948078309867115e-03
7.156204123693073356e-03
7.148460916137544009e-03
7.140717708582014663e-03
7.132974501026486183e-03
7.125231293470957704e-03
7.117493666508128113e-03
7.109763015286171481e-03
7.102032364064215716e-03
7.094301712842259952e-03
7.086571061620305055e-03
7.078847297329770270e-03
7.071133691263085247e-03
7.063420085196398489e-03
7.055706479129712598e-03
7.047992873063028442e-03
7.040287537893237003e-03
7.032596676793015193e-03
7.024905815692792516e-03
7.017214954592569838e-03
7.009524093492347160e-03
7.001841368613375902e-03
6.994175678947647280e-03
6.986509989281920394e-03
6.978844299616193507e-03
6.971178609950464018e-03
6.963522254206566155e-03
6.955889566621591483e-03
6.948256879036618545e-03
6.940624191451644741e-03
6.932991503866671804e-03
6.925367396618153232e-03
6.917770102921063334e-03
6.910172809223972569e-03
6.902575515526881804e-03
6.894978221829791039e-03
6.887388148921443250e-03
6.879826598128635506e-03
6.872265047335826896e-03
6.864703496543018285e-03
6.857141945750210542e-03
6.849586864372974628e-03
6.842065343089023810e-03
6.834543821805072125e-03
6.827022300521121308e-03
6.819500779237168755e-03
6.811984030658427280e-03
6.804501884192445949e-03
6.797019737726466351e-03
6.789537591260486754e-03
6.782055444794506290e-03
6.774576399494167817e-03
6.767132629953002444e-03
6.759688860411837939e-03
6.752245090870670832e-03
6.744801321329506327e-03
6.737359281634411161e-03
6.729958325783509838e-03
6.722557369932606781e-03
6.715156414081703724e-03
6.707755458230800667e-03
6.700354502379898478e-03
