2.642474066017233038e-03
2.653284974963962106e-03
2.664095883910691607e-03
2.674906792857421108e-03
2.685717701804150610e-03
2.696528610750879677e-03
2.707343334456076625e-03
2.718158218782682108e-03
2.728973103109287590e-03
2.739787987435893940e-03
2.750602871762499856e-03
2.761419962561615683e-03
2.772237247336337054e-03
2.783054532111057990e-03
2.793871816885778927e-03
2.804689101660500297e-03
2.815507316626917039e-03
2.826325659895636156e-03
2.837144003164355707e-03
2.847962346433075258e-03
2.858780689701794810e-03
2.869557312449637354e-03
2.880325892687431340e-03
2.891094472925224892e-03
2.901863053163018877e-03
2.912631633400812863e-03
2.923366963344253052e-03
2.934093875491654464e-03
2.944820787639055443e-03
2.955547699786457289e-03
2.966274611933858701e-03
2.976956051741409988e-03
2.987622940400210501e-03
2.998289829059010581e-03
3.008956717717811095e-03
3.019623606376611608e-03
3.030257337805833395e-03
3.040877993144518003e-03
3.051498648483203045e-03
3.062119303821887652e-03
3.072739959160572260e-03
3.083316666299851672e-03
3.093872383254341139e-03
3.104428100208830171e-03
3.114983817163319638e-03
3.125539534117808670e-03
3.136040403747751906e-03
3.146509932049384745e-03
3.156979460351016283e-03
3.167448988652648255e-03
3.177918516954280227e-03
3.188335423450264477e-03
3.198716654145809454e-03
3.209097884841353998e-03
3.219479115536898976e-03
3.229860346232443953e-03
3.240198888069931085e-03
3.250503278820972460e-03
3.260807669572013401e-03
3.271112060323054776e-03
3.281416451074096151e-03
3.291677480900969885e-03
3.301897700446275018e-03
3.312117919991580586e-03
3.322338139536885719e-03
3.332558359082190853e-03
3.342737285226638454e-03
3.352870525055244490e-03
3.363003764883850093e-03
3.373137004712455696e-03
3.383270244541061733e-03
3.393368066209751996e-03
3.403419761902738792e-03
3.413471457595725154e-03
3.423523153288712383e-03
3.433574848981698312e-03
3.443590702110586096e-03
3.453551412833167841e-03
3.463512123555749587e-03
3.473472834278330899e-03
3.483433545000912644e-03
3.493363365798929105e-03
3.503236702163454834e-03
3.513110038527980563e-03
3.522983374892506726e-03
3.532856711257032455e-03
3.542702878626582518e-03
3.552489449491025818e-03
3.562276020355469117e-03
3.572062591219912417e-03
3.581849162084355283e-03
3.591611905917428942e-03
3.601311111000183706e-03
3.611010316082938904e-03
3.620709521165693667e-03
3.630408726248448431e-03
3.640087903650190884e-03
3.649700902627720043e-03
3.659313901605249202e-03
3.668926900582778362e-03
3.678539899560307087e-03
3.688136373345493688e-03
3.697663267373447939e-03
3.707190161401402624e-03
3.716717055429357309e-03
3.726243949457311560e-03
3.735758634862341564e-03
3.745204951978995007e-03
3.754651269095648884e-03
3.764097586212302327e-03
3.773543903328955337e-03
3.782982012546285463e-03
3.792354458569030355e-03
3.801726904591774814e-03
3.811099350614519272e-03
3.820471796637264165e-03
3.829839392063884643e-03
3.839143236798593043e-03
3.848447081533301010e-03
3.857750926268009410e-03
3.867054771002717377e-03
3.876356868543891828e-03
3.885603055891997254e-03
3.894849243240103114e-03
3.904095430588208106e-03
3.913341617936313098e-03
3.922587805284418958e-03
3.931789755572757776e-03
3.940991254462527897e-03
3.950192753352297151e-03
3.959394252242066405e-03
3.968595751131836526e-03
3.977769897625079223e-03
3.986942589203613246e-03
3.996115280782147269e-03
4.005287972360680425e-03
4.014460663939214448e-03
4.023625901001075256e-03
4.032790392611270390e-03
4.041954884221464657e-03
4.051119375831659791e-03
4.060283867441854058e-03
4.069462014022322618e-03
4.078642224726202435e-03
4.087822435430083987e-03
4.097002646133965538e-03
4.106182856837846222e-03
4.115401214259347545e-03
4.124627480146696341e-03
4.133853746034045137e-03
4.143080011921393933e-03
4.152306277808742729e-03
4.161596236250341384e-03
4.170903342687314400e-03
4.180210449124287415e-03
4.189517555561259564e-03
4.198824661998232580e-03
4.208223300338190601e-03
4.217652861618344934e-03
4.227082422898500134e-03
4.236511984178654468e-03
4.245941545458809668e-03
4.255491061659153612e-03
4.265090273469289775e-03
4.274689485279425938e-03
4.284288697089562968e-03
4.293887908899699131e-03
4.303636537877120020e-03
4.313459875438185008e-03
4.323283212999249128e-03
4.333106550560313248e-03
4.342929888121377369e-03
4.352932085370362150e-03
4.363041021465363135e-03
4.373149957560364121e-03
4.383258893655365106e-03
4.393367829750366958e-03
4.403684636020744475e-03
4.414148385001302223e-03
4.424612133981859971e-03
4.435075882962418586e-03
4.445539631942976334e-03
4.456238120375034112e-03
4.467132225016678428e-03
4.478026329658321009e-03
4.488920434299965324e-03
4.499814538941608773e-03
4.510968571832321694e-03
4.522377334407121086e-03
4.533786096981921344e-03
4.545194859556721603e-03
4.556603622131521862e-03
4.568293313612828595e-03
4.580306684051635782e-03
4.592320054490442102e-03
4.604333424929249290e-03
4.616346795368055610e-03
4.628658095707566776e-03
4.641373729483745832e-03
4.654089363259924887e-03
4.666804997036104810e-03
4.679520630812284733e-03
4.692545579784493208e-03
4.706067061045065246e-03
4.719588542305638151e-03
4.733110023566210189e-03
4.746631504826783095e-03
4.760467297154823314e-03
4.774903978288316288e-03
4.789340659421807526e-03
4.803777340555301367e-03
4.818214021688793473e-03
4.832962685422815402e-03
4.848428909138055749e-03
4.863895132853295229e-03
4.879361356568535577e-03
4.894827580283775056e-03
4.910595031250708856e-03
4.927208235655089821e-03
4.943821440059468185e-03
4.960434644463849151e-03
4.977047848868228382e-03
4.993942745469093919e-03
5.011823564757658493e-03
5.029704384046223067e-03
5.047585203334787642e-03
5.065466022623351348e-03
5.083599383833355134e-03
5.102869183689831903e-03
5.122138983546309539e-03
5.141408783402788042e-03
5.160678583259264811e-03
5.180161911954687948e-03
5.200941665743708149e-03
5.221721419532728350e-03
5.242501173321748552e-03
5.263280927110768753e-03
5.284225347811018735e-03
5.306635304021213237e-03
5.329045260231408607e-03
5.351455216441604844e-03
5.373865172651798479e-03
5.396380986916388990e-03
5.420537601024086848e-03
5.444694215131786440e-03
5.468850829239486032e-03
5.493007443347183889e-03
5.517201616682269709e-03
5.543217412545597099e-03
5.569233208408925356e-03
5.595249004272251879e-03
5.621264800135581004e-03
5.647280595998909261e-03
5.675221425961349785e-03
5.703201947348516231e-03
5.731182468735680942e-03
5.759162990122846520e-03
5.787143511510011232e-03
5.817062331824784244e-03
5.847106203683274592e-03
5.877150075541764940e-03
5.907193947400255288e-03
5.937237819258746503e-03
5.969217519118177884e-03
6.001414727741760137e-03
6.033611936365342390e-03
6.065809144988924644e-03
6.098006353612505162e-03
6.132120159881381156e-03
6.166549641056540652e-03
6.200979122231701016e-03
6.235408603406859644e-03
6.269838084582020007e-03
6.306150188543841080e-03
6.342880653124919992e-03
6.379611117705998903e-03
6.416341582287076080e-03
6.453072046868154991e-03
6.491635296947984371e-03
6.530722200027459096e-03
6.569809103106932086e-03
6.608896006186403341e-03
6.647982909265876331e-03
6.688839078825383963e-03
6.730325398090108296e-03
6.771811717354832630e-03
6.813298036619553494e-03
6.854784355884277827e-03
6.897963298259425849e-03
6.941878163726063374e-03
6.985793029192700898e-03
7.029707894659335821e-03
7.073622760125973345e-03
7.119141914079881069e-03
7.165500234319437979e-03
7.211858554558995757e-03
7.258216874798549198e-03
7.304575195038106976e-03
7.352439166788294657e-03
7.401241085381171127e-03
7.450043003974044127e-03
7.498844922566920597e-03
7.547646841159797067e-03
7.597847532889752745e-03
7.649078899562821929e-03
7.700310266235886776e-03
7.751541632908955960e-03
7.802772999582024277e-03
7.855289798469044030e-03
7.908922255504019505e-03
7.962554712538993246e-03
8.016187169573970456e-03
8.069819626608947666e-03
8.124619371339143054e-03
8.180610225962418533e-03
8.236601080585690543e-03
8.292591935208964288e-03
8.348582789832239767e-03
8.405619850299141452e-03
8.463912357778394235e-03
8.522204865257643550e-03
8.580497372736898068e-03
8.638789880216150852e-03
8.698006741026904215e-03
8.758531223623685497e-03
8.819055706220463309e-03
8.879580188817242856e-03
8.940104671414024137e-03
9.001432347524006283e-03
9.064105915466922139e-03
9.126779483409834526e-03
9.189453051352750382e-03
9.252126619295666238e-03
9.315485285276193378e-03
9.380214147331944821e-03
9.444943009387692795e-03
9.509671871443444238e-03
9.574400733499195681e-03
9.639700497056022388e-03
9.706378298718888048e-03
9.773056100381760647e-03
9.839733902044633246e-03
9.906411703707502375e-03
9.973552521067822682e-03
1.004206386489258328e-02
1.011057520871734908e-02
1.017908655254211314e-02
1.024759789636687894e-02
1.031647168932078341e-02
1.038669172189719478e-02
1.045691175447361135e-02
1.052713178705002965e-02
1.059735181962644449e-02
1.066784237461556803e-02
1.073963780241891930e-02
1.081143323022227404e-02
1.088322865802562878e-02
1.095502408582898525e-02
1.102700800309364820e-02
1.110023885064079056e-02
1.117346969818793986e-02
1.124670054573508916e-02
1.131993139328223846e-02
1.139327940816600368e-02
1.146779909641594368e-02
1.154231878466589062e-02
1.161683847291583582e-02
1.169135816116577929e-02
1.176593528654902056e-02
1.184159223003821565e-02
1.191724917352741421e-02
1.199290611701661451e-02
1.206856306050581133e-02
1.214422992151705134e-02
1.222086869968827712e-02
1.229750747785950463e-02
1.237414625603073561e-02
1.245078503420196311e-02
1.252742381237318715e-02
1.260486071945880748e-02
1.268232256807300118e-02
1.275978441668719487e-02
1.283724626530138857e-02
1.291470811391557706e-02
1.299278575448631172e-02
1.307091024879287154e-02
1.314903474309942963e-02
1.322715923740598598e-02
1.330528373171254060e-02
1.338385369955017758e-02
1.346247935157920267e-02
1.354110500360822776e-02
1.361973065563724938e-02
1.369835630766626927e-02
1.377727007788227646e-02
1.385623529777452873e-02
1.393520051766678272e-02
1.401416573755903672e-02
1.409313095745128551e-02
1.417224060035224102e-02
1.425138454371776241e-02
1.433052848708328553e-02
1.440967243044880865e-02
1.448881637381432483e-02
1.456797536489012543e-02
1.464713890987824965e-02
1.472630245486637041e-02
1.480546599985449116e-02
1.488462954484261018e-02
1.496369352852856480e-02
1.504272017672620559e-02
1.512174682492384813e-02
1.520077347312148892e-02
1.527980012131912625e-02
1.535862722518964267e-02
1.543736336032279326e-02
1.551609949545594211e-02
1.559483563058908749e-02
1.567357176572223634e-02
1.575202351546724916e-02
1.583031974195312636e-02
1.590861596843900355e-02
1.598691219492487381e-02
1.606520842141075101e-02
1.614315014657342548e-02
1.622086144587603015e-02
1.629857274517862789e-02
1.637628404448122563e-02
1.645399534378382336e-02
1.653129666093915151e-02
1.660828317037426130e-02
1.668526967980936415e-02
1.676225618924446700e-02
1.683924269867956985e-02
1.691577792714648795e-02
1.699190526704600149e-02
1.706803260694551849e-02
1.714415994684502856e-02
1.722028728674454209e-02
1.729593589377489624e-02
1.737107584713176375e-02
1.744621580048862780e-02
1.752135575384549532e-02
1.759649570720236283e-02
1.767114267030715780e-02
1.774517339559685339e-02
1.781920412088655592e-02
1.789323484617625151e-02
1.796726557146595057e-02
1.804080161047204311e-02
1.811360798720981075e-02
1.818641436394758185e-02
1.825922074068534948e-02
1.833202711742311364e-02
1.840434891205225756e-02
1.847582268799127098e-02
1.854729646393029827e-02
1.861877023986932209e-02
1.869024401580834591e-02
1.876125443820677099e-02
1.883129471412956987e-02
1.890133499005236875e-02
1.897137526597515722e-02
1.904141554189796651e-02
1.911102385494911626e-02
1.917953683357577835e-02
1.924804981220241962e-02
1.931656279082906782e-02
1.938507576945571950e-02
1.945319762596952815e-02
1.952009722588071705e-02
1.958699682579189902e-02
1.965389642570309833e-02
1.972079602561428030e-02
1.978735376996275386e-02
1.985256118483845131e-02
1.991776859971415223e-02
1.998297601458985662e-02
2.004818342946555754e-02
2.011310585262158362e-02
2.017654988123177007e-02
2.023999390984195998e-02
2.030343793845213948e-02
2.036688196706233633e-02
2.043010447753295863e-02
2.049172098149179555e-02
2.055333748545061165e-02
2.061495398940943469e-02
2.067657049336826119e-02
2.073803475464664273e-02
2.079776725543498392e-02
2.085749975622331817e-02
2.091723225701166977e-02
2.097696475780000402e-02
2.103661914204700556e-02
2.109441825843693524e-02
2.115221737482687187e-02
2.121001649121680502e-02
2.126781560760674511e-02
2.132561472399668173e-02
