4.811327927942154331e-03
4.820485039114019536e-03
4.829642150285883874e-03
4.838799261457748212e-03
4.847956372629614284e-03
4.857113483801478622e-03
4.865126761718656032e-03
4.873091878235635659e-03
4.881056994752616153e-03
4.889022111269595780e-03
4.896987227786576274e-03
4.904344639111054595e-03
4.911648625803223707e-03
4.918952612495393686e-03
4.926256599187564533e-03
4.933560585879733645e-03
4.940274661660382441e-03
4.946907370418751615e-03
4.953540079177121656e-03
4.960172787935489963e-03
4.966805496693859137e-03
4.972558069244803654e-03
4.978140976984676142e-03
4.983723884724548629e-03
4.989306792464421984e-03
4.994889700204294472e-03
4.999563503210778005e-03
5.004007153120200099e-03
5.008450803029623061e-03
5.012894452939045155e-03
5.017338102848467249e-03
5.021088863333297153e-03
5.024617899202256377e-03
5.028146935071216468e-03
5.031675970940176559e-03
5.035205006809136651e-03
5.038238923941891316e-03
5.041077582981496989e-03
5.043916242021101795e-03
5.046754901060706601e-03
5.049593560100311407e-03
5.052140052115487376e-03
5.054547001671235579e-03
5.056953951226982914e-03
5.059360900782730250e-03
5.061767850338477585e-03
5.064066924842704903e-03
5.066304356460347991e-03
5.068541788077991946e-03
5.070779219695635900e-03
5.073016651313279855e-03
5.075256245681630633e-03
5.077497306321647995e-03
5.079738366961665356e-03
5.081979427601682718e-03
5.084220488241700947e-03
5.086511889230592963e-03
5.088843562498585049e-03
5.091175235766578003e-03
5.093506909034569222e-03
5.095838582302562175e-03
5.098224674838158603e-03
5.100661985507971494e-03
5.103099296177784384e-03
5.105536606847597275e-03
5.107973917517409299e-03
5.110459449191169859e-03
5.112998331762913691e-03
5.115537214334658390e-03
5.118076096906402223e-03
5.120614979478146055e-03
5.123204469992598785e-03
5.125859868525460723e-03
5.128515267058323529e-03
5.131170665591185467e-03
5.133826064124048273e-03
5.136540077612153886e-03
5.139344267954480336e-03
5.142148458296807653e-03
5.144952648639134103e-03
5.147756838981461421e-03
5.150622995327027061e-03
5.153602460935657013e-03
5.156581926544286966e-03
5.159561392152916919e-03
5.162540857761546871e-03
5.165575061836864997e-03
5.168729337387498526e-03
5.171883612938132056e-03
5.175037888488764719e-03
5.178192164039398249e-03
5.181387523042051482e-03
5.184692437916755235e-03
5.187997352791458988e-03
5.191302267666162741e-03
5.194607182540866494e-03
5.197940313309834526e-03
5.201366679207672546e-03
5.204793045105509698e-03
5.208219411003346851e-03
5.211645776901184871e-03
5.215092336921338216e-03
5.218623924824928803e-03
5.222155512728520257e-03
5.225687100632110844e-03
5.229218688535701431e-03
5.232765840822394682e-03
5.236400153654461112e-03
5.240034466486528410e-03
5.243668779318595707e-03
5.247303092150663005e-03
5.250949431854654882e-03
5.254691986534049467e-03
5.258434541213444051e-03
5.262177095892836901e-03
5.265919650572231485e-03
5.269670336048013805e-03
5.273527883419175562e-03
5.277385430790337319e-03
5.281242978161499076e-03
5.285100525532661700e-03
5.288961707814281155e-03
5.292939207230551273e-03
5.296916706646821391e-03
5.300894206063091509e-03
5.304871705479362494e-03
5.308849204895632612e-03
5.312951122728747089e-03
5.317054310137543129e-03
5.321157497546339168e-03
5.325260684955136076e-03
5.329363872363932983e-03
5.333592544550948451e-03
5.337827891460211055e-03
5.342063238369471924e-03
5.346298585278734528e-03
5.350533932187995396e-03
5.354899650011376959e-03
5.359278404926169290e-03
5.363657159840963355e-03
5.368035914755755686e-03
5.372414669670548017e-03
5.376932032301519164e-03
5.381470347261678791e-03
5.386008662221838418e-03
5.390546977181998912e-03
5.395085292142158540e-03
5.399772411299822925e-03
5.404490380108189357e-03
5.409208348916555789e-03
5.413926317724922221e-03
5.418644286533288654e-03
5.423522317038557798e-03
5.428443441077609143e-03
5.433364565116658752e-03
5.438285689155709229e-03
5.443206813194760574e-03
5.448300028942923250e-03
5.453451383782001623e-03
5.458602738621079996e-03
5.463754093460159236e-03
5.468905448299237609e-03
5.474239907376885102e-03
5.479650223924795345e-03
5.485060540472706456e-03
5.490470857020617566e-03
5.495881173568528677e-03
5.501484976562172335e-03
5.507185522778680967e-03
5.512886068995191333e-03
5.518586615211699964e-03
5.524287161428209462e-03
5.530189928630210514e-03
5.536213376097745727e-03
5.542236823565281807e-03
5.548260271032817020e-03
5.554283718500353101e-03
5.560516757354847829e-03
5.566897955638056873e-03
5.573279153921265050e-03
5.579660352204472359e-03
5.586041550487681404e-03
5.592638646149917028e-03
5.599415656294674803e-03
5.606192666439433446e-03
5.612969676584192089e-03
5.619746686728950731e-03
5.626744341727864251e-03
5.633958228683851911e-03
5.641172115639838704e-03
5.648386002595826363e-03
5.655599889551813156e-03
5.663035975958484458e-03
5.670728074775728024e-03
5.678420173592971590e-03
5.686112272410215156e-03
5.693804371227457854e-03
5.701717367319457212e-03
5.709930152570053159e-03
5.718142937820647372e-03
5.726355723071244186e-03
5.734568508321839266e-03
5.742997510119297183e-03
5.751773596373559866e-03
5.760549682627824283e-03
5.769325768882087833e-03
5.778101855136351384e-03
5.787087697484260239e-03
5.796474544128842922e-03
5.805861390773424738e-03
5.815248237418006554e-03
5.824635084062589237e-03
5.834222080346820362e-03
5.844269420802244638e-03
5.854316761257668915e-03
5.864364101713093191e-03
5.874411442168516601e-03
5.884645227993751462e-03
5.895402495049605583e-03
5.906159762105460571e-03
5.916917029161316427e-03
5.927674296217170548e-03
5.938599964009048070e-03
5.950115034377000123e-03
5.961630104744952176e-03
5.973145175112904229e-03
5.984660245480856282e-03
5.996321965454659564e-03
6.008643608654789907e-03
6.020965251854920250e-03
6.033286895055051460e-03
6.045608538255181803e-03
6.058051383802724038e-03
6.071230100745266672e-03
6.084408817687809307e-03
6.097587534630351941e-03
6.110766251572894575e-03
6.124036748230683377e-03
6.138124084354156483e-03
6.152211420477632191e-03
6.166298756601107031e-03
6.180386092724581004e-03
6.194531602639318305e-03
6.209578806318618964e-03
6.224626009997919623e-03
6.239673213677220283e-03
6.254720417356520942e-03
6.269788035348687616e-03
6.285845747514833860e-03
6.301903459680981839e-03
6.317961171847128084e-03
6.334018884013275195e-03
6.350076596179423175e-03
6.367173113591079528e-03
6.384291049667591492e-03
6.401408985744104323e-03
6.418526921820616286e-03
6.435644857897128250e-03
6.453805984803048963e-03
6.472034414343125555e-03
6.490262843883202147e-03
6.508491273423278739e-03
6.526719702963355331e-03
6.545991769945828584e-03
6.565381099562278902e-03
6.584770429178729220e-03
6.604159758795177804e-03
6.623549088411627254e-03
6.643977011871846951e-03
6.664575997847511923e-03
6.685174983823176029e-03
6.705773969798839267e-03
6.726372955774504239e-03
6.748000366104909935e-03
6.769856315180814051e-03
6.791712264256718166e-03
6.813568213332621415e-03
6.835424162408524663e-03
6.858292473172160515e-03
6.881450030132291520e-03
6.904607587092421658e-03
6.927765144052551796e-03
6.950922701012681934e-03
6.975071790102363098e-03
6.999574027621747498e-03
7.024076265141131030e-03
7.048578502660513695e-03
7.073080740179897227e-03
7.098549174147248710e-03
7.124437693526760283e-03
7.150326212906271857e-03
7.176214732285781696e-03
7.202103251665293270e-03
7.228927780108635251e-03
7.256241913293058447e-03
7.283556046477481644e-03
7.310870179661902238e-03
7.338184312846325434e-03
7.366399659213084331e-03
7.395176417070476946e-03
7.423953174927868694e-03
7.452729932785262176e-03
7.481506690642655659e-03
7.511145520779726956e-03
7.541419562070245976e-03
7.571693603360762394e-03
7.601967644651281414e-03
7.632241685941800434e-03
7.663334452933518760e-03
7.695137812043259355e-03
7.726941171152998215e-03
7.758744530262738810e-03
7.790547889372480272e-03
7.823122709489840204e-03
7.856484734717015042e-03
7.889846759944186411e-03
7.923208785171361249e-03
7.956570810398537821e-03
7.990653361153003675e-03
8.025600542540220136e-03
8.060547723927433128e-03
8.095494905314649589e-03
8.130442086701866050e-03
8.166055282551914346e-03
8.202610645203046308e-03
8.239166007854176535e-03
8.275721370505306762e-03
8.312276733156438724e-03
8.349440382498853411e-03
8.387623323053686533e-03
8.425806263608519656e-03
8.463989204163352778e-03
8.502172144718187635e-03
8.540902944305008709e-03
8.580729461955803952e-03
8.620555979606597460e-03
8.660382497257392703e-03
8.700209014908189681e-03
8.740520662831674850e-03
8.782003314861648938e-03
8.823485966891629964e-03
8.864968618921607521e-03
8.906451270951585078e-03
8.948354486660252405e-03
8.991502570857831667e-03
9.034650655055414398e-03
9.077798739252995394e-03
9.120946823450578125e-03
9.164449432234411316e-03
9.209268846624320617e-03
9.254088261014231653e-03
9.298907675404142689e-03
9.343727089794055460e-03
9.388833901173031238e-03
9.435326980381611786e-03
9.481820059590197539e-03
9.528313138798783291e-03
9.574806218007367309e-03
9.621518867283100282e-03
9.669684057003032074e-03
9.717849246722967335e-03
9.766014436442900862e-03
9.814179626162837858e-03
9.862496369519852327e-03
9.912328649247674484e-03
9.962160928975500110e-03
1.001199320870332400e-02
1.006182548843115136e-02
1.011174151677404938e-02
1.016323201908033401e-02
1.021472252138662037e-02
1.026621302369290847e-02
1.031770352599919657e-02
1.036921065507064033e-02
1.042234720712750459e-02
1.047548375918437059e-02
1.052862031124123833e-02
1.058175686329810607e-02
1.063489341535497033e-02
1.068961044288652129e-02
1.074437686027665366e-02
1.079914327766678603e-02
1.085390969505692013e-02
1.090867611244704903e-02
1.096493903565253815e-02
1.102131582343093656e-02
1.107769261120933497e-02
1.113406939898773165e-02
1.119044618676612486e-02
1.124823413681327877e-02
1.130619848214402604e-02
1.136416282747477156e-02
1.142212717280552056e-02
1.148009151813626436e-02
1.153938060312548024e-02
1.159890624876799316e-02
1.165843189441050434e-02
1.171795754005301726e-02
1.177748318569552671e-02
1.183824667779084273e-02
1.189930415841870120e-02
1.196036163904655968e-02
1.202141911967441641e-02
1.208247660030227141e-02
1.214468497471587333e-02
1.220724164593305766e-02
1.226979831715024026e-02
1.233235498836742286e-02
1.239491165958460199e-02
1.245853272161007337e-02
1.252255293018865109e-02
1.258657313876723055e-02
1.265059334734580827e-02
1.271461355592438253e-02
1.277961250797605107e-02
1.284505765190515486e-02
1.291050279583426039e-02
1.297594793976336071e-02
1.304139308369246450e-02
1.310773252666533849e-02
1.317456103942777484e-02
1.324138955219021120e-02
1.330821806495264409e-02
1.337504657771507871e-02
1.344268668788489197e-02
1.351085433636949919e-02
1.357902198485410467e-02
1.364718963333870841e-02
1.371535728182331389e-02
1.378425592334053817e-02
1.385371586307923390e-02
1.392317580281793137e-02
1.399263574255662362e-02
1.406209568229531935e-02
1.413220851289642872e-02
1.420291145639240860e-02
1.427361439988838847e-02
1.434431734338436487e-02
1.441502028688034474e-02
1.448630085698661592e-02
1.455819515536632171e-02
1.463008945374602750e-02
1.470198375212572808e-02
1.477387805050543561e-02
1.484627797190027181e-02
1.491930992206402448e-02
1.499234187222777716e-02
1.506537382239152463e-02
1.513840577255527557e-02
1.521187486631363564e-02
1.528598874687404213e-02
1.536010262743444862e-02
1.543421650799485512e-02
1.550833038855525293e-02
1.558281680835913938e-02
1.565795517183907887e-02
1.573309353531902183e-02
1.580823189879897173e-02
1.588337026227892163e-02
1.595882065583622070e-02
1.603492436236797838e-02
1.611102806889973954e-02
1.618713177543149029e-02
1.626323548196325838e-02
1.633959513004432096e-02
1.641660377276829216e-02
1.649361241549224602e-02
1.657062105821621029e-02
1.664762970094017108e-02
1.672484266851322413e-02
1.680269415123968740e-02
1.688054563396614027e-02
1.695839711669261049e-02
1.703624859941906336e-02
1.711425761895871839e-02
1.719288890891042948e-02
1.727152019886214404e-02
1.735015148881386207e-02
1.742878277876558010e-02
1.750752974872912468e-02
1.758687680875404419e-02
1.766622386877896370e-02
1.774557092880387280e-02
1.782491798882880271e-02
1.790434394788555789e-02
1.798434192492321879e-02
1.806433990196086581e-02
1.814433787899851977e-02
1.822433585603617373e-02
1.830438113933313335e-02
1.838496453132967140e-02
1.846554792332620251e-02
1.854613131532275097e-02
1.862671470731928208e-02
1.870731908753890671e-02
1.878842193805663890e-02
1.886952478857437457e-02
1.895062763909211023e-02
1.903173048960985284e-02
1.911283334012758850e-02
