9.038625395516315664e-03
9.026459650364792101e-03
9.014293905213268537e-03
9.002128160061744974e-03
8.989962414910219676e-03
8.977796669758696113e-03
8.967878982292242646e-03
8.958055949886209110e-03
8.948232917480177309e-03
8.938409885074145508e-03
8.928586852668113708e-03
8.923449334362931404e-03
8.918723729385295146e-03
8.913998124407660623e-03
8.909272519430026099e-03
8.904546914452391576e-03
8.903440079154511383e-03
8.902832384502115323e-03
8.902224689849719264e-03
8.901616995197326673e-03
8.901009300544930614e-03
8.901634253060876356e-03
8.902496824308070780e-03
8.903359395555263470e-03
8.904221966802456159e-03
8.905084538049648848e-03
8.905734320021622269e-03
8.906330231291007676e-03
8.906926142560391349e-03
8.907522053829775022e-03
8.908117965099160429e-03
8.908325083818150261e-03
8.908407788921010248e-03
8.908490494023873704e-03
8.908573199126735426e-03
8.908655904229597147e-03
8.908488724669341025e-03
8.908222999044755272e-03
8.907957273420169519e-03
8.907691547795587236e-03
8.907425822171001484e-03
8.907054990115199217e-03
8.906633957972842283e-03
8.906212925830485350e-03
8.905791893688130151e-03
8.905370861545774952e-03
8.904906370951469821e-03
8.904417046956054904e-03
8.903927722960639987e-03
8.903438398965223335e-03
8.902949074969806684e-03
8.902408885122350957e-03
8.901834209951477173e-03
8.901259534780603389e-03
8.900684859609729604e-03
8.900110184438855820e-03
8.899467297507443475e-03
8.898769841167603403e-03
8.898072384827765066e-03
8.897374928487926729e-03
8.896677472148086657e-03
8.895907734485198129e-03
8.895069967341795447e-03
8.894232200198391031e-03
8.893394433054988349e-03
8.892556665911582198e-03
8.891677966790793863e-03
8.890753981226936012e-03
8.889829995663079895e-03
8.888906010099223778e-03
8.887982024535367662e-03
8.887006707380878945e-03
8.885964539782777172e-03
8.884922372184675399e-03
8.883880204586571891e-03
8.882838036988470118e-03
8.881754746357882133e-03
8.880608189523468005e-03
8.879461632689055611e-03
8.878315075854641483e-03
8.877168519020227355e-03
8.875978761974353051e-03
8.874710010256097251e-03
8.873441258537841450e-03
8.872172506819585650e-03
8.870903755101329849e-03
8.869609966268248227e-03
8.868261257312323037e-03
8.866912548356397847e-03
8.865563839400474391e-03
8.864215130444547466e-03
8.862836398548493491e-03
8.861377605478761021e-03
8.859918812409030286e-03
8.858460019339297817e-03
8.857001226269568817e-03
8.855514254737798657e-03
8.853934171766247863e-03
8.852354088794698803e-03
8.850774005823148008e-03
8.849193922851600683e-03
8.847590045343486573e-03
8.845885980312991753e-03
8.844181915282498668e-03
8.842477850252007318e-03
8.840773785221514233e-03
8.839051426209510939e-03
8.837226620901049434e-03
8.835401815592589664e-03
8.833577010284128159e-03
8.831752204975668388e-03
8.829917964676293335e-03
8.828008244449597752e-03
8.826098524222902170e-03
8.824188803996208322e-03
8.822279083769512739e-03
8.820363671963378505e-03
8.818373456541744523e-03
8.816383241120108807e-03
8.814393025698474826e-03
8.812402810276839110e-03
8.810410478101613277e-03
8.808350409811444709e-03
8.806290341521277876e-03
8.804230273231109308e-03
8.802170204940940740e-03
8.800110136650773907e-03
8.798001741338070530e-03
8.795892852892483668e-03
8.793783964446896806e-03
8.791675076001311678e-03
8.789566187555724816e-03
8.787404537155072554e-03
8.785240080267448654e-03
8.783075623379824753e-03
8.780911166492200853e-03
8.778746709604576953e-03
8.776510974008115001e-03
8.774268110540767510e-03
8.772025247073418283e-03
8.769782383606072526e-03
8.767539520138725034e-03
8.765222109773047887e-03
8.762893430690182200e-03
8.760564751607314779e-03
8.758236072524447358e-03
8.755907393441581671e-03
8.753511534756978560e-03
8.751101748593965307e-03
8.748691962430953789e-03
8.746282176267942271e-03
8.743872390104932488e-03
8.741399734366871524e-03
8.738910152204758253e-03
8.736420570042646716e-03
8.733930987880533445e-03
8.731441405718421908e-03
8.728885494777800791e-03
8.726307175466062674e-03
8.723728856154326292e-03
8.721150536842588175e-03
8.718572217530851792e-03
8.715949454649490544e-03
8.713308279432141826e-03
8.710667104214793108e-03
8.708025928997446125e-03
8.705384753780097407e-03
8.702695952787031439e-03
8.699983338906105979e-03
8.697270725025180518e-03
8.694558111144255058e-03
8.691845497263329598e-03
8.689096640124197024e-03
8.686326153943881370e-03
8.683555667763563982e-03
8.680785181583244858e-03
8.678014695402929204e-03
8.675211007137114197e-03
8.672383848431552966e-03
8.669556689725993470e-03
8.666729531020432239e-03
8.663902372314871009e-03
8.661041882365458008e-03
8.658153616379499554e-03
8.655265350393542834e-03
8.652377084407586114e-03
8.649488818421627659e-03
8.646569635033669529e-03
8.643620152591752898e-03
8.640670670149834531e-03
8.637721187707917900e-03
8.634771705266001268e-03
8.631801514596741665e-03
8.628807464448152303e-03
8.625813414299564677e-03
8.622819364150975316e-03
8.619825314002387689e-03
8.616809732071781247e-03
8.613764928437009014e-03
8.610720124802238515e-03
8.607675321167466281e-03
8.604630517532694048e-03
8.601562152030211433e-03
8.598455963529559598e-03
8.595349775028906028e-03
8.592243586528255928e-03
8.589137398027602358e-03
8.586018136851470209e-03
8.582873883795740996e-03
8.579729630740011784e-03
8.576585377684282571e-03
8.573441124628555093e-03
8.570281500245788275e-03
8.567086521810833924e-03
8.563891543375883042e-03
8.560696564940930425e-03
8.557501586505977809e-03
8.554289921665196930e-03
8.551031406531132278e-03
8.547772891397065892e-03
8.544514376263001240e-03
8.541255861128938323e-03
8.537984618699697575e-03
8.534668830737343961e-03
8.531353042774992082e-03
8.528037254812640203e-03
8.524721466850288323e-03
8.521399367007262068e-03
8.518048863701194184e-03
8.514698360395126300e-03
8.511347857089058416e-03
8.507997353782992267e-03
8.504638127986192953e-03
8.501225944209947483e-03
8.497813760433702013e-03
8.494401576657458278e-03
8.490989392881214542e-03
8.487571999091407873e-03
8.484108236180912255e-03
8.480644473270416636e-03
8.477180710359924487e-03
8.473716947449428868e-03
8.470249235091363918e-03
8.466720306295969986e-03
8.463191377500576054e-03
8.459662448705182122e-03
8.456133519909789925e-03
8.452603481601463076e-03
8.449019631915910544e-03
8.445435782230356278e-03
8.441851932544805481e-03
8.438268082859251215e-03
8.434684233173698684e-03
8.431050510899826614e-03
8.427415760325162805e-03
8.423781009750498996e-03
8.420146259175833453e-03
8.416511508601173114e-03
8.412816199187850286e-03
8.409116982752679048e-03
8.405417766317509545e-03
8.401718549882338308e-03
8.398019333447167070e-03
8.394275342816590740e-03
8.390526321377541480e-03
8.386777299938492219e-03
8.383028278499442959e-03
8.379279257060391964e-03
8.375488408583807790e-03
8.371690670948101973e-03
8.367892933312394421e-03
8.364095195676686870e-03
8.360297458040981053e-03
8.356444607231406849e-03
8.352579509049861892e-03
8.348714410868318669e-03
8.344849312686775447e-03
8.340984214505228755e-03
8.337079782830972632e-03
8.333164113015939164e-03
8.329248443200905697e-03
8.325332773385872229e-03
8.321417103570838761e-03
8.317449332242817656e-03
8.313463004211539206e-03
8.309476676180260757e-03
8.305490348148984042e-03
8.301504020117705593e-03
8.297484532550495825e-03
8.293450627793750099e-03
8.289416723037004373e-03
8.285382818280258646e-03
8.281348913523512920e-03
8.277271565331239395e-03
8.273171492880383379e-03
8.269071420429527364e-03
8.264971347978669614e-03
8.260871275527813598e-03
8.256733169325054453e-03
8.252571369965369316e-03
8.248409570605684180e-03
8.244247771246000778e-03
8.240085971886317376e-03
8.235887196002454613e-03
8.231661174258671221e-03
8.227435152514887828e-03
8.223209130771106171e-03
8.218983109027322778e-03
8.214725477947741258e-03
8.210440412350299144e-03
8.206155346752858765e-03
8.201870281155416650e-03
8.197585215557974536e-03
8.193260188380015532e-03
8.188894384079077951e-03
8.184528579778142104e-03
8.180162775477204523e-03
8.175796971176266942e-03
8.171409483966910955e-03
8.166995977267449067e-03
8.162582470567985443e-03
8.158168963868525289e-03
8.153755457169063400e-03
8.149311899822328856e-03
8.144825831803844188e-03
8.140339763785359520e-03
8.135853695766876587e-03
8.131367627748391919e-03
8.126856895513184451e-03
8.122304834049954431e-03
8.117752772586726145e-03
8.113200711123499595e-03
8.108648649660271310e-03
8.104073073831975088e-03
8.099450469273542993e-03
8.094827864715112634e-03
8.090205260156682274e-03
8.085582655598250179e-03
8.080941231753511686e-03
8.076254382045275348e-03
8.071567532337039011e-03
8.066880682628800939e-03
8.062193832920566336e-03
8.057491863126093126e-03
8.052745137876361411e-03
8.047998412626629697e-03
8.043251687376897982e-03
8.038504962127164533e-03
8.033743936693264059e-03
8.028929796289595647e-03
8.024115655885923765e-03
8.019301515482255352e-03
8.014487375078583470e-03
8.009662473490067325e-03
8.004785665009927706e-03
7.999908856529788087e-03
7.995032048049650203e-03
7.990155239569510584e-03
7.985269167740163473e-03
7.980321815292980986e-03
7.975374462845795029e-03
7.970427110398610807e-03
7.965479757951428319e-03
7.960526615276918710e-03
7.955515570329162178e-03
7.950504525381405646e-03
7.945493480433650849e-03
7.940482435485892582e-03
7.935468117911022301e-03
7.930392274946412509e-03
7.925316431981802717e-03
7.920240589017191191e-03
7.915164746052581399e-03
7.910088180906793900e-03
7.904940842005641483e-03
7.899793503104489065e-03
7.894646164203336647e-03
7.889498825302184229e-03
7.884351486401031811e-03
7.879144970785378552e-03
7.873936605897394539e-03
7.868728241009413996e-03
7.863519876121429983e-03
7.858311511233449440e-03
7.853041638529234536e-03
7.847767085882480231e-03
7.842492533235724192e-03
7.837217980588968153e-03
7.831943427942215583e-03
7.826671573313719737e-03
7.821400055937510754e-03
7.816128538561298300e-03
7.810857021185087581e-03
7.805585503808876863e-03
7.800156365580040996e-03
7.794699080770378652e-03
7.789241795960716308e-03
7.783784511151053964e-03
7.778327226341392488e-03
7.772873829046044077e-03
7.767421355035344054e-03
7.761968881024645765e-03
7.756516407013945742e-03
7.751063933003246587e-03
7.745557659739144528e-03
7.740035105122038822e-03
7.734512550504932249e-03
7.728989995887826543e-03
7.723467441270720837e-03
7.717907173715294299e-03
7.712332763807999182e-03
7.706758353900703198e-03
7.701183943993406347e-03
7.695609534086111231e-03
7.689992374482535788e-03
7.684355726046831515e-03
7.678719077611128110e-03
7.673082429175425573e-03
7.667445780739722168e-03
7.661773319197573949e-03
7.656081272362838357e-03
7.650389225528102764e-03
7.644697178693366305e-03
7.639005131858630712e-03
7.633280255614023103e-03
7.627534040252998901e-03
7.621787824891973831e-03
7.616041609530949628e-03
7.610295394169924559e-03
7.604514567484155739e-03
7.598707164245458931e-03
7.592899761006762123e-03
7.587092357768065315e-03
7.581284954529368507e-03
7.575449619336785574e-03
7.569589037955112842e-03
7.563728456573440111e-03
7.557867875191767379e-03
7.552007293810094647e-03
7.546123284375066964e-03
7.540214382633348561e-03
7.534305480891631025e-03
7.528396579149913490e-03
7.522487677408195954e-03
7.516556079382472576e-03
7.510596111001742112e-03
7.504636142621011648e-03
7.498676174240281184e-03
7.492716205859550720e-03
7.486736586708004140e-03
7.480727982669501709e-03
7.474719378630999278e-03
7.468710774592497714e-03
7.462702170553996150e-03
7.456675604983925218e-03
7.450617606733608324e-03
7.444559608483292297e-03
7.438501610232976270e-03
7.432443611982659376e-03
7.426372701838407364e-03
7.420274757416223631e-03
7.414176812994039897e-03
7.408078868571857031e-03
7.401980924149672431e-03
7.395866067430889070e-03
7.389708325960008158e-03
7.383550584489129848e-03
7.377392843018249803e-03
7.371235101547370626e-03
7.365068256760093877e-03
7.358872964109077972e-03
7.352677671458063800e-03
7.346482378807047027e-03
7.340287086156031988e-03
7.334084208604011931e-03
7.327851370693027298e-03
7.321618532782040931e-03
7.315385694871056298e-03
7.309152856960070797e-03
7.302913068948730692e-03
7.296637227291801614e-03
7.290361385634871669e-03
7.284085543977943458e-03
7.277809702321014380e-03
7.271529109204238200e-03
7.265214068003569663e-03
7.258899026802901992e-03
7.252583985602233455e-03
7.246268944401565784e-03
7.239951015791580395e-03
7.233600242900610836e-03
7.227249470009642143e-03
7.220898697118671716e-03
7.214547924227702157e-03
7.208195844017448520e-03
7.201812714974212791e-03
7.195429585930976195e-03
7.189046456887739599e-03
7.182663327844503003e-03
7.176280198801266406e-03
